0 0.8807 0.1204 0.9667 0.2589 0.8462 0.4056 0.7602 0.2671
0 0.5683 0.0522 0.6198 0.0973 0.5251 0.3094 0.4736 0.2643
0 0.7745 0.5339 0.8765 0.5035 0.9220 0.8037 0.8201 0.8341
0 0.7832 0.4863 0.8261 0.6829 0.4917 0.8261 0.4488 0.6295
1 0.7186 0.3571 0.7252 0.3611 0.7037 0.4321 0.6970 0.4281
1 0.5443 0.3761 0.5443 0.3737 0.5680 0.3731 0.5680 0.3755
1 0.6700 0.2173 0.6656 0.2172 0.6660 0.1819 0.6704 0.1820
1 0.9477 0.2140 0.9541 0.2157 0.9426 0.2984 0.9362 0.2967
2 0.1544 0.3947 0.1684 0.5052 0.1113 0.5193 0.0974 0.4088
2 0.5402 0.2875 0.6338 0.3543 0.6055 0.4321 0.5119 0.3653
2 0.9788 0.6548 0.9989 0.8550 0.9309 0.8684 0.9108 0.6682
2 0.7899 0.7142 0.7918 0.6651 0.8992 0.6730 0.8974 0.7221
3 0.1597 0.2408 0.1664 0.2343 0.1900 0.2816 0.1833 0.2881
3 0.5357 0.0849 0.5383 0.0782 0.5626 0.0971 0.5599 0.1038
3 0.9177 0.0531 0.9541 0.1452 0.9426 0.1541 0.9062 0.0620
3 0.4266 0.3250 0.4062 0.3265 0.4006 0.1746 0.4209 0.1731
4 0.7999 0.7454 0.8023 0.7430 0.8149 0.7682 0.8125 0.7706
4 0.5795 0.8285 0.5617 0.8123 0.5676 0.7995 0.5855 0.8157
4 0.2108 0.1332 0.2232 0.1690 0.2135 0.1756 0.2010 0.1398
4 0.6623 0.5269 0.6664 0.5194 0.6852 0.5399 0.6810 0.5474
6 0.5451 0.6471 0.5515 0.7491 0.4783 0.7581 0.4719 0.6561
6 0.9359 0.4644 0.9444 0.4487 0.9558 0.4608 0.9473 0.4765
6 0.0445 0.8402 0.0706 0.7447 0.0935 0.7570 0.0674 0.8525
6 0.5762 0.6286 0.5268 0.6075 0.5370 0.5610 0.5863 0.5821
7 0.6332 0.6327 0.6241 0.6485 0.6054 0.6273 0.6145 0.6115
7 0.9220 0.8451 0.9238 0.7739 0.9454 0.7749 0.9437 0.8461
7 0.1774 0.0163 0.1827 0.0584 0.0686 0.0865 0.0633 0.0444
7 0.0832 0.7510 0.0754 0.7275 0.1356 0.6882 0.1434 0.7117
9 0.8370 0.4369 0.8287 0.3870 0.9013 0.3635 0.9096 0.4134
9 0.1852 0.8745 0.1610 0.8480 0.2288 0.7267 0.2530 0.7532
9 0.4310 0.1874 0.4448 0.1156 0.6287 0.1846 0.6149 0.2564
9 0.5106 0.4755 0.5063 0.5321 0.3374 0.5073 0.3417 0.4507
12 0.0179 0.2312 0.0680 0.1955 0.0787 0.2248 0.0286 0.2605
12 0.1007 0.2014 0.1635 0.4190 0.1387 0.4330 0.0759 0.2154
12 0.1277 0.3362 0.1084 0.3158 0.1814 0.1802 0.2007 0.2006
12 0.4408 0.4961 0.4111 0.4887 0.4544 0.1447 0.4841 0.1521
13 0.2631 0.2369 0.2862 0.1908 0.3061 0.2103 0.2830 0.2564
13 0.6882 0.2373 0.6972 0.2164 0.7072 0.2247 0.6982 0.2456
13 0.3744 0.6316 0.3700 0.6404 0.3410 0.6120 0.3454 0.6032
13 0.7349 0.7364 0.7193 0.7112 0.7522 0.6712 0.7678 0.6964
15 0.4046 0.1814 0.3954 0.2473 0.3471 0.2342 0.3563 0.1683
15 0.8301 0.4149 0.7999 0.4801 0.7716 0.4543 0.8018 0.3891
15 0.9428 0.5034 0.9540 0.4624 0.9849 0.4790 0.9737 0.5200
15 0.6021 0.7338 0.5867 0.6876 0.6304 0.6590 0.6458 0.7052
