0 0.4651 0.1718 0.7197 0.1718 0.7197 0.3106 0.4651 0.3106
0 0.1880 0.3330 0.2420 0.5409 0.0566 0.6354 0.0026 0.4275
0 0.4602 0.7274 0.3133 0.6761 0.3521 0.4582 0.4990 0.5095
0 0.6737 0.2236 0.6476 0.1176 0.7049 0.0900 0.7309 0.1960
1 0.6546 0.2662 0.6543 0.2692 0.6263 0.2630 0.6266 0.2600
1 0.3422 0.3513 0.3505 0.3494 0.3523 0.3659 0.3441 0.3678
1 0.0526 0.4807 0.0558 0.4820 0.0423 0.5437 0.0391 0.5424
1 0.3650 0.3752 0.3682 0.3607 0.3713 0.3620 0.3681 0.3765
2 0.5808 0.4975 0.6186 0.5628 0.6026 0.5809 0.5648 0.5156
2 0.6903 0.3445 0.4979 0.4425 0.4565 0.2831 0.6489 0.1851
2 0.6448 0.8567 0.6749 0.6584 0.7572 0.6829 0.7271 0.8812
2 0.0649 0.8935 0.0398 0.9688 0.0100 0.9493 0.0350 0.8740
3 0.7480 0.2396 0.7521 0.2467 0.7263 0.2760 0.7222 0.2689
3 0.6467 0.8651 0.6801 0.9029 0.6750 0.9117 0.6416 0.8739
3 0.6677 0.2537 0.6049 0.3005 0.5968 0.2791 0.6596 0.2323
3 0.4111 0.5332 0.4704 0.4558 0.4801 0.4704 0.4208 0.5478
4 0.8865 0.8022 0.8896 0.7910 0.8978 0.7954 0.8947 0.8066
4 0.2635 0.5673 0.2631 0.5313 0.3039 0.5303 0.3043 0.5663
4 0.1285 0.6911 0.1441 0.7137 0.1361 0.7245 0.1205 0.7019
4 0.0679 0.0079 0.0770 0.0108 0.0741 0.0281 0.0650 0.0252
6 0.3276 0.2831 0.3644 0.2767 0.3735 0.3805 0.3367 0.3869
6 0.2208 0.0662 0.3194 0.0318 0.3318 0.1014 0.2332 0.1358
6 0.1150 0.0132 0.1672 0.0369 0.1502 0.1104 0.0979 0.0867
6 0.0397 0.6211 0.0491 0.5926 0.0698 0.6061 0.0603 0.6346
7 0.4100 0.8989 0.4005 0.8825 0.4257 0.8539 0.4352 0.8703
7 0.3583 0.4975 0.3844 0.4956 0.3897 0.6381 0.3636 0.6400
7 0.0765 0.4389 0.0949 0.4234 0.0989 0.4327 0.0805 0.4482
7 0.3541 0.5908 0.3093 0.6453 0.2250 0.5096 0.2698 0.4551
9 0.5225 0.6687 0.5509 0.7434 0.3598 0.8857 0.3314 0.8110
9 0.5372 0.1700 0.5205 0.2906 0.3451 0.2428 0.3618 0.1222
9 0.8431 0.5672 0.9466 0.8396 0.9009 0.8736 0.7974 0.6012
9 0.8562 0.9537 0.7759 0.8835 0.7964 0.8375 0.8767 0.9077
12 0.8696 0.1107 0.9100 0.2663 0.8884 0.2773 0.8480 0.1217
12 0.2432 0.0898 0.2354 0.1458 0.2105 0.1390 0.2183 0.0830
12 0.8107 0.5389 0.6431 0.2959 0.6647 0.2667 0.8323 0.5097
12 0.4433 0.4673 0.4262 0.4291 0.6142 0.2647 0.6312 0.3029
13 0.9370 0.4258 0.9171 0.4090 0.9233 0.3946 0.9432 0.4114
13 0.1842 0.8608 0.1869 0.8302 0.1927 0.8312 0.1900 0.8618
13 0.6189 0.4492 0.5995 0.4530 0.5959 0.4176 0.6154 0.4138
13 0.0011 0.4941 0.0268 0.4640 0.0406 0.4871 0.0150 0.5172
15 0.3454 0.7560 0.3076 0.7280 0.3366 0.6516 0.3744 0.6796
15 0.6644 0.2300 0.6452 0.2488 0.6316 0.2216 0.6508 0.2028
15 0.2045 0.3104 0.2438 0.2347 0.3009 0.2928 0.2616 0.3685
15 0.2249 0.8916 0.1402 0.9600 0.0928 0.8452 0.1776 0.7768
