0 0.8117 0.1502 0.8458 0.2685 0.6681 0.3690 0.6339 0.2507
0 0.4220 0.2793 0.3145 0.1617 0.3472 0.1031 0.4547 0.2207
0 0.9052 0.5080 0.8657 0.5337 0.8383 0.4512 0.8777 0.4255
0 0.8301 0.8393 0.7485 0.9318 0.6188 0.7075 0.7003 0.6150
1 0.6964 0.0255 0.7172 0.0397 0.7158 0.0437 0.6951 0.0295
1 0.6898 0.5877 0.6836 0.5974 0.6310 0.5311 0.6372 0.5214
1 0.4124 0.1201 0.3782 0.1055 0.3970 0.0191 0.4312 0.0337
1 0.2980 0.2282 0.2997 0.1930 0.3032 0.1934 0.3014 0.2286
2 0.1206 0.6047 0.0829 0.6229 0.0817 0.6181 0.1194 0.5999
2 0.5234 0.6077 0.5133 0.6152 0.4677 0.4951 0.4778 0.4876
2 0.5802 0.1584 0.6022 0.1218 0.6078 0.1284 0.5858 0.1650
2 0.7503 0.3478 0.9171 0.1902 0.9892 0.3398 0.8223 0.4974
3 0.7325 0.9086 0.7259 0.8972 0.7670 0.8506 0.7735 0.8620
3 0.2025 0.8049 0.1956 0.7989 0.2175 0.7499 0.2244 0.7559
3 0.9111 0.8294 0.9244 0.8195 0.9600 0.9134 0.9468 0.9233
3 0.6907 0.6887 0.7077 0.6895 0.7045 0.8201 0.6874 0.8193
4 0.8579 0.1820 0.8496 0.1806 0.8570 0.0964 0.8653 0.0978
4 0.2313 0.7865 0.2425 0.7843 0.2484 0.8423 0.2372 0.8445
4 0.9289 0.8888 0.9186 0.8914 0.9168 0.8772 0.9271 0.8746
4 0.0677 0.7216 0.0401 0.8045 0.0143 0.7876 0.0419 0.7047
6 0.3596 0.1900 0.3854 0.1574 0.3933 0.1696 0.3674 0.2022
6 0.6671 0.2886 0.6960 0.2879 0.6963 0.3150 0.6675 0.3157
6 0.5660 0.5646 0.5513 0.6245 0.5225 0.6106 0.5373 0.5507
6 0.4187 0.1104 0.2819 0.2828 0.2199 0.1864 0.3567 0.0140
7 0.5030 0.5336 0.4839 0.5298 0.5032 0.3372 0.5224 0.3410
7 0.7000 0.6801 0.6441 0.6677 0.6466 0.6459 0.7024 0.6583
7 0.2199 0.3551 0.2244 0.3603 0.2146 0.3765 0.2102 0.3713
7 0.3526 0.2257 0.3274 0.2269 0.3251 0.1335 0.3503 0.1323
9 0.5597 0.2310 0.4729 0.3329 0.4560 0.3046 0.5428 0.2027
9 0.8960 0.4074 0.9028 0.3623 0.9832 0.3862 0.9763 0.4313
9 0.1595 0.9596 0.1397 0.8836 0.2677 0.8184 0.2874 0.8944
9 0.2298 0.1953 0.1797 0.1322 0.1902 0.1159 0.2403 0.1790
12 0.7551 0.6294 0.7114 0.5968 0.8709 0.1766 0.9146 0.2092
12 0.8159 0.1027 0.8741 0.2069 0.8689 0.2125 0.8108 0.1083
12 0.0834 0.3080 0.0509 0.2992 0.0546 0.2720 0.0871 0.2808
12 0.1034 0.4483 0.1290 0.4794 0.0503 0.6061 0.0248 0.5750
13 0.4800 0.6898 0.4827 0.6984 0.4678 0.7078 0.4650 0.6992
13 0.6881 0.1687 0.6782 0.1717 0.6742 0.1453 0.6841 0.1423
13 0.9564 0.3930 0.9407 0.4001 0.9370 0.3842 0.9527 0.3771
13 0.4391 0.7685 0.4588 0.7632 0.4703 0.8463 0.4507 0.8516
15 0.3405 0.1422 0.3629 0.0459 0.4295 0.0762 0.4071 0.1725
15 0.7048 0.7008 0.6545 0.6910 0.6603 0.6332 0.7106 0.6430
15 0.8750 0.6781 0.8468 0.6173 0.8884 0.5795 0.9166 0.6403
15 0.2818 0.7402 0.2742 0.7901 0.2368 0.7790 0.2444 0.7291
