0 0.8036 0.6621 0.7285 0.7089 0.7033 0.6295 0.7783 0.5827
0 0.2003 0.7796 0.1725 0.6833 0.5531 0.4680 0.5809 0.5643
0 0.8778 0.2580 0.9375 0.3476 0.7491 0.5936 0.6894 0.5040
0 0.8149 0.0852 0.9855 0.2122 0.9106 0.4096 0.7399 0.2826
1 0.7230 0.6350 0.7206 0.6373 0.7113 0.6186 0.7136 0.6163
1 0.1407 0.1580 0.1322 0.1670 0.1231 0.1500 0.1315 0.1410
1 0.3237 0.6231 0.3399 0.5979 0.3723 0.6389 0.3561 0.6641
1 0.3323 0.1192 0.3341 0.1372 0.3303 0.1380 0.3284 0.1200
2 0.2159 0.7476 0.1905 0.7401 0.1938 0.7180 0.2192 0.7255
2 0.8435 0.8931 0.7833 0.9638 0.7713 0.9437 0.8315 0.8730
2 0.0047 0.3283 0.0967 0.2599 0.1173 0.3141 0.0253 0.3825
2 0.3312 0.3467 0.2784 0.8134 0.1231 0.7789 0.1759 0.3122
3 0.2835 0.3448 0.2807 0.3518 0.2557 0.3324 0.2584 0.3254
3 0.1962 0.2120 0.2395 0.2726 0.2313 0.2840 0.1880 0.2234
3 0.1338 0.2797 0.0849 0.2869 0.0836 0.2703 0.1326 0.2631
3 0.8829 0.0643 0.8920 0.2106 0.8737 0.2129 0.8646 0.0666
4 0.4135 0.2175 0.4284 0.2414 0.4202 0.2513 0.4053 0.2274
4 0.8747 0.3272 0.8690 0.3076 0.8916 0.2948 0.8973 0.3144
4 0.2849 0.3298 0.2793 0.3237 0.2839 0.3154 0.2895 0.3215
4 0.8803 0.4705 0.8879 0.4455 0.9209 0.4651 0.9133 0.4901
6 0.2108 0.3906 0.2118 0.3640 0.2312 0.3654 0.2302 0.3920
6 0.6393 0.7918 0.6011 0.7028 0.6650 0.6490 0.7032 0.7380
6 0.0221 0.2281 0.0173 0.2159 0.0261 0.2091 0.0310 0.2213
6 0.9429 0.3473 0.9209 0.2998 0.9323 0.2895 0.9543 0.3370
7 0.6913 0.3486 0.7000 0.3644 0.6505 0.4186 0.6417 0.4028
7 0.5627 0.0396 0.5627 0.0876 0.4881 0.0876 0.4881 0.0396
7 0.3451 0.0947 0.3461 0.0993 0.3358 0.1037 0.3348 0.0991
7 0.6438 0.3851 0.6490 0.4022 0.6162 0.4217 0.6110 0.4046
9 0.1480 0.2423 0.1649 0.2886 0.0825 0.3473 0.0657 0.3010
9 0.5713 0.4306 0.5871 0.4162 0.6233 0.4942 0.6075 0.5086
9 0.7224 0.8345 0.6797 0.8271 0.6984 0.6135 0.7411 0.6209
9 0.7958 0.5760 0.7312 0.6326 0.6362 0.4196 0.7008 0.3630
12 0.5586 0.4359 0.6475 0.5106 0.6408 0.5261 0.5520 0.4514
12 0.7742 0.6751 0.7790 0.6759 0.7633 0.8549 0.7585 0.8541
12 0.8621 0.3378 0.7505 0.3351 0.7511 0.2926 0.8626 0.2953
12 0.4510 0.2954 0.4827 0.2892 0.4950 0.4110 0.4633 0.4172
13 0.0833 0.8271 0.0857 0.8203 0.0901 0.8233 0.0878 0.8301
13 0.3411 0.2510 0.3675 0.1983 0.3915 0.2218 0.3651 0.2745
13 0.2219 0.8073 0.2053 0.7984 0.2121 0.7735 0.2287 0.7824
13 0.1979 0.4723 0.2077 0.4823 0.2012 0.4949 0.1914 0.4849
15 0.5709 0.8742 0.5933 0.8428 0.6271 0.8902 0.6047 0.9216
15 0.2190 0.7425 0.1242 0.7167 0.1438 0.5751 0.2387 0.6009
15 0.7679 0.6286 0.7202 0.5705 0.7638 0.5002 0.8116 0.5583
15 0.1788 0.1581 0.2139 0.0951 0.2607 0.1463 0.2255 0.2093
