0 0.7189 0.4384 0.5653 0.4649 0.5568 0.3680 0.7104 0.3415
0 0.7738 0.9260 0.7128 0.8205 0.7559 0.7716 0.8170 0.8771
0 0.7617 0.6139 0.9327 0.6781 0.9149 0.7713 0.7439 0.7071
0 0.0039 0.4517 0.0191 0.3426 0.2618 0.4087 0.2467 0.5178
1 0.4792 0.3627 0.4784 0.3652 0.4554 0.3509 0.4562 0.3484
1 0.9400 0.3664 0.9404 0.3624 0.9569 0.3660 0.9564 0.3700
1 0.8407 0.9944 0.8392 0.9945 0.8379 0.9688 0.8394 0.9687
1 0.5394 0.7480 0.5418 0.7479 0.5423 0.7672 0.5399 0.7673
2 0.7089 0.6273 0.6694 0.7006 0.5486 0.5731 0.5880 0.4998
2 0.6079 0.3086 0.6461 0.3748 0.6181 0.4066 0.5799 0.3404
2 0.3325 0.6033 0.4248 0.5852 0.4310 0.6467 0.3386 0.6648
2 0.6958 0.4146 0.9069 0.6808 0.8245 0.8090 0.6133 0.5428
3 0.1583 0.4273 0.1425 0.3726 0.1522 0.3671 0.1681 0.4218
3 0.9531 0.5720 0.9806 0.6119 0.9737 0.6212 0.9462 0.5813
3 0.9600 0.0509 0.9375 0.0773 0.9328 0.0695 0.9553 0.0431
3 0.8604 0.8291 0.8316 0.8629 0.8271 0.8553 0.8558 0.8215
4 0.7748 0.2379 0.7792 0.2555 0.7714 0.2593 0.7671 0.2417
4 0.3108 0.6402 0.3109 0.6475 0.2964 0.6482 0.2962 0.6409
4 0.3570 0.7289 0.3517 0.7378 0.3490 0.7347 0.3543 0.7258
4 0.7096 0.3886 0.7438 0.4152 0.7355 0.4362 0.7013 0.4096
6 0.8771 0.0909 0.8983 0.0723 0.9072 0.0923 0.8860 0.1109
6 0.1740 0.9736 0.1537 0.8597 0.2354 0.8312 0.2557 0.9451
6 0.5365 0.7020 0.7493 0.6968 0.7512 0.8468 0.5384 0.8520
6 0.5828 0.5111 0.6643 0.5091 0.6657 0.6237 0.5843 0.6257
7 0.9093 0.5238 0.9149 0.5312 0.9027 0.5494 0.8971 0.5420
7 0.4856 0.3558 0.4908 0.3538 0.4941 0.3710 0.4889 0.3730
7 0.4656 0.1838 0.4675 0.1928 0.4373 0.2058 0.4353 0.1968
7 0.4602 0.6296 0.4553 0.6255 0.4609 0.6124 0.4658 0.6165
9 0.8512 0.1874 0.8423 0.1088 0.9746 0.0794 0.9834 0.1580
9 0.1947 0.9334 0.1596 0.9334 0.1596 0.8110 0.1947 0.8110
9 0.7414 0.5940 0.7561 0.6503 0.6123 0.7236 0.5976 0.6673
9 0.4737 0.6965 0.5330 0.6863 0.5583 0.9755 0.4990 0.9857
12 0.5330 0.0400 0.5418 0.0980 0.2570 0.1828 0.2482 0.1248
12 0.9546 0.5707 0.9586 0.6346 0.8131 0.6525 0.8091 0.5886
12 0.1519 0.1955 0.1636 0.1671 0.1773 0.1781 0.1656 0.2065
12 0.2873 0.7290 0.3012 0.7628 0.2862 0.7750 0.2722 0.7412
13 0.1707 0.4629 0.1671 0.4208 0.1864 0.4175 0.1901 0.4596
13 0.5547 0.2800 0.5480 0.2961 0.5310 0.2824 0.5377 0.2663
13 0.9113 0.9189 0.9086 0.8994 0.9290 0.8939 0.9317 0.9134
13 0.8647 0.5306 0.8499 0.5265 0.8513 0.5166 0.8661 0.5207
15 0.5241 0.3168 0.4852 0.3304 0.4725 0.2592 0.5114 0.2456
15 0.8129 0.7916 0.8365 0.6831 0.9191 0.7184 0.8955 0.8269
15 0.8679 0.9173 0.8876 0.8886 0.9173 0.9287 0.8975 0.9574
15 0.6301 0.5011 0.5875 0.5965 0.5148 0.5329 0.5574 0.4375
