0 0.1431 0.2045 0.2095 0.0811 0.4689 0.3547 0.4025 0.4781
0 0.2888 0.7605 0.4432 0.5660 0.5403 0.7171 0.3860 0.9116
0 0.9295 0.4969 0.7439 0.5714 0.7000 0.3567 0.8855 0.2822
0 0.0248 0.1942 0.0006 0.1180 0.1606 0.0182 0.1849 0.0944
1 0.5155 0.2165 0.5149 0.2188 0.5054 0.2147 0.5059 0.2124
1 0.1438 0.8888 0.1117 0.8706 0.1159 0.8560 0.1480 0.8742
1 0.5309 0.7859 0.5458 0.7984 0.5446 0.8013 0.5296 0.7888
1 0.7108 0.1907 0.7226 0.1866 0.7294 0.2253 0.7177 0.2294
2 0.1022 0.7052 0.1261 0.6178 0.1430 0.6268 0.1190 0.7142
2 0.3881 0.0665 0.3697 0.0845 0.3508 0.0467 0.3692 0.0287
2 0.6421 0.8255 0.5626 0.8797 0.5465 0.8333 0.6259 0.7791
2 0.4424 0.8986 0.5058 0.9175 0.4998 0.9570 0.4364 0.9381
3 0.8983 0.6051 0.8851 0.6077 0.8757 0.5141 0.8889 0.5115
3 0.2858 0.2484 0.3021 0.2528 0.2933 0.3160 0.2771 0.3116
3 0.0923 0.4493 0.0340 0.4909 0.0274 0.4727 0.0857 0.4311
3 0.9635 0.9596 0.9597 0.9542 0.9794 0.9276 0.9832 0.9330
4 0.8438 0.8507 0.8478 0.8679 0.8396 0.8717 0.8356 0.8545
4 0.6244 0.2307 0.6108 0.2384 0.5993 0.1989 0.6130 0.1912
4 0.3092 0.0671 0.2908 0.0786 0.2865 0.0653 0.3050 0.0538
4 0.4431 0.7669 0.4598 0.7602 0.4626 0.7743 0.4459 0.7810
6 0.2199 0.7376 0.2242 0.6520 0.2653 0.6560 0.2610 0.7416
6 0.7583 0.7490 0.6833 0.7657 0.6714 0.6602 0.7464 0.6435
6 0.5497 0.2085 0.5245 0.1633 0.5320 0.1551 0.5572 0.2003
6 0.3925 0.1620 0.3975 0.2016 0.3909 0.2032 0.3859 0.1636
7 0.0723 0.8843 0.0505 0.8880 0.0440 0.8133 0.0658 0.8096
7 0.4141 0.0973 0.3936 0.0534 0.4037 0.0443 0.4241 0.0882
7 0.7407 0.3071 0.7449 0.3205 0.7199 0.3361 0.7156 0.3227
7 0.6460 0.2484 0.6390 0.2467 0.6414 0.2276 0.6484 0.2293
9 0.5948 0.3257 0.5105 0.2828 0.5730 0.0427 0.6572 0.0856
9 0.6852 0.6018 0.6476 0.7145 0.6128 0.6918 0.6504 0.5791
9 0.7856 0.7920 0.9915 0.8325 0.9790 0.9572 0.7730 0.9167
9 0.6683 0.0532 0.7041 0.1333 0.6908 0.1448 0.6551 0.0647
12 0.4598 0.3401 0.4135 0.4174 0.3905 0.3903 0.4368 0.3130
12 0.1065 0.1704 0.1178 0.1647 0.2198 0.5568 0.2085 0.5625
12 0.6043 0.0751 0.6409 0.1340 0.6125 0.1685 0.5760 0.1096
12 0.5372 0.4524 0.5090 0.4977 0.2857 0.2260 0.3139 0.1807
13 0.9836 0.5905 0.9633 0.5713 0.9704 0.5567 0.9907 0.5759
13 0.8171 0.7640 0.8212 0.7764 0.7801 0.8032 0.7759 0.7908
13 0.6173 0.2973 0.6252 0.2866 0.6396 0.3075 0.6317 0.3182
13 0.7704 0.5291 0.7801 0.5330 0.7784 0.5413 0.7687 0.5374
15 0.1129 0.0088 0.1464 0.0231 0.1359 0.0712 0.1024 0.0569
15 0.8929 0.1265 0.8634 0.1081 0.8771 0.0651 0.9066 0.0835
15 0.3976 0.7944 0.4200 0.8172 0.3984 0.8588 0.3760 0.8360
15 0.4694 0.8845 0.4331 0.7754 0.4783 0.7459 0.5146 0.8550
