0 0.7379 0.7945 0.6293 0.5691 0.7623 0.4435 0.8710 0.6689
0 0.1197 0.4306 0.4696 0.3963 0.4806 0.6170 0.1307 0.6513
0 0.7913 0.1363 0.8156 0.0912 0.9939 0.2793 0.9696 0.3244
0 0.5453 0.5821 0.5359 0.3938 0.9316 0.3551 0.9410 0.5434
1 0.1137 0.7230 0.1105 0.7253 0.1009 0.6998 0.1040 0.6975
1 0.2705 0.1521 0.2736 0.1498 0.2884 0.1903 0.2852 0.1926
1 0.3037 0.2442 0.3097 0.2493 0.3003 0.2714 0.2943 0.2663
1 0.5455 0.3469 0.5432 0.3502 0.5103 0.3071 0.5125 0.3038
2 0.4854 0.8271 0.5101 0.9274 0.4232 0.9693 0.3985 0.8690
2 0.8953 0.2131 0.8942 0.2280 0.8676 0.2241 0.8687 0.2092
2 0.5600 0.9507 0.5155 0.9721 0.4854 0.8497 0.5299 0.8283
2 0.8590 0.2651 0.8246 0.3556 0.7924 0.3317 0.8268 0.2412
3 0.6101 0.3520 0.5761 0.2933 0.5879 0.2800 0.6219 0.3387
3 0.8822 0.7428 0.9166 0.7603 0.9135 0.7720 0.8791 0.7545
3 0.3655 0.7689 0.3099 0.7972 0.3043 0.7755 0.3598 0.7472
3 0.5045 0.6493 0.5183 0.6427 0.5315 0.6963 0.5177 0.7029
4 0.2263 0.7417 0.1765 0.6853 0.1806 0.6783 0.2304 0.7347
4 0.2573 0.8308 0.2646 0.7955 0.2798 0.8016 0.2726 0.8369
4 0.2448 0.3591 0.2502 0.3555 0.2524 0.3621 0.2470 0.3657
4 0.0311 0.9024 0.0332 0.9111 0.0100 0.9216 0.0080 0.9129
6 0.7198 0.1603 0.7875 0.1840 0.7705 0.2793 0.7028 0.2556
6 0.1469 0.8096 0.0750 0.7901 0.1031 0.5876 0.1750 0.6071
6 0.5884 0.3883 0.6423 0.4885 0.4982 0.6405 0.4442 0.5403
6 0.2905 0.7476 0.1640 0.7228 0.1729 0.6336 0.2994 0.6584
7 0.2716 0.4745 0.2539 0.4558 0.2749 0.4167 0.2926 0.4354
7 0.7319 0.6824 0.7543 0.7211 0.7192 0.7608 0.6969 0.7221
7 0.1473 0.0537 0.1427 0.0438 0.1581 0.0299 0.1627 0.0398
7 0.5115 0.2593 0.4848 0.4352 0.4748 0.4323 0.5015 0.2564
9 0.2668 0.9025 0.2007 0.8829 0.2338 0.6651 0.2999 0.6847
9 0.2604 0.6920 0.1409 0.7529 0.1308 0.7140 0.2503 0.6531
9 0.5313 0.2025 0.5340 0.1298 0.7201 0.1435 0.7174 0.2162
9 0.5596 0.0935 0.5625 0.0344 0.6621 0.0441 0.6592 0.1032
12 0.0993 0.1717 0.1374 0.1708 0.1396 0.3411 0.1014 0.3420
12 0.0456 0.3437 0.0835 0.2554 0.1007 0.2699 0.0628 0.3582
12 0.3551 0.4949 0.3671 0.4670 0.5198 0.5955 0.5078 0.6234
12 0.8304 0.1688 0.8334 0.1491 0.8833 0.1640 0.8803 0.1837
13 1.0000 0.8148 0.9986 0.8164 0.9394 0.7140 0.9408 0.7124
13 0.4661 0.6747 0.4818 0.7059 0.4541 0.7329 0.4385 0.7017
13 0.2049 0.3257 0.1759 0.3200 0.1782 0.2975 0.2072 0.3032
13 0.8305 0.0485 0.8282 0.0329 0.8355 0.0307 0.8378 0.0463
15 0.3333 0.0785 0.3769 0.0575 0.3913 0.1159 0.3477 0.1369
15 0.8054 0.4730 0.8738 0.5137 0.8534 0.5810 0.7850 0.5403
15 0.1406 0.3682 0.1700 0.3602 0.1757 0.4018 0.1463 0.4098
15 0.1523 0.7997 0.1492 0.8269 0.1228 0.8211 0.1259 0.7939
