0 0.7558 0.7804 0.6212 0.9174 0.4153 0.5208 0.5500 0.3838
0 0.7149 0.2427 0.4575 0.4858 0.4268 0.4221 0.6843 0.1790
0 0.5263 0.5884 0.5049 0.7589 0.3231 0.7140 0.3446 0.5435
0 0.3810 0.8519 0.4728 0.6103 0.5033 0.6329 0.4115 0.8745
1 0.4111 0.7124 0.4025 0.6947 0.4067 0.6908 0.4152 0.7085
1 0.0796 0.6323 0.0648 0.6729 0.0553 0.6661 0.0701 0.6255
1 0.1275 0.3084 0.1155 0.3461 0.1051 0.3396 0.1171 0.3019
1 0.9443 0.6016 0.9449 0.5894 0.9675 0.5916 0.9668 0.6038
2 0.5862 0.8488 0.5929 0.8611 0.5238 0.9340 0.5171 0.9217
2 0.3396 0.2665 0.2548 0.2257 0.2718 0.1567 0.3566 0.1975
2 0.9426 0.0083 0.9403 0.0249 0.9285 0.0217 0.9308 0.0051
2 0.2835 0.1329 0.2473 0.1337 0.2471 0.1159 0.2833 0.1151
3 0.7406 0.8448 0.7329 0.8597 0.6785 0.8044 0.6863 0.7895
3 0.3650 0.5957 0.3080 0.6754 0.2985 0.6619 0.3554 0.5822
3 0.3294 0.2317 0.3412 0.2218 0.3769 0.3051 0.3651 0.3150
3 0.4029 0.5025 0.3991 0.5257 0.3082 0.4963 0.3120 0.4731
4 0.5619 0.2337 0.5434 0.2277 0.5686 0.0747 0.5872 0.0807
4 0.6358 0.5538 0.6351 0.5586 0.6320 0.5578 0.6326 0.5530
4 0.0997 0.1953 0.0946 0.1911 0.1180 0.1343 0.1232 0.1385
4 0.4167 0.5209 0.4124 0.5312 0.3925 0.5151 0.3968 0.5048
6 0.5856 0.8674 0.6200 0.8606 0.6233 0.8930 0.5888 0.8998
6 0.6948 0.1271 0.7760 0.1192 0.7875 0.3481 0.7062 0.3560
6 0.3685 0.1859 0.5404 0.2981 0.5000 0.4193 0.3282 0.3071
6 0.0488 0.9509 0.0630 0.6662 0.1655 0.6763 0.1513 0.9610
7 0.8950 0.9261 0.9024 0.9164 0.9301 0.9579 0.9227 0.9676
7 0.9177 0.6504 0.8967 0.6524 0.8945 0.6096 0.9156 0.6076
7 0.2908 0.0865 0.2736 0.0840 0.2741 0.0775 0.2913 0.0800
7 0.4129 0.8055 0.4067 0.8088 0.4005 0.7861 0.4067 0.7828
9 0.7126 0.1941 0.7059 0.3028 0.6879 0.3007 0.6947 0.1920
9 0.1137 0.8135 0.0473 0.8569 0.0263 0.7937 0.0927 0.7503
9 0.1922 0.2590 0.2179 0.0022 0.2973 0.0178 0.2715 0.2746
9 0.7613 0.4998 0.7232 0.6640 0.6724 0.6410 0.7105 0.4768
12 0.3715 0.6048 0.3685 0.5869 0.4754 0.5524 0.4783 0.5703
12 0.5370 0.5463 0.5175 0.5998 0.2539 0.4117 0.2734 0.3582
12 0.9958 0.8815 0.9862 0.9257 0.8713 0.8765 0.8810 0.8323
12 0.8352 0.1271 0.8695 0.1674 0.7777 0.3205 0.7434 0.2802
13 0.6104 0.8987 0.6326 0.8836 0.6464 0.9233 0.6243 0.9384
13 0.2116 0.0768 0.2166 0.0771 0.2161 0.0904 0.2111 0.0901
13 0.5938 0.2627 0.6184 0.2906 0.6073 0.3097 0.5827 0.2818
13 0.6387 0.8795 0.6444 0.8786 0.6458 0.8977 0.6402 0.8986
15 0.0734 0.7443 0.1072 0.7148 0.1378 0.7833 0.1039 0.8128
15 0.8190 0.0864 0.8783 0.0240 0.9258 0.1124 0.8666 0.1748
15 0.2627 0.4503 0.2683 0.3395 0.3150 0.3441 0.3095 0.4549
15 0.3824 0.3831 0.3663 0.4221 0.3242 0.3881 0.3403 0.3491
