0 0.6130 0.6020 0.5880 0.8230 0.1616 0.7284 0.1866 0.5074
0 0.3424 0.7232 0.5126 0.6940 0.5207 0.7868 0.3506 0.8160
0 0.8674 0.3226 0.9178 0.2495 0.9932 0.3514 0.9428 0.4245
0 0.1115 0.7937 0.0694 0.6672 0.1211 0.6335 0.1632 0.7600
1 0.6728 0.7681 0.6783 0.7647 0.7009 0.8359 0.6954 0.8393
1 0.0499 0.6270 0.0624 0.6317 0.0618 0.6350 0.0493 0.6303
1 0.4387 0.0957 0.4342 0.0910 0.4550 0.0523 0.4595 0.0570
1 0.0183 0.5474 0.0150 0.5529 0.0048 0.5410 0.0081 0.5355
2 0.8553 0.6522 0.9276 0.5272 0.9804 0.5870 0.9081 0.7120
2 0.7299 0.3789 0.4304 0.2180 0.4504 0.1451 0.7499 0.3060
2 0.0974 0.7855 0.1147 0.8601 0.0612 0.8845 0.0439 0.8099
2 0.5387 0.5955 0.5329 0.6026 0.4899 0.5333 0.4957 0.5262
3 0.2612 0.7175 0.2712 0.7189 0.2659 0.7901 0.2559 0.7887
3 0.9460 0.8607 0.9685 0.7634 0.9840 0.7705 0.9615 0.8678
3 0.0949 0.3547 0.1833 0.3788 0.1803 0.4005 0.0919 0.3764
3 0.2670 0.2206 0.2632 0.2380 0.2002 0.2110 0.2040 0.1936
4 0.7377 0.3314 0.7362 0.3180 0.7426 0.3166 0.7441 0.3300
4 0.3596 0.1702 0.3626 0.1824 0.3581 0.1846 0.3551 0.1724
4 0.8929 0.8370 0.8870 0.8492 0.8834 0.8458 0.8893 0.8336
4 0.2953 0.9252 0.2995 0.9253 0.2989 0.9672 0.2948 0.9671
6 0.1447 0.8820 0.1670 0.9520 0.1502 0.9624 0.1279 0.8924
6 0.3940 0.1432 0.4277 0.1774 0.4031 0.2248 0.3694 0.1906
6 0.3861 0.8652 0.3590 0.9074 0.3287 0.8692 0.3559 0.8270
6 0.8801 0.0143 0.9287 0.0475 0.9128 0.0933 0.8642 0.0601
7 0.2350 0.6202 0.2294 0.6126 0.2313 0.6098 0.2369 0.6174
7 0.3861 0.1081 0.3860 0.1022 0.3965 0.1019 0.3966 0.1078
7 0.1939 0.9116 0.2286 0.9237 0.2249 0.9444 0.1902 0.9323
7 0.7053 0.7675 0.7275 0.7794 0.7041 0.8649 0.6819 0.8530
9 0.7125 0.7507 0.8575 0.8679 0.8344 0.9241 0.6893 0.8069
9 0.8216 0.7549 0.8479 0.6912 0.9552 0.7779 0.9290 0.8416
9 0.3295 0.8239 0.3472 0.8344 0.3285 0.8961 0.3108 0.8856
9 0.7487 0.1818 0.7109 0.2733 0.5779 0.1658 0.6156 0.0743
12 0.5681 0.3261 0.5508 0.4308 0.5368 0.4263 0.5540 0.3216
12 0.2401 0.3036 0.2197 0.2944 0.2573 0.1324 0.2777 0.1416
12 0.3988 0.9075 0.7184 0.9153 0.7175 0.9865 0.3979 0.9787
12 0.5852 0.2592 0.5559 0.2346 0.6556 0.0024 0.6849 0.0270
13 0.9063 0.8475 0.9007 0.8541 0.8882 0.8333 0.8938 0.8267
13 0.8323 0.4331 0.8344 0.4403 0.8297 0.4429 0.8276 0.4357
13 0.0096 0.7705 0.0118 0.7510 0.0267 0.7543 0.0245 0.7738
13 0.2044 0.0784 0.2037 0.0741 0.2116 0.0716 0.2123 0.0759
15 0.3685 0.3042 0.3961 0.3660 0.3497 0.4066 0.3222 0.3448
15 0.8102 0.9632 0.7259 0.8865 0.7592 0.8148 0.8435 0.8915
15 0.5823 0.7331 0.5929 0.7569 0.5683 0.7785 0.5577 0.7547
15 0.6599 0.6860 0.7084 0.6366 0.7450 0.7072 0.6965 0.7566
