0 0.3294 0.4544 0.5718 0.3946 0.6252 0.8184 0.3828 0.8782
0 0.7479 0.9925 0.6051 0.9275 0.7230 0.4195 0.8658 0.4845
0 0.6871 0.4543 0.7621 0.5424 0.7261 0.6025 0.6510 0.5144
0 0.4801 0.4544 0.4591 0.4250 0.6587 0.1456 0.6797 0.1750
1 0.3288 0.7719 0.3315 0.7727 0.3241 0.8261 0.3214 0.8253
1 0.9109 0.9313 0.8853 0.9472 0.8816 0.9355 0.9072 0.9196
1 0.5153 0.1775 0.5007 0.1858 0.4996 0.1821 0.5142 0.1738
1 0.4636 0.0910 0.5097 0.1096 0.4859 0.2262 0.4397 0.2076
2 0.6567 0.4682 0.6598 0.4846 0.5682 0.5190 0.5650 0.5026
2 0.2767 0.6493 0.2927 0.6292 0.3130 0.6607 0.2970 0.6808
2 0.1930 0.7163 0.2206 0.8835 0.2078 0.8877 0.1803 0.7205
2 0.7906 0.6709 0.6068 0.3749 0.6957 0.2667 0.8795 0.5627
3 0.7581 0.9355 0.7413 0.9574 0.6619 0.8381 0.6787 0.8162
3 0.5415 0.4286 0.4580 0.3740 0.4653 0.3518 0.5489 0.4064
3 0.6588 0.2606 0.7352 0.2606 0.7352 0.2906 0.6588 0.2906
3 0.3347 0.3233 0.2859 0.2823 0.2910 0.2703 0.3398 0.3113
4 0.9273 0.7267 0.9335 0.7406 0.9159 0.7561 0.9097 0.7422
4 0.8723 0.3659 0.8777 0.3942 0.8694 0.3973 0.8640 0.3690
4 0.3470 0.3813 0.3288 0.3499 0.3373 0.3403 0.3555 0.3717
4 0.1793 0.2694 0.1860 0.2650 0.1887 0.2730 0.1820 0.2774
6 0.4169 0.2336 0.3976 0.2825 0.3273 0.2280 0.3467 0.1791
6 0.4924 0.3911 0.5050 0.4194 0.4845 0.4373 0.4719 0.4090
6 0.2619 0.5947 0.2796 0.6666 0.2450 0.6833 0.2273 0.6114
6 0.0885 0.1805 0.0373 0.1515 0.0581 0.0795 0.1093 0.1085
7 0.4463 0.1317 0.4449 0.1264 0.4600 0.1183 0.4614 0.1236
7 0.4710 0.4448 0.4545 0.4232 0.4964 0.3604 0.5129 0.3820
7 0.3408 0.3503 0.3484 0.3404 0.3624 0.3613 0.3547 0.3712
7 0.6884 0.7581 0.6232 0.7825 0.6179 0.7547 0.6830 0.7303
9 0.7731 0.4559 0.7826 0.4094 0.8609 0.4409 0.8514 0.4874
9 0.8860 0.3913 0.8543 0.4652 0.6597 0.3015 0.6914 0.2276
9 0.7487 0.2055 0.7278 0.2952 0.7016 0.2833 0.7224 0.1936
9 0.4500 0.4129 0.5985 0.1159 0.6483 0.1647 0.4998 0.4617
12 0.9076 0.9092 0.9403 0.9550 0.9199 0.9836 0.8871 0.9378
12 0.0897 0.0576 0.1101 0.0472 0.1369 0.1504 0.1165 0.1608
12 0.1164 0.3414 0.1486 0.3697 0.1402 0.3886 0.1079 0.3603
12 0.2311 0.3402 0.1865 0.2965 0.1986 0.2722 0.2432 0.3159
13 0.8721 0.5421 0.8879 0.5242 0.8956 0.5375 0.8798 0.5554
13 0.7501 0.5544 0.7025 0.6065 0.6785 0.5636 0.7261 0.5115
13 0.5039 0.9552 0.5396 0.9275 0.5515 0.9576 0.5159 0.9853
13 0.0917 0.9784 0.0957 0.9687 0.1037 0.9752 0.0997 0.9849
15 0.4532 0.5674 0.4580 0.5814 0.4300 0.6006 0.4251 0.5866
15 0.4397 0.2673 0.5113 0.2347 0.5255 0.2955 0.4538 0.3281
15 0.7980 0.3321 0.7788 0.3600 0.7577 0.3315 0.7770 0.3036
15 0.3657 0.5993 0.4345 0.4714 0.5020 0.5427 0.4332 0.6706
