0 0.1285 0.0530 0.2061 0.0416 0.2183 0.2038 0.1407 0.2152
0 0.9613 0.9590 0.8792 0.9920 0.8193 0.6998 0.9014 0.6668
0 0.5297 0.4229 0.4205 0.4417 0.3843 0.0287 0.4935 0.0099
0 0.6028 0.3391 0.9684 0.3391 0.9684 0.5697 0.6028 0.5697
1 0.6221 0.5662 0.5874 0.5757 0.5865 0.5690 0.6212 0.5595
1 0.1615 0.3913 0.1363 0.3646 0.1425 0.3531 0.1677 0.3798
1 0.1076 0.1353 0.1093 0.1332 0.1304 0.1671 0.1287 0.1692
1 0.2051 0.3028 0.2141 0.2926 0.2186 0.3004 0.2096 0.3106
2 0.3320 0.3695 0.3515 0.3852 0.3317 0.4333 0.3122 0.4176
2 0.7549 0.4076 0.7391 0.3948 0.7525 0.3624 0.7683 0.3752
2 0.2246 0.8026 0.1932 0.9172 0.1220 0.8790 0.1534 0.7644
2 0.2125 0.5129 0.2125 0.4107 0.2558 0.4107 0.2558 0.5129
3 0.1706 0.9109 0.1644 0.9248 0.1139 0.8807 0.1201 0.8668
3 0.8403 0.2390 0.9223 0.2430 0.9217 0.2682 0.8397 0.2642
3 0.1511 0.6614 0.1612 0.7961 0.1443 0.7986 0.1342 0.6639
3 0.4513 0.6689 0.4460 0.6578 0.4861 0.6199 0.4915 0.6310
4 0.2598 0.7012 0.2524 0.7060 0.2445 0.6824 0.2519 0.6776
4 0.7818 0.6217 0.7638 0.6253 0.7625 0.6123 0.7805 0.6087
4 0.1925 0.7964 0.1988 0.7963 0.1989 0.8008 0.1926 0.8009
4 0.5856 0.0479 0.5880 0.0857 0.5749 0.0873 0.5726 0.0495
6 0.4490 0.8675 0.4693 0.8784 0.4613 0.9073 0.4410 0.8964
6 0.6159 0.1585 0.7805 0.0411 0.8227 0.1571 0.6581 0.2745
6 0.4281 0.2419 0.4298 0.3805 0.3799 0.3817 0.3782 0.2431
6 0.5181 0.4652 0.3201 0.6897 0.2393 0.5500 0.4373 0.3255
7 0.7089 0.5540 0.7077 0.5499 0.7160 0.5452 0.7172 0.5493
7 0.8634 0.6051 0.8651 0.6167 0.8486 0.6217 0.8469 0.6101
7 0.4509 0.5308 0.4532 0.5918 0.4231 0.5940 0.4208 0.5330
7 0.2549 0.1331 0.2643 0.1467 0.2411 0.1781 0.2317 0.1645
9 0.5487 0.5035 0.5067 0.5528 0.4827 0.5129 0.5247 0.4636
9 0.4986 0.7428 0.7031 0.4564 0.7512 0.5236 0.5466 0.8100
9 0.7326 0.4786 0.7581 0.5589 0.5469 0.6906 0.5213 0.6103
9 0.2432 0.7908 0.2789 0.8151 0.2379 0.9328 0.2022 0.9085
12 0.6002 0.2099 0.7916 0.0152 0.8089 0.0485 0.6175 0.2432
12 0.5401 0.9861 0.5391 0.9820 0.6170 0.9423 0.6181 0.9464
12 0.4548 0.1123 0.4935 0.1364 0.4923 0.1401 0.4536 0.1160
12 0.0992 0.9151 0.0992 0.9845 0.0785 0.9845 0.0785 0.9151
13 0.1883 0.5091 0.1826 0.5158 0.1711 0.4965 0.1768 0.4898
13 0.0452 0.6319 0.0338 0.6322 0.0336 0.6217 0.0451 0.6214
13 0.4588 0.5461 0.4628 0.5459 0.4635 0.5735 0.4595 0.5737
13 0.9629 0.0660 0.9313 0.0566 0.9351 0.0320 0.9667 0.0414
15 0.1691 0.2629 0.0601 0.2415 0.0695 0.1487 0.1784 0.1701
15 0.7388 0.9313 0.6770 0.8318 0.7338 0.7627 0.7956 0.8622
15 0.5566 0.8321 0.5799 0.8216 0.5877 0.8555 0.5644 0.8660
15 0.5272 0.9041 0.5007 0.9709 0.4680 0.9455 0.4945 0.8787
