0 0.2211 0.5263 0.2887 0.5553 0.2481 0.7413 0.1805 0.7123
0 0.3699 0.8229 0.4313 0.6678 0.5696 0.7751 0.5082 0.9302
0 0.8885 0.8596 0.8851 0.7231 0.9409 0.7204 0.9443 0.8569
0 0.1313 0.6342 0.4295 0.6561 0.4267 0.7298 0.1285 0.7079
1 0.3371 0.2928 0.3467 0.2652 0.3503 0.2676 0.3407 0.2952
1 0.0997 0.4986 0.1014 0.4960 0.1129 0.5110 0.1112 0.5136
1 0.6993 0.6471 0.7050 0.6547 0.6921 0.6733 0.6865 0.6657
1 0.2192 0.3005 0.1807 0.3160 0.1608 0.2187 0.1993 0.2032
2 0.4298 0.8644 0.4512 0.8878 0.4216 0.9408 0.4002 0.9174
2 0.7963 0.8646 0.7672 0.9444 0.6980 0.8950 0.7270 0.8152
2 0.1884 0.5712 0.2043 0.5978 0.1708 0.6372 0.1548 0.6106
2 0.9199 0.6671 0.9823 0.7261 0.9579 0.7769 0.8954 0.7179
3 0.3225 0.0375 0.3278 0.0454 0.2978 0.0845 0.2925 0.0766
3 0.0137 0.8658 0.0159 0.8602 0.0618 0.8958 0.0596 0.9014
3 0.4421 0.5256 0.4371 0.5100 0.4937 0.4748 0.4986 0.4904
3 0.3077 0.8571 0.3129 0.9419 0.3015 0.9433 0.2962 0.8585
4 0.1351 0.2150 0.1469 0.2201 0.1431 0.2374 0.1314 0.2323
4 0.7239 0.6158 0.7259 0.6197 0.7172 0.6282 0.7153 0.6243
4 0.8555 0.8421 0.8350 0.8549 0.8296 0.8379 0.8501 0.8251
4 0.3381 0.5479 0.3168 0.5516 0.3150 0.5317 0.3364 0.5280
6 0.2655 0.5271 0.1976 0.5888 0.1828 0.5569 0.2507 0.4952
6 0.4968 0.7631 0.5189 0.7599 0.5212 0.7913 0.4991 0.7945
6 0.0874 0.4388 0.1423 0.4348 0.1452 0.5120 0.0903 0.5160
6 0.6807 0.2936 0.6562 0.2319 0.6665 0.2240 0.6909 0.2857
7 0.2671 0.0747 0.2476 0.1168 0.2380 0.1081 0.2576 0.0660
7 0.7868 0.7501 0.7919 0.7432 0.8052 0.7623 0.8001 0.7692
7 0.2298 0.6018 0.2272 0.6157 0.1687 0.5938 0.1714 0.5799
7 0.5753 0.0802 0.5886 0.0795 0.5899 0.1298 0.5765 0.1305
9 0.5124 0.3102 0.5016 0.2726 0.5199 0.2622 0.5307 0.2998
9 0.1828 0.5131 0.3053 0.7491 0.2323 0.8233 0.1099 0.5873
9 0.6680 0.3878 0.7669 0.3046 0.7806 0.3366 0.6817 0.4198
9 0.9862 0.5673 0.8997 0.5631 0.9067 0.2839 0.9932 0.2881
12 0.1525 0.7578 0.2480 0.6927 0.2661 0.7446 0.1706 0.8097
12 0.1711 0.5597 0.1686 0.5544 0.2695 0.4591 0.2720 0.4644
12 0.6572 0.0486 0.6793 0.0882 0.6602 0.1090 0.6382 0.0694
12 0.3984 0.5955 0.4737 0.6906 0.4522 0.7241 0.3768 0.6290
13 0.2814 0.9641 0.2782 0.9622 0.2817 0.9507 0.2849 0.9526
13 0.6154 0.5890 0.5811 0.5696 0.5989 0.5078 0.6332 0.5272
13 0.0340 0.9941 0.0382 0.9719 0.0512 0.9767 0.0469 0.9989
13 0.1475 0.2461 0.1472 0.2482 0.0899 0.2267 0.0903 0.2246
15 0.8999 0.4550 0.9494 0.4027 0.9892 0.4766 0.9397 0.5289
15 0.2293 0.2793 0.2433 0.1683 0.2901 0.1799 0.2762 0.2909
15 0.1634 0.3973 0.2089 0.3790 0.2200 0.4335 0.1745 0.4518
15 0.7461 0.9118 0.7173 0.8292 0.7522 0.8054 0.7809 0.8880
