0 0.5680 0.4632 0.5789 0.6802 0.1602 0.7212 0.1494 0.5042
0 0.4915 0.9409 0.4015 0.9970 0.3437 0.8151 0.4337 0.7590
0 0.4325 0.2667 0.7226 0.0508 0.7920 0.2337 0.5020 0.4496
0 0.3776 0.2343 0.4514 0.0400 0.8261 0.3189 0.7523 0.5132
1 0.3777 0.2661 0.3755 0.2709 0.3543 0.2515 0.3565 0.2467
1 0.2852 0.2399 0.2949 0.2441 0.2722 0.3481 0.2625 0.3439
1 0.2852 0.3132 0.2889 0.3263 0.2746 0.3344 0.2708 0.3213
1 0.5068 0.2382 0.5112 0.2379 0.5126 0.2762 0.5082 0.2765
2 0.2087 0.2474 0.2135 0.2566 0.1867 0.2838 0.1820 0.2746
2 0.1913 0.2967 0.2643 0.3319 0.2424 0.4209 0.1694 0.3857
2 0.4793 0.3732 0.4367 0.3315 0.5101 0.1848 0.5527 0.2265
2 0.3330 0.3097 0.3093 0.4536 0.2816 0.4447 0.3053 0.3008
3 0.0739 0.2707 0.1417 0.1991 0.1507 0.2157 0.0828 0.2873
3 0.8996 0.2686 0.9399 0.2160 0.9504 0.2318 0.9101 0.2844
3 0.6394 0.6006 0.6813 0.5531 0.6889 0.5662 0.6469 0.6137
3 0.2649 0.3737 0.1612 0.4265 0.1546 0.4011 0.2583 0.3483
4 0.7367 0.2561 0.7345 0.2364 0.8176 0.2179 0.8198 0.2376
4 0.9792 0.7095 0.9838 0.7109 0.9828 0.7169 0.9782 0.7155
4 0.9441 0.6614 0.9431 0.6774 0.9370 0.6766 0.9380 0.6606
4 0.3877 0.1880 0.3639 0.2201 0.3529 0.2040 0.3766 0.1719
6 0.8249 0.8877 0.8136 0.9464 0.7291 0.9147 0.7404 0.8560
6 0.4020 0.5240 0.3571 0.6589 0.3085 0.6272 0.3535 0.4923
6 0.9022 0.3669 0.8205 0.3183 0.8903 0.0879 0.9721 0.1365
6 0.7608 0.0563 0.8049 0.0706 0.7844 0.1949 0.7403 0.1806
7 0.1178 0.5556 0.1031 0.5486 0.1220 0.4720 0.1366 0.4790
7 0.1432 0.6530 0.1351 0.6928 0.0688 0.6662 0.0769 0.6264
7 0.4852 0.4498 0.4826 0.4542 0.4656 0.4342 0.4682 0.4298
7 0.6102 0.3891 0.6383 0.3740 0.6432 0.3917 0.6151 0.4068
9 0.4871 0.5232 0.5687 0.4882 0.6195 0.7208 0.5379 0.7558
9 0.8119 0.4115 0.8429 0.3999 0.8775 0.5809 0.8466 0.5925
9 0.6722 0.4637 0.7027 0.3926 0.8898 0.5499 0.8593 0.6210
9 0.6078 0.4796 0.3047 0.5317 0.2959 0.4320 0.5990 0.3799
12 0.7007 0.2538 0.6980 0.2101 0.8084 0.1966 0.8111 0.2403
12 0.4840 0.5030 0.4355 0.5376 0.2651 0.0694 0.3136 0.0348
12 0.2486 0.9699 0.1897 0.9757 0.1889 0.9597 0.2478 0.9539
12 0.5534 0.0412 0.5978 0.1876 0.5775 0.1996 0.5331 0.0532
13 0.8526 0.0551 0.8608 0.0366 0.8689 0.0437 0.8606 0.0622
13 0.3164 0.8470 0.3378 0.7691 0.3733 0.7882 0.3519 0.8661
13 0.7541 0.0429 0.7128 0.0429 0.7128 0.0179 0.7541 0.0179
13 0.1988 0.4627 0.2040 0.4666 0.1966 0.4861 0.1914 0.4822
15 0.1774 0.8620 0.2035 0.8290 0.2358 0.8792 0.2096 0.9122
15 0.1218 0.8761 0.0604 0.8776 0.0596 0.8103 0.1210 0.8088
15 0.0745 0.5599 0.0781 0.7058 0.0149 0.7089 0.0113 0.5630
15 0.2006 0.5639 0.2049 0.5947 0.1823 0.6009 0.1780 0.5701
