0 0.8369 0.4202 0.7900 0.4814 0.7437 0.4118 0.7906 0.3506
0 0.3064 0.7003 0.3857 0.6599 0.4544 0.9241 0.3751 0.9645
0 0.3879 0.3164 0.2441 0.2549 0.2558 0.2016 0.3996 0.2631
0 0.6848 0.3032 0.8219 0.1879 0.9838 0.5652 0.8467 0.6805
1 0.9861 0.0526 0.9829 0.0596 0.9699 0.0478 0.9731 0.0408
1 0.4249 0.0761 0.4247 0.0743 0.4411 0.0715 0.4413 0.0733
1 0.0845 0.3828 0.0911 0.3611 0.0932 0.3624 0.0866 0.3841
1 0.3282 0.2935 0.3359 0.2787 0.4164 0.3605 0.4087 0.3753
2 0.4664 0.2266 0.4473 0.1763 0.4662 0.1622 0.4853 0.2125
2 0.6236 0.5564 0.7074 0.4648 0.8449 0.7112 0.7612 0.8028
2 0.0750 0.6214 0.0946 0.5740 0.1018 0.5798 0.0823 0.6272
2 0.2865 0.2305 0.4248 0.0436 0.4818 0.1263 0.3435 0.3132
3 0.8585 0.6954 0.8718 0.6987 0.8589 0.8006 0.8456 0.7973
3 0.8640 0.7977 0.8603 0.7865 0.9029 0.7587 0.9066 0.7699
3 0.1321 0.2286 0.1380 0.2481 0.0679 0.2898 0.0620 0.2703
3 0.8620 0.2200 0.8646 0.2312 0.8240 0.2496 0.8214 0.2384
4 0.0383 0.6195 0.0299 0.6312 0.0251 0.6245 0.0335 0.6128
4 0.6444 0.7048 0.6432 0.7373 0.6373 0.7368 0.6386 0.7043
4 0.8222 0.7735 0.8465 0.7723 0.8469 0.7897 0.8227 0.7909
4 0.7502 0.1229 0.7248 0.0960 0.7324 0.0819 0.7578 0.1088
6 0.0667 0.8709 0.0674 0.8466 0.0850 0.8475 0.0844 0.8718
6 0.7560 0.1032 0.7560 0.4224 0.6411 0.4224 0.6411 0.1032
6 0.4597 0.7915 0.4875 0.7380 0.5132 0.7641 0.4854 0.8176
6 0.2921 0.5321 0.2802 0.6178 0.1571 0.5843 0.1690 0.4986
7 0.1631 0.4599 0.1727 0.4651 0.1604 0.5101 0.1507 0.5049
7 0.5619 0.9658 0.5677 0.9607 0.5764 0.9802 0.5706 0.9853
7 0.2463 0.9768 0.2259 0.9528 0.2305 0.9452 0.2509 0.9692
7 0.2602 0.0520 0.2672 0.0566 0.2590 0.0812 0.2520 0.0766
9 0.4808 0.4465 0.5121 0.4027 0.5901 0.5119 0.5588 0.5557
9 0.0574 0.8040 0.0314 0.7479 0.0586 0.7232 0.0846 0.7793
9 0.7996 0.5974 0.7940 0.6712 0.6104 0.6442 0.6160 0.5704
9 0.4849 0.8349 0.4474 0.7968 0.5423 0.6139 0.5798 0.6520
12 0.7841 0.7156 0.8532 0.7885 0.8330 0.8260 0.7639 0.7531
12 0.0036 0.6841 0.0019 0.6807 0.0659 0.6203 0.0675 0.6237
12 0.7422 0.3412 0.7237 0.2925 0.7261 0.2908 0.7446 0.3395
12 0.2789 0.4638 0.2061 0.5657 0.2011 0.5586 0.2739 0.4567
13 0.3048 0.5397 0.3164 0.4952 0.3572 0.5159 0.3456 0.5604
13 0.8789 0.5736 0.8829 0.5874 0.8571 0.6020 0.8531 0.5882
13 0.9260 0.6419 0.9338 0.6480 0.9246 0.6713 0.9167 0.6652
13 0.4531 0.4222 0.4577 0.4147 0.4721 0.4322 0.4674 0.4397
15 0.0230 0.7229 0.0003 0.6040 0.1113 0.5623 0.1340 0.6812
15 0.5066 0.1093 0.4127 0.2277 0.3608 0.1471 0.4547 0.0287
15 0.9102 0.5392 0.9217 0.5837 0.8913 0.5992 0.8797 0.5547
15 0.8973 0.8190 0.8680 0.8821 0.8267 0.8446 0.8560 0.7815
