0 0.5861 0.7027 0.6237 0.7904 0.5333 0.8665 0.4957 0.7788
0 0.5500 0.1227 0.7509 0.1325 0.7460 0.3293 0.5451 0.3195
0 0.9944 0.6244 0.8354 0.9093 0.6931 0.7536 0.8521 0.4687
0 0.4434 0.5259 0.4841 0.4271 0.6521 0.5629 0.6113 0.6617
1 0.4084 0.9304 0.4378 0.9522 0.4327 0.9656 0.4034 0.9438
1 0.3491 0.5954 0.3495 0.5863 0.3649 0.5874 0.3645 0.5965
1 0.6309 0.4240 0.6202 0.4545 0.6137 0.4500 0.6243 0.4195
1 0.7783 0.6499 0.7791 0.6339 0.7812 0.6341 0.7804 0.6501
2 0.6677 0.2396 0.6807 0.2207 0.7006 0.2476 0.6875 0.2665
2 0.2769 0.5240 0.2742 0.4521 0.3140 0.4492 0.3166 0.5211
2 0.8286 0.3661 0.8085 0.3417 0.8620 0.2555 0.8821 0.2799
2 0.6707 0.9884 0.5506 0.8616 0.5878 0.7924 0.7080 0.9192
3 0.2291 0.4938 0.2378 0.4966 0.2146 0.6374 0.2059 0.6346
3 0.2036 0.6710 0.1939 0.6549 0.2259 0.6174 0.2355 0.6335
3 0.6709 0.4169 0.6576 0.4112 0.6782 0.3167 0.6915 0.3224
3 0.4381 0.1687 0.3637 0.2172 0.3551 0.1913 0.4294 0.1428
4 0.6569 0.0607 0.6473 0.0757 0.6251 0.0477 0.6347 0.0327
4 0.6288 0.4289 0.6076 0.3008 0.6289 0.2939 0.6501 0.4220
4 0.7614 0.6637 0.7634 0.6551 0.7872 0.6659 0.7852 0.6745
4 0.1593 0.7122 0.1711 0.7015 0.1787 0.7178 0.1669 0.7285
6 0.3010 0.6395 0.3401 0.6542 0.3296 0.7093 0.2905 0.6946
6 0.4956 0.3019 0.5492 0.3914 0.4207 0.5425 0.3670 0.4530
6 0.7332 0.2370 0.6479 0.0947 0.6991 0.0346 0.7844 0.1769
6 0.7751 0.8530 0.8131 0.8247 0.8334 0.8782 0.7954 0.9065
7 0.2629 0.9222 0.2761 0.9229 0.2745 0.9862 0.2613 0.9855
7 0.1300 0.1378 0.1123 0.1273 0.1269 0.0790 0.1446 0.0895
7 0.1712 0.4904 0.1667 0.4989 0.1545 0.4860 0.1591 0.4775
7 0.3721 0.9293 0.3531 0.8832 0.3631 0.8751 0.3821 0.9212
9 0.6930 0.2795 0.7066 0.3224 0.6302 0.3701 0.6165 0.3272
9 0.1042 0.6812 0.1390 0.6663 0.1770 0.8404 0.1422 0.8553
9 0.2237 0.5091 0.2534 0.5003 0.2760 0.6489 0.2463 0.6577
9 0.2693 0.2781 0.2413 0.2726 0.2578 0.1087 0.2858 0.1142
12 0.5357 0.7834 0.5653 0.7715 0.5703 0.7962 0.5407 0.8081
12 0.7989 0.2578 0.7982 0.2848 0.7366 0.2818 0.7372 0.2548
12 0.7957 0.0416 0.8207 0.0634 0.7654 0.1872 0.7404 0.1654
12 0.3127 0.3471 0.3457 0.1748 0.3610 0.1805 0.3280 0.3528
13 0.7026 0.6904 0.6988 0.6778 0.7085 0.6720 0.7124 0.6846
13 0.2929 0.5077 0.2741 0.5269 0.2565 0.4931 0.2753 0.4739
13 0.8349 0.9381 0.8285 0.9275 0.8514 0.9007 0.8578 0.9113
13 0.8950 0.5717 0.8775 0.5722 0.8773 0.5575 0.8948 0.5570
15 0.0544 0.0604 0.0386 0.1154 0.0050 0.0964 0.0209 0.0414
15 0.3954 0.1542 0.3048 0.2029 0.2834 0.1250 0.3741 0.0763
15 0.0955 0.5721 0.0573 0.5494 0.0687 0.5119 0.1069 0.5346
15 0.7075 0.0429 0.6967 0.0596 0.6805 0.0391 0.6913 0.0224
