0 0.2495 0.0028 0.3626 0.0573 0.3354 0.1680 0.2222 0.1135
0 0.0438 0.4095 0.1886 0.4676 0.1776 0.5213 0.0328 0.4632
0 0.9949 0.4700 0.9595 0.5989 0.4503 0.3252 0.4856 0.1963
0 0.7464 0.1938 0.8566 0.2439 0.7513 0.6978 0.6411 0.6477
1 0.7863 0.4114 0.7886 0.4087 0.8151 0.4530 0.8129 0.4557
1 0.7344 0.9770 0.7378 0.9857 0.7216 0.9978 0.7182 0.9891
1 0.4662 0.2755 0.4820 0.2827 0.4741 0.3169 0.4582 0.3097
1 0.5250 0.4256 0.5255 0.4650 0.5170 0.4652 0.5165 0.4258
2 0.7289 0.6068 0.7056 0.4389 0.7765 0.4196 0.7998 0.5875
2 0.3451 0.4690 0.3667 0.5037 0.3531 0.5202 0.3316 0.4855
2 0.5437 0.1126 0.5245 0.1308 0.4926 0.0646 0.5118 0.0464
2 0.3591 0.3865 0.3520 0.3814 0.3826 0.2971 0.3898 0.3022
3 0.7807 0.7222 0.7964 0.7714 0.7887 0.7762 0.7731 0.7270
3 0.5162 0.8260 0.5689 0.9314 0.5524 0.9476 0.4997 0.8422
3 0.3738 0.8766 0.3763 0.8865 0.3408 0.9046 0.3383 0.8947
3 0.6362 0.2638 0.6936 0.2482 0.6964 0.2682 0.6390 0.2838
4 0.8779 0.4165 0.8880 0.4055 0.8918 0.4123 0.8817 0.4233
4 0.6822 0.0636 0.6850 0.0627 0.6856 0.0664 0.6827 0.0673
4 0.5120 0.9217 0.5083 0.8715 0.5217 0.8695 0.5255 0.9197
4 0.1143 0.2847 0.1064 0.3108 0.1017 0.3081 0.1096 0.2820
6 0.6702 0.0412 0.7364 0.1246 0.6164 0.3112 0.5502 0.2278
6 0.2550 0.1938 0.3361 0.4074 0.2593 0.4646 0.1782 0.2510
6 0.4876 0.6567 0.4903 0.7284 0.4558 0.7309 0.4531 0.6592
6 0.9975 0.4656 0.9534 0.5476 0.8945 0.4856 0.9386 0.4036
7 0.2363 0.1084 0.2480 0.1113 0.2412 0.1656 0.2294 0.1627
7 0.5530 0.2995 0.5589 0.3045 0.5519 0.3209 0.5459 0.3159
7 0.2809 0.5618 0.3009 0.5710 0.2828 0.6490 0.2628 0.6398
7 0.7292 0.5254 0.8047 0.5328 0.8031 0.5650 0.7276 0.5576
9 0.9041 0.0783 0.9430 0.1164 0.8751 0.2521 0.8362 0.2140
9 0.3101 0.3734 0.2753 0.3406 0.3734 0.1370 0.4081 0.1698
9 0.0566 0.2788 0.0280 0.3889 0.0097 0.3796 0.0383 0.2695
9 0.2716 0.5820 0.1422 0.3660 0.2089 0.2876 0.3384 0.5036
12 0.9574 0.4056 0.9841 0.4570 0.7306 0.7148 0.7039 0.6634
12 0.1092 0.9307 0.1101 0.9664 0.0171 0.9709 0.0162 0.9352
12 0.6929 0.3098 0.6740 0.6876 0.6385 0.6842 0.6574 0.3064
12 0.5329 0.7981 0.4945 0.7444 0.4971 0.7407 0.5355 0.7944
13 0.0564 0.7248 0.0259 0.6971 0.0361 0.6752 0.0666 0.7029
13 0.6937 0.1805 0.6737 0.1609 0.7012 0.1059 0.7212 0.1255
13 0.9065 0.0866 0.9092 0.0897 0.8987 0.1086 0.8959 0.1055
13 0.6599 0.8809 0.5667 0.6801 0.5939 0.6555 0.6870 0.8563
15 0.5002 0.6124 0.5217 0.6135 0.5210 0.6444 0.4994 0.6433
15 0.5933 0.4927 0.5933 0.5753 0.5462 0.5753 0.5462 0.4927
15 0.3252 0.9729 0.3156 0.8634 0.3990 0.8491 0.4086 0.9586
15 0.8706 0.1636 0.8436 0.1400 0.8611 0.1008 0.8881 0.1244
