0 0.5863 0.1695 0.6778 0.2809 0.5809 0.4369 0.4893 0.3255
0 0.2280 0.6838 0.2153 0.5723 0.2755 0.5590 0.2881 0.6705
0 0.3849 0.6209 0.3711 0.6664 0.0620 0.4827 0.0758 0.4372
0 0.6272 0.6039 0.4805 0.8092 0.3780 0.6657 0.5246 0.4604
1 0.0984 0.1140 0.0951 0.0851 0.1019 0.0836 0.1051 0.1125
1 0.8180 0.2089 0.8152 0.2249 0.7345 0.1967 0.7374 0.1807
1 0.2365 0.5383 0.2513 0.5286 0.2613 0.5585 0.2464 0.5682
1 0.3143 0.6716 0.3051 0.6828 0.2937 0.6644 0.3029 0.6532
2 0.7277 0.7724 0.8351 0.6462 0.8875 0.7336 0.7800 0.8598
2 0.5727 0.1770 0.5670 0.1015 0.5785 0.0998 0.5841 0.1753
2 0.0778 0.7850 0.0121 0.7996 0.0013 0.7042 0.0670 0.6896
2 0.5765 0.1433 0.5514 0.0467 0.5678 0.0383 0.5929 0.1349
3 0.8567 0.3482 0.8174 0.2301 0.8362 0.2178 0.8755 0.3359
3 0.8872 0.2776 0.8819 0.2082 0.8943 0.2064 0.8995 0.2758
3 0.6790 0.4239 0.6846 0.5740 0.6659 0.5753 0.6602 0.4252
3 0.3199 0.5163 0.3285 0.5047 0.3703 0.5653 0.3618 0.5769
4 0.3635 0.9206 0.3667 0.9517 0.3256 0.9598 0.3225 0.9287
4 0.8989 0.4273 0.8544 0.3803 0.8691 0.3531 0.9136 0.4001
4 0.2603 0.5464 0.2409 0.5641 0.2206 0.5204 0.2400 0.5027
4 0.1514 0.7552 0.1556 0.7451 0.1617 0.7500 0.1575 0.7601
6 0.4090 0.5478 0.3785 0.5705 0.3748 0.5606 0.4052 0.5379
6 0.3709 0.0745 0.3705 0.1060 0.3477 0.1055 0.3480 0.0740
6 0.3452 0.5992 0.3396 0.6882 0.3183 0.6856 0.3238 0.5966
6 0.4704 0.9362 0.4772 0.9596 0.4733 0.9618 0.4666 0.9384
7 0.0897 0.8895 0.1126 0.9104 0.0712 0.9997 0.0482 0.9788
7 0.6719 0.6357 0.6887 0.5775 0.7567 0.6159 0.7398 0.6741
7 0.2661 0.4769 0.2628 0.4857 0.2367 0.4663 0.2401 0.4575
7 0.2937 0.3426 0.2709 0.3277 0.2894 0.2718 0.3123 0.2867
9 0.4858 0.7406 0.4731 0.8022 0.3157 0.7390 0.3283 0.6774
9 0.4271 0.2111 0.4704 0.2197 0.4489 0.4337 0.4056 0.4251
9 0.8717 0.1216 0.8589 0.1390 0.8151 0.0756 0.8280 0.0582
9 0.1494 0.8694 0.1433 0.7893 0.2598 0.7722 0.2658 0.8523
12 0.5228 0.6173 0.5165 0.5614 0.5414 0.5559 0.5478 0.6118
12 0.8976 0.3899 0.9092 0.5050 0.8772 0.5113 0.8657 0.3962
12 0.0754 0.0509 0.0608 0.0473 0.0623 0.0351 0.0769 0.0387
12 0.3096 0.0159 0.3527 0.0415 0.2266 0.4573 0.1836 0.4317
13 0.8558 0.7680 0.8257 0.7998 0.8182 0.7860 0.8483 0.7542
13 0.1801 0.3057 0.1414 0.3680 0.1130 0.3335 0.1517 0.2712
13 0.2690 0.4775 0.2467 0.4882 0.2328 0.4313 0.2550 0.4206
13 0.6154 0.6275 0.6192 0.6343 0.6069 0.6477 0.6031 0.6409
15 0.7915 0.1183 0.8407 0.1702 0.8179 0.2125 0.7687 0.1606
15 0.5303 0.0951 0.6298 0.1147 0.6129 0.2837 0.5133 0.2641
15 0.6341 0.2690 0.6115 0.4178 0.5471 0.3986 0.5697 0.2498
15 0.4725 0.2372 0.5206 0.2127 0.5312 0.2536 0.4831 0.2781
