0 0.6127 0.2991 0.7292 0.4312 0.5930 0.6665 0.4765 0.5344
0 0.3923 0.6519 0.3371 0.7474 0.2520 0.6509 0.3072 0.5554
0 0.2837 0.1951 0.3181 0.2218 0.3037 0.2581 0.2693 0.2314
0 0.4251 0.3733 0.5420 0.1782 0.5666 0.2071 0.4497 0.4022
1 0.1190 0.2610 0.1170 0.2567 0.1347 0.2406 0.1367 0.2449
1 0.6006 0.7470 0.5971 0.7704 0.5868 0.7674 0.5904 0.7440
1 0.5313 0.3023 0.5521 0.3648 0.4716 0.4173 0.4508 0.3548
1 0.0630 0.7545 0.0440 0.7468 0.0538 0.6987 0.0729 0.7064
2 0.7904 0.4821 0.7536 0.4287 0.7773 0.3967 0.8141 0.4501
2 0.5228 0.3540 0.5321 0.3427 0.6086 0.4660 0.5994 0.4773
2 0.5513 0.3361 0.4381 0.4946 0.3904 0.4279 0.5036 0.2694
2 0.4158 0.4272 0.3774 0.4534 0.3407 0.3480 0.3791 0.3218
3 0.5381 0.3934 0.5547 0.4001 0.5293 0.5238 0.5128 0.5171
3 0.3732 0.1208 0.3792 0.1365 0.3222 0.1788 0.3163 0.1631
3 0.8822 0.4625 0.8986 0.4227 0.9055 0.4283 0.8891 0.4681
3 0.7086 0.4395 0.8047 0.3679 0.8134 0.3909 0.7173 0.4625
4 0.1859 0.1658 0.1957 0.1558 0.1998 0.1638 0.1900 0.1738
4 0.5139 0.8351 0.5289 0.8432 0.5261 0.8533 0.5111 0.8452
4 0.3913 0.2441 0.3832 0.2653 0.3770 0.2607 0.3851 0.2395
4 0.8771 0.3831 0.9020 0.3684 0.9083 0.3893 0.8835 0.4040
6 0.1288 0.2690 0.0605 0.2068 0.1498 0.0142 0.2181 0.0764
6 0.5667 0.4629 0.3933 0.2366 0.4747 0.1143 0.6481 0.3406
6 0.1522 0.8898 0.1449 0.7921 0.2852 0.7714 0.2926 0.8691
6 0.7525 0.3936 0.7687 0.4444 0.7603 0.4496 0.7442 0.3988
7 0.7758 0.0867 0.7603 0.1108 0.7033 0.0389 0.7188 0.0148
7 0.3483 0.8105 0.3440 0.7961 0.3491 0.7931 0.3535 0.8075
7 0.0696 0.4268 0.0783 0.4099 0.1473 0.4800 0.1385 0.4969
7 0.8422 0.9153 0.8567 0.8943 0.9073 0.9627 0.8927 0.9837
9 0.7136 0.6270 0.7444 0.7456 0.5447 0.8474 0.5139 0.7288
9 0.7755 0.2194 0.7297 0.2985 0.5965 0.1474 0.6423 0.0683
9 0.4506 0.4820 0.3793 0.5014 0.3474 0.2712 0.4187 0.2518
9 0.4186 0.8323 0.4119 0.9392 0.3600 0.9329 0.3667 0.8260
12 0.8292 0.9038 0.8078 0.9233 0.7991 0.9046 0.8205 0.8851
12 0.5461 0.9880 0.5406 0.9949 0.4094 0.7908 0.4148 0.7839
12 0.1816 0.7076 0.7464 0.7629 0.7412 0.8668 0.1765 0.8115
12 0.3195 0.2977 0.1554 0.5045 0.1371 0.4759 0.3011 0.2691
13 0.7587 0.2976 0.7415 0.3092 0.7379 0.2988 0.7550 0.2872
13 0.1185 0.5291 0.1474 0.5234 0.1492 0.5417 0.1203 0.5474
13 0.3977 0.2475 0.4395 0.2506 0.4386 0.2765 0.3967 0.2734
13 0.3294 0.7103 0.3304 0.7239 0.3098 0.7269 0.3088 0.7133
15 0.7659 0.7342 0.8546 0.7299 0.8569 0.8230 0.7682 0.8273
15 0.7838 0.9773 0.7457 0.9569 0.7654 0.8851 0.8034 0.9055
15 0.2540 0.8214 0.1783 0.8046 0.1885 0.7138 0.2643 0.7306
15 0.2861 0.8809 0.2497 0.9193 0.2216 0.8671 0.2580 0.8287
