0 0.7824 0.1312 0.7932 0.2022 0.5127 0.2856 0.5019 0.2146
0 0.6391 0.7859 0.6444 0.8102 0.4792 0.8809 0.4739 0.8566
0 0.4679 0.1688 0.5299 0.1207 0.5718 0.2264 0.5098 0.2745
0 0.6026 0.6067 0.5162 0.7734 0.1948 0.4465 0.2813 0.2798
1 0.5729 0.5662 0.5471 0.5544 0.5482 0.5494 0.5741 0.5612
1 0.6465 0.0660 0.6456 0.0621 0.6617 0.0548 0.6627 0.0587
1 0.6844 0.2279 0.7016 0.2731 0.6910 0.2809 0.6739 0.2357
1 0.8297 0.3406 0.8296 0.3345 0.8546 0.3338 0.8547 0.3399
2 0.4751 0.7537 0.5362 0.7242 0.5434 0.7535 0.4823 0.7830
2 0.4526 0.1503 0.4972 0.2173 0.4626 0.2625 0.4179 0.1955
2 0.2860 0.2322 0.2844 0.2750 0.2731 0.2742 0.2747 0.2314
2 0.7370 0.2991 0.7833 0.3002 0.7830 0.3229 0.7367 0.3218
3 0.3831 0.2382 0.3707 0.2290 0.4058 0.1366 0.4181 0.1458
3 0.5630 0.2990 0.5707 0.2959 0.5818 0.3502 0.5742 0.3533
3 0.0402 0.4317 0.0433 0.4143 0.1064 0.4363 0.1033 0.4537
3 0.9830 0.7351 0.9546 0.8650 0.9339 0.8561 0.9623 0.7262
4 0.2747 0.3378 0.2736 0.3195 0.2779 0.3190 0.2790 0.3373
4 0.7968 0.1192 0.7965 0.1056 0.8046 0.1052 0.8050 0.1188
4 0.1656 0.3919 0.1699 0.4104 0.1619 0.4141 0.1576 0.3956
4 0.1660 0.2375 0.1681 0.2539 0.1577 0.2565 0.1556 0.2401
6 0.8724 0.7851 0.8291 0.8684 0.7093 0.7465 0.7526 0.6632
6 0.6652 0.5508 0.6633 0.5762 0.6591 0.5756 0.6610 0.5502
6 0.2007 0.1236 0.1429 0.1064 0.1470 0.0792 0.2049 0.0964
6 0.3756 0.9562 0.3096 0.9111 0.3744 0.7250 0.4404 0.7701
7 0.3549 0.2420 0.3437 0.2433 0.3434 0.2372 0.3546 0.2359
7 0.3822 0.0629 0.3924 0.0588 0.3987 0.0895 0.3885 0.0936
7 0.6523 0.3213 0.6678 0.1979 0.7243 0.2119 0.7088 0.3353
7 0.7778 0.6851 0.7837 0.6931 0.7654 0.7197 0.7594 0.7117
9 0.1167 0.7439 0.1618 0.7849 0.0887 0.9425 0.0436 0.9015
9 0.8617 0.4563 0.8362 0.5112 0.7563 0.4385 0.7818 0.3836
9 0.7587 0.5599 0.8227 0.5823 0.7639 0.9125 0.6999 0.8901
9 0.7549 0.9065 0.7270 0.8415 0.8982 0.6975 0.9261 0.7625
12 0.4437 0.6886 0.4729 0.5819 0.9966 0.8634 0.9674 0.9701
12 0.3648 0.1481 0.3801 0.1331 0.4189 0.2107 0.4036 0.2257
12 0.7169 0.6170 0.7495 0.6413 0.7391 0.6686 0.7065 0.6443
12 0.4700 0.0438 0.4588 0.0264 0.4663 0.0170 0.4774 0.0344
13 0.6084 0.6449 0.5974 0.6678 0.5856 0.6567 0.5966 0.6338
13 0.8376 0.0382 0.8405 0.0380 0.8409 0.0486 0.8380 0.0488
13 0.8694 0.7391 0.8732 0.7410 0.8423 0.8597 0.8385 0.8578
13 0.9702 0.4994 0.9677 0.4965 0.9732 0.4870 0.9757 0.4899
15 0.1496 0.8997 0.1179 0.8044 0.1712 0.7695 0.2030 0.8648
15 0.4944 0.1074 0.5110 0.1649 0.4676 0.1894 0.4510 0.1319
15 0.4442 0.4788 0.4981 0.4198 0.5341 0.4844 0.4802 0.5434
15 0.7338 0.4671 0.7227 0.4930 0.6979 0.4721 0.7090 0.4462
