0 0.5391 0.4437 0.5354 0.3445 0.7561 0.3283 0.7598 0.4275
0 0.0219 0.4986 0.2308 0.4202 0.2406 0.4718 0.0318 0.5502
0 0.3872 0.8445 0.3342 0.7259 0.5360 0.5495 0.5889 0.6681
0 0.9035 0.2959 0.9580 0.3400 0.8780 0.5341 0.8234 0.4900
1 0.3302 0.3700 0.3329 0.3670 0.3627 0.4204 0.3599 0.4234
1 0.0395 0.6606 0.0296 0.6625 0.0276 0.6426 0.0375 0.6407
1 0.6282 0.4691 0.6290 0.4664 0.6401 0.4733 0.6393 0.4760
1 0.3549 0.3894 0.3538 0.3917 0.3434 0.3818 0.3445 0.3795
2 0.0151 0.2852 0.0114 0.2672 0.0303 0.2596 0.0340 0.2776
2 0.5220 0.7664 0.5294 0.7651 0.5371 0.8532 0.5297 0.8545
2 0.8979 0.2068 0.9685 0.0211 0.9852 0.0336 0.9147 0.2193
2 0.1818 0.4802 0.1793 0.6858 0.1636 0.6854 0.1662 0.4798
3 0.4359 0.2018 0.5063 0.1754 0.5115 0.2030 0.4412 0.2294
3 0.5999 0.4210 0.6067 0.3311 0.6226 0.3334 0.6159 0.4233
3 0.2517 0.1268 0.2801 0.0375 0.2943 0.0464 0.2659 0.1357
3 0.8086 0.2914 0.7486 0.3237 0.7446 0.3090 0.8046 0.2767
4 0.7208 0.9243 0.7266 0.9278 0.7209 0.9465 0.7151 0.9430
4 0.0989 0.1923 0.0863 0.2113 0.0731 0.1941 0.0857 0.1751
4 0.6659 0.4980 0.6823 0.4892 0.6850 0.4988 0.6685 0.5076
4 0.6395 0.5419 0.6518 0.5580 0.6491 0.5621 0.6368 0.5460
6 0.2046 0.8527 0.2055 0.8879 0.1997 0.8881 0.1988 0.8529
6 0.9095 0.0547 0.8958 0.0617 0.8907 0.0421 0.9045 0.0351
6 0.1941 0.5521 0.1848 0.4903 0.2144 0.4815 0.2238 0.5433
6 0.3633 0.5212 0.3554 0.4872 0.3801 0.4760 0.3880 0.5100
7 0.7943 0.3458 0.7953 0.3539 0.7617 0.3614 0.7607 0.3533
7 0.8085 0.6611 0.8130 0.6765 0.7841 0.6929 0.7796 0.6775
7 0.2032 0.8003 0.1796 0.8150 0.1548 0.7369 0.1784 0.7222
7 0.5342 0.3959 0.5491 0.3944 0.5516 0.4433 0.5366 0.4448
9 0.7788 0.6616 0.8223 0.6123 0.8941 0.7364 0.8505 0.7857
9 0.4988 0.5558 0.5722 0.5359 0.6058 0.7782 0.5324 0.7981
9 0.7437 0.2260 0.6459 0.1707 0.6569 0.1328 0.7546 0.1881
9 0.1422 0.7968 0.1612 0.8253 0.0761 0.9364 0.0571 0.9079
12 0.8278 0.3052 0.8199 0.2790 0.9139 0.2232 0.9218 0.2494
12 0.8730 0.5735 0.8880 0.7064 0.8696 0.7105 0.8545 0.5776
12 0.1507 0.7594 0.1455 0.7784 0.0327 0.7178 0.0380 0.6988
12 0.4138 0.5278 0.3993 0.5238 0.4096 0.4498 0.4241 0.4538
13 0.8008 0.7585 0.7957 0.7474 0.8009 0.7427 0.8060 0.7538
13 0.6838 0.4657 0.6756 0.4564 0.6810 0.4471 0.6892 0.4564
13 0.8057 0.0753 0.8189 0.0711 0.8215 0.0863 0.8082 0.0905
13 0.3508 0.3076 0.3497 0.3061 0.4054 0.2224 0.4066 0.2239
15 0.8738 0.3933 0.8604 0.4477 0.8219 0.4291 0.8353 0.3747
15 0.8982 0.4004 0.8519 0.2674 0.9278 0.2156 0.9741 0.3486
15 0.9606 0.8518 0.8764 0.8901 0.8603 0.8206 0.9445 0.7823
15 0.3744 0.3630 0.4321 0.4560 0.3679 0.5342 0.3102 0.4412
