0 0.1716 0.7821 0.1930 0.6776 0.2547 0.7023 0.2333 0.8068
0 0.2513 0.9702 0.0871 0.8374 0.2055 0.5502 0.3698 0.6830
0 0.3439 0.2509 0.2799 0.2252 0.2904 0.1739 0.3544 0.1996
0 0.5700 0.7974 0.5901 0.9293 0.5534 0.9402 0.5334 0.8083
1 0.2559 0.6463 0.2697 0.6594 0.2661 0.6669 0.2523 0.6538
1 0.6408 0.8316 0.6402 0.8145 0.6578 0.8132 0.6584 0.8303
1 0.6688 0.2984 0.6712 0.2993 0.6672 0.3200 0.6648 0.3191
1 0.6230 0.6209 0.6185 0.6074 0.6244 0.6035 0.6289 0.6170
2 0.1812 0.4704 0.1199 0.3983 0.1716 0.3120 0.2330 0.3841
2 0.1152 0.1828 0.1067 0.2677 0.0614 0.2588 0.0699 0.1739
2 0.9616 0.2351 0.9151 0.2773 0.8973 0.2389 0.9437 0.1967
2 0.4818 0.3682 0.4331 0.2778 0.4714 0.2374 0.5200 0.3278
3 0.4463 0.5707 0.3496 0.6488 0.3403 0.6261 0.4369 0.5480
3 0.8852 0.3778 0.8740 0.3642 0.9271 0.2786 0.9383 0.2922
3 0.4424 0.6953 0.5254 0.6435 0.5324 0.6655 0.4494 0.7173
3 0.7444 0.6366 0.7139 0.8216 0.6907 0.8142 0.7212 0.6292
4 0.2585 0.9045 0.2713 0.9023 0.2729 0.9211 0.2602 0.9233
4 0.0524 0.7516 0.0636 0.7529 0.0633 0.7568 0.0522 0.7555
4 0.1220 0.0410 0.1307 0.0135 0.1497 0.0254 0.1410 0.0529
4 0.7642 0.3092 0.7576 0.2910 0.7646 0.2860 0.7713 0.3042
6 0.4288 0.2729 0.4240 0.2508 0.4401 0.2439 0.4449 0.2660
6 0.3525 0.2222 0.3915 0.1195 0.5392 0.2294 0.5002 0.3321
6 0.3670 0.8472 0.3724 0.8347 0.3815 0.8424 0.3761 0.8549
6 0.3249 0.4936 0.3730 0.5564 0.3428 0.6016 0.2947 0.5388
7 0.4662 0.4044 0.4966 0.4364 0.4309 0.5584 0.4006 0.5264
7 0.3885 0.5370 0.4065 0.5307 0.4170 0.5894 0.3989 0.5957
7 0.6568 0.0584 0.6600 0.0494 0.6632 0.0516 0.6600 0.0606
7 0.1603 0.2911 0.1669 0.3312 0.0762 0.3605 0.0696 0.3204
9 0.2097 0.7396 0.1818 0.8273 0.0374 0.7372 0.0653 0.6495
9 0.3752 0.5268 0.3455 0.5582 0.2939 0.4624 0.3236 0.4310
9 0.8517 0.4041 0.8391 0.3877 0.8883 0.3139 0.9009 0.3303
9 0.6369 0.9584 0.5591 0.8821 0.6848 0.6308 0.7626 0.7071
12 0.1162 0.7658 0.1376 0.7415 0.2358 0.9114 0.2144 0.9357
12 0.8424 0.8816 0.8557 0.8467 0.9241 0.8976 0.9109 0.9325
12 0.1109 0.5957 0.0904 0.5764 0.1965 0.3563 0.2170 0.3756
12 0.2988 0.7702 0.3074 0.7667 0.3198 0.8270 0.3112 0.8305
13 0.2910 0.5371 0.1901 0.5858 0.1879 0.5769 0.2888 0.5282
13 0.2558 0.6135 0.2592 0.6146 0.2571 0.6273 0.2537 0.6262
13 0.2085 0.1478 0.2130 0.1464 0.2158 0.1634 0.2113 0.1648
13 0.1670 0.4328 0.1690 0.4485 0.1561 0.4516 0.1542 0.4359
15 0.8308 0.4922 0.8449 0.4695 0.8695 0.4994 0.8554 0.5221
15 0.4029 0.0287 0.4378 0.0485 0.4174 0.1193 0.3825 0.0995
15 0.1621 0.7266 0.1803 0.7768 0.1436 0.8030 0.1254 0.7528
15 0.7417 0.1556 0.8075 0.1343 0.8192 0.2052 0.7534 0.2265
