0 0.2688 0.0353 0.5041 0.0238 0.5143 0.4351 0.2791 0.4466
0 0.2748 0.2632 0.3857 0.0646 0.6440 0.3472 0.5332 0.5458
0 0.5116 0.9661 0.4980 0.6931 0.8532 0.6583 0.8669 0.9313
0 0.7224 0.8639 0.7953 0.7951 0.8324 0.8721 0.7596 0.9409
1 0.0190 0.4467 0.0202 0.4415 0.0298 0.4457 0.0287 0.4509
1 0.3971 0.1990 0.4157 0.1814 0.4180 0.1862 0.3994 0.2038
1 0.8367 0.6801 0.8326 0.6882 0.8291 0.6847 0.8331 0.6766
1 0.1547 0.2601 0.1531 0.2689 0.0953 0.2487 0.0969 0.2399
2 0.7910 0.2937 0.7901 0.3674 0.7642 0.3667 0.7651 0.2930
2 0.5175 0.3938 0.4809 0.4297 0.4365 0.3410 0.4731 0.3051
2 0.4282 0.2324 0.5623 0.1527 0.5858 0.2300 0.4517 0.3097
2 0.3290 0.6675 0.3358 0.6440 0.4781 0.7245 0.4713 0.7480
3 0.4071 0.5376 0.4211 0.7251 0.3984 0.7284 0.3843 0.5409
3 0.8394 0.2206 0.9680 0.2826 0.9603 0.3142 0.8317 0.2522
3 0.5947 0.4620 0.7067 0.5069 0.7013 0.5332 0.5893 0.4883
3 0.4071 0.6843 0.4873 0.6027 0.5000 0.6273 0.4199 0.7089
4 0.8488 0.0301 0.8598 0.0247 0.8621 0.0339 0.8510 0.0393
4 0.1759 0.9265 0.2412 0.8694 0.2498 0.8887 0.1845 0.9458
4 0.2644 0.9079 0.2724 0.9095 0.2673 0.9601 0.2593 0.9585
4 0.1348 0.0720 0.1330 0.0659 0.1372 0.0636 0.1390 0.0697
6 0.2589 0.0991 0.3137 0.2130 0.1500 0.3677 0.0951 0.2538
6 0.6985 0.7790 0.6514 0.6916 0.6724 0.6694 0.7195 0.7568
6 0.8621 0.5499 0.8588 0.6820 0.8271 0.6805 0.8304 0.5484
6 0.4823 0.3382 0.5017 0.4173 0.3880 0.4722 0.3686 0.3931
7 0.6687 0.2097 0.6622 0.2118 0.6590 0.1923 0.6655 0.1902
7 0.3702 0.7498 0.3751 0.7176 0.4204 0.7310 0.4155 0.7632
7 0.9178 0.7206 0.8999 0.7357 0.8459 0.6098 0.8638 0.5947
7 0.7640 0.1678 0.8478 0.2411 0.8120 0.3214 0.7282 0.2481
9 0.0785 0.5847 0.2007 0.4778 0.2183 0.5173 0.0962 0.6242
9 0.4786 0.6773 0.4579 0.8025 0.2471 0.7343 0.2678 0.6091
9 0.7958 0.7936 0.8389 0.8192 0.7933 0.9696 0.7502 0.9440
9 0.2725 0.5927 0.3710 0.4962 0.3869 0.5281 0.2884 0.6246
12 0.4996 0.7872 0.5124 0.8085 0.3864 0.9564 0.3736 0.9351
12 0.7461 0.8420 0.7015 0.8541 0.6956 0.8120 0.7402 0.7999
12 0.2137 0.3485 0.1591 0.2470 0.1894 0.2151 0.2440 0.3166
12 0.4942 0.2641 0.4747 0.1749 0.4995 0.1643 0.5190 0.2535
13 0.3397 0.9900 0.3280 0.9821 0.3318 0.9712 0.3434 0.9791
13 0.5234 0.6736 0.5355 0.6830 0.5309 0.6944 0.5188 0.6850
13 0.5260 0.2574 0.5266 0.2665 0.5100 0.2686 0.5094 0.2595
13 0.6482 0.6867 0.6534 0.6750 0.6584 0.6793 0.6532 0.6910
15 0.1226 0.3846 0.0859 0.4701 0.0380 0.4298 0.0747 0.3443
15 0.7192 0.1390 0.7575 0.2398 0.7011 0.2818 0.6628 0.1810
15 0.8487 0.2378 0.8243 0.1851 0.8565 0.1558 0.8809 0.2085
15 0.2925 0.8903 0.3241 0.9138 0.2998 0.9777 0.2682 0.9542
