0 0.7642 0.3423 0.7935 0.2582 0.8278 0.2817 0.7985 0.3658
0 0.6300 0.1740 0.5913 0.2410 0.4423 0.0720 0.4810 0.0050
0 0.2154 0.6892 0.6575 0.8435 0.6381 0.9528 0.1959 0.7985
0 0.6543 0.5471 0.7181 0.7478 0.3537 0.9749 0.2899 0.7742
1 0.9221 0.9658 0.9142 0.9886 0.9042 0.9818 0.9121 0.9590
1 0.5096 0.9257 0.5065 0.9217 0.5330 0.8819 0.5361 0.8859
1 0.4691 0.2456 0.4662 0.2313 0.5452 0.1996 0.5481 0.2139
1 0.6892 0.0944 0.6872 0.0957 0.6819 0.0792 0.6840 0.0779
2 0.9408 0.6239 0.9498 0.6224 0.9543 0.6741 0.9453 0.6756
2 0.9975 0.3073 0.8546 0.3881 0.8303 0.3039 0.9732 0.2231
2 0.1131 0.2808 0.1312 0.2679 0.1475 0.3128 0.1294 0.3257
2 0.4659 0.3143 0.5629 0.7321 0.5109 0.7557 0.4140 0.3379
3 0.3782 0.4338 0.4787 0.4039 0.4827 0.4306 0.3822 0.4605
3 0.4494 0.6131 0.4704 0.5108 0.4886 0.5181 0.4676 0.6204
3 0.0368 0.1210 0.1178 0.1919 0.1089 0.2118 0.0279 0.1409
3 0.4382 0.6410 0.4503 0.6282 0.4990 0.7186 0.4868 0.7314
4 0.7479 0.2144 0.7404 0.2108 0.7427 0.2016 0.7501 0.2052
4 0.0627 0.7322 0.0421 0.7368 0.0410 0.7274 0.0616 0.7228
4 0.1490 0.5639 0.1453 0.5754 0.1113 0.5541 0.1149 0.5426
4 0.2120 0.2641 0.2074 0.2496 0.2172 0.2435 0.2218 0.2580
6 0.4896 0.8882 0.5334 0.8387 0.5689 0.9002 0.5252 0.9497
6 0.7445 0.1763 0.7697 0.1951 0.7666 0.2033 0.7414 0.1845
6 0.0495 0.2077 0.0290 0.2229 0.0265 0.2163 0.0470 0.2011
6 0.3659 0.8363 0.3712 0.8122 0.3887 0.8197 0.3834 0.8438
7 0.6320 0.4956 0.6230 0.4952 0.6237 0.4680 0.6327 0.4684
7 0.9907 0.4388 0.9819 0.4237 0.9859 0.4192 0.9947 0.4343
7 0.2658 0.5804 0.2383 0.5750 0.2396 0.5620 0.2672 0.5674
7 0.7061 0.9552 0.7060 0.9612 0.6965 0.9608 0.6966 0.9548
9 0.9324 0.0438 0.9919 0.1331 0.9742 0.1562 0.9147 0.0669
9 0.2984 0.6161 0.2282 0.7078 0.2130 0.6851 0.2833 0.5934
9 0.1991 0.6345 0.1605 0.5907 0.2694 0.4023 0.3081 0.4461
9 0.8012 0.4118 0.7501 0.4206 0.7276 0.1646 0.7788 0.1558
12 0.2813 0.3333 0.2828 0.3046 0.2955 0.3059 0.2941 0.3346
12 0.1669 0.7070 0.3075 0.9589 0.2851 0.9834 0.1445 0.7315
12 0.7982 0.3593 0.7913 0.3233 0.8067 0.3175 0.8135 0.3535
12 0.2206 0.2843 0.1947 0.2881 0.1760 0.0385 0.2018 0.0347
13 0.4880 0.8116 0.4961 0.8011 0.5012 0.8088 0.4931 0.8193
13 0.8967 0.6828 0.8899 0.6897 0.8876 0.6852 0.8944 0.6783
13 0.5284 0.7913 0.5259 0.7810 0.5308 0.7787 0.5333 0.7890
13 0.7360 0.8206 0.7245 0.7860 0.7352 0.7790 0.7467 0.8136
15 0.3577 0.0634 0.4067 0.0059 0.4409 0.0630 0.3919 0.1205
15 0.2114 0.9147 0.2148 0.8463 0.2538 0.8501 0.2504 0.9185
15 0.4617 0.7515 0.5209 0.7884 0.5006 0.8521 0.4414 0.8152
15 0.4536 0.2942 0.4793 0.3988 0.4233 0.4258 0.3976 0.3212
