0 0.8003 0.2211 0.9493 0.2504 0.8877 0.8641 0.7387 0.8348
0 0.5276 0.5079 0.5852 0.5603 0.5638 0.6065 0.5062 0.5541
0 0.0899 0.8900 0.0442 0.7875 0.0861 0.7508 0.1318 0.8533
0 0.2115 0.7829 0.1908 0.2290 0.3690 0.2159 0.3898 0.7698
1 0.6407 0.0481 0.6394 0.0460 0.6490 0.0339 0.6504 0.0360
1 0.2801 0.1307 0.2714 0.1381 0.2590 0.1093 0.2677 0.1019
1 0.4303 0.2509 0.4353 0.2463 0.4429 0.2627 0.4379 0.2673
1 0.1816 0.8915 0.1838 0.9055 0.1684 0.9101 0.1662 0.8961
2 0.0964 0.7611 0.1915 0.8149 0.1753 0.8709 0.0803 0.8171
2 0.8192 0.3268 0.7820 0.3305 0.7805 0.2996 0.8177 0.2959
2 0.6743 0.5101 0.6516 0.4229 0.8654 0.3139 0.8881 0.4011
2 0.3686 0.0650 0.3176 0.1837 0.2697 0.1434 0.3207 0.0247
3 0.2921 0.7021 0.2389 0.7908 0.2282 0.7783 0.2814 0.6896
3 0.1895 0.4706 0.1860 0.4778 0.1268 0.4198 0.1303 0.4126
3 0.4589 0.6561 0.4236 0.7129 0.4123 0.6991 0.4475 0.6423
3 0.6039 0.9481 0.5959 0.8848 0.6058 0.8823 0.6138 0.9456
4 0.1774 0.3248 0.1745 0.3073 0.1809 0.3052 0.1838 0.3227
4 0.0178 0.6133 0.0138 0.6189 0.0045 0.6059 0.0085 0.6003
4 0.9112 0.3944 0.8907 0.3964 0.8891 0.3636 0.9096 0.3616
4 0.4042 0.3282 0.3991 0.3141 0.4096 0.3066 0.4147 0.3207
6 0.1041 0.8894 0.0968 0.9057 0.0851 0.8954 0.0923 0.8791
6 0.8774 0.9618 0.8800 0.8578 0.9049 0.8590 0.9023 0.9630
6 0.5095 0.6556 0.4497 0.6629 0.4445 0.5788 0.5043 0.5715
6 0.7209 0.3737 0.7185 0.2777 0.7874 0.2743 0.7898 0.3703
7 0.0428 0.4635 0.0482 0.4596 0.0538 0.4749 0.0483 0.4788
7 0.8846 0.4055 0.8975 0.4070 0.8948 0.4501 0.8819 0.4486
7 0.0866 0.5345 0.0651 0.5264 0.0671 0.5159 0.0886 0.5240
7 0.0327 0.0774 0.0244 0.0889 0.0113 0.0706 0.0196 0.0591
9 0.7027 0.8060 0.6357 0.9260 0.6156 0.9040 0.6826 0.7840
9 0.2806 0.0200 0.4341 0.0940 0.4219 0.1436 0.2684 0.0696
9 0.6274 0.8638 0.6683 0.8407 0.7063 0.9726 0.6655 0.9957
9 0.3672 0.4231 0.3238 0.4501 0.2565 0.2385 0.2999 0.2115
12 0.9490 0.4940 0.9222 0.5709 0.5436 0.3124 0.5704 0.2355
12 0.0271 0.0192 0.0763 0.1074 0.0563 0.1292 0.0071 0.0410
12 0.6202 0.8131 0.9335 0.6874 0.9478 0.7573 0.6345 0.8830
12 0.7781 0.5612 0.7720 0.5490 0.8159 0.5060 0.8220 0.5182
13 0.4042 0.6661 0.4218 0.6635 0.4224 0.6715 0.4048 0.6741
13 0.6910 0.4197 0.7685 0.3596 0.7856 0.4027 0.7081 0.4628
13 0.6640 0.7663 0.6770 0.7790 0.6672 0.7985 0.6542 0.7858
13 0.6554 0.0164 0.6520 0.0210 0.6431 0.0080 0.6465 0.0034
15 0.2572 0.5392 0.1563 0.5417 0.1551 0.4424 0.2560 0.4399
15 0.9404 0.6023 0.9543 0.6255 0.9324 0.6513 0.9185 0.6281
15 0.3247 0.3873 0.3079 0.3662 0.3279 0.3351 0.3447 0.3562
15 0.4198 0.5309 0.3607 0.6261 0.2882 0.5379 0.3473 0.4427
