AL-DH-35 0.9422830269345874 0.03506650544135429 0.9828986746472852 0.03506650544135429 0.9828986746472852 0.04534461910519952 0.9422830269345874 0.04534461910519952
17.05.2012 0.9380076955964087 0.05441354292623942 0.983326207781103 0.05441354292623942 0.983326207781103 0.06408706166868199 0.9380076955964087 0.06408706166868199
ALU 0.3022659256092347 0.31680773881499397 0.3189397178281317 0.31680773881499397 0.3189397178281317 0.3282950423216445 0.3022659256092347 0.3282950423216445
- 0.3227875160324925 0.3216444981862152 0.32492518170158186 0.3216444981862152 0.32492518170158186 0.32285368802902054 0.3227875160324925 0.32285368802902054
FENSTERBANK 0.32877297990594273 0.30773881499395406 0.39418554938007694 0.30773881499395406 0.39418554938007694 0.3252720677146312 0.32877297990594273 0.3252720677146312
—— 0.3719538264215477 0.3597339782345828 0.4548952543822146 0.3597339782345828 0.4548952543822146 0.37726723095526 0.3719538264215477 0.37726723095526
5° 0.4591705857203933 0.35066505441354295 0.47370671227020095 0.35066505441354295 0.47370671227020095 0.37726723095526 0.4591705857203933 0.37726723095526
® 0.8704574604531852 0.08162031438935913 0.8768704574604532 0.08162031438935913 0.8768704574604532 0.09068923821039904 0.8704574604531852 0.09068923821039904
ALPHATON 0.7973492945703292 0.09371221281741234 0.8696023941855494 0.09371221281741234 0.8696023941855494 0.1094316807738815 0.7973492945703292 0.1094316807738815
- 0.864044463445917 0.0912938331318017 0.8760153911928175 0.0912938331318017 0.8760153911928175 0.11608222490931076 0.864044463445917 0.11608222490931076
Ziegelfassade 0.8832834544677213 0.09371221281741234 0.9705002137665669 0.09371221281741234 0.9705002137665669 0.11305925030229746 0.8832834544677213 0.11305925030229746
Querformat- 0.797776827704147 0.12696493349455865 0.8554938007695596 0.12696493349455865 0.8554938007695596 0.13905683192261184 0.797776827704147 0.13905683192261184
Ausfuhrung 0.8593415989739205 0.12696493349455865 0.9144933732364259 0.12696493349455865 0.9144933732364259 0.14207980652962515 0.8593415989739205 0.14207980652962515
2.7.3a 0.797776827704147 0.1505441354292624 0.8272766139375801 0.1505441354292624 0.8272766139375801 0.16203143893591293 0.797776827704147 0.16203143893591293
M1:1 0.8371098760153912 0.14993954050785974 0.8614792646430098 0.14993954050785974 0.8614792646430098 0.16142684401451027 0.8371098760153912 0.16142684401451027
(V) 0.8678922616502779 0.14993954050785974 0.8790081231295426 0.14993954050785974 0.8790081231295426 0.16444981862152358 0.8678922616502779 0.16444981862152358
Fensterbank 0.798204360837965 0.1717049576783555 0.857631466438649 0.1717049576783555 0.857631466438649 0.18319226118500603 0.798204360837965 0.18319226118500603
aus 0.797776827704147 0.19588875453446192 0.814450619923044 0.19588875453446192 0.814450619923044 0.20435308343409916 0.797776827704147 0.20435308343409916
Metall 0.8187259512612227 0.1928657799274486 0.8460880718255664 0.1928657799274486 0.8460880718255664 0.20435308343409916 0.8187259512612227 0.20435308343409916
Alu-Unterkonstruktion 0.7973492945703292 0.22551390568319227 0.9012398460880718 0.22551390568319227 0.9012398460880718 0.23760580411124546 0.7973492945703292 0.23760580411124546
25 0.20350577169730655 0.5525997581620314 0.21034630183839248 0.5525997581620314 0.21034630183839248 0.5646916565900847 0.20350577169730655 0.5646916565900847
UK 0.17101325352714836 0.6227327690447401 0.1834117144078666 0.6227327690447401 0.1834117144078666 0.6330108827085853 0.17101325352714836 0.6330108827085853
TRAGPROFIL 0.18896964514749892 0.6227327690447401 0.24540401881145787 0.6227327690447401 0.24540401881145787 0.6330108827085853 0.18896964514749892 0.6330108827085853
ACHSMAB 0.11842667806755024 0.7448609431680774 0.12612227447627192 0.7448609431680774 0.12612227447627192 0.8095525997581621 0.11842667806755024 0.8095525997581621
= 0.1218469431380932 0.7297460701330108 0.12398460880718255 0.7297460701330108 0.12398460880718255 0.7382103990326482 0.1218469431380932 0.7382103990326482
MAX. 0.11842667806755024 0.6928657799274486 0.12569474134245404 0.6928657799274486 0.12569474134245404 0.7230955259975816 0.11842667806755024 0.7230955259975816
400 0.1188542112013681 0.6650544135429263 0.12612227447627192 0.6650544135429263 0.12612227447627192 0.686819830713422 0.1188542112013681 0.686819830713422
ALPHATON 0.221889696451475 0.8155985489721886 0.22958529286019666 0.8155985489721886 0.22958529286019666 0.8899637243047158 0.221889696451475 0.8899637243047158
- 0.22659256092347158 0.805925030229746 0.22702009405728943 0.805925030229746 0.22702009405728943 0.8095525997581621 0.22659256092347158 0.8095525997581621
ZIEGELPLATTE 0.221889696451475 0.7013301088270859 0.22958529286019666 0.7013301088270859 0.22958529286019666 0.8010882708585247 0.221889696451475 0.8010882708585247
O-HALTER 0.2364258230012826 0.44256348246674726 0.28131680205215903 0.44256348246674726 0.28131680205215903 0.4528415961305925 0.2364258230012826 0.4528415961305925
TRAG- 0.3749465583582728 0.5205562273276905 0.4023086789226165 0.5205562273276905 0.4023086789226165 0.5308343409915357 0.3749465583582728 0.5308343409915357
PROFIL 0.3758016246259085 0.5374848851269649 0.4070115433946131 0.5374848851269649 0.4070115433946131 0.5477629987908101 0.3758016246259085 0.5477629987908101
BOHRSCHR 0.43095339888841383 0.5592503022974608 0.48225737494655835 0.5592503022974608 0.48225737494655835 0.5695284159613059 0.43095339888841383 0.5695284159613059
WARMEDAMMUNG 0.4890979050876443 0.5253929866989118 0.5720393330483112 0.5253929866989118 0.5720393330483112 0.5380894800483675 0.4890979050876443 0.5380894800483675
NACH 0.751603249251817 0.567714631197098 0.758443779392903 0.567714631197098 0.758443779392903 0.5955259975816203 0.751603249251817 0.5955259975816203
STATIK 0.751603249251817 0.5235792019347038 0.758443779392903 0.5235792019347038 0.758443779392903 0.562273276904474 0.751603249251817 0.562273276904474
TRENNELEMENT 0.6229157759726379 0.8518742442563483 0.6955964087216759 0.8518742442563483 0.6955964087216759 0.8688029020556227 0.6229157759726379 0.8688029020556227
fy 0.6284737067122702 0.8911729141475212 0.7114151346729372 0.8911729141475212 0.7114151346729372 0.9631197097944377 0.6284737067122702 0.9631197097944377
Der 0.0910645575032065 0.969770253929867 0.10389055151774262 0.969770253929867 0.10389055151774262 0.9794437726723095 0.0910645575032065 0.9794437726723095
Inhalt 0.10688328345446772 0.969770253929867 0.12654980761008977 0.969770253929867 0.12654980761008977 0.9794437726723095 0.10688328345446772 0.9794437726723095
dieser 0.12997007268063274 0.969770253929867 0.15305686190679776 0.969770253929867 0.15305686190679776 0.9794437726723095 0.12997007268063274 0.9794437726723095
Zeichnung 0.155622060709705 0.969770253929867 0.195382642154767 0.969770253929867 0.195382642154767 0.9818621523579202 0.155622060709705 0.9818621523579202
bleibt 0.19923044035912782 0.969770253929867 0.21932449764856776 0.969770253929867 0.21932449764856776 0.9794437726723095 0.19923044035912782 0.9794437726723095
unser 0.22231722958529285 0.9721886336154776 0.24326635314236852 0.9721886336154776 0.24326635314236852 0.9794437726723095 0.22231722958529285 0.9794437726723095
geistiges 0.24625908507909364 0.9709794437726723 0.28003420265070544 0.9709794437726723 0.28003420265070544 0.9818621523579202 0.24625908507909364 0.9818621523579202
Eigentum. 0.2834544677212484 0.969770253929867 0.3185121846943138 0.969770253929867 0.3185121846943138 0.9818621523579202 0.2834544677212484 0.9818621523579202
Jede 0.3232150491663104 0.969770253929867 0.34159897392047883 0.969770253929867 0.34159897392047883 0.9794437726723095 0.3232150491663104 0.9794437726723095
Verwendung, 0.34459170585720394 0.969770253929867 0.3937580162462591 0.969770253929867 0.3937580162462591 0.9818621523579202 0.34459170585720394 0.9818621523579202
insbesondere 0.3980333475844378 0.969770253929867 0.4493373236425823 0.969770253929867 0.4493373236425823 0.9794437726723095 0.3980333475844378 0.9794437726723095
die 0.4523300555793074 0.969770253929867 0.463445917058572 0.969770253929867 0.463445917058572 0.9794437726723095 0.4523300555793074 0.9794437726723095
Weitergabe, 0.46643864899529713 0.969770253929867 0.5113296280461735 0.969770253929867 0.5113296280461735 0.9818621523579202 0.46643864899529713 0.9818621523579202
Vervielfaltigung, 0.5143223599828987 0.969770253929867 0.5737494655835828 0.969770253929867 0.5737494655835828 0.9818621523579202 0.5143223599828987 0.9818621523579202
Verdffentlichung 0.5771697306541257 0.969770253929867 0.6387345019238991 0.969770253929867 0.6387345019238991 0.9818621523579202 0.5771697306541257 0.9818621523579202
und 0.6421547669944421 0.9703748488512697 0.6558358272766139 0.9703748488512697 0.6558358272766139 0.9794437726723095 0.6421547669944421 0.9794437726723095
Zurverfitigungstellung 0.658828559213339 0.9703748488512697 0.7392047883710987 0.9703748488512697 0.7392047883710987 0.9818621523579202 0.658828559213339 0.9818621523579202
bedarf 0.7430525865754596 0.969770253929867 0.7669944420692604 0.969770253929867 0.7669944420692604 0.9794437726723095 0.7430525865754596 0.9794437726723095
unserer 0.7695596408721675 0.9721886336154776 0.797776827704147 0.9721886336154776 0.797776827704147 0.9794437726723095 0.7695596408721675 0.9794437726723095
ausdrucklichen 0.8007695596408722 0.9703748488512697 0.8580589995724669 0.9703748488512697 0.8580589995724669 0.9794437726723095 0.8007695596408722 0.9794437726723095
Zustimmung 0.861051731509192 0.969770253929867 0.9085079093629757 0.969770253929867 0.9085079093629757 0.9818621523579202 0.861051731509192 0.9818621523579202
et 0.8170158187259513 0.937726723095526 0.8349722103463019 0.937726723095526 0.8349722103463019 0.9631197097944377 0.8170158187259513 0.9631197097944377
hy 0.8828559213339033 0.9026602176541717 0.9256092347156905 0.9026602176541717 0.9256092347156905 0.9631197097944377 0.8828559213339033 0.9631197097944377
