/ 0.21504916631038906 0.29020556227327693 0.23514322359982898 0.29020556227327693 0.23514322359982898 0.3186215235792019 0.21504916631038906 0.3186215235792019
TRENNELEMENT 0.24112868747327917 0.2877871825876663 0.31338178708849934 0.2877871825876663 0.31338178708849934 0.3210399032648126 0.24112868747327917 0.3210399032648126
GEMAB 0.387345019238991 0.21523579201934703 0.41812740487387773 0.21523579201934703 0.41812740487387773 0.22551390568319227 0.387345019238991 0.22551390568319227
Lo 0.2834544677212484 0.21281741233373638 0.31680205215904234 0.21281741233373638 0.31680205215904234 0.26844014510278114 0.2834544677212484 0.26844014510278114
STATIK 0.387345019238991 0.22611850060459493 0.41684480547242414 0.22611850060459493 0.41684480547242414 0.2503022974607013 0.387345019238991 0.2503022974607013
WANDWINKEL 0.3424540401881146 0.39117291414752114 0.40444634459170586 0.39117291414752114 0.40444634459170586 0.40084643288996374 0.3424540401881146 0.40084643288996374
[\ 0.36340316374519027 0.41293833131801694 0.39675074818298417 0.41293833131801694 0.39675074818298417 0.46916565900846435 0.36340316374519027 0.46916565900846435
VERBINDUNGS- 0.33262077811030355 0.47339782345828296 0.40102607952116287 0.47339782345828296 0.40102607952116287 0.4836759371221282 0.33262077811030355 0.4836759371221282
WARMEDAMMUNG 0.14578879863189398 0.49455864570737607 0.22830269345874304 0.49455864570737607 0.22830269345874304 0.5157194679564692 0.14578879863189398 0.5157194679564692
MITTEL 0.3334758443779393 0.49274486094316805 0.3638306968790081 0.49274486094316805 0.3638306968790081 0.5024183796856106 0.3334758443779393 0.5024183796856106
VERTIKALES 0.367678495083369 0.5423216444981862 0.42112013681060284 0.5423216444981862 0.42112013681060284 0.5525997581620314 0.367678495083369 0.5525997581620314
GRUNDPROFIL 0.367678495083369 0.5610640870616687 0.43266353142368535 0.5610640870616687 0.43266353142368535 0.5713422007255139 0.367678495083369 0.5713422007255139
TRAGPROFIL 0.21547669944420692 0.6142684401451027 0.27191107310816587 0.6142684401451027 0.27191107310816587 0.6348246674727932 0.21547669944420692 0.6348246674727932
BOHRSCHRAUBE 0.35656263360410434 0.6203143893591294 0.4318084651560496 0.6203143893591294 0.4318084651560496 0.6305925030229746 0.35656263360410434 0.6305925030229746
LUFTRAUM 0.16973065412569474 0.7019347037484885 0.2171868319794784 0.7019347037484885 0.2171868319794784 0.7122128174123338 0.16973065412569474 0.7122128174123338
‘A= 0.3950406156477127 0.7085852478839177 0.40444634459170586 0.7085852478839177 0.40444634459170586 0.717049576783555 0.3950406156477127 0.717049576783555
PROFIL 0.4078666096622488 0.7085852478839177 0.43351859769132106 0.7085852478839177 0.43351859769132106 0.717049576783555 0.4078666096622488 0.717049576783555
[7 0.5301410859341599 0.7478839177750907 0.5348439504061565 0.7478839177750907 0.5348439504061565 0.7623941958887546 0.5301410859341599 0.7623941958887546
ALPHATON 0.21077383497221033 0.8440145102781137 0.26378794356562635 0.8440145102781137 0.26378794356562635 0.8555018137847642 0.21077383497221033 0.8555018137847642
- 0.26763574176998717 0.8506650544135429 0.2702009405728944 0.8506650544135429 0.2702009405728944 0.8512696493349455 0.26763574176998717 0.8512696493349455
ZIEGELPLATTE 0.2740487387772552 0.8440145102781137 0.34416417272338606 0.8440145102781137 0.34416417272338606 0.8548972188633616 0.2740487387772552 0.8548972188633616
MAX. 0.3557075673364686 0.9050785973397824 0.374091492090637 0.9050785973397824 0.374091492090637 0.9153567110036276 0.3557075673364686 0.9153567110036276
1492 0.3805044890979051 0.905683192261185 0.3993159469858914 0.905683192261185 0.3993159469858914 0.9153567110036276 0.3805044890979051 0.9153567110036276
AL-DH-38 0.943993159469859 0.03688029020556227 0.9846088071825566 0.03688029020556227 0.9846088071825566 0.046553808948004836 0.943993159469859 0.046553808948004836
18.05.2012 0.9401453612654981 0.056831922611850064 0.9846088071825566 0.056831922611850064 0.9846088071825566 0.06650544135429262 0.9401453612654981 0.06650544135429262
® 0.8721675929884566 0.08403869407496976 0.8785805899957246 0.08403869407496976 0.8785805899957246 0.09310761789600967 0.8721675929884566 0.09310761789600967
ALPHATON 0.7994869602394186 0.09552599758162031 0.8717400598546388 0.09552599758162031 0.8717400598546388 0.11124546553808948 0.7994869602394186 0.11124546553808948
- 0.8661821291150064 0.09310761789600967 0.8781530568619068 0.09310761789600967 0.8781530568619068 0.11789600967351874 0.8661821291150064 0.11789600967351874
Ziegelfassade 0.8858486532706284 0.09613059250302297 0.9722103463018384 0.09613059250302297 0.9722103463018384 0.1154776299879081 0.8858486532706284 0.1154776299879081
Querformat- 0.8003420265070543 0.12636033857315598 0.8580589995724669 0.12636033857315598 0.8580589995724669 0.13845223700120918 0.8003420265070543 0.13845223700120918
Ausfhrung 0.8614792646430098 0.12636033857315598 0.9166310389055152 0.12636033857315598 0.9166310389055152 0.1414752116082225 0.8614792646430098 0.1414752116082225
2.7.66 0.7999144933732364 0.1487303506650544 0.8298418127404874 0.1487303506650544 0.8298418127404874 0.1608222490931076 0.7999144933732364 0.1608222490931076
M 0.8401026079521163 0.1487303506650544 0.8473706712270201 0.1487303506650544 0.8473706712270201 0.16021765417170497 0.8401026079521163 0.16021765417170497
1:1 0.8525010688328345 0.14933494558645707 0.864044463445917 0.14933494558645707 0.864044463445917 0.16021765417170497 0.8525010688328345 0.16021765417170497
(H) 0.8704574604531852 0.1487303506650544 0.8832834544677213 0.1487303506650544 0.8832834544677213 0.16384522370012092 0.8704574604531852 0.16384522370012092
Fensterleibung 0.8003420265070543 0.17110036275695284 0.8713125267208208 0.17110036275695284 0.8713125267208208 0.18621523579201935 0.8003420265070543 0.18621523579201935
mit 0.8003420265070543 0.19407496977025393 0.8140230867892262 0.19407496977025393 0.8140230867892262 0.20556227327690446 0.8003420265070543 0.20556227327690446
Ziegelplatten 0.8208636169303121 0.19407496977025393 0.8820008550662677 0.19407496977025393 0.8820008550662677 0.20858524788391777 0.8208636169303121 0.20858524788391777
Alu-Unterkonstruktion 0.7994869602394186 0.22430471584038694 0.9033775117571612 0.22430471584038694 0.9033775117571612 0.23639661426844014 0.7994869602394186 0.23639661426844014
——+ 0.6981616075245831 0.3403869407496977 0.7396323215049166 0.3403869407496977 0.7396323215049166 0.3518742442563482 0.6981616075245831 0.3518742442563482
EVTL. 0.75502351432236 0.37061668681983073 0.7772552372808893 0.37061668681983073 0.7772552372808893 0.3808948004836759 0.75502351432236 0.3808948004836759
GEEIGNETE 0.781530568619068 0.37061668681983073 0.8238563488670372 0.37061668681983073 0.8238563488670372 0.3808948004836759 0.781530568619068 0.3808948004836759
ABDICHTUNG 0.75502351432236 0.38694074969770254 0.8058999572466866 0.38694074969770254 0.8058999572466866 0.39721886336154777 0.75502351432236 0.39721886336154777
MAX. 0.7268063274903805 0.5326481257557436 0.7336468576314664 0.5326481257557436 0.7336468576314664 0.558645707376058 0.7268063274903805 0.558645707376058
250 0.7272338606241984 0.5036275695284159 0.7340743907652844 0.5036275695284159 0.7340743907652844 0.5241837968561064 0.7272338606241984 0.5241837968561064
fa 0.695168875587858 0.4909310761789601 0.7024369388627618 0.4909310761789601 0.7024369388627618 0.5036275695284159 0.695168875587858 0.5036275695284159
— 0.695168875587858 0.5411124546553809 0.7024369388627618 0.5411124546553809 0.7024369388627618 0.5477629987908101 0.695168875587858 0.5477629987908101
uw 0.6947413424540402 0.5495767835550182 0.7024369388627618 0.5495767835550182 0.7024369388627618 0.5568319226118501 0.6947413424540402 0.5568319226118501
oO 0.6947413424540402 0.558645707376058 0.7028644719965798 0.558645707376058 0.7028644719965798 0.5683192261185006 0.6947413424540402 0.5683192261185006
uu 0.695168875587858 0.5695284159613059 0.7024369388627618 0.5695284159613059 0.7024369388627618 0.5804111245465539 0.695168875587858 0.5804111245465539
N 0.695168875587858 0.5822249093107618 0.7024369388627618 0.5822249093107618 0.7024369388627618 0.5900846432889963 0.695168875587858 0.5900846432889963
z 0.695168875587858 0.5949214026602176 0.7024369388627618 0.5949214026602176 0.7024369388627618 0.6088270858524788 0.695168875587858 0.6088270858524788
5 0.6947413424540402 0.6106408706166868 0.7028644719965798 0.6106408706166868 0.7028644719965798 0.6293833131801693 0.6947413424540402 0.6293833131801693
ae 0.695168875587858 0.6396614268440145 0.7024369388627618 0.6396614268440145 0.7024369388627618 0.6481257557436517 0.695168875587858 0.6481257557436517
a. 0.695168875587858 0.6499395405078597 0.7024369388627618 0.6499395405078597 0.7024369388627618 0.6571946795646917 0.695168875587858 0.6571946795646917
wok 0.695168875587858 0.658403869407497 0.7024369388627618 0.658403869407497 0.7024369388627618 0.6650544135429263 0.695168875587858 0.6650544135429263
tf 0.6977340743907653 0.6638452237001209 0.7002992731936725 0.6638452237001209 0.7002992731936725 0.6783555018137848 0.6977340743907653 0.6783555018137848
—* 0.6981616075245831 0.8004836759371221 0.7396323215049166 0.8004836759371221 0.7396323215049166 0.8119709794437727 0.6981616075245831 0.8119709794437727
WERKSEITIG 0.7015818725951262 0.839782345828295 0.7558785805899957 0.839782345828295 0.7558785805899957 0.8500604594921403 0.7015818725951262 0.8500604594921403
VERBUNDENE 0.7015818725951262 0.8603385731559855 0.7631466438648995 0.8603385731559855 0.7631466438648995 0.8706166868198307 0.7015818725951262 0.8706166868198307
PLATTE 0.7669944420692604 0.8603385731559855 0.7986318939717828 0.8603385731559855 0.7986318939717828 0.8706166868198307 0.7669944420692604 0.8706166868198307
Der 0.09191962377084224 0.9649334945586457 0.10474561778537837 0.9649334945586457 0.10474561778537837 0.9740024183796856 0.09191962377084224 0.9740024183796856
Inhalt 0.10816588285592134 0.9649334945586457 0.1278324070115434 0.9649334945586457 0.1278324070115434 0.9740024183796856 0.10816588285592134 0.9740024183796856
dieser 0.1308251389482685 0.9649334945586457 0.15391192817443353 0.9649334945586457 0.15391192817443353 0.9740024183796856 0.1308251389482685 0.9740024183796856
Zeichnung 0.15647712697734073 0.9649334945586457 0.19623770842240273 0.9649334945586457 0.19623770842240273 0.9764207980652962 0.15647712697734073 0.9764207980652962
bleibt 0.20008550662676358 0.9649334945586457 0.2201795639162035 0.9649334945586457 0.2201795639162035 0.9740024183796856 0.20008550662676358 0.9740024183796856
unser 0.22359982898674646 0.9673518742442564 0.2436938862761864 0.9673518742442564 0.2436938862761864 0.9740024183796856 0.22359982898674646 0.9740024183796856
geistiges 0.2466866182129115 0.9649334945586457 0.27960666951688756 0.9649334945586457 0.27960666951688756 0.9764207980652962 0.2466866182129115 0.9764207980652962
Eigentum. 0.2830269345874305 0.9649334945586457 0.3180846515604959 0.9649334945586457 0.3180846515604959 0.9764207980652962 0.2830269345874305 0.9764207980652962
Jede 0.3232150491663104 0.9649334945586457 0.34159897392047883 0.9649334945586457 0.34159897392047883 0.9740024183796856 0.3232150491663104 0.9740024183796856
Verwendung, 0.34416417272338606 0.9649334945586457 0.3937580162462591 0.9649334945586457 0.3937580162462591 0.9764207980652962 0.34416417272338606 0.9764207980652962
insbesondere 0.39760581445061993 0.9649334945586457 0.44890979050876445 0.9649334945586457 0.44890979050876445 0.9740024183796856 0.39760581445061993 0.9740024183796856
die 0.4519025224454895 0.9649334945586457 0.4625908507909363 0.9649334945586457 0.4625908507909363 0.9740024183796856 0.4519025224454895 0.9740024183796856
Weitergabe, 0.46515604959384355 0.9649334945586457 0.5079093629756306 0.9649334945586457 0.5079093629756306 0.9764207980652962 0.46515604959384355 0.9764207980652962
Vervielfaltigung, 0.5134672937152629 0.9649334945586457 0.572894399315947 0.9649334945586457 0.572894399315947 0.9764207980652962 0.5134672937152629 0.9764207980652962
Verdffentlichung 0.5763146643864899 0.9649334945586457 0.6374519025224454 0.9649334945586457 0.6374519025224454 0.9764207980652962 0.5763146643864899 0.9764207980652962
und 0.6408721675929885 0.9649334945586457 0.6545532278751603 0.9649334945586457 0.6545532278751603 0.9740024183796856 0.6408721675929885 0.9740024183796856
Zurverflgungstellung 0.6575459598118855 0.9649334945586457 0.7370671227020094 0.9649334945586457 0.7370671227020094 0.9764207980652962 0.6575459598118855 0.9764207980652962
bedarf 0.7400598546387345 0.9649334945586457 0.7640017101325353 0.9649334945586457 0.7640017101325353 0.9740024183796856 0.7400598546387345 0.9740024183796856
unserer 0.7669944420692604 0.9673518742442564 0.7952116289012399 0.9673518742442564 0.7952116289012399 0.9740024183796856 0.7669944420692604 0.9740024183796856
ausdruicklichen 0.798204360837965 0.9649334945586457 0.8554938007695596 0.9649334945586457 0.8554938007695596 0.9740024183796856 0.798204360837965 0.9740024183796856
Zustimmung. 0.8584865327062847 0.9649334945586457 0.9072253099615221 0.9649334945586457 0.9072253099615221 0.9764207980652962 0.8584865327062847 0.9764207980652962
