AL-DH-39 0.9405728943993159 0.03325272067714631 0.9816160752458315 0.03325272067714631 0.9816160752458315 0.04353083434099154 0.9405728943993159 0.04353083434099154
13.06.2012 0.9362975630611372 0.05562273276904474 0.9811885421120137 0.05562273276904474 0.9811885421120137 0.06590084643288996 0.9362975630611372 0.06590084643288996
“ef 0.2334330910645575 0.08222490931076179 0.2441214194100043 0.08222490931076179 0.2441214194100043 0.09250302297460701 0.2334330910645575 0.09250302297460701
Du 0.2744762719110731 0.07194679564691657 0.28815733219324496 0.07194679564691657 0.28815733219324496 0.0912938331318017 0.2744762719110731 0.0912938331318017
yo 0.5784523300555793 0.07376058041112454 0.579307396323215 0.07376058041112454 0.579307396323215 0.08706166868198308 0.5784523300555793 0.08706166868198308
7 0.6122274476271911 0.07194679564691657 0.6233433091064557 0.07194679564691657 0.6233433091064557 0.08827085852478839 0.6122274476271911 0.08827085852478839
® 0.8717400598546388 0.08162031438935913 0.8781530568619068 0.08162031438935913 0.8781530568619068 0.0912938331318017 0.8717400598546388 0.0912938331318017
= 0.3099615220179564 0.1033857315598549 0.31680205215904234 0.1033857315598549 0.31680205215904234 0.1124546553808948 0.3099615220179564 0.1124546553808948
ALPHATON 0.798204360837965 0.09371221281741234 0.8704574604531852 0.09371221281741234 0.8704574604531852 0.1094316807738815 0.798204360837965 0.1094316807738815
- 0.8760153911928175 0.10278113663845223 0.8798631893971783 0.10278113663845223 0.8798631893971783 0.10399032648125756 0.8760153911928175 0.10399032648125756
Ziegelfassade 0.8845660538691749 0.09371221281741234 0.9717828131680205 0.09371221281741234 0.9717828131680205 0.11305925030229746 0.8845660538691749 0.11305925030229746
a 0.2441214194100043 0.11124546553808948 0.284737067122702 0.11124546553808948 0.284737067122702 0.13603385731559856 0.2441214194100043 0.13603385731559856
135 0.29243266353142366 0.11426844014510278 0.31680205215904234 0.11426844014510278 0.31680205215904234 0.13119709794437726 0.29243266353142366 0.13119709794437726
al 0.2907225309961522 0.13482466747279323 0.2984181274048739 0.13482466747279323 0.2984181274048739 0.14087061668681983 0.2907225309961522 0.14087061668681983
J 0.5669089354424968 0.12575574365175332 0.5784523300555793 0.12575574365175332 0.5784523300555793 0.1487303506650544 0.5669089354424968 0.1487303506650544
Querformat- 0.7990594271056007 0.12696493349455865 0.8567764001710133 0.12696493349455865 0.8567764001710133 0.13905683192261184 0.7990594271056007 0.13905683192261184
Ausfthrung 0.8601966652415562 0.12696493349455865 0.9153484395040615 0.12696493349455865 0.9153484395040615 0.14207980652962515 0.8601966652415562 0.14207980652962515
5 0.3099615220179564 0.14812575574365175 0.31680205215904234 0.14812575574365175 0.31680205215904234 0.17110036275695284 0.3099615220179564 0.17110036275695284
2.7.5a 0.7986318939717828 0.14933494558645707 0.8281316802052159 0.14933494558645707 0.8281316802052159 0.1608222490931076 0.7986318939717828 0.1608222490931076
M 0.8383924754168448 0.1487303506650544 0.8456605386917486 0.1487303506650544 0.8456605386917486 0.16021765417170497 0.8383924754168448 0.16021765417170497
1:1 0.8507909362975631 0.14933494558645707 0.8627618640444634 0.14933494558645707 0.8627618640444634 0.16021765417170497 0.8507909362975631 0.16021765417170497
(V) 0.8691748610517315 0.1487303506650544 0.8802907225309962 0.1487303506650544 0.8802907225309962 0.16384522370012092 0.8691748610517315 0.16384522370012092
lo 0.2304403591278324 0.1759371221281741 0.23428815733219324 0.1759371221281741 0.23428815733219324 0.18561064087061668 0.2304403591278324 0.18561064087061668
| 0.2466866182129115 0.1735187424425635 0.24754168448054725 0.1735187424425635 0.24754168448054725 0.17472793228536881 0.2466866182129115 0.17472793228536881
3 0.2830269345874305 0.1837968561064087 0.2868747327917914 0.1837968561064087 0.2868747327917914 0.18863361547763 0.2830269345874305 0.18863361547763
Fenstersturz 0.7990594271056007 0.16989117291414751 0.857631466438649 0.16989117291414751 0.857631466438649 0.18198307134220074 0.7990594271056007 0.18198307134220074
4. 0.23514322359982898 0.18016928657799275 0.24112868747327917 0.18016928657799275 0.24112868747327917 0.1989117291414752 0.23514322359982898 0.1989117291414752
se 0.2804617357845233 0.18742442563482467 0.2937152629328773 0.18742442563482467 0.2937152629328773 0.19044740024183796 0.2804617357845233 0.19044740024183796
w 0.20094057289439932 0.19649334945586458 0.20863616930312098 0.19649334945586458 0.20863616930312098 0.20918984280532044 0.20094057289439932 0.20918984280532044
vy 0.23428815733219324 0.19951632406287786 0.2479692176143651 0.19951632406287786 0.2479692176143651 0.2140266021765417 0.23428815733219324 0.2140266021765417
54 0.2744762719110731 0.19528415961305925 0.2907225309961522 0.19528415961305925 0.2907225309961522 0.2158403869407497 0.2744762719110731 0.2158403869407497
KG 0.34159897392047883 0.2007255139056832 0.3497221034630184 0.2007255139056832 0.3497221034630184 0.21100362756952842 0.34159897392047883 0.21100362756952842
aus 0.7986318939717828 0.19407496977025393 0.8153056861906798 0.19407496977025393 0.8153056861906798 0.20253929866989118 0.7986318939717828 0.20253929866989118
Metall 0.8200085506626763 0.19105199516324062 0.8469431380932022 0.19105199516324062 0.8469431380932022 0.20253929866989118 0.8200085506626763 0.20253929866989118
/ 0.8554938007695596 0.19044740024183796 0.8589140658401027 0.19044740024183796 0.8589140658401027 0.2037484885126965 0.8554938007695596 0.2037484885126965
ohne 0.8623343309106456 0.19105199516324062 0.8858486532706284 0.19105199516324062 0.8858486532706284 0.20253929866989118 0.8623343309106456 0.20253929866989118
Rolladen 0.8901239846088072 0.19105199516324062 0.9311671654553227 0.19105199516324062 0.9311671654553227 0.20253929866989118 0.8901239846088072 0.20253929866989118
5 0.20094057289439932 0.22067714631197097 0.20863616930312098 0.22067714631197097 0.20863616930312098 0.24546553808948005 0.20094057289439932 0.24546553808948005
ay 0.23728088926891835 0.22007255139056833 0.27575887131252674 0.22007255139056833 0.27575887131252674 0.23639661426844014 0.23728088926891835 0.23639661426844014
: 0.28003420265070544 0.22974607013301088 0.2821718683197948 0.22974607013301088 0.2821718683197948 0.23941958887545345 0.28003420265070544 0.23941958887545345
| 0.5617785378366823 0.22732769044740025 0.5669089354424968 0.22732769044740025 0.5669089354424968 0.23941958887545345 0.5617785378366823 0.23941958887545345
Alu-Unterkonstruktion 0.798204360837965 0.22309552599758162 0.9020949123557076 0.22309552599758162 0.9020949123557076 0.2418379685610641 0.798204360837965 0.2418379685610641
a 0.20094057289439932 0.24667472793228537 0.20863616930312098 0.24667472793228537 0.20863616930312098 0.2623941958887545 0.20094057289439932 0.2623941958887545
0: 0.2744762719110731 0.23941958887545345 0.2877297990594271 0.23941958887545345 0.2877297990594271 0.2623941958887545 0.2744762719110731 0.2623941958887545
Uh 0.5604959384352287 0.2370012091898428 0.5767421975203079 0.2370012091898428 0.5767421975203079 0.26118500604594924 0.5604959384352287 0.26118500604594924
gS 0.19709277469003847 0.2581620314389359 0.20820863616930313 0.2581620314389359 0.20820863616930313 0.2883917775090689 0.19709277469003847 0.2883917775090689
/ 0.22445489525438223 0.27267230955259975 0.23471569046601112 0.27267230955259975 0.23471569046601112 0.2871825876662636 0.22445489525438223 0.2871825876662636
4 0.2436938862761864 0.2750906892382104 0.24711415134672937 0.2750906892382104 0.24711415134672937 0.28053204353083433 0.2436938862761864 0.28053204353083433
30] 0.26036767849508335 0.26360338573155984 0.2689183411714408 0.26360338573155984 0.2689183411714408 0.27327690447400244 0.26036767849508335 0.27327690447400244
go 0.29200513039760584 0.26058041112454655 0.31338178708849934 0.26058041112454655 0.31338178708849934 0.2992744860943168 0.29200513039760584 0.2992744860943168
4 0.3185121846943138 0.26058041112454655 0.32791791363830697 0.26058041112454655 0.32791791363830697 0.2992744860943168 0.3185121846943138 0.2992744860943168
30 0.34886703719538265 0.2581620314389359 0.3612654980761009 0.2581620314389359 0.3612654980761009 0.28053204353083433 0.34886703719538265 0.28053204353083433
| 0.5604959384352287 0.26058041112454655 0.5669089354424968 0.26058041112454655 0.5669089354424968 0.2950423216444982 0.5604959384352287 0.2950423216444982
N 0.20094057289439932 0.2877871825876663 0.20863616930312098 0.2877871825876663 0.20863616930312098 0.29564691656590086 0.20094057289439932 0.29564691656590086
my 0.23557075673364686 0.28597339782345826 0.24497648567764002 0.28597339782345826 0.24497648567764002 0.29383313180169285 0.23557075673364686 0.29383313180169285
i 0.5754595981188542 0.28960096735187424 0.5780247969217615 0.28960096735187424 0.5780247969217615 0.2950423216444982 0.5754595981188542 0.2950423216444982
oO 0.09191962377084224 0.2950423216444982 0.09918768704574604 0.2950423216444982 0.09918768704574604 0.3010882708585248 0.09191962377084224 0.3010882708585248
= 0.09191962377084224 0.3022974607013301 0.09876015391192818 0.3022974607013301 0.09876015391192818 0.3222490931076179 0.09191962377084224 0.3222490931076179
a 0.20094057289439932 0.3101571946795647 0.20906370243693886 0.3101571946795647 0.20906370243693886 0.3301088270858525 0.20094057289439932 0.3301088270858525
x 0.5570756733646858 0.2950423216444982 0.5669089354424968 0.2950423216444982 0.5669089354424968 0.3186215235792019 0.5570756733646858 0.3186215235792019
4 0.2834544677212484 0.32889963724304716 0.2907225309961522 0.32889963724304716 0.2907225309961522 0.33373639661426846 0.2834544677212484 0.33373639661426846
i 0.09191962377084224 0.32406287787182586 0.09876015391192818 0.32406287787182586 0.09876015391192818 0.35006045949214026 0.09191962377084224 0.35006045949214026
z 0.20094057289439932 0.3307134220072551 0.20863616930312098 0.3307134220072551 0.20863616930312098 0.3482466747279323 0.20094057289439932 0.3482466747279323
|.({ 0.23129542539546816 0.3422007255139057 0.2321504916631039 0.3422007255139057 0.2321504916631039 0.343409915356711 0.23129542539546816 0.343409915356711
P 0.2744762719110731 0.32406287787182586 0.28131680205215903 0.32406287787182586 0.28131680205215903 0.34401451027811364 0.2744762719110731 0.34401451027811364
i 0.09491235570756734 0.3567110036275695 0.09705002137665669 0.3567110036275695 0.09705002137665669 0.3645707376058041 0.09491235570756734 0.3645707376058041
= 0.20094057289439932 0.34945586457073763 0.20863616930312098 0.34945586457073763 0.20863616930312098 0.36638452237001207 0.20094057289439932 0.36638452237001207
te 0.27661393758016245 0.35308343409915355 0.2949978623343309 0.35308343409915355 0.2949978623343309 0.3681983071342201 0.27661393758016245 0.3681983071342201
U-HALTER 0.32064985036340315 0.3524788391777509 0.36468576314664386 0.3524788391777509 0.36468576314664386 0.36275695284159615 0.32064985036340315 0.36275695284159615
Z 0.09191962377084224 0.37061668681983073 0.09876015391192818 0.37061668681983073 0.09876015391192818 0.3851269649334946 0.09191962377084224 0.3851269649334946
2 0.20094057289439932 0.3675937122128174 0.20863616930312098 0.3675937122128174 0.20863616930312098 0.3851269649334946 0.20094057289439932 0.3851269649334946
= 0.09191962377084224 0.3863361547762999 0.09876015391192818 0.3863361547762999 0.09876015391192818 0.3954050785973398 0.09191962377084224 0.3954050785973398
: 0.23728088926891835 0.38814993954050786 0.2381359555365541 0.38814993954050786 0.2381359555365541 0.3893591293833132 0.23728088926891835 0.3893591293833132
: 0.27533133817870886 0.39177750906892383 0.27618640444634457 0.39177750906892383 0.27618640444634457 0.39298669891172916 0.27533133817870886 0.39298669891172916
a 0.5570756733646858 0.3857315598548972 0.5669089354424968 0.3857315598548972 0.5669089354424968 0.39721886336154777 0.5570756733646858 0.39721886336154777
a 0.09191962377084224 0.39721886336154777 0.09918768704574604 0.39721886336154777 0.09918768704574604 0.4135429262394196 0.09191962377084224 0.4135429262394196
8. 0.2654980761008978 0.40084643288996374 0.271483539974348 0.40084643288996374 0.271483539974348 0.4068923821039903 0.2654980761008978 0.4068923821039903
g 0.09149209063702438 0.4153567110036276 0.09918768704574604 0.4153567110036276 0.09918768704574604 0.4328899637243047 0.09149209063702438 0.4328899637243047
r 0.2291577597263788 0.4195888754534462 0.23300555793073963 0.4195888754534462 0.23300555793073963 0.4244256348246675 0.2291577597263788 0.4244256348246675
a 0.2937152629328773 0.4274486094316808 0.30012825994014536 0.4274486094316808 0.30012825994014536 0.43349455864570735 0.2937152629328773 0.43349455864570735
A 0.23514322359982898 0.46916565900846435 0.2539546814878153 0.46916565900846435 0.2539546814878153 0.47702539298669894 0.23514322359982898 0.47702539298669894
ps 0.26336041043180847 0.4727932285368803 0.27575887131252674 0.4727932285368803 0.27575887131252674 0.47944377267230953 0.26336041043180847 0.47944377267230953
"@. 0.2817443351859769 0.4752116082224909 0.2860196665241556 0.4752116082224909 0.2860196665241556 0.4800483675937122 0.2817443351859769 0.4800483675937122
UK 0.14023086789226166 0.49274486094316805 0.15220179563916203 0.49274486094316805 0.15220179563916203 0.5030229746070133 0.14023086789226166 0.5030229746070133
TRAGPROFIL 0.15775972637879435 0.49274486094316805 0.21462163317657118 0.49274486094316805 0.21462163317657118 0.5030229746070133 0.15775972637879435 0.5030229746070133
“— 0.24283882000855067 0.4860943168077388 0.2736212056434374 0.4860943168077388 0.2736212056434374 0.501813784764208 0.24283882000855067 0.501813784764208
. 0.2804617357845233 0.4987908101571947 0.28131680205215903 0.4987908101571947 0.28131680205215903 0.5 0.2804617357845233 0.5
ri) 0.23557075673364686 0.5157194679564692 0.24583155194527576 0.5157194679564692 0.24583155194527576 0.532043530834341 0.23557075673364686 0.532043530834341
i 0.23129542539546816 0.5441354292623942 0.23557075673364686 0.5441354292623942 0.23557075673364686 0.5489721886336155 0.23129542539546816 0.5489721886336155
Pe 0.2659256092347157 0.5417170495767836 0.2706284737067123 0.5417170495767836 0.2706284737067123 0.5665054413542926 0.2659256092347157 0.5665054413542926
RAPID 0.32834544677212485 0.5423216444981862 0.36041043180846516 0.5423216444981862 0.36041043180846516 0.5665054413542926 0.32834544677212485 0.5665054413542926
M 0.39290294997862335 0.5538089480048367 0.39675074818298417 0.5538089480048367 0.39675074818298417 0.5592503022974608 0.39290294997862335 0.5592503022974608
oN 0.5228730226592561 0.5501813784764208 0.5681915348439504 0.5501813784764208 0.5681915348439504 0.5592503022974608 0.5228730226592561 0.5592503022974608
4 0.24882428388200087 0.567714631197098 0.25224454895254383 0.567714631197098 0.25224454895254383 0.5731559854897219 0.24882428388200087 0.5731559854897219
4, 0.26421547669944423 0.5610640870616687 0.2740487387772552 0.5610640870616687 0.2740487387772552 0.5725513905683193 0.26421547669944423 0.5725513905683193
4° 0.2804617357845233 0.5689238210399032 0.28986746472851643 0.5689238210399032 0.28986746472851643 0.5773881499395405 0.2804617357845233 0.5773881499395405
a 0.14450619923044036 0.6039903264812576 0.15177426250534418 0.6039903264812576 0.15177426250534418 0.6094316807738815 0.14450619923044036 0.6094316807738815
VERTIKALES 0.42625053441641725 0.6396614268440145 0.4796921761436511 0.6396614268440145 0.4796921761436511 0.6499395405078597 0.42625053441641725 0.6499395405078597
NY 0.4082941427960667 0.6505441354292624 0.41641727233860626 0.6505441354292624 0.41641727233860626 0.658403869407497 0.4082941427960667 0.658403869407497
GRUNDPROFIL 0.42667806755023513 0.6553808948004837 0.4925181701581873 0.6553808948004837 0.4925181701581873 0.6656590084643289 0.42667806755023513 0.6656590084643289
—~>~— 0.10047028644719966 0.6771463119709794 0.12569474134245404 0.6771463119709794 0.12569474134245404 0.6964933494558646 0.10047028644719966 0.6964933494558646
2 0.18640444634459172 0.68863361547763 0.1936725096194955 0.68863361547763 0.1936725096194955 0.6916565900846433 0.18640444634459172 0.6916565900846433
ALU 0.31252672082086363 0.7484885126964933 0.32962804617357844 0.7484885126964933 0.32962804617357844 0.7587666263603385 0.31252672082086363 0.7587666263603385
- 0.33304831124412143 0.75453446191052 0.33561351004702866 0.75453446191052 0.33561351004702866 0.7557436517533253 0.33304831124412143 0.7557436517533253
STURZBLECH 0.3390337751175716 0.7484885126964933 0.3980333475844378 0.7484885126964933 0.3980333475844378 0.7587666263603385 0.3390337751175716 0.7587666263603385
F- 0.48182984181274047 0.747279322853688 0.4916631038905515 0.747279322853688 0.4916631038905515 0.7575574365175333 0.48182984181274047 0.7575574365175333
PROFIL 0.49850363403163744 0.747279322853688 0.529713552800342 0.747279322853688 0.529713552800342 0.7575574365175333 0.49850363403163744 0.7575574365175333
Der 0.0910645575032065 0.9673518742442564 0.10389055151774262 0.9673518742442564 0.10389055151774262 0.9764207980652962 0.0910645575032065 0.9764207980652962
Inhalt 0.10731081658828559 0.9673518742442564 0.12697734074390765 0.9673518742442564 0.12697734074390765 0.9764207980652962 0.10731081658828559 0.9764207980652962
dieser 0.12997007268063274 0.9673518742442564 0.15305686190679776 0.9673518742442564 0.15305686190679776 0.9764207980652962 0.12997007268063274 0.9764207980652962
Zeichnung 0.155622060709705 0.9673518742442564 0.19581017528858485 0.9673518742442564 0.19581017528858485 0.9788391777509069 0.155622060709705 0.9788391777509069
bleibt 0.19923044035912782 0.9673518742442564 0.21932449764856776 0.9673518742442564 0.21932449764856776 0.9764207980652962 0.19923044035912782 0.9764207980652962
unser 0.22274476271911073 0.969770253929867 0.24326635314236852 0.969770253929867 0.24326635314236852 0.9764207980652962 0.22274476271911073 0.9764207980652962
geistiges 0.24625908507909364 0.967956469165659 0.28003420265070544 0.967956469165659 0.28003420265070544 0.9794437726723095 0.24625908507909364 0.9794437726723095
Eigentum. 0.28388200085506626 0.9673518742442564 0.3185121846943138 0.9673518742442564 0.3185121846943138 0.9788391777509069 0.28388200085506626 0.9788391777509069
Jede 0.3232150491663104 0.9673518742442564 0.34159897392047883 0.9673518742442564 0.34159897392047883 0.9770253929866989 0.3232150491663104 0.9770253929866989
Verwendung, 0.34459170585720394 0.9673518742442564 0.39418554938007694 0.9673518742442564 0.39418554938007694 0.9788391777509069 0.34459170585720394 0.9788391777509069
insbesondere 0.3980333475844378 0.9673518742442564 0.44976485677640016 0.9673518742442564 0.44976485677640016 0.9764207980652962 0.3980333475844378 0.9764207980652962
die 0.45275758871312527 0.9673518742442564 0.463445917058572 0.9673518742442564 0.463445917058572 0.9764207980652962 0.45275758871312527 0.9764207980652962
Weitergabe, 0.46643864899529713 0.9673518742442564 0.5113296280461735 0.9673518742442564 0.5113296280461735 0.9788391777509069 0.46643864899529713 0.9788391777509069
Vervielfaltigung, 0.5147498931167166 0.9673518742442564 0.5741769987174006 0.9673518742442564 0.5741769987174006 0.9794437726723095 0.5147498931167166 0.9794437726723095
Veréffentlichung 0.5775972637879435 0.9673518742442564 0.6387345019238991 0.9673518742442564 0.6387345019238991 0.9794437726723095 0.5775972637879435 0.9794437726723095
und 0.6421547669944421 0.9673518742442564 0.6558358272766139 0.9673518742442564 0.6558358272766139 0.9770253929866989 0.6421547669944421 0.9770253929866989
Zurverfugungstellung 0.6592560923471569 0.9673518742442564 0.7396323215049166 0.9673518742442564 0.7396323215049166 0.9794437726723095 0.6592560923471569 0.9794437726723095
bedarf 0.7430525865754596 0.9649334945586457 0.7674219752030782 0.9649334945586457 0.7674219752030782 0.9824667472793228 0.7430525865754596 0.9824667472793228
unserer 0.7695596408721675 0.9649334945586457 0.797776827704147 0.9649334945586457 0.797776827704147 0.9824667472793228 0.7695596408721675 0.9824667472793228
ausdricklichen 0.8011970927746901 0.9673518742442564 0.8580589995724669 0.9673518742442564 0.8580589995724669 0.9770253929866989 0.8011970927746901 0.9770253929866989
Zustimmung 0.8614792646430098 0.9673518742442564 0.9085079093629757 0.9673518742442564 0.9085079093629757 0.9794437726723095 0.8614792646430098 0.9794437726723095
