AL-DH-31 0.9422830269345874 0.0380894800483676 0.9816160752458315 0.0380894800483676 0.9816160752458315 0.04836759371221282 0.9422830269345874 0.04836759371221282
17.05.2012 0.9380076955964087 0.05562273276904474 0.9828986746472852 0.05562273276904474 0.9828986746472852 0.06590084643288996 0.9380076955964087 0.06590084643288996
ORTGANG 0.13253527148353997 0.3252720677146312 0.13980333475844378 0.3252720677146312 0.13980333475844378 0.3887545344619105 0.13253527148353997 0.3887545344619105
- 0.1368106028217187 0.31680773881499397 0.13766566908935443 0.31680773881499397 0.13766566908935443 0.31983071342200725 0.1368106028217187 0.31983071342200725
BLECH 0.13253527148353997 0.2702539298669891 0.13980333475844378 0.2702539298669891 0.13980333475844378 0.31136638452237003 0.13253527148353997 0.31136638452237003
OBERER 0.03548525010688328 0.5090689238210399 0.07225309961522018 0.5090689238210399 0.07225309961522018 0.5193470374848851 0.03548525010688328 0.5193470374848851
PLATTENRAND 0.07610089781958101 0.5090689238210399 0.14023086789226166 0.5090689238210399 0.14023086789226166 0.5187424425634825 0.07610089781958101 0.5187424425634825
ENTSPRECHEND 0.03548525010688328 0.5253929866989118 0.10902094912355707 0.5253929866989118 0.10902094912355707 0.535671100362757 0.03548525010688328 0.535671100362757
DACHNEIGUNG 0.03548525010688328 0.5417170495767836 0.10346301838392476 0.5417170495767836 0.10346301838392476 0.5519951632406288 0.03548525010688328 0.5519951632406288
SCHRAG 0.03548525010688328 0.5556227327690447 0.07310816588285592 0.5556227327690447 0.07310816588285592 0.5683192261185006 0.03548525010688328 0.5683192261185006
GESCHNITTEN 0.07695596408721676 0.5580411124546554 0.14023086789226166 0.5580411124546554 0.14023086789226166 0.5683192261185006 0.07695596408721676 0.5683192261185006
Der 0.08422402736212056 0.969770253929867 0.09705002137665669 0.969770253929867 0.09705002137665669 0.9788391777509069 0.08422402736212056 0.9788391777509069
Inhalt 0.10047028644719966 0.969770253929867 0.12013681060282172 0.969770253929867 0.12013681060282172 0.9788391777509069 0.10047028644719966 0.9788391777509069
dieser 0.12355707567336469 0.969770253929867 0.14621633176571183 0.969770253929867 0.14621633176571183 0.9788391777509069 0.12355707567336469 0.9788391777509069
Zeichnung 0.14920906370243694 0.969770253929867 0.18896964514749892 0.969770253929867 0.18896964514749892 0.9812575574365175 0.14920906370243694 0.9812575574365175
bleibt 0.1923899102180419 0.969770253929867 0.2129115006412997 0.969770253929867 0.2129115006412997 0.9788391777509069 0.1923899102180419 0.9788391777509069
unser 0.2159042325780248 0.9721886336154776 0.23685335613510047 0.9721886336154776 0.23685335613510047 0.9788391777509069 0.2159042325780248 0.9788391777509069
geistiges 0.23984608807182556 0.969770253929867 0.2736212056434374 0.969770253929867 0.2736212056434374 0.9812575574365175 0.23984608807182556 0.9812575574365175
Eigentum. 0.27704147071398033 0.969770253929867 0.31209918768704575 0.969770253929867 0.31209918768704575 0.9812575574365175 0.27704147071398033 0.9812575574365175
Jede 0.31680205215904234 0.969770253929867 0.3351859769132108 0.969770253929867 0.3351859769132108 0.9788391777509069 0.31680205215904234 0.9788391777509069
Verwendung, 0.337751175716118 0.969770253929867 0.38520735356990166 0.969770253929867 0.38520735356990166 0.9812575574365175 0.337751175716118 0.9812575574365175
insbesondere 0.3911928174433519 0.969770253929867 0.4429243266353142 0.969770253929867 0.4429243266353142 0.9788391777509069 0.3911928174433519 0.9788391777509069
die 0.44591705857203934 0.969770253929867 0.45703292005130397 0.969770253929867 0.45703292005130397 0.9788391777509069 0.44591705857203934 0.9788391777509069
Weitergabe, 0.4595981188542112 0.969770253929867 0.5049166310389055 0.969770253929867 0.5049166310389055 0.9812575574365175 0.4595981188542112 0.9812575574365175
Vervielfaltigung, 0.5074818298418128 0.969770253929867 0.5673364685763147 0.969770253929867 0.5673364685763147 0.9812575574365175 0.5074818298418128 0.9812575574365175
Verdffentlichung 0.5707567336468576 0.969770253929867 0.6318939717828131 0.969770253929867 0.6318939717828131 0.9812575574365175 0.5707567336468576 0.9812575574365175
und 0.635741769987174 0.969770253929867 0.648995297135528 0.969770253929867 0.648995297135528 0.9788391777509069 0.635741769987174 0.9788391777509069
Zurverfligungstellung 0.652415562206071 0.969770253929867 0.7327917913638307 0.969770253929867 0.7327917913638307 0.9812575574365175 0.652415562206071 0.9812575574365175
bedarf 0.7362120564343737 0.969770253929867 0.7605814450619923 0.969770253929867 0.7605814450619923 0.9788391777509069 0.7362120564343737 0.9788391777509069
unserer 0.7631466438648995 0.9721886336154776 0.791363830696879 0.9721886336154776 0.791363830696879 0.9788391777509069 0.7631466438648995 0.9788391777509069
Zustimmung. 0.8546387345019238 0.969770253929867 0.904232578024797 0.969770253929867 0.904232578024797 0.9812575574365175 0.8546387345019238 0.9812575574365175
DOPPELWULSTZIEGEL 0.4070115433946131 0.21039903264812576 0.5061992304403591 0.21039903264812576 0.5061992304403591 0.22067714631197097 0.4070115433946131 0.22067714631197097
® 0.8670371953826421 0.07920193470374849 0.8734501923899102 0.07920193470374849 0.8734501923899102 0.08827085852478839 0.8670371953826421 0.08827085852478839
ALPHATON 0.7939290294997863 0.0912938331318017 0.8661821291150064 0.0912938331318017 0.8661821291150064 0.10701330108827085 0.7939290294997863 0.10701330108827085
- 0.8606241983753741 0.08887545344619105 0.8725951261222745 0.08887545344619105 0.8725951261222745 0.11366384522370013 0.8606241983753741 0.11366384522370013
Ziegelfassade 0.8802907225309962 0.09189842805320435 0.9675074818298418 0.09189842805320435 0.9675074818298418 0.11124546553808948 0.8802907225309962 0.11124546553808948
Querformat- 0.7947840957674219 0.12454655380894801 0.8525010688328345 0.12454655380894801 0.8525010688328345 0.13724304715840388 0.7947840957674219 0.13724304715840388
Ausfhrung 0.8559213339033775 0.12454655380894801 0.9110731081658828 0.12454655380894801 0.9110731081658828 0.1396614268440145 0.8559213339033775 0.1396614268440145
2.5.1¢ 0.7943565626336041 0.14933494558645707 0.8234288157332194 0.14933494558645707 0.8234288157332194 0.1608222490931076 0.7943565626336041 0.1608222490931076
M1:1 0.8336896109448483 0.1487303506650544 0.8580589995724669 0.1487303506650544 0.8580589995724669 0.16021765417170497 0.8336896109448483 0.16021765417170497
(VY) 0.864471996579735 0.1487303506650544 0.8755878580589995 0.1487303506650544 0.8755878580589995 0.16384522370012092 0.864471996579735 0.16384522370012092
Ortgang 0.7947840957674219 0.16928657799274485 0.8332620778110303 0.16928657799274485 0.8332620778110303 0.18440145102781136 0.7947840957674219 0.18440145102781136
geneigtes 0.7943565626336041 0.19165659008464328 0.8413852073535699 0.19165659008464328 0.8413852073535699 0.2067714631197098 0.7943565626336041 0.2067714631197098
Dach 0.8456605386917486 0.19165659008464328 0.8700299273193672 0.19165659008464328 0.8700299273193672 0.2037484885126965 0.8456605386917486 0.2037484885126965
mit 0.8743052586575459 0.19165659008464328 0.8879863189397178 0.19165659008464328 0.8879863189397178 0.2037484885126965 0.8743052586575459 0.2037484885126965
Blechblende 0.8922616502778965 0.19165659008464328 0.9516887558785806 0.19165659008464328 0.9516887558785806 0.2037484885126965 0.8922616502778965 0.2037484885126965
Alu-Unterkonstruktion 0.7939290294997863 0.22370012091898428 0.8978195810175289 0.22370012091898428 0.8978195810175289 0.2351874244256348 0.7939290294997863 0.2351874244256348
| 0.17528858486532706 0.43530834340991537 0.18041898247114152 0.43530834340991537 0.18041898247114152 0.4365175332527207 0.17528858486532706 0.4365175332527207
DACHLATTE 0.18255664814023087 0.4347037484885127 0.23471569046601112 0.4347037484885127 0.23471569046601112 0.4449818621523579 0.18255664814023087 0.4449818621523579
O-HALTER 0.25908507909362977 0.466142684401451 0.30354852501068835 0.466142684401451 0.30354852501068835 0.47642079806529625 0.25908507909362977 0.47642079806529625
ALPHATON 0.19281744335185977 0.7732769044740024 0.20094057289439932 0.7732769044740024 0.20094057289439932 0.8482466747279322 0.19281744335185977 0.8482466747279322
- 0.19752030782385635 0.7642079806529625 0.19837537409149208 0.7642079806529625 0.19837537409149208 0.7678355501813785 0.19752030782385635 0.7678355501813785
ZIEGELPLATTE 0.19281744335185977 0.6596130592503023 0.20094057289439932 0.6596130592503023 0.20094057289439932 0.7587666263603385 0.19281744335185977 0.7587666263603385
y 0.3830696879008123 0.6837968561064087 0.3864899529713553 0.6837968561064087 0.3864899529713553 0.6958887545344619 0.3830696879008123 0.6958887545344619
NDHALTER 0.49807610089781956 0.8083434099153567 0.5455322787516033 0.8083434099153567 0.5455322787516033 0.8186215235792019 0.49807610089781956 0.8186215235792019
de 0.6241983753740915 0.6970979443772672 0.6301838392475417 0.6970979443772672 0.6301838392475417 0.7055622732769045 0.6241983753740915 0.7055622732769045
THERM. 0.605814450619923 0.7073760580411125 0.6395895681915349 0.7073760580411125 0.6395895681915349 0.7237001209189843 0.605814450619923 0.7237001209189843
TRENNELEMENT 0.605814450619923 0.7255139056831923 0.678922616502779 0.7255139056831923 0.678922616502779 0.7351874244256348 0.605814450619923 0.7351874244256348
