AL-DH-42 0.9431380932022232 0.037484885126964934 0.983753740914921 0.037484885126964934 0.983753740914921 0.0471584038694075 0.9431380932022232 0.0471584038694075
18.05.2012 0.9397178281316803 0.05562273276904474 0.9846088071825566 0.05562273276904474 0.9846088071825566 0.06590084643288996 0.9397178281316803 0.06590084643288996
NACH 0.3805044890979051 0.1275695284159613 0.4053014108593416 0.1275695284159613 0.4053014108593416 0.13845223700120918 0.3805044890979051 0.13845223700120918
STATIK 0.40914920906370245 0.1275695284159613 0.4390765284309534 0.1275695284159613 0.4390765284309534 0.13845223700120918 0.40914920906370245 0.13845223700120918
7 0.39418554938007694 0.1475211608222491 0.4159897392047884 0.1475211608222491 0.4159897392047884 0.17835550181378476 0.39418554938007694 0.17835550181378476
- 0.36938862761864044 0.3053204353083434 0.3702436938862762 0.3053204353083434 0.3702436938862762 0.30652962515114873 0.36938862761864044 0.30652962515114873
TRENNELEMENT 0.374091492090637 0.29866989117291415 0.4471996579734929 0.29866989117291415 0.4471996579734929 0.3083434099153567 0.374091492090637 0.3083434099153567
VERBINDUNGS- 0.27575887131252674 0.4836759371221282 0.3450192389910218 0.4836759371221282 0.3450192389910218 0.4939540507859734 0.27575887131252674 0.4939540507859734
MITTEL 0.27661393758016245 0.5012091898428053 0.3069687900812313 0.5012091898428053 0.3069687900812313 0.5114873035066505 0.27661393758016245 0.5114873035066505
VERTIKALES 0.3142368533561351 0.5417170495767836 0.367678495083369 0.5417170495767836 0.367678495083369 0.5519951632406288 0.3142368533561351 0.5519951632406288
4 0.297990594271056 0.5489721886336155 0.30611372381359553 0.5489721886336155 0.30611372381359553 0.5870616686819831 0.297990594271056 0.5870616686819831
GRUNDPROFIL 0.3142368533561351 0.5556227327690447 0.37964942283026937 0.5556227327690447 0.37964942283026937 0.5743651753325272 0.3142368533561351 0.5743651753325272
- 0.11030354852501069 0.620918984280532 0.11757161179991449 0.620918984280532 0.11757161179991449 0.626360338573156 0.11030354852501069 0.626360338573156
WARMEDAMMUNG 0.09448482257374946 0.4951632406287787 0.1774262505344164 0.4951632406287787 0.1774262505344164 0.5084643288996372 0.09448482257374946 0.5084643288996372
eS 0.11030354852501069 0.6142684401451027 0.11757161179991449 0.6142684401451027 0.11757161179991449 0.619105199516324 0.11030354852501069 0.619105199516324
TRAGPROFIL 0.15647712697734073 0.6172914147521161 0.21333903377511756 0.6172914147521161 0.21333903377511756 0.6275695284159613 0.15647712697734073 0.6275695284159613
= 0.11030354852501069 0.7043530834340992 0.11757161179991449 0.7043530834340992 0.11757161179991449 0.7140266021765417 0.11030354852501069 0.7140266021765417
LUFTRAUM 0.16673792218896966 0.7031438935912938 0.21462163317657118 0.7031438935912938 0.21462163317657118 0.713422007255139 0.16673792218896966 0.713422007255139
— 0.4420692603676785 0.6922611850060459 0.4886703719538264 0.6922611850060459 0.4886703719538264 0.7073760580411125 0.4420692603676785 0.7073760580411125
=P 0.09320222317229586 0.717049576783555 0.13638306968790082 0.717049576783555 0.13638306968790082 0.7363966142684402 0.09320222317229586 0.7363966142684402
ee 0.20436083796494228 0.727932285368803 0.20649850363403163 0.727932285368803 0.20649850363403163 0.7309552599758162 0.20436083796494228 0.7309552599758162
PLATTEN 0.4450619923044036 0.7255139056831923 0.483539974348012 0.7255139056831923 0.483539974348012 0.7400241837968561 0.4450619923044036 0.7400241837968561
Fr 0.11757161179991449 0.7496977025392987 0.11842667806755024 0.7496977025392987 0.11842667806755024 0.750906892382104 0.11757161179991449 0.750906892382104
| 0.4386489952971355 0.752720677146312 0.4395040615647713 0.752720677146312 0.4395040615647713 0.7539298669891172 0.4386489952971355 0.7539298669891172
-HALTER 0.4450619923044036 0.7484885126964933 0.48268490808037623 0.7484885126964933 0.48268490808037623 0.7587666263603385 0.4450619923044036 0.7587666263603385
= 0.11030354852501069 0.7690447400241838 0.11757161179991449 0.7690447400241838 0.11757161179991449 0.7744860943168077 0.11030354852501069 0.7744860943168077
2 0.10431808465156049 0.7762998790810157 0.11757161179991449 0.7762998790810157 0.11757161179991449 0.781136638452237 0.10431808465156049 0.781136638452237
EVTL. 0.6934587430525866 0.21704957678355502 0.7139803334758443 0.21704957678355502 0.7139803334758443 0.2267230955259976 0.6934587430525866 0.2267230955259976
GEEIGNETE 0.7199657973492946 0.21644498186215236 0.7712697734074391 0.21644498186215236 0.7712697734074391 0.2267230955259976 0.7199657973492946 0.2267230955259976
ABDICHTUNG 0.6934587430525866 0.23337363966142685 0.7533133817870885 0.23337363966142685 0.7533133817870885 0.24365175332527206 0.6934587430525866 0.24365175332527206
ALPHATON 0.7973492945703292 0.08343409915356712 0.8790081231295426 0.08343409915356712 0.8790081231295426 0.1094316807738815 0.7973492945703292 0.1094316807738815
- 0.8636169303120992 0.08101571946795647 0.8764429243266353 0.08101571946795647 0.8764429243266353 0.11608222490931076 0.8636169303120992 0.11608222490931076
Ziegelfassade 0.8837109876015391 0.09371221281741234 0.9709277469003847 0.09371221281741234 0.9709277469003847 0.11305925030229746 0.8837109876015391 0.11305925030229746
Querformat- 0.798204360837965 0.12273276904474002 0.8559213339033775 0.12273276904474002 0.8559213339033775 0.1354292623941959 0.798204360837965 0.1354292623941959
2.7.10b 0.797776827704147 0.1444981862152358 0.8336896109448483 0.1444981862152358 0.8336896109448483 0.156590084643289 0.797776827704147 0.156590084643289
M 0.8439504061564771 0.1444981862152358 0.8503634031637451 0.1444981862152358 0.8503634031637451 0.15598548972188633 0.8439504061564771 0.15598548972188633
1:1 0.8499358700299273 0.1444981862152358 0.8683197947840958 0.1444981862152358 0.8683197947840958 0.15598548972188633 0.8499358700299273 0.15598548972188633
(H) 0.8747327917913639 0.1444981862152358 0.8875587858059 0.1444981862152358 0.8875587858059 0.1596130592503023 0.8747327917913639 0.1596130592503023
Tiefe 0.797776827704147 0.16626360338573157 0.8204360837964942 0.16626360338573157 0.8204360837964942 0.17835550181378476 0.797776827704147 0.17835550181378476
Fensterleibung 0.8247114151346729 0.16626360338573157 0.8952543822146216 0.16626360338573157 0.8952543822146216 0.18137847642079807 0.8247114151346729 0.18137847642079807
mit 0.798204360837965 0.18863361547763 0.8118854211201368 0.18863361547763 0.8118854211201368 0.20012091898428053 0.798204360837965 0.20012091898428053
Ziegelplatten 0.8157332193244976 0.18863361547763 0.8777255237280889 0.18863361547763 0.8777255237280889 0.2037484885126965 0.8157332193244976 0.2037484885126965
mit 0.8849935870029927 0.18863361547763 0.8986746472851646 0.18863361547763 0.8986746472851646 0.20012091898428053 0.8849935870029927 0.20012091898428053
Rollstore 0.9029499786233434 0.18863361547763 0.943565626336041 0.18863361547763 0.943565626336041 0.20012091898428053 0.9029499786233434 0.20012091898428053
Alu-Unterkonstruktion 0.7973492945703292 0.21765417170495768 0.9012398460880718 0.21765417170495768 0.9012398460880718 0.22974607013301088 0.7973492945703292 0.22974607013301088
|_| 0.6930312099187687 0.3681983071342201 0.7396323215049166 0.3681983071342201 0.7396323215049166 0.41233373639661425 0.6930312099187687 0.41233373639661425
AUSSENRAFFSTORE 0.861051731509192 0.4873035066505441 0.9512612227447628 0.4873035066505441 0.9512612227447628 0.49818621523579204 0.861051731509192 0.49818621523579204
ALPHATON 0.6400171013253527 0.5955259975816203 0.6472851646002565 0.5955259975816203 0.6472851646002565 0.6638452237001209 0.6400171013253527 0.6638452237001209
- 0.6442924326635314 0.5870616686819831 0.6447199657973492 0.5870616686819831 0.6447199657973492 0.590689238210399 0.6442924326635314 0.590689238210399
ZIEGELPLATTE 0.6400171013253527 0.4915356711003628 0.6472851646002565 0.4915356711003628 0.6472851646002565 0.5828295042321644 0.6400171013253527 0.5828295042321644
MAX: 0.7404873877725524 0.5985489721886336 0.7473279179136383 0.5985489721886336 0.7473279179136383 0.6275695284159613 0.7404873877725524 0.6275695284159613
250 0.7404873877725524 0.5725513905683193 0.7477554510474562 0.5725513905683193 0.7477554510474562 0.5931076178960096 0.7404873877725524 0.5931076178960096
WERKSEITIG 0.6336041043180847 0.7442563482466747 0.6883283454467721 0.7442563482466747 0.6883283454467721 0.75453446191052 0.6336041043180847 0.75453446191052
VERBUNDENE 0.6336041043180847 0.7648125755743652 0.6955964087216759 0.7648125755743652 0.6955964087216759 0.7750906892382105 0.6336041043180847 0.7750906892382105
PLATTE 0.6994442069260368 0.7648125755743652 0.7315091919623771 0.7648125755743652 0.7315091919623771 0.7750906892382105 0.6994442069260368 0.7750906892382105
ALPHATON 0.3052586575459598 0.847037484885127 0.3582727661393758 0.847037484885127 0.3582727661393758 0.8585247883917775 0.3052586575459598 0.8585247883917775
- 0.3625480974775545 0.8536880290205562 0.36511329628046174 0.8536880290205562 0.36511329628046174 0.8548972188633616 0.3625480974775545 0.8548972188633616
ZIEGELPLATTE 0.3685335613510047 0.847037484885127 0.4386489952971355 0.847037484885127 0.4386489952971355 0.8585247883917775 0.3685335613510047 0.8585247883917775
MAX. 0.24454895254382214 0.907496977025393 0.2629328772979906 0.907496977025393 0.2629328772979906 0.9171704957678356 0.24454895254382214 0.9171704957678356
1492 0.27191107310816587 0.907496977025393 0.2911500641299701 0.907496977025393 0.2911500641299701 0.9177750906892382 0.27191107310816587 0.9177750906892382
he 0.5951261222744763 0.8960096735187424 0.6259085079093629 0.8960096735187424 0.6259085079093629 0.9316807738814994 0.5951261222744763 0.9316807738814994
Der 0.09149209063702438 0.9673518742442564 0.10474561778537837 0.9673518742442564 0.10474561778537837 0.9764207980652962 0.09149209063702438 0.9764207980652962
Inhalt 0.10773834972210346 0.9673518742442564 0.1278324070115434 0.9673518742442564 0.1278324070115434 0.9764207980652962 0.10773834972210346 0.9764207980652962
dieser 0.1308251389482685 0.9673518742442564 0.15348439504061565 0.9673518742442564 0.15348439504061565 0.9764207980652962 0.1308251389482685 0.9764207980652962
Zeichnung 0.15647712697734073 0.9673518742442564 0.19623770842240273 0.9673518742442564 0.19623770842240273 0.9788391777509069 0.15647712697734073 0.9788391777509069
bleibt 0.1996579734929457 0.9673518742442564 0.2201795639162035 0.9673518742442564 0.2201795639162035 0.9764207980652962 0.1996579734929457 0.9764207980652962
unser 0.2231722958529286 0.969770253929867 0.2441214194100043 0.969770253929867 0.2441214194100043 0.9764207980652962 0.2231722958529286 0.9764207980652962
geistiges 0.24711415134672937 0.9685610640870617 0.28088926891834115 0.9685610640870617 0.28088926891834115 0.9788391777509069 0.24711415134672937 0.9788391777509069
Eigentum. 0.28430953398888414 0.9673518742442564 0.3215049166310389 0.9673518742442564 0.3215049166310389 0.9788391777509069 0.28430953398888414 0.9788391777509069
Jede 0.32407011543394615 0.9673518742442564 0.3424540401881146 0.9673518742442564 0.3424540401881146 0.9770253929866989 0.32407011543394615 0.9770253929866989
Verwendung, 0.3450192389910218 0.9673518742442564 0.39247541684480547 0.9673518742442564 0.39247541684480547 0.9788391777509069 0.3450192389910218 0.9788391777509069
insbesondere 0.3988884138520735 0.9673518742442564 0.45019238991021804 0.9673518742442564 0.45019238991021804 0.9764207980652962 0.3988884138520735 0.9764207980652962
die 0.45318512184694315 0.9673518742442564 0.4643009833262078 0.9673518742442564 0.4643009833262078 0.9764207980652962 0.45318512184694315 0.9764207980652962
Weitergabe, 0.4672937152629329 0.9673518742442564 0.5121846943138093 0.9673518742442564 0.5121846943138093 0.9788391777509069 0.4672937152629329 0.9788391777509069
Vervielfaltigung, 0.5151774262505344 0.9673518742442564 0.5746045318512185 0.9673518742442564 0.5746045318512185 0.9794437726723095 0.5151774262505344 0.9794437726723095
Verdffentlichung 0.5780247969217615 0.9673518742442564 0.6395895681915349 0.9673518742442564 0.6395895681915349 0.9794437726723095 0.5780247969217615 0.9794437726723095
und 0.6430098332620778 0.9673518742442564 0.6566908935442497 0.9673518742442564 0.6566908935442497 0.9770253929866989 0.6430098332620778 0.9770253929866989
Zurverfugungstellung 0.6596836254809748 0.9673518742442564 0.7400598546387345 0.9673518742442564 0.7400598546387345 0.9794437726723095 0.6596836254809748 0.9794437726723095
bedarf 0.7439076528430953 0.9673518742442564 0.7678495083368961 0.9673518742442564 0.7678495083368961 0.9770253929866989 0.7439076528430953 0.9770253929866989
unserer 0.7704147071398033 0.969770253929867 0.7986318939717828 0.969770253929867 0.7986318939717828 0.9770253929866989 0.7704147071398033 0.9770253929866989
ausdrUcklichen 0.8016246259085079 0.9673518742442564 0.8589140658401027 0.9673518742442564 0.8589140658401027 0.9770253929866989 0.8016246259085079 0.9770253929866989
Zustimmung 0.8619067977768277 0.9673518742442564 0.9093629756306114 0.9673518742442564 0.9093629756306114 0.9794437726723095 0.8619067977768277 0.9794437726723095
