AL-DH-18 0.026602176541717048 0.01838392475416845 0.06469165659008465 0.01838392475416845 0.06469165659008465 0.023086789226165028 0.026602176541717048 0.023086789226165028
16.05.2012 0.022974607013301087 0.031209918768704575 0.06469165659008465 0.031209918768704575 0.06469165659008465 0.03548525010688328 0.022974607013301087 0.03548525010688328
® 0.8240628778718259 0.021804189824711415 0.8355501813784765 0.021804189824711415 0.8355501813784765 0.029927319367250963 0.8240628778718259 0.029927319367250963
ALPHATON 0.720677146311971 0.03163745190252244 0.8228536880290206 0.03163745190252244 0.8228536880290206 0.04275331338178709 0.720677146311971 0.04275331338178709
- 0.814993954050786 0.029927319367250963 0.8319226118500604 0.029927319367250963 0.8319226118500604 0.04745617785378367 0.814993954050786 0.04745617785378367
Ziegelfassade 0.8422007255139057 0.03206498503634032 0.9655380894800484 0.03206498503634032 0.9655380894800484 0.04574604531851219 0.8422007255139057 0.04574604531851219
Querformat- 0.7212817412333736 0.05472424112868747 0.8101571946795647 0.05472424112868747 0.8101571946795647 0.06412997007268063 0.7212817412333736 0.06412997007268063
AusfUhrung 0.8155985489721886 0.05472424112868747 0.898428053204353 0.05472424112868747 0.898428053204353 0.06626763574176998 0.8155985489721886 0.06626763574176998
213a 0.7212817412333736 0.0705429670799487 0.7708585247883918 0.0705429670799487 0.7708585247883918 0.07909362975630611 0.7212817412333736 0.07909362975630611
Gesamtschnitt 0.7212817412333736 0.08636169303120991 0.8270858524788391 0.08636169303120991 0.8270858524788391 0.09533988884138521 0.7212817412333736 0.09533988884138521
Regelfall 0.8579201934703748 0.08593415989739205 0.9189842805320435 0.08593415989739205 0.9189842805320435 0.09747755451047456 0.8579201934703748 0.09747755451047456
Gen. 0.722490931076179 0.10346301838392476 0.7515114873035067 0.10346301838392476 0.7515114873035067 0.11244121419410004 0.722490931076179 0.11244121419410004
06 0.7623941958887546 0.10389055151774262 0.779322853688029 0.10389055151774262 0.779322853688029 0.11244121419410004 0.7623941958887546 0.11244121419410004
- 0.7853688029020556 0.1085934159897392 0.7896009673518742 0.1085934159897392 0.7896009673518742 0.10944848225737494 0.7853688029020556 0.10944848225737494
150 0.7962515114873036 0.10389055151774262 0.8216444981862152 0.10389055151774262 0.8216444981862152 0.11244121419410004 0.7962515114873036 0.11244121419410004
mit 0.8276904474002419 0.10346301838392476 0.848851269649335 0.10346301838392476 0.848851269649335 0.11244121419410004 0.8276904474002419 0.11244121419410004
Rapidsystem 0.8548972188633616 0.10346301838392476 0.9492140266021766 0.10346301838392476 0.9492140266021766 0.1145788798631894 0.8548972188633616 0.1145788798631894
Alu-Unterkonstruktion 0.720677146311971 0.12312954253954682 0.8784764207980653 0.12312954253954682 0.8784764207980653 0.13210773834972211 0.720677146311971 0.13210773834972211
UK 0.22128174123337363 0.13467293715262932 0.23216444981862153 0.13467293715262932 0.23216444981862153 0.13980333475844378 0.22128174123337363 0.13980333475844378
TRAGPROFIL 0.23821039903264812 0.13467293715262932 0.29081015719467956 0.13467293715262932 0.29081015719467956 0.13980333475844378 0.23821039903264812 0.13980333475844378
J. 0.29020556227327693 0.13168020521590423 0.2992744860943168 0.13168020521590423 0.2992744860943168 0.14365113296280463 0.29020556227327693 0.14365113296280463
ACHSMASS 0.1837968561064087 0.2274476271911073 0.19226118500604594 0.2274476271911073 0.19226118500604594 0.26507054296707994 0.1837968561064087 0.26507054296707994
MAX: 0.1837968561064087 0.20521590423257802 0.19226118500604594 0.20521590423257802 0.19226118500604594 0.221889696451475 0.1837968561064087 0.221889696451475
400 0.1837968561064087 0.19025224454895254 0.19226118500604594 0.19025224454895254 0.19226118500604594 0.20179563916203505 0.1837968561064087 0.20179563916203505
> 0.1777509068923821 0.3539974348011971 0.21221281741233375 0.3539974348011971 0.21221281741233375 0.3629756306113724 0.1777509068923821 0.3629756306113724
SS 0.21946795646916567 0.3505771697306541 0.23821039903264812 0.3505771697306541 0.23821039903264812 0.367678495083369 0.21946795646916567 0.367678495083369
sft 0.2660217654171705 0.3552800342026507 0.30773881499395406 0.3552800342026507 0.30773881499395406 0.3612654980761009 0.2660217654171705 0.3612654980761009
UK 0.19951632406287786 0.3672509619495511 0.21100362756952842 0.3672509619495511 0.21100362756952842 0.3719538264215477 0.19951632406287786 0.3719538264215477
TRAGPROFIL 0.2158403869407497 0.3672509619495511 0.26904474002418377 0.3672509619495511 0.26904474002418377 0.3719538264215477 0.2158403869407497 0.3719538264215477
aa 0.33796856106408707 0.3792218896964515 0.3464328899637243 0.3792218896964515 0.3464328899637243 0.3946130825138948 0.33796856106408707 0.3946130825138948
4 0.4921402660217654 0.36212056434373663 0.5429262394195888 0.36212056434373663 0.5429262394195888 0.407439076528431 0.4921402660217654 0.407439076528431
Kt 0.41293833131801694 0.4027362120564344 0.49455864570737607 0.4027362120564344 0.49455864570737607 0.4185549380076956 0.41293833131801694 0.4185549380076956
| 0.5386940749697703 0.4053014108593416 0.5429262394195888 0.4053014108593416 0.5429262394195888 0.4117144078666097 0.5386940749697703 0.4117144078666097
WARMEDAMMUNG 0.46795646916565903 0.4155622060709705 0.5362756952841596 0.4155622060709705 0.5362756952841596 0.4198375374091492 0.46795646916565903 0.4198375374091492
x 0.29564691656590086 0.3963232150491663 0.3010882708585248 0.3963232150491663 0.3010882708585248 0.3993159469858914 0.29564691656590086 0.3993159469858914
Fel 0.2974607013301088 0.4322359982898675 0.34945586457073763 0.4322359982898675 0.34945586457073763 0.45703292005130397 0.2974607013301088 0.45703292005130397
bod 0.3004836759371221 0.3710987601539119 0.34280532043530837 0.3710987601539119 0.34280532043530837 0.42924326635314236 0.3004836759371221 0.42924326635314236
Led 0.2974607013301088 0.3710987601539119 0.34945586457073763 0.3710987601539119 0.34945586457073763 0.39589568191534846 0.2974607013301088 0.39589568191534846
oa 0.3004836759371221 0.46130825138948267 0.30652962515114873 0.46130825138948267 0.30652962515114873 0.47028644719965795 0.3004836759371221 0.47028644719965795
CJ 0.3022974607013301 0.4608807182556648 0.3422007255139057 0.4608807182556648 0.3422007255139057 0.4848225737494656 0.3022974607013301 0.4848225737494656
ACHSMASS 0.18319226118500603 0.5074818298418128 0.19165659008464328 0.5074818298418128 0.19165659008464328 0.5451047456177853 0.18319226118500603 0.5451047456177853
MAX: 0.18319226118500603 0.48567764001710134 0.19165659008464328 0.48567764001710134 0.19165659008464328 0.5023514322359983 0.18319226118500603 0.5023514322359983
400 0.18319226118500603 0.47028644719965795 0.19165659008464328 0.47028644719965795 0.19165659008464328 0.48225737494655835 0.18319226118500603 0.48225737494655835
4 0.33796856106408707 0.5203078238563489 0.343409915356711 0.5203078238563489 0.343409915356711 0.5275758871312527 0.33796856106408707 0.5275758871312527
a. 0.30169286577992743 0.5964087216759298 0.3059250302297461 0.5964087216759298 0.3059250302297461 0.599401453612655 0.30169286577992743 0.599401453612655
44s 0.1777509068923821 0.6541256947413424 0.24546553808948005 0.6541256947413424 0.24546553808948005 0.6652415562206071 0.1777509068923821 0.6652415562206071
4 0.32466747279322855 0.6464300983326208 0.3422007255139057 0.6464300983326208 0.3422007255139057 0.6707994869602394 0.32466747279322855 0.6707994869602394
UK 0.19951632406287786 0.6695168875587858 0.21100362756952842 0.6695168875587858 0.21100362756952842 0.6742197520307824 0.19951632406287786 0.6742197520307824
TRAGPROFIL 0.21644498186215236 0.6695168875587858 0.26904474002418377 0.6695168875587858 0.26904474002418377 0.6742197520307824 0.21644498186215236 0.6742197520307824
THERM, 0.5652962515114873 0.7336468576314664 0.594316807738815 0.7336468576314664 0.594316807738815 0.7383497221034631 0.5652962515114873 0.7383497221034631
TRENNELEMEN, 0.5652962515114873 0.741769987174006 0.628174123337364 0.741769987174006 0.628174123337364 0.7464728516460025 0.5652962515114873 0.7464728516460025
ACHSMASS 0.1837968561064087 0.791363830696879 0.19226118500604594 0.791363830696879 0.19226118500604594 0.8289867464728516 0.1837968561064087 0.8289867464728516
MAX: 0.1837968561064087 0.7695596408721675 0.19226118500604594 0.7695596408721675 0.19226118500604594 0.7862334330910645 0.1837968561064087 0.7862334330910645
400 0.1837968561064087 0.7541684480547243 0.19226118500604594 0.7541684480547243 0.19226118500604594 0.7661393758016246 0.1837968561064087 0.7661393758016246
TRAGPR. 0.3688029020556227 0.8670371953826421 0.4026602176541717 0.8670371953826421 0.4026602176541717 0.8721675929884566 0.3688029020556227 0.8721675929884566
RAPID 0.3694074969770254 0.8781530568619068 0.3905683192261185 0.8781530568619068 0.3905683192261185 0.8820008550662677 0.3694074969770254 0.8820008550662677
UK 0.21765417170495768 0.8503634031637451 0.22914147521160821 0.8503634031637451 0.22914147521160821 0.8550662676357418 0.21765417170495768 0.8550662676357418
TRAGPROFIL 0.23458282950423218 0.8503634031637451 0.2871825876662636 0.8503634031637451 0.2871825876662636 0.8550662676357418 0.23458282950423218 0.8550662676357418
0 0.3004836759371221 0.8512184694313809 0.3270858524788392 0.8512184694313809 0.3270858524788392 0.8751603249251817 0.3004836759371221 0.8751603249251817
4 0.3313180169286578 0.8533561351004703 0.3349455864570738 0.8533561351004703 0.3349455864570738 0.8572039333048311 0.3313180169286578 0.8572039333048311
Der 0.07376058041112454 0.9799059427105601 0.08827085852478839 0.9799059427105601 0.08827085852478839 0.9850363403163745 0.07376058041112454 0.9850363403163745
Inhalt 0.09189842805320435 0.9799059427105601 0.11366384522370013 0.9799059427105601 0.11366384522370013 0.9850363403163745 0.09189842805320435 0.9850363403163745
dieser 0.11729141475211609 0.9803334758443779 0.14268440145102781 0.9803334758443779 0.14268440145102781 0.9850363403163745 0.11729141475211609 0.9850363403163745
Zeichnung 0.1457073760580411 0.9799059427105601 0.18984280532043532 0.9799059427105601 0.18984280532043532 0.986746472851646 0.1457073760580411 0.986746472851646
bleibt 0.19347037484885127 0.9799059427105601 0.2158403869407497 0.9799059427105601 0.2158403869407497 0.9850363403163745 0.19347037484885127 0.9850363403163745
unser 0.21946795646916567 0.9811885421120137 0.2418379685610641 0.9811885421120137 0.2418379685610641 0.9850363403163745 0.21946795646916567 0.9850363403163745
geistiges 0.24546553808948005 0.9803334758443779 0.28174123337363965 0.9803334758443779 0.28174123337363965 0.986746472851646 0.24546553808948005 0.986746472851646
Eigentum. 0.28536880290205563 0.9799059427105601 0.32406287787182586 0.9799059427105601 0.32406287787182586 0.986746472851646 0.28536880290205563 0.986746472851646
Jede 0.3301088270858525 0.9799059427105601 0.35006045949214026 0.9799059427105601 0.35006045949214026 0.9850363403163745 0.3301088270858525 0.9850363403163745
Verwendung, 0.35368802902055624 0.9799059427105601 0.4062877871825877 0.9799059427105601 0.4062877871825877 0.986746472851646 0.35368802902055624 0.986746472851646
insbesondere 0.41293833131801694 0.9799059427105601 0.46916565900846435 0.9799059427105601 0.46916565900846435 0.9850363403163745 0.41293833131801694 0.9850363403163745
die 0.4727932285368803 0.9799059427105601 0.48428053204353083 0.9799059427105601 0.48428053204353083 0.9850363403163745 0.4727932285368803 0.9850363403163745
Weitergabe, 0.4873035066505441 0.9799059427105601 0.5344619105199516 0.9799059427105601 0.5344619105199516 0.986746472851646 0.4873035066505441 0.986746472851646
Vervieltailtigung, 0.5411124546553809 0.9799059427105601 0.6070133010882709 0.9799059427105601 0.6070133010882709 0.986746472851646 0.5411124546553809 0.986746472851646
Veréffentlichung 0.6106408706166868 0.9799059427105601 0.6789600967351874 0.9799059427105601 0.6789600967351874 0.986746472851646 0.6106408706166868 0.986746472851646
und 0.6825876662636033 0.9803334758443779 0.6977025392986699 0.9803334758443779 0.6977025392986699 0.9850363403163745 0.6825876662636033 0.9850363403163745
Zurverftigungstellung 0.7007255139056832 0.9799059427105601 0.788391777509069 0.9799059427105601 0.788391777509069 0.986746472851646 0.7007255139056832 0.986746472851646
bedar! 0.7920193470374849 0.9799059427105601 0.8180169286577993 0.9799059427105601 0.8180169286577993 0.9850363403163745 0.7920193470374849 0.9850363403163745
unserer 0.8222490931076178 0.9816160752458315 0.8530834340991535 0.9816160752458315 0.8530834340991535 0.9850363403163745 0.8222490931076178 0.9850363403163745
ausdriicklichen 0.8567110036275696 0.9803334758443779 0.9195888754534461 0.9803334758443779 0.9195888754534461 0.9850363403163745 0.8567110036275696 0.9850363403163745
Zustimmung 0.9232164449818622 0.9803334758443779 0.9746070133010882 0.9803334758443779 0.9746070133010882 0.986746472851646 0.9232164449818622 0.986746472851646
