AL-DH-33 0.9427105600684053 0.038112522686025406 0.983753740914921 0.038112522686025406 0.983753740914921 0.04779189352692075 0.9427105600684053 0.04779189352692075
07.06.2012 0.9384352287302266 0.056866303690260134 0.983753740914921 0.056866303690260134 0.983753740914921 0.06654567453115548 0.9384352287302266 0.06654567453115548
< 0.48952543822146216 0.07199032062915911 0.6105173150919196 0.07199032062915911 0.6105173150919196 0.16696914700544466 0.48952543822146216 0.16696914700544466
7S 0.5592133390337751 0.2619479733817302 0.6156477126977341 0.2619479733817302 0.6156477126977341 0.27465214761040535 0.5592133390337751 0.27465214761040535
Pre 0.2543822146216332 0.07199032062915911 0.27575887131252674 0.07199032062915911 0.27575887131252674 0.09497882637628555 0.2543822146216332 0.09497882637628555
\ 0.22873022659256093 0.1088929219600726 0.26464300983326206 0.1088929219600726 0.26464300983326206 0.1336963097398669 0.22873022659256093 0.1336963097398669
. 0.21034630183839248 0.1736237144585602 0.21419410004275333 0.1736237144585602 0.21419410004275333 0.17906836055656383 0.21034630183839248 0.17906836055656383
tf 0.21975203078238564 0.14882032667876588 0.23086789226165028 0.14882032667876588 0.23086789226165028 0.16817906836055657 0.21975203078238564 0.16817906836055657
)* 0.258230012825994 0.15184513006654568 0.27191107310816587 0.15184513006654568 0.27191107310816587 0.1705989110707804 0.258230012825994 0.1705989110707804
GLEITPUNKT 0.47926464300983324 0.14882032667876588 0.5352714835399743 0.14882032667876588 0.5352714835399743 0.17301875378100423 0.47926464300983324 0.17301875378100423
| 0.5476699444206926 0.16152450090744103 0.5579307396323215 0.16152450090744103 0.5579307396323215 0.20689655172413793 0.5476699444206926 0.20689655172413793
Ww 0.17999144933732364 0.1724137931034483 0.18469431380932022 0.1724137931034483 0.18469431380932022 0.19600725952813067 0.17999144933732364 0.19600725952813067
Ya. 0.21077383497221033 0.1724137931034483 0.2231722958529286 0.1724137931034483 0.2231722958529286 0.19358741681790684 0.21077383497221033 0.19358741681790684
ad 0.26036767849508335 0.17906836055656383 0.27960666951688756 0.17906836055656383 0.27960666951688756 0.18753781004234724 0.26036767849508335 0.18753781004234724
I 0.5476699444206926 0.18027828191167575 0.5489525438221462 0.18027828191167575 0.5489525438221462 0.19540229885057472 0.5476699444206926 0.19540229885057472
E 0.17956391620350576 0.20024198427102238 0.18683197947840957 0.20024198427102238 0.18683197947840957 0.2014519056261343 0.17956391620350576 0.2014519056261343
- 0.2159042325780248 0.19540229885057472 0.2278751603249252 0.19540229885057472 0.2278751603249252 0.2075015124016939 0.2159042325780248 0.2075015124016939
4 0.2654980761008978 0.19419237749546278 0.2706284737067123 0.19419237749546278 0.2706284737067123 0.20205686630369027 0.2654980761008978 0.20205686630369027
40 0.31680205215904234 0.1899576527525711 0.3300555793073963 0.1899576527525711 0.3300555793073963 0.21415607985480944 0.31680205215904234 0.21415607985480944
ly 0.37323642582300126 0.19237749546279492 0.37708422402736214 0.19237749546279492 0.37708422402736214 0.21294615849969753 0.37323642582300126 0.21294615849969753
3 0.07738349722103463 0.2577132486388385 0.08422402736212056 0.2577132486388385 0.08422402736212056 0.2637628554143981 0.07738349722103463 0.2637628554143981
Bled 0.1791363830696879 0.2395644283121597 0.2214621633176571 0.2395644283121597 0.2214621633176571 0.25831820931639443 0.1791363830696879 0.25831820931639443
wp! 0.2543822146216332 0.23774954627949182 0.2697734074390765 0.23774954627949182 0.2697734074390765 0.2601330913490623 0.2543822146216332 0.2601330913490623
tL 0.5523728088926891 0.25105868118572294 0.5570756733646858 0.25105868118572294 0.5570756733646858 0.2631578947368421 0.5523728088926891 0.2631578947368421
4 0.22231722958529285 0.25831820931639443 0.22702009405728943 0.25831820931639443 0.22702009405728943 0.27828191167574107 0.22231722958529285 0.27828191167574107
30( 0.24027362120564344 0.2577132486388385 0.24882428388200087 0.2577132486388385 0.24882428388200087 0.26799758015728975 0.24027362120564344 0.26799758015728975
44 0.27191107310816587 0.25468844525105866 0.30825138948268493 0.25468844525105866 0.30825138948268493 0.294010889292196 0.27191107310816587 0.294010889292196
30 0.33390337751175714 0.2577132486388385 0.3420265070542967 0.2577132486388385 0.3420265070542967 0.26799758015728975 0.33390337751175714 0.26799758015728975
| 0.3749465583582728 0.26981246218995764 0.37708422402736214 0.26981246218995764 0.37708422402736214 0.27828191167574107 0.3749465583582728 0.27828191167574107
ny 0.5382642154766994 0.25529340592861466 0.5579307396323215 0.25529340592861466 0.5579307396323215 0.29522081064730793 0.5382642154766994 0.29522081064730793
5 0.1791363830696879 0.294615849969752 0.18683197947840957 0.294615849969752 0.18683197947840957 0.3145795523290986 0.1791363830696879 0.3145795523290986
s 0.2672082086361693 0.2964307320024198 0.27191107310816587 0.2964307320024198 0.27191107310816587 0.3121597096188748 0.2672082086361693 0.3121597096188748
| 0.5510902094912355 0.2964307320024198 0.5583582727661394 0.2964307320024198 0.5583582727661394 0.33212341197822143 0.5510902094912355 0.33212341197822143
H 0.07994869602394186 0.3194192377495463 0.08208636169303121 0.3194192377495463 0.08208636169303121 0.32728372655777377 0.07994869602394186 0.32728372655777377
& 0.1791363830696879 0.31518451300665457 0.18683197947840957 0.31518451300665457 0.18683197947840957 0.33272837265577737 0.1791363830696879 0.33272837265577737
4S 0.26336041043180847 0.32244404113732605 0.2740487387772552 0.32244404113732605 0.2740487387772552 0.3339382940108893 0.26336041043180847 0.3339382940108893
x 0.1791363830696879 0.3339382940108893 0.18683197947840957 0.3339382940108893 0.18683197947840957 0.3508771929824561 0.1791363830696879 0.3508771929824561
2 0.1791363830696879 0.35208711433756806 0.18683197947840957 0.35208711433756806 0.18683197947840957 0.36963097398669087 0.1791363830696879 0.36963097398669087
; 0.2659256092347157 0.3545069570477919 0.2667806755023514 0.3545069570477919 0.2667806755023514 0.35571687840290384 0.2659256092347157 0.35571687840290384
U-HALTER 0.2894399315946986 0.34180278281911675 0.33988884138520736 0.34180278281911675 0.33988884138520736 0.3666061705989111 0.2894399315946986 0.3666061705989111
) 0.5476699444206926 0.35753176043557167 0.5583582727661394 0.35753176043557167 0.5583582727661394 0.40955837870538414 0.5476699444206926 0.40955837870538414
4 0.261650277896537 0.4730792498487598 0.2659256092347157 0.4730792498487598 0.2659256092347157 0.4785238959467635 0.261650277896537 0.4785238959467635
UK 0.10902094912355707 0.49183303085299457 0.12099187687045745 0.49183303085299457 0.12099187687045745 0.5021173623714459 0.10902094912355707 0.5021173623714459
TRAGPROFIL 0.12654980761008977 0.49183303085299457 0.18298418127404875 0.49183303085299457 0.18298418127404875 0.5021173623714459 0.12654980761008977 0.5021173623714459
4 0.22274476271911073 0.4942528735632184 0.22659256092347158 0.4942528735632184 0.22659256092347158 0.49909255898366606 0.22274476271911073 0.49909255898366606
oo) 0.6160752458315519 0.2540834845735027 0.629328772979906 0.2540834845735027 0.629328772979906 0.26497277676951 0.6160752458315519 0.26497277676951
Nd 0.5998289867464729 0.26860254083484575 0.6066695168875588 0.26860254083484575 0.6066695168875588 0.27465214761040535 0.5998289867464729 0.27465214761040535
nee 0.6139375801624626 0.2692075015124017 0.6271911073108166 0.2692075015124017 0.6271911073108166 0.27404718693284935 0.6139375801624626 0.27404718693284935
a 0.5788798631893972 0.2764670296430732 0.6267635741769987 0.2764670296430732 0.6267635741769987 0.29219600725952816 0.5788798631893972 0.29219600725952816
GEMAB 0.5848653270628473 0.30913490623109496 0.6156477126977341 0.30913490623109496 0.6156477126977341 0.3218390804597701 0.5848653270628473 0.3218390804597701
STATIK 0.6194955109020949 0.3115547489413188 0.6494228302693459 0.3115547489413188 0.6494228302693459 0.3218390804597701 0.6194955109020949 0.3218390804597701
- 0.6541256947413424 0.30671506352087113 0.6592560923471569 0.30671506352087113 0.6592560923471569 0.3278886872353297 0.6541256947413424 0.3278886872353297
Cf 0.5771697306541257 0.32425892316999394 0.6216331765711842 0.32425892316999394 0.6216331765711842 0.3545069570477919 0.5771697306541257 0.3545069570477919
/ 0.6336041043180847 0.3290986085904416 0.6502778965369816 0.3290986085904416 0.6502778965369816 0.3545069570477919 0.6336041043180847 0.3545069570477919
THERM 0.5823001282599402 0.36539624924379915 0.6135100470286448 0.36539624924379915 0.6135100470286448 0.37507562008469447 0.5823001282599402 0.37507562008469447
TRENNELEM'! 0.5818725951261223 0.38294010889292196 0.6370243693886276 0.38294010889292196 0.6370243693886276 0.3932244404113733 0.5818725951261223 0.3932244404113733
SIC 0.22359982898674646 0.2770719903206292 0.274903805044891 0.2770719903206292 0.274903805044891 0.5444646098003629 0.22359982898674646 0.5444646098003629
4 0.22873022659256093 0.5656382335148216 0.2321504916631039 0.5656382335148216 0.2321504916631039 0.5710828796128251 0.22873022659256093 0.5710828796128251
LOCHPROFIL 0.2625053441641727 0.6454930429522081 0.31979478409576745 0.6454930429522081 0.31979478409576745 0.6557773744706594 0.2625053441641727 0.6557773744706594
30/50 0.3227875160324925 0.6454930429522081 0.34544677212483965 0.6454930429522081 0.34544677212483965 0.6563823351482153 0.3227875160324925 0.6563823351482153
WINKELBLECH 0.45361265498076103 0.647912885662432 0.5177426250534416 0.647912885662432 0.5177426250534416 0.6581972171808832 0.45361265498076103 0.6581972171808832
cs 0.12312954253954682 0.5964912280701754 0.13039760581445062 0.5964912280701754 0.13039760581445062 0.6019358741681791 0.12312954253954682 0.6019358741681791
in 0.12312954253954682 0.603145795523291 0.13039760581445062 0.603145795523291 0.13039760581445062 0.6085904416212946 0.12312954253954682 0.6085904416212946
2 0.1496365968362548 0.6721113127646703 0.1569046601111586 0.6721113127646703 0.1569046601111586 0.677555958862674 0.1496365968362548 0.677555958862674
ACHSE 0.19025224454895254 0.6926799758015729 0.22103463018383926 0.6926799758015729 0.22103463018383926 0.7035692679975801 0.19025224454895254 0.7035692679975801
=~ 0.08422402736212056 0.6751361161524501 0.08849935870029928 0.6751361161524501 0.08849935870029928 0.6981246218995766 0.08422402736212056 0.6981246218995766
AOE 0.08593415989739205 0.8753781004234725 0.2744762719110731 0.8753781004234725 0.2744762719110731 0.9667271627344223 0.08593415989739205 0.9667271627344223
AOS 0.33219324497648567 0.8880822746521476 0.5575032064985036 0.8880822746521476 0.5575032064985036 0.9643073200241984 0.33219324497648567 0.9643073200241984
® 0.8687473279179136 0.0822746521476104 0.8751603249251817 0.0822746521476104 0.8751603249251817 0.09134906231094979 0.8687473279179136 0.09134906231094979
ALPHATON 0.7956391620350577 0.09376890502117362 0.8678922616502779 0.09376890502117362 0.8678922616502779 0.10949788263762855 0.7956391620350577 0.10949788263762855
- 0.8734501923899102 0.102843315184513 0.8755878580589995 0.102843315184513 0.8755878580589995 0.10405323653962492 0.8734501923899102 0.10405323653962492
Ziegelfassade 0.8751603249251817 0.09437386569872959 0.9692176143651133 0.09437386569872959 0.9692176143651133 0.11312764670296431 0.8751603249251817 0.11312764670296431
Querformat- 0.7960666951688756 0.12583182093163944 0.854211201368106 0.12583182093163944 0.854211201368106 0.1385359951603146 0.7960666951688756 0.1385359951603146
26.1a 0.7960666951688756 0.1482153660012099 0.8255664814023087 0.1482153660012099 0.8255664814023087 0.15970961887477314 0.7960666951688756 0.15970961887477314
M1:1(V) 0.8358272766139376 0.14761040532365396 0.8777255237280889 0.14761040532365396 0.8777255237280889 0.16273442226255294 0.8358272766139376 0.16273442226255294
Sockel 0.7960666951688756 0.16878402903811252 0.827704147071398 0.16878402903811252 0.827704147071398 0.1808832425892317 0.7960666951688756 0.1808832425892317
mit 0.7964942283026935 0.191167574107683 0.8097477554510475 0.191167574107683 0.8097477554510475 0.20205686630369027 0.7964942283026935 0.20205686630369027
Beton 0.8140230867892262 0.19056261343012704 0.840957674219752 0.19056261343012704 0.840957674219752 0.20205686630369027 0.8140230867892262 0.20205686630369027
Alu-Unterkonstruktion 0.7956391620350577 0.22020568663036902 0.8995297135528003 0.22020568663036902 0.8995297135528003 0.2323049001814882 0.7956391620350577 0.2323049001814882
Wy 0.6541256947413424 0.26799758015728975 0.678922616502779 0.26799758015728975 0.678922616502779 0.27283726557773746 0.6541256947413424 0.27283726557773746
hy 0.6802052159042326 0.2619479733817302 0.6896109448482257 0.2619479733817302 0.6896109448482257 0.27283726557773746 0.6802052159042326 0.27283726557773746
ach 0.6549807610089782 0.26860254083484575 0.6810602821718683 0.26860254083484575 0.6810602821718683 0.2909860859044162 0.6549807610089782 0.2909860859044162
a0 0.6558358272766139 0.28009679370840895 0.6639589568191535 0.28009679370840895 0.6639589568191535 0.28433151845130067 0.6558358272766139 0.28433151845130067
if 0.685335613510047 0.2831215970961887 0.6917486105173151 0.2831215970961887 0.6917486105173151 0.29159104658197216 0.685335613510047 0.29159104658197216
FULLY 0.6494228302693459 0.2867513611615245 0.6896109448482257 0.2867513611615245 0.6896109448482257 0.2988505747126437 0.6494228302693459 0.2988505747126437
ENT 0.6383069687900812 0.38294010889292196 0.6549807610089782 0.38294010889292196 0.6549807610089782 0.3932244404113733 0.6383069687900812 0.3932244404113733
a 0.4625908507909363 0.9600725952813067 0.47370671227020095 0.9600725952813067 0.47370671227020095 0.9643073200241984 0.4625908507909363 0.9643073200241984
F 0.8319794784095768 0.9630973986690865 0.8328345446772125 0.9630973986690865 0.8328345446772125 0.9643073200241984 0.8319794784095768 0.9643073200241984
Der 0.08550662676357418 0.9709618874773139 0.09833262077811031 0.9709618874773139 0.09833262077811031 0.9800362976406534 0.08550662676357418 0.9800362976406534
Inhalt 0.10175288584865327 0.9709618874773139 0.12141941000427534 0.9709618874773139 0.12141941000427534 0.9800362976406534 0.10175288584865327 0.9800362976406534
dieser 0.12441214194100043 0.9709618874773139 0.14749893116716545 0.9709618874773139 0.14749893116716545 0.9800362976406534 0.12441214194100043 0.9800362976406534
Zeichnung 0.15006412997007268 0.9709618874773139 0.18982471141513468 0.9709618874773139 0.18982471141513468 0.9824561403508771 0.15006412997007268 0.9824561403508771
bleibt 0.1936725096194955 0.9709618874773139 0.21376656690893545 0.9709618874773139 0.21376656690893545 0.9800362976406534 0.1936725096194955 0.9800362976406534
unser 0.2171868319794784 0.9733817301875378 0.2377084224027362 0.9733817301875378 0.2377084224027362 0.9800362976406534 0.2171868319794784 0.9800362976406534
geistiges 0.24070115433946132 0.9715668481548699 0.2744762719110731 0.9715668481548699 0.2744762719110731 0.9824561403508771 0.24070115433946132 0.9824561403508771
Eigentum. 0.2778965369816161 0.9709618874773139 0.31295425395468146 0.9709618874773139 0.31295425395468146 0.9824561403508771 0.2778965369816161 0.9824561403508771
Jede 0.31765711842667804 0.9709618874773139 0.3360410431808465 0.9709618874773139 0.3360410431808465 0.9800362976406534 0.31765711842667804 0.9800362976406534
Verwendung, 0.3390337751175716 0.9709618874773139 0.38862761864044465 0.9709618874773139 0.38862761864044465 0.9824561403508771 0.3390337751175716 0.9824561403508771
insbesondere 0.39247541684480547 0.9709618874773139 0.44377939290295 0.9709618874773139 0.44377939290295 0.9800362976406534 0.39247541684480547 0.9800362976406534
die 0.4467721248396751 0.9709618874773139 0.45788798631893973 0.9709618874773139 0.45788798631893973 0.9800362976406534 0.4467721248396751 0.9800362976406534
Weitergabe, 0.4608807182556648 0.9709618874773139 0.5057716973065413 0.9709618874773139 0.5057716973065413 0.9824561403508771 0.4608807182556648 0.9824561403508771
Vervielfaltigung, 0.5087644292432664 0.9709618874773139 0.5681915348439504 0.9709618874773139 0.5681915348439504 0.9824561403508771 0.5087644292432664 0.9824561403508771
Verdffentlichung 0.5716117999144934 0.9709618874773139 0.6331765711842667 0.9709618874773139 0.6331765711842667 0.9824561403508771 0.5716117999144934 0.9824561403508771
und 0.6365968362548098 0.9709618874773139 0.6502778965369816 0.9709618874773139 0.6502778965369816 0.9800362976406534 0.6365968362548098 0.9800362976406534
Zurverfiigungstellung 0.6532706284737068 0.9709618874773139 0.7336468576314664 0.9709618874773139 0.7336468576314664 0.9824561403508771 0.6532706284737068 0.9824561403508771
bedarf 0.7374946558358273 0.9709618874773139 0.7614365113296281 0.9709618874773139 0.7614365113296281 0.9800362976406534 0.7374946558358273 0.9800362976406534
unserer 0.7640017101325353 0.9733817301875378 0.7922188969645148 0.9733817301875378 0.7922188969645148 0.9800362976406534 0.7640017101325353 0.9800362976406534
ausdrtcklichen 0.7952116289012399 0.9709618874773139 0.8525010688328345 0.9709618874773139 0.8525010688328345 0.9800362976406534 0.7952116289012399 0.9800362976406534
Zustimmung. 0.8554938007695596 0.9709618874773139 0.9050876442924327 0.9709618874773139 0.9050876442924327 0.9824561403508771 0.8554938007695596 0.9824561403508771
