AL-DH-32 0.9392902949978623 0.035671100362756954 0.9799059427105601 0.035671100362756954 0.9799059427105601 0.045949214026602174 0.9392902949978623 0.045949214026602174
17.05.2012 0.9362975630611372 0.05441354292623942 0.9811885421120137 0.05441354292623942 0.9811885421120137 0.06408706166868199 0.9362975630611372 0.06408706166868199
ACHSMASS 0.09020949123557076 0.7853688029020556 0.09747755451047456 0.7853688029020556 0.09747755451047456 0.8573155985489722 0.09020949123557076 0.8573155985489722
MAX. 0.09020949123557076 0.750906892382104 0.09747755451047456 0.750906892382104 0.09747755451047456 0.7799274486094316 0.09020949123557076 0.7799274486094316
400 0.09063702436938863 0.7249093107617895 0.09747755451047456 0.7249093107617895 0.09747755451047456 0.74546553808948 0.09063702436938863 0.74546553808948
Der 0.09063702436938863 0.9703748488512697 0.10346301838392476 0.9703748488512697 0.10346301838392476 0.9794437726723095 0.09063702436938863 0.9794437726723095
Inhalt 0.10688328345446772 0.9703748488512697 0.12654980761008977 0.9703748488512697 0.12654980761008977 0.9794437726723095 0.10688328345446772 0.9794437726723095
dieser 0.12954253954681488 0.9703748488512697 0.1526293287729799 0.9703748488512697 0.1526293287729799 0.9794437726723095 0.12954253954681488 0.9794437726723095
Zeichnung 0.15519452757588714 0.9703748488512697 0.19495510902094912 0.9703748488512697 0.19495510902094912 0.9818621523579202 0.15519452757588714 0.9818621523579202
bleibt 0.19880290722530997 0.9703748488512697 0.21889696451474988 0.9703748488512697 0.21889696451474988 0.9794437726723095 0.19880290722530997 0.9794437726723095
unser 0.22231722958529285 0.9727932285368803 0.24283882000855067 0.9727932285368803 0.24283882000855067 0.9794437726723095 0.22231722958529285 0.9794437726723095
geistiges 0.24583155194527576 0.9709794437726723 0.27960666951688756 0.9709794437726723 0.27960666951688756 0.9818621523579202 0.24583155194527576 0.9818621523579202
Eigentum. 0.2830269345874305 0.9703748488512697 0.3180846515604959 0.9703748488512697 0.3180846515604959 0.9818621523579202 0.2830269345874305 0.9818621523579202
Jede 0.3227875160324925 0.9703748488512697 0.34117144078666095 0.9703748488512697 0.34117144078666095 0.9794437726723095 0.3227875160324925 0.9794437726723095
Verwendung 0.34416417272338606 0.9703748488512697 0.3916203505771697 0.9703748488512697 0.3916203505771697 0.9818621523579202 0.34416417272338606 0.9818621523579202
ALPHATON 0.19495510902094912 0.7714631197097944 0.20307823856348867 0.7714631197097944 0.20307823856348867 0.8464328899637243 0.19495510902094912 0.8464328899637243
- 0.1996579734929457 0.7617896009673518 0.20051303976058144 0.7617896009673518 0.20051303976058144 0.7654171704957679 0.1996579734929457 0.7654171704957679
ZIEGELPLATTE 0.19495510902094912 0.6577992744860943 0.20307823856348867 0.6577992744860943 0.20307823856348867 0.7569528415961306 0.19495510902094912 0.7569528415961306
ACHSE 0.21205643437366395 0.43409915356711004 0.24283882000855067 0.43409915356711004 0.24283882000855067 0.4449818621523579 0.21205643437366395 0.4449818621523579
oh 0.22274476271911073 0.5362756952841596 0.2291577597263788 0.5362756952841596 0.2291577597263788 0.5507859733978234 0.22274476271911073 0.5507859733978234
min 0.22488242838820008 0.496372430471584 0.28559213339033773 0.496372430471584 0.28559213339033773 0.6420798065296252 0.22488242838820008 0.6420798065296252
14 0.22830269345874304 0.658403869407497 0.23257802479692177 0.658403869407497 0.23257802479692177 0.6704957678355502 0.22830269345874304 0.6704957678355502
8 0.23856348867037194 0.6451027811366384 0.2419837537409149 0.6451027811366384 0.2419837537409149 0.6499395405078597 0.23856348867037194 0.6499395405078597
. 0.27191107310816587 0.6487303506650545 0.27533133817870886 0.6487303506650545 0.27533133817870886 0.6541717049576784 0.27191107310816587 0.6541717049576784
4 0.2783240701154339 0.5894800483675937 0.2825994014536127 0.5894800483675937 0.2825994014536127 0.594316807738815 0.2783240701154339 0.594316807738815
‘bh 0.28088926891834115 0.5695284159613059 0.2868747327917914 0.5695284159613059 0.2868747327917914 0.5810157194679565 0.28088926891834115 0.5810157194679565
i 0.2860196665241556 0.5042321644498187 0.2894399315946986 0.5042321644498187 0.2894399315946986 0.5181378476420798 0.2860196665241556 0.5181378476420798
ALPHATON 0.7956391620350577 0.07980652962515115 0.864471996579735 0.07980652962515115 0.864471996579735 0.11608222490931076 0.7956391620350577 0.11608222490931076
- 0.8691748610517315 0.08222490931076179 0.8768704574604532 0.08222490931076179 0.8768704574604532 0.10399032648125756 0.8691748610517315 0.10399032648125756
Ziegelfassade 0.877297990594271 0.0912938331318017 0.9692176143651133 0.0912938331318017 0.9692176143651133 0.11608222490931076 0.877297990594271 0.11608222490931076
Querformat- 0.7964942283026935 0.12515114873035066 0.854211201368106 0.12515114873035066 0.854211201368106 0.13784764207980654 0.7964942283026935 0.13784764207980654
Ausflhrung 0.857631466438649 0.12515114873035066 0.9127832407011544 0.12515114873035066 0.9127832407011544 0.14026602176541716 0.857631466438649 0.14026602176541716
25.2 0.7960666951688756 0.1475211608222491 0.8191534843950407 0.1475211608222491 0.8191534843950407 0.15840386940749698 0.7960666951688756 0.15840386940749698
M1:1 0.8294142796066695 0.14691656590084642 0.8537836682342882 0.14691656590084642 0.8537836682342882 0.15840386940749698 0.8294142796066695 0.15840386940749698
(V) 0.8601966652415562 0.14691656590084642 0.8713125267208208 0.14691656590084642 0.8713125267208208 0.16142684401451027 0.8601966652415562 0.16142684401451027
Ortgang 0.7964942283026935 0.16807738814993953 0.8353997434801197 0.16807738814993953 0.8353997434801197 0.18319226118500603 0.7964942283026935 0.18319226118500603
Flachdach 0.8401026079521163 0.16807738814993953 0.8892689183411714 0.16807738814993953 0.8892689183411714 0.1795646916565901 0.8401026079521163 0.1795646916565901
VERTIKALES 0.42539546814878154 0.4371221281741233 0.4788371098760154 0.4371221281741233 0.4788371098760154 0.44740024183796856 0.42539546814878154 0.44740024183796856
GRUNDPROFIL 0.42539546814878154 0.4570737605804111 0.49080803762291575 0.4570737605804111 0.49080803762291575 0.46735187424425634 0.42539546814878154 0.46735187424425634
ALU 0.48140230867892264 0.18621523579201935 0.4989311671654553 0.18621523579201935 0.4989311671654553 0.1977025392986699 0.48140230867892264 0.1977025392986699
- 0.5023514322359983 0.1946795646916566 0.5049166310389055 0.1946795646916566 0.5049166310389055 0.19528415961305925 0.5023514322359983 0.19528415961305925
ATTIKA 0.5074818298418128 0.18984280532043532 0.5378366823428816 0.18984280532043532 0.5378366823428816 0.20314389359129384 0.5074818298418128 0.20314389359129384
mit 0.7964942283026935 0.19044740024183796 0.8101752885848653 0.19044740024183796 0.8101752885848653 0.20253929866989118 0.7964942283026935 0.20253929866989118
Al-Ortgangblende 0.8135955536554083 0.19044740024183796 0.8995297135528003 0.19044740024183796 0.8995297135528003 0.20556227327690446 0.8135955536554083 0.20556227327690446
Alu-Unterkonstruktion 0.7956391620350577 0.22430471584038694 0.8995297135528003 0.22430471584038694 0.8995297135528003 0.23579201934703747 0.7956391620350577 0.23579201934703747
[ee 0.13296280461735785 0.2629987908101572 0.30141085934159895 0.2629987908101572 0.30141085934159895 0.28657799274486095 0.13296280461735785 0.28657799274486095
= 0.39589568191534846 0.2551390568319226 0.4027362120564344 0.2551390568319226 0.4027362120564344 0.2623941958887545 0.39589568191534846 0.2623941958887545
} 0.48268490808037623 0.26964933494558646 0.483539974348012 0.26964933494558646 0.483539974348012 0.27327690447400244 0.48268490808037623 0.27327690447400244
= 0.31936725096194957 0.2980652962515115 0.3262077811030355 0.2980652962515115 0.3262077811030355 0.30773881499395406 0.31936725096194957 0.30773881499395406
E 0.870884993587003 0.30169286577992743 0.8798631893971783 0.30169286577992743 0.8798631893971783 0.3216444981862152 0.870884993587003 0.3216444981862152
O-HALTER 0.2586575459598119 0.3422007255139057 0.30312099187687047 0.3422007255139057 0.30312099187687047 0.36094316807738813 0.2586575459598119 0.36094316807738813
I 0.5506626763574177 0.3355501813784764 0.5587858058999573 0.3355501813784764 0.5587858058999573 0.3524788391777509 0.5506626763574177 0.3524788391777509
= 0.6139375801624626 0.34401451027811364 0.6263360410431809 0.34401451027811364 0.6263360410431809 0.35368802902055624 0.6139375801624626 0.35368802902055624
| 0.3847798204360838 0.3905683192261185 0.38520735356990166 0.3905683192261185 0.38520735356990166 0.3935912938331318 0.3847798204360838 0.3935912938331318
ORI 0.5378366823428816 0.34280532043530837 0.6819153484395041 0.34280532043530837 0.6819153484395041 0.4280532043530834 0.5378366823428816 0.4280532043530834
SSN 0.7122702009405729 0.3542926239419589 0.8238563488670372 0.3542926239419589 0.8238563488670372 0.4280532043530834 0.7122702009405729 0.4280532043530834
q 0.22702009405728943 0.9504232164449818 0.23086789226165028 0.9504232164449818 0.23086789226165028 0.9552599758162031 0.22702009405728943 0.9552599758162031
a” 0.27618640444634457 0.873639661426844 0.28131680205215903 0.873639661426844 0.28131680205215903 0.8863361547762999 0.27618640444634457 0.8863361547762999
JA 0.22445489525438223 0.8325272067714631 0.2902949978623343 0.8325272067714631 0.2902949978623343 0.9655380894800484 0.22445489525438223 0.9655380894800484
Os 0.22359982898674646 0.662031438935913 0.2864471996579735 0.662031438935913 0.2864471996579735 0.8216444981862152 0.22359982898674646 0.8216444981862152
a 0.28858486532706284 0.8331318016928658 0.29157759726378796 0.8331318016928658 0.29157759726378796 0.837968561064087 0.28858486532706284 0.837968561064087
40 0.33304831124412143 0.7974607013301088 0.3420265070542967 0.7974607013301088 0.3420265070542967 0.8077388149939541 0.33304831124412143 0.8077388149939541
A 0.4386489952971355 0.8029020556227328 0.4506199230440359 0.8029020556227328 0.4506199230440359 0.8192261185006046 0.4386489952971355 0.8192261185006046
> 0.4386489952971355 0.8428053204353083 0.4506199230440359 0.8428053204353083 0.4506199230440359 0.8500604594921403 0.4386489952971355 0.8500604594921403
Cc) 0.4386489952971355 0.8264812575574365 0.4480547242411287 0.8264812575574365 0.4480547242411287 0.8422007255139057 0.4386489952971355 0.8422007255139057
J 0.4450619923044036 0.837968561064087 0.4506199230440359 0.837968561064087 0.4506199230440359 0.8458282950423216 0.4450619923044036 0.8458282950423216
cA 0.427105600684053 0.9129383313180169 0.43779392902949976 0.9129383313180169 0.43779392902949976 0.9347037484885127 0.427105600684053 0.9347037484885127
UO 0.4386489952971355 0.848851269649335 0.4506199230440359 0.848851269649335 0.4506199230440359 0.8675937122128174 0.4386489952971355 0.8675937122128174
EA 0.4386489952971355 0.8899637243047158 0.4510474561778538 0.8899637243047158 0.4510474561778538 0.9195888754534461 0.4386489952971355 0.9195888754534461
S 0.4386489952971355 0.9153567110036276 0.4506199230440359 0.9153567110036276 0.4506199230440359 0.9383313180169287 0.4386489952971355 0.9383313180169287
GLEITPUNKT 0.4873877725523728 0.9207980652962515 0.5433946130825139 0.9207980652962515 0.5433946130825139 0.9310761789600968 0.4873877725523728 0.9310761789600968
WARMEDAMMUNG 0.47840957674219753 0.5900846432889963 0.5613510047028645 0.5900846432889963 0.5613510047028645 0.6130592503022975 0.47840957674219753 0.6130592503022975
7 0.5651988029072254 0.6336154776299879 0.5754595981188542 0.6336154776299879 0.5754595981188542 0.6481257557436517 0.5651988029072254 0.6481257557436517
THERM. 0.5917058572039333 0.6765417170495768 0.6254809747755451 0.6765417170495768 0.6254809747755451 0.6862152357920194 0.5917058572039333 0.6862152357920194
ety 0.5917058572039333 0.6880290205562273 0.6464300983326208 0.6880290205562273 0.6464300983326208 0.7043530834340992 0.5917058572039333 0.7043530834340992
/ 0.6652415562206071 0.6819830713422007 0.6806327490380505 0.6819830713422007 0.6806327490380505 0.7412333736396615 0.6652415562206071 0.7412333736396615
7 0.6810602821718683 0.8948004836759371 0.6943138093202224 0.8948004836759371 0.6943138093202224 0.9244256348246674 0.6810602821718683 0.9244256348246674
Jo 0.589140658401026 0.9274486094316807 0.6395895681915349 0.9274486094316807 0.6395895681915349 0.9631197097944377 0.589140658401026 0.9631197097944377
/ 0.6156477126977341 0.9250302297460702 0.6361693031209918 0.9250302297460702 0.6361693031209918 0.9685610640870617 0.6156477126977341 0.9685610640870617
Af, 0.6883283454467721 0.9032648125755743 0.7712697734074391 0.9032648125755743 0.7712697734074391 0.9631197097944377 0.6883283454467721 0.9631197097944377
_insbesondere 0.39333048311244123 0.9703748488512697 0.44890979050876445 0.9703748488512697 0.44890979050876445 0.9806529625151149 0.39333048311244123 0.9806529625151149
die 0.4523300555793074 0.9703748488512697 0.4630183839247542 0.9703748488512697 0.4630183839247542 0.9794437726723095 0.4523300555793074 0.9794437726723095
Weitergabe, 0.46601111586147925 0.9703748488512697 0.5109020949123557 0.9703748488512697 0.5109020949123557 0.9818621523579202 0.46601111586147925 0.9818621523579202
Vervielfaltigung, 0.5138948268490808 0.9703748488512697 0.5733219324497648 0.9703748488512697 0.5733219324497648 0.9824667472793228 0.5138948268490808 0.9824667472793228
Veréffentlichung 0.5767421975203079 0.9703748488512697 0.6383069687900812 0.9703748488512697 0.6383069687900812 0.9824667472793228 0.5767421975203079 0.9824667472793228
und 0.6417272338606242 0.9703748488512697 0.6554082941427961 0.9703748488512697 0.6554082941427961 0.9800483675937122 0.6417272338606242 0.9800483675937122
Zurverfugungstellung 0.6584010260795211 0.9703748488512697 0.7392047883710987 0.9703748488512697 0.7392047883710987 0.9824667472793228 0.6584010260795211 0.9824667472793228
bedarf 0.7426250534416418 0.9703748488512697 0.7665669089354425 0.9703748488512697 0.7665669089354425 0.9800483675937122 0.7426250534416418 0.9800483675937122
unserer 0.7691321077383497 0.9727932285368803 0.7973492945703292 0.9727932285368803 0.7973492945703292 0.9800483675937122 0.7691321077383497 0.9800483675937122
ausdrUcklichen 0.8003420265070543 0.9703748488512697 0.857631466438649 0.9703748488512697 0.857631466438649 0.9800483675937122 0.8003420265070543 0.9800483675937122
Zustimmung 0.8606241983753741 0.9703748488512697 0.9080803762291577 0.9703748488512697 0.9080803762291577 0.9824667472793228 0.8606241983753741 0.9824667472793228
ann 0.579307396323215 0.8627569528415961 0.5921333903377511 0.8627569528415961 0.5921333903377511 0.8651753325272068 0.579307396323215 0.8651753325272068
a 0.6340316374519025 0.8609431680773881 0.6374519025224454 0.8609431680773881 0.6374519025224454 0.8627569528415961 0.6340316374519025 0.8627569528415961
res 0.6682342881573322 0.8609431680773881 0.6990166737922189 0.8609431680773881 0.6990166737922189 0.8706166868198307 0.6682342881573322 0.8706166868198307
Sol 0.609234715690466 0.8669891172914147 0.6177853783668235 0.8669891172914147 0.6177853783668235 0.875453446191052 0.609234715690466 0.875453446191052
Nice. 0.6254809747755451 0.8700120918984281 0.6387345019238991 0.8700120918984281 0.6387345019238991 0.8748488512696493 0.6254809747755451 0.8748488512696493
ro 0.6656690893544249 0.8675937122128174 0.6725096194955109 0.8675937122128174 0.6725096194955109 0.873639661426844 0.6656690893544249 0.873639661426844
on 0.662248824283882 0.875453446191052 0.6737922188969645 0.875453446191052 0.6737922188969645 0.8851269649334945 0.662248824283882 0.8851269649334945
fee 0.6113723813595554 0.8857315598548973 0.6327490380504489 0.8857315598548973 0.6327490380504489 0.8917775090689238 0.6113723813595554 0.8917775090689238
Ta 0.6536981616075246 0.880894800483676 0.6725096194955109 0.880894800483676 0.6725096194955109 0.9032648125755743 0.6536981616075246 0.9032648125755743
