Attika-Abdeckblech 0.5371825876662636 0.036340316374519024 0.6100362756952842 0.036340316374519024 0.6100362756952842 0.04788371098760154 0.5371825876662636 0.04788371098760154
Alu 0.6124546553808948 0.036340316374519024 0.6242442563482467 0.036340316374519024 0.6242442563482467 0.04788371098760154 0.6124546553808948 0.04788371098760154
3mm 0.6269649334945586 0.036340316374519024 0.6451027811366384 0.036340316374519024 0.6451027811366384 0.04745617785378367 0.6269649334945586 0.04745617785378367
Kastenleiter 0.022370012091898428 0.056006840530141086 0.06106408706166868 0.056006840530141086 0.06106408706166868 0.06412997007268063 0.022370012091898428 0.06412997007268063
System 0.06348246674727932 0.056006840530141086 0.08766626360338574 0.056006840530141086 0.08766626360338574 0.06626763574176998 0.06348246674727932 0.06626763574176998
Manntec 0.0903869407496977 0.056006840530141086 0.1185006045949214 0.056006840530141086 0.1185006045949214 0.06412997007268063 0.0903869407496977 0.06412997007268063
Typ 0.12061668681983072 0.056006840530141086 0.13240628778718258 0.056006840530141086 0.13240628778718258 0.06626763574176998 0.12061668681983072 0.06626763574176998
12/19.6 0.1354292623941959 0.056006840530141086 0.1596130592503023 0.056006840530141086 0.1596130592503023 0.06412997007268063 0.1354292623941959 0.06412997007268063
Bliltzschutz-Anschluss 0.2781136638452237 0.04959384352287302 0.37908101571946795 0.04959384352287302 0.37908101571946795 0.07396323215049166 0.2781136638452237 0.07396323215049166
RillenstoBblech 0.5377871825876662 0.05771697306541257 0.5964328899637243 0.05771697306541257 0.5964328899637243 0.06883283454467722 0.5377871825876662 0.06883283454467722
auf 0.5991535671100363 0.05771697306541257 0.6112454655380894 0.05771697306541257 0.6112454655380894 0.0705429670799487 0.5991535671100363 0.0705429670799487
Fassadenachse 0.6133615477629988 0.05771697306541257 0.6711003627569528 0.05771697306541257 0.6711003627569528 0.06883283454467722 0.6133615477629988 0.06883283454467722
Oberflachen 0.022370012091898428 0.0808037622915776 0.06257557436517533 0.0808037622915776 0.06257557436517533 0.08935442496793501 0.022370012091898428 0.08935442496793501
Befahranlage: 0.06499395405078598 0.0808037622915776 0.11033857315598548 0.0808037622915776 0.11033857315598548 0.09149209063702438 0.06499395405078598 0.09149209063702438
met 0.2781136638452237 0.07139803334758443 0.2971584038694075 0.07139803334758443 0.2971584038694075 0.07994869602394186 0.2781136638452237 0.07994869602394186
Aika 0.3004836759371221 0.06840530141085935 0.32678355501813783 0.06840530141085935 0.32678355501813783 0.08849935870029928 0.3004836759371221 0.08849935870029928
Clach 0.3292019347037485 0.06840530141085935 0.35489721886336156 0.06840530141085935 0.35489721886336156 0.07994869602394186 0.3292019347037485 0.07994869602394186
und 0.3594316807738815 0.06883283454467722 0.37515114873035066 0.06883283454467722 0.37515114873035066 0.07994869602394186 0.3594316807738815 0.07994869602394186
Ur 0.37817412333736394 0.07139803334758443 0.39238210399032647 0.07139803334758443 0.39238210399032647 0.07994869602394186 0.37817412333736394 0.07994869602394186
Haltebiigel 0.5377871825876662 0.07866609662248825 0.5773881499395405 0.07866609662248825 0.5773881499395405 0.09277469003847798 0.5377871825876662 0.09277469003847798
Kastenleiter 0.022370012091898428 0.09362975630611373 0.06136638452237001 0.09362975630611373 0.06136638452237001 0.10175288584865327 0.022370012091898428 0.10175288584865327
komplett, 0.06378476420798065 0.09362975630611373 0.093409915356711 0.09362975630611373 0.093409915356711 0.10346301838392476 0.06378476420798065 0.10346301838392476
Zustiegsieiter: 0.09613059250302297 0.09320222317229586 0.14117291414752117 0.09320222317229586 0.14117291414752117 0.10389055151774262 0.09613059250302297 0.10389055151774262
Laufschiene 0.2781136638452237 0.08636169303120991 0.3334340991535671 0.08636169303120991 0.3334340991535671 0.09790508764429243 0.2781136638452237 0.09790508764429243
der 0.33615477629987905 0.08636169303120991 0.35066505441354295 0.08636169303120991 0.35066505441354295 0.09790508764429243 0.33615477629987905 0.09790508764429243
bi 0.5323458282950423 0.08935442496793501 0.5438331318016929 0.08935442496793501 0.5438331318016929 0.11244121419410004 0.5323458282950423 0.11244121419410004
indse 0.5592503022974608 0.09961522017956391 0.5689238210399032 0.09961522017956391 0.5689238210399032 0.10175288584865327 0.5592503022974608 0.10175288584865327
Abkleb 0.5813180169286578 0.09961522017956391 0.6079201934703748 0.09961522017956391 0.6079201934703748 0.11073108165882856 0.5813180169286578 0.11073108165882856
2-lagi 0.6260580411124547 0.09961522017956391 0.6305925030229746 0.09961522017956391 0.6305925030229746 0.11073108165882856 0.6260580411124547 0.11073108165882856
pulverbeschichtet 0.022370012091898428 0.10602821718683197 0.0804111245465538 0.10602821718683197 0.0804111245465538 0.12056434373663959 0.022370012091898428 0.12056434373663959
Tiger 0.08282950423216445 0.10602821718683197 0.09975816203143893 0.10602821718683197 0.09975816203143893 0.11671654553227875 0.08282950423216445 0.11671654553227875
Dryiac 0.10187424425634825 0.10602821718683197 0.12212817412333736 0.10602821718683197 0.12212817412333736 0.11671654553227875 0.10187424425634825 0.11671654553227875
68 0.12424425634824668 0.10602821718683197 0.13240628778718258 0.10602821718683197 0.13240628778718258 0.11415134672937152 0.12424425634824668 0.11415134672937152
Mica 0.1354292623941959 0.10602821718683197 0.15024183796856105 0.10602821718683197 0.15024183796856105 0.12056434373663959 0.1354292623941959 0.12056434373663959
16 0.15326481257557437 0.10602821718683197 0.1608222490931076 0.10602821718683197 0.1608222490931076 0.11415134672937152 0.15326481257557437 0.11415134672937152
(hell) 0.16293833131801694 0.10602821718683197 0.17896009673518742 0.10602821718683197 0.17896009673518742 0.11671654553227875 0.16293833131801694 0.11671654553227875
Befahranlage 0.2781136638452237 0.10431808465156049 0.3388754534461911 0.10431808465156049 0.3388754534461911 0.11842667806755024 0.2781136638452237 0.11842667806755024
an 0.34159613059250304 0.10688328345446772 0.3524788391777509 0.10688328345446772 0.3524788391777509 0.11543394613082514 0.34159613059250304 0.11543394613082514
bituminése 0.5359733978234583 0.10004275331338179 0.5788996372430472 0.10004275331338179 0.5788996372430472 0.11286874732791792 0.5359733978234583 0.11286874732791792
Abklebung, 0.5873639661426844 0.10004275331338179 0.6233373639661427 0.10004275331338179 0.6233373639661427 0.11329628046173579 0.5873639661426844 0.11329628046173579
2-lagig 0.6272672309552599 0.09961522017956391 0.6505441354292624 0.09961522017956391 0.6505441354292624 0.11372381359555365 0.6272672309552599 0.11372381359555365
inal 0.07496977025392987 0.11671654553227875 0.08796856106408706 0.11671654553227875 0.08796856106408706 0.14365113296280463 0.07496977025392987 0.14365113296280463
al 0.09250302297460701 0.1188542112013681 0.10671100362756952 0.1188542112013681 0.10671100362756952 0.14194100042753313 0.09250302297460701 0.14194100042753313
IRE 0.1457073760580411 0.11714407866609662 0.15417170495767835 0.11714407866609662 0.15417170495767835 0.13766566908935443 0.1457073760580411 0.13766566908935443
NCSL 0.15598548972188633 0.1188542112013681 0.1865175332527207 0.1188542112013681 0.1865175332527207 0.12697734074390765 0.15598548972188633 0.12697734074390765
Aufkantung 0.2781136638452237 0.1218469431380932 0.3304111245465538 0.1218469431380932 0.3304111245465538 0.13638306968790082 0.2781136638452237 0.13638306968790082
sind 0.3340386940749698 0.1218469431380932 0.3524788391777509 0.1218469431380932 0.3524788391777509 0.1333903377511757 0.3340386940749698 0.1333903377511757
Leistung 0.3564087061668682 0.1218469431380932 0.3935912938331318 0.1218469431380932 0.3935912938331318 0.13638306968790082 0.3564087061668682 0.13638306968790082
Mehrschichtplatte, 0.5377871825876662 0.12099187687045745 0.6070133010882709 0.12099187687045745 0.6070133010882709 0.13467293715262932 0.5377871825876662 0.13467293715262932
durchgehend, 0.6100362756952842 0.12099187687045745 0.660217654171705 0.12099187687045745 0.660217654171705 0.13467293715262932 0.6100362756952842 0.13467293715262932
d= 0.6629383313180169 0.12099187687045745 0.6723095525997581 0.12099187687045745 0.6723095525997581 0.13210773834972211 0.6629383313180169 0.13210773834972211
25mm 0.6747279322853688 0.12099187687045745 0.6974002418379686 0.12099187687045745 0.6974002418379686 0.13210773834972211 0.6747279322853688 0.13210773834972211
Untere 0.022370012091898428 0.14407866609662248 0.044135429262394194 0.14407866609662248 0.044135429262394194 0.1526293287729799 0.022370012091898428 0.1526293287729799
Stiitzschiene: 0.046553808948004836 0.14407866609662248 0.09068923821039904 0.14407866609662248 0.09068923821039904 0.1526293287729799 0.046553808948004836 0.1526293287729799
pulverbeschichtet 0.09371221281741234 0.14407866609662248 0.15114873035066506 0.14407866609662248 0.15114873035066506 0.15433946130825138 0.09371221281741234 0.15433946130825138
Tiger 0.15356711003627568 0.14407866609662248 0.17019347037484886 0.14407866609662248 0.17019347037484886 0.15433946130825138 0.15356711003627568 0.15433946130825138
Drylac 0.17261185006045948 0.14407866609662248 0.1925634824667473 0.14407866609662248 0.1925634824667473 0.15433946130825138 0.17261185006045948 0.15433946130825138
68 0.1946795646916566 0.14407866609662248 0.2028415961305925 0.14407866609662248 0.2028415961305925 0.1526293287729799 0.1946795646916566 0.1526293287729799
Elektro-Firma 0.2781136638452237 0.13766566908935443 0.3388754534461911 0.13766566908935443 0.3388754534461911 0.15647712697734073 0.2781136638452237 0.15647712697734073
Mineralwolle 0.5377871825876662 0.14194100042753313 0.585247883917775 0.14194100042753313 0.585247883917775 0.15476699444206926 0.5377871825876662 0.15476699444206926
60mm, 0.5873639661426844 0.13852073535699017 0.6115477629987908 0.13852073535699017 0.6115477629987908 0.1573321932449765 0.5873639661426844 0.1573321932449765
nicht 0.6130592503022975 0.14194100042753313 0.6342200725513906 0.14194100042753313 0.6342200725513906 0.15476699444206926 0.6130592503022975 0.15476699444206926
brennbar, 0.6378476420798065 0.14194100042753313 0.6720072551390568 0.14194100042753313 0.6720072551390568 0.15519452757588714 0.6378476420798065 0.15519452757588714
zw. 0.6744256348246674 0.14493373236425822 0.6865175332527207 0.14493373236425822 0.6865175332527207 0.15305686190679776 0.6744256348246674 0.15305686190679776
Bohlen 0.689540507859734 0.14151346729371525 0.7149334945586457 0.14151346729371525 0.7149334945586457 0.15476699444206926 0.689540507859734 0.15476699444206926
eee 0.022370012091898428 0.1569046601111586 0.06680773881499395 0.1569046601111586 0.06680773881499395 0.1671654553227875 0.022370012091898428 0.1671654553227875
Holzbohle 0.5374848851269649 0.1628901239846088 0.5755743651753326 0.1628901239846088 0.5755743651753326 0.1761436511329628 0.5374848851269649 0.1761436511329628
ca. 0.5773881499395405 0.16545532278751604 0.5873639661426844 0.16545532278751604 0.5873639661426844 0.1761436511329628 0.5773881499395405 0.1761436511329628
6x20cm, 0.587968561064087 0.1628901239846088 0.657496977025393 0.1628901239846088 0.657496977025393 0.1761436511329628 0.587968561064087 0.1761436511329628
a= 0.6239419588875453 0.15904232578024796 0.6360338573155986 0.15904232578024796 0.6360338573155986 0.18127404873877725 0.6239419588875453 0.18127404873877725
80cm 0.6357315598548973 0.1628901239846088 0.657496977025393 0.1628901239846088 0.657496977025393 0.1761436511329628 0.6357315598548973 0.1761436511329628
Befahranlagenschwerter 0.022370012091898428 0.16930312099187686 0.10278113663845223 0.16930312099187686 0.10278113663845223 0.17999144933732364 0.022370012091898428 0.17999144933732364
in 0.10459492140266022 0.16973065412569474 0.10973397823458284 0.16973065412569474 0.10973397823458284 0.1774262505344164 0.10459492140266022 0.1774262505344164
Edelstahl 0.11275695284159613 0.16930312099187686 0.14238210399032647 0.16930312099187686 0.14238210399032647 0.1778537836682343 0.11275695284159613 0.1778537836682343
1.4301 0.14540507859733978 0.16973065412569474 0.16656590084643288 0.16973065412569474 0.16656590084643288 0.1774262505344164 0.14540507859733978 0.1774262505344164
Befestigungsmittel 0.022370012091898428 0.18255664814023087 0.08282950423216445 0.18255664814023087 0.08282950423216445 0.19281744335185977 0.022370012091898428 0.19281744335185977
/ 0.08464328899637243 0.18255664814023087 0.08706166868198308 0.18255664814023087 0.08706166868198308 0.19025224454895254 0.08464328899637243 0.19025224454895254
Zubehér 0.08948004836759371 0.18255664814023087 0.11668681983071343 0.18255664814023087 0.11668681983071343 0.19067977768277042 0.08948004836759371 0.19067977768277042
in 0.11880290205562273 0.18255664814023087 0.12424425634824668 0.18255664814023087 0.12424425634824668 0.19067977768277042 0.11880290205562273 0.19067977768277042
A4 0.12605804111245467 0.18255664814023087 0.13512696493349455 0.18255664814023087 0.13512696493349455 0.19067977768277042 0.12605804111245467 0.19067977768277042
gts 0.041112454655380895 0.2056434373663959 0.05592503022974607 0.2056434373663959 0.05592503022974607 0.22830269345874304 0.041112454655380895 0.22830269345874304
i 0.21523579201934703 0.21975203078238564 0.2587666263603386 0.21975203078238564 0.2587666263603386 0.22359982898674646 0.21523579201934703 0.22359982898674646
aie 0.4014510278113664 0.21804189824711415 0.4785368802902056 0.21804189824711415 0.4785368802902056 0.22231722958529285 0.4014510278113664 0.22231722958529285
i 0.4788391777509069 0.22060709705002138 0.5054413542926239 0.22060709705002138 0.5054413542926239 0.221889696451475 0.4788391777509069 0.221889696451475
ni 0.713422007255139 0.22103463018383926 0.7303506650544136 0.22103463018383926 0.7303506650544136 0.2214621633176571 0.713422007255139 0.2214621633176571
#19290 0.19014510278113664 0.2201795639162035 0.2140266021765417 0.2201795639162035 0.2140266021765417 0.24882428388200087 0.19014510278113664 0.24882428388200087
tka 0.2914147521160822 0.23386062419837536 0.2926239419588875 0.23386062419837536 0.2926239419588875 0.23557075673364686 0.2914147521160822 0.23557075673364686
= 0.30773881499395406 0.2394185549380077 0.31076178960096734 0.2394185549380077 0.31076178960096734 0.24155622060709706 0.30773881499395406 0.24155622060709706
LV- 0.32678355501813783 0.23984608807182556 0.32980652962515117 0.23984608807182556 0.32980652962515117 0.24155622060709706 0.32678355501813783 0.24155622060709706
wy 0.18833131801692865 0.23599828986746474 0.21493349455864572 0.23599828986746474 0.21493349455864572 0.2659256092347157 0.18833131801692865 0.2659256092347157
eS 0.3143893591293833 0.2334330910645575 0.37817412333736394 0.2334330910645575 0.37817412333736394 0.24497648567764002 0.3143893591293833 0.24497648567764002
Attika-Bleche 0.6239419588875453 0.2419837537409149 0.6738210399032648 0.2419837537409149 0.6738210399032648 0.2599401453612655 0.6239419588875453 0.2599401453612655
im 0.6765417170495768 0.2419837537409149 0.6853083434099153 0.2419837537409149 0.6853083434099153 0.25951261222744765 0.6765417170495768 0.25951261222744765
Eckbereich 0.6883313180169287 0.2419837537409149 0.7291414752116082 0.2419837537409149 0.7291414752116082 0.25309961522017954 0.6883313180169287 0.25309961522017954
Attika 0.0782950423216445 0.26336041043180847 0.10429262394195889 0.26336041043180847 0.10429262394195889 0.274903805044891 0.0782950423216445 0.274903805044891
- 0.10792019347037485 0.2697734074390765 0.11064087061668681 0.2697734074390765 0.11064087061668681 0.271483539974348 0.10792019347037485 0.271483539974348
LV-Pos.1.1.64 0.11457073760580411 0.26336041043180847 0.17835550181378476 0.26336041043180847 0.17835550181378476 0.27533133817870886 0.11457073760580411 0.27533133817870886
+ 0.1816807738814994 0.2654980761008978 0.186819830713422 0.2654980761008978 0.186819830713422 0.2731936725096195 0.1816807738814994 0.2731936725096195
SS 0.2512091898428053 0.27276613937580163 0.3010882708585248 0.27276613937580163 0.3010882708585248 0.27704147071398033 0.2512091898428053 0.27704147071398033
; 0.3769649334945586 0.27276613937580163 0.37817412333736394 0.27276613937580163 0.37817412333736394 0.2731936725096195 0.3769649334945586 0.2731936725096195
1 0.4165659008464329 0.25951261222744765 0.4192865779927449 0.25951261222744765 0.4192865779927449 0.27533133817870886 0.4165659008464329 0.27533133817870886
|| 0.4452841596130592 0.274903805044891 0.46342200725513905 0.274903805044891 0.46342200725513905 0.28430953398888414 0.4452841596130592 0.28430953398888414
| 0.507255139056832 0.27575887131252674 0.5075574365175333 0.27575887131252674 0.5075574365175333 0.27704147071398033 0.507255139056832 0.27704147071398033
___ 0.6091293833131801 0.2702009405728944 0.6097339782345829 0.2702009405728944 0.6097339782345829 0.27105600684053016 0.6091293833131801 0.27105600684053016
St6Be 0.6242442563482467 0.2578024796921761 0.6469165659008465 0.2578024796921761 0.6469165659008465 0.2689183411714408 0.6242442563482467 0.2689183411714408
geschweikt 0.6493349455864571 0.2578024796921761 0.6916565900846433 0.2578024796921761 0.6916565900846433 0.27191107310816587 0.6493349455864571 0.27191107310816587
- 0.8198307134220073 0.27233860624198375 0.8288996372430472 0.27233860624198375 0.8288996372430472 0.2834544677212484 0.8198307134220073 0.2834544677212484
1.1.65 0.07799274486094317 0.28131680205215903 0.10580411124546554 0.28131680205215903 0.10580411124546554 0.29286019666524155 0.07799274486094317 0.29286019666524155
Ausfiihrung 0.10852478839177751 0.28131680205215903 0.1608222490931076 0.28131680205215903 0.1608222490931076 0.29585292860196666 0.10852478839177751 0.29585292860196666
| 0.23760580411124546 0.2877297990594271 0.2379081015719468 0.2877297990594271 0.2379081015719468 0.3159469858914066 0.23760580411124546 0.3159469858914066
| 0.24939540507859734 0.2736212056434374 0.2503022974607013 0.2736212056434374 0.2503022974607013 0.31209918768704575 0.24939540507859734 0.31209918768704575
ig 0.28627569528415964 0.2834544677212484 0.30713422007255137 0.2834544677212484 0.30713422007255137 0.30440359127832406 0.28627569528415964 0.30440359127832406
hi” 0.3083434099153567 0.27960666951688756 0.344316807738815 0.27960666951688756 0.344316807738815 0.30739632321504917 0.3083434099153567 0.30739632321504917
SSS 0.41021765417170497 0.2851646002565199 0.4785368802902056 0.2851646002565199 0.4785368802902056 0.2902949978623343 0.41021765417170497 0.2902949978623343
SS 0.4906287787182588 0.27533133817870886 0.50453446191052 0.27533133817870886 0.50453446191052 0.30141085934159895 0.4906287787182588 0.30141085934159895
wed 0.8137847642079806 0.28388200085506626 0.8346432889963724 0.28388200085506626 0.8346432889963724 0.28815733219324496 0.8137847642079806 0.28815733219324496
Breite 0.13603385731559856 0.2992731936725096 0.16203143893591293 0.2992731936725096 0.16203143893591293 0.3108165882855921 0.13603385731559856 0.3108165882855921
nach 0.16505441354292624 0.2992731936725096 0.1865175332527207 0.2992731936725096 0.1865175332527207 0.3108165882855921 0.16505441354292624 0.3108165882855921
ane 0.032345828295042324 0.3223599828986746 0.05048367593712213 0.3223599828986746 0.05048367593712213 0.3347584437793929 0.032345828295042324 0.3347584437793929
Aufma 0.07799274486094317 0.3138093202223172 0.10701330108827085 0.3138093202223172 0.10701330108827085 0.3334758443779393 0.07799274486094317 0.3334758443779393
3 0.2279322853688029 0.31680205215904234 0.2379081015719468 0.31680205215904234 0.2379081015719468 0.33304831124412143 0.2279322853688029 0.33304831124412143
sai 0.281136638452237 0.3159469858914066 0.2929262394195889 0.3159469858914066 0.2929262394195889 0.33561351004702866 0.281136638452237 0.33561351004702866
24101 0.19347037484885127 0.38093202223172296 0.22762998790810157 0.38093202223172296 0.22762998790810157 0.39418554938007694 0.19347037484885127 0.39418554938007694
_ 0.22551390568319227 0.3710987601539119 0.23216444981862153 0.3710987601539119 0.23216444981862153 0.3993159469858914 0.22551390568319227 0.3993159469858914
| 0.23367593712212817 0.3710987601539119 0.23730350665054414 0.3710987601539119 0.23730350665054414 0.3993159469858914 0.23367593712212817 0.3993159469858914
19.165 0.19649334945586458 0.41769987174005985 0.21432889963724305 0.41769987174005985 0.21432889963724305 0.42924326635314236 0.19649334945586458 0.42924326635314236
" 0.2279322853688029 0.3988884138520735 0.23941958887545345 0.3988884138520735 0.23941958887545345 0.42838820008550665 0.2279322853688029 0.42838820008550665
+19, 0.1928657799274486 0.4202650705429671 0.20405078597339782 0.4202650705429671 0.20405078597339782 0.4288157332193245 0.1928657799274486 0.4288157332193245
= 0.8506650544135429 0.42069260367678496 0.8564087061668681 0.42069260367678496 0.8564087061668681 0.4275331338178709 0.8506650544135429 0.4275331338178709
<x 0.9842805320435308 0.42112013681060284 0.9921402660217654 0.42112013681060284 0.9921402660217654 0.43095339888841383 0.9842805320435308 0.43095339888841383
ww. 0.18591293833131803 0.43394613082513894 0.2379081015719468 0.43394613082513894 0.2379081015719468 0.4523300555793074 0.18591293833131803 0.4523300555793074
a 0.22823458282950423 0.4493373236425823 0.2379081015719468 0.4493373236425823 0.2379081015719468 0.46173578452330055 0.22823458282950423 0.46173578452330055
ree 0.2560459492140266 0.4548952543822146 0.26934703748488514 0.4548952543822146 0.26934703748488514 0.46173578452330055 0.2560459492140266 0.46173578452330055
a 0.8506650544135429 0.44848225737494657 0.8567110036275696 0.44848225737494657 0.8567110036275696 0.4557503206498504 0.8506650544135429 0.4557503206498504
| 0.23760580411124546 0.4685763146643865 0.2379081015719468 0.4685763146643865 0.2379081015719468 0.4715690466011116 0.23760580411124546 0.4715690466011116
| 0.24153567110036275 0.4566053869174861 0.24667472793228537 0.4566053869174861 0.24667472793228537 0.47840957674219753 0.24153567110036275 0.47840957674219753
Ae 0.25967351874244254 0.47413424540401883 0.2599758162031439 0.47413424540401883 0.2599758162031439 0.47669944420692606 0.25967351874244254 0.47669944420692606
ira} 0.846130592503023 0.4506199230440359 0.8576178960096735 0.4506199230440359 0.8576178960096735 0.4698589140658401 0.846130592503023 0.4698589140658401
= 0.9842805320435308 0.4548952543822146 0.9921402660217654 0.4548952543822146 0.9921402660217654 0.4745617785378367 0.9842805320435308 0.4745617785378367
112720 0.17684401451027812 0.49380076955964086 0.20435308343409916 0.49380076955964086 0.20435308343409916 0.5207353569901667 0.17684401451027812 0.5207353569901667
a 0.7908101571946796 0.496793501496366 0.7932285368802902 0.496793501496366 0.7932285368802902 0.49722103463018386 0.7908101571946796 0.49722103463018386
= 0.9873035066505441 0.49551090209491233 0.9987908101571947 0.49551090209491233 0.9987908101571947 0.4993587002992732 0.9873035066505441 0.4993587002992732
400 0.7478839177750907 0.5130397605814451 0.7614873035066505 0.5130397605814451 0.7614873035066505 0.5386917486105173 0.7478839177750907 0.5386917486105173
155 0.910217654171705 0.5211628901239846 0.9238210399032648 0.5211628901239846 0.9238210399032648 0.5322787516032492 0.910217654171705 0.5322787516032492
f= 0.0 0.5468148781530568 0.017230955259975818 0.5468148781530568 0.017230955259975818 0.5647712697734074 0.0 0.5647712697734074
@ 0.05713422007255139 0.5468148781530568 0.06983071342200725 0.5468148781530568 0.06983071342200725 0.5647712697734074 0.05713422007255139 0.5647712697734074
oh 0.06559854897218863 0.5532278751603249 0.08010882708585249 0.5532278751603249 0.08010882708585249 0.5604959384352287 0.06559854897218863 0.5604959384352287
‘ 0.12605804111245467 0.5566481402308678 0.1275695284159613 0.5566481402308678 0.1275695284159613 0.5587858058999573 0.12605804111245467 0.5587858058999573
Alu-Schutzblech 0.8654776299879081 0.5451047456177853 0.9262394195888755 0.5451047456177853 0.9262394195888755 0.5566481402308678 0.8654776299879081 0.5566481402308678
Zeichnung 0.11003627569528417 0.5566481402308678 0.17019347037484886 0.5566481402308678 0.17019347037484886 0.5741769987174006 0.11003627569528417 0.5741769987174006
geteilt 0.17472793228536881 0.5566481402308678 0.20858524788391777 0.5566481402308678 0.20858524788391777 0.5741769987174006 0.17472793228536881 0.5741769987174006
Wy 0.7563482466747279 0.5579307396323215 0.8165054413542926 0.5579307396323215 0.8165054413542926 0.5767421975203079 0.7563482466747279 0.5767421975203079
d= 0.8654776299879081 0.5613510047028645 0.8751511487303507 0.5613510047028645 0.8751511487303507 0.5724668661821292 0.8654776299879081 0.5724668661821292
3cm, 0.878174123337364 0.5613510047028645 0.8960096735187424 0.5613510047028645 0.8960096735187424 0.5741769987174006 0.878174123337364 0.5741769987174006
hinterlifftet, 0.8993349455864571 0.5613510047028645 0.939540507859734 0.5613510047028645 0.939540507859734 0.5741769987174006 0.8993349455864571 0.5741769987174006
| 0.0009068923821039903 0.5758871312526721 0.0015114873035066505 0.5758871312526721 0.0015114873035066505 0.5814450619923044 0.0009068923821039903 0.5814450619923044
| 0.06076178960096735 0.5831551945275759 0.06438935912938332 0.5831551945275759 0.06438935912938332 0.6032492518170158 0.06076178960096735 0.6032492518170158
gees 0.11003627569528417 0.5784523300555793 0.17714631197097944 0.5784523300555793 0.17714631197097944 0.595981188542112 0.11003627569528417 0.595981188542112
al 0.8029020556227328 0.5874305258657546 0.8146916565900847 0.5874305258657546 0.8146916565900847 0.5998289867464729 0.8029020556227328 0.5998289867464729
Il 0.8240628778718259 0.5699016673792219 0.8328295042321644 0.5699016673792219 0.8328295042321644 0.6169303120991877 0.8240628778718259 0.6169303120991877
Se 0.8464328899637243 0.5699016673792219 0.8548972188633616 0.5699016673792219 0.8548972188633616 0.6169303120991877 0.8464328899637243 0.6169303120991877
Pec 0.02267230955259976 0.6036767849508337 0.046553808948004836 0.6036767849508337 0.046553808948004836 0.6156477126977341 0.02267230955259976 0.6156477126977341
siehe 0.11003627569528417 0.6006840530141085 0.14026602176541716 0.6006840530141085 0.14026602176541716 0.6143651132962804 0.11003627569528417 0.6143651132962804
D074 0.14540507859733978 0.6006840530141085 0.17503022974607013 0.6006840530141085 0.17503022974607013 0.6143651132962804 0.14540507859733978 0.6143651132962804
a 0.7989721886336155 0.5976913210773835 0.808645707376058 0.5976913210773835 0.808645707376058 0.6246259085079093 0.7989721886336155 0.6246259085079093
| 0.8143893591293833 0.6075245831551945 0.8146916565900847 0.6075245831551945 0.8146916565900847 0.6177853783668235 0.8143893591293833 0.6177853783668235
ee 0.8609431680773881 0.6053869174861052 0.879081015719468 0.6053869174861052 0.879081015719468 0.6250534416417273 0.8609431680773881 0.6250534416417273
Ubersichtsplan 0.10368802902055622 0.6186404446344592 0.19347037484885127 0.6186404446344592 0.19347037484885127 0.6472851646002565 0.10368802902055622 0.6472851646002565
=U! 0.8001813784764208 0.6203505771697306 0.8146916565900847 0.6203505771697306 0.8146916565900847 0.6361693031209918 0.8001813784764208 0.6361693031209918
|| 0.817714631197098 0.6186404446344592 0.8400846432889963 0.6186404446344592 0.8400846432889963 0.6498503634031637 0.817714631197098 0.6498503634031637
wy 0.8503627569528416 0.6229157759726379 0.8863361547762999 0.6229157759726379 0.8863361547762999 0.6481402308678923 0.8503627569528416 0.6481402308678923
siehe 0.11003627569528417 0.6468576314664386 0.14026602176541716 0.6468576314664386 0.14026602176541716 0.6609662248824284 0.11003627569528417 0.6609662248824284
D078 0.14540507859733978 0.6468576314664386 0.17503022974607013 0.6468576314664386 0.17503022974607013 0.6609662248824284 0.14540507859733978 0.6609662248824284
Can 0.7415356711003628 0.6344591705857204 0.7578597339782346 0.6344591705857204 0.7578597339782346 0.6643864899529713 0.7415356711003628 0.6643864899529713
| 0.8246674727932285 0.6412997007268063 0.8249697702539298 0.6412997007268063 0.8249697702539298 0.6665241556220607 0.8246674727932285 0.6665241556220607
| 0.08071342200725513 0.6767849508336896 0.08313180169286578 0.6767849508336896 0.08313180169286578 0.6784950833689611 0.08071342200725513 0.6784950833689611
Halfenschiene 0.5193470374848851 0.6626763574176999 0.5722490931076178 0.6626763574176999 0.5722490931076178 0.6742197520307824 0.5193470374848851 0.6742197520307824
a 0.7478839177750907 0.6639589568191535 0.7554413542926239 0.6639589568191535 0.7554413542926239 0.6780675502351432 0.7478839177750907 0.6780675502351432
bl 0.7986698911729141 0.6626763574176999 0.808645707376058 0.6626763574176999 0.808645707376058 0.6784950833689611 0.7986698911729141 0.6784950833689611
| 0.8143893591293833 0.6601111586147926 0.8146916565900847 0.6601111586147926 0.8146916565900847 0.6703719538264216 0.8143893591293833 0.6703719538264216
ihe 0.08464328899637243 0.6707994869602394 0.12001209189842806 0.6707994869602394 0.12001209189842806 0.6955964087216759 0.08464328899637243 0.6955964087216759
i 0.499093107617896 0.6767849508336896 0.501813784764208 0.6767849508336896 0.501813784764208 0.6883283454467721 0.499093107617896 0.6883283454467721
HTA40/22 0.5196493349455864 0.6784950833689611 0.5568319226118501 0.6784950833689611 0.5568319226118501 0.6900384779820437 0.5196493349455864 0.6900384779820437
1H 0.7998790810157195 0.678922616502779 0.8080411124546554 0.678922616502779 0.8080411124546554 0.6934587430525866 0.7998790810157195 0.6934587430525866
| 0.8074365175332527 0.6707994869602394 0.8134824667472793 0.6707994869602394 0.8134824667472793 0.6955964087216759 0.8074365175332527 0.6955964087216759
| 0.0009068923821039903 0.6977340743907653 0.0015114873035066505 0.6977340743907653 0.0015114873035066505 0.7037195382642155 0.0009068923821039903 0.7037195382642155
300mm 0.5272067714631197 0.6943138093202224 0.5583434099153567 0.6943138093202224 0.5583434099153567 0.7071398033347585 0.5272067714631197 0.7071398033347585
$7 0.742744860943168 0.6904660111158615 0.7690447400241838 0.6904660111158615 0.7690447400241838 0.7097050021376656 0.742744860943168 0.7097050021376656
NL 0.788391777509069 0.6934587430525866 0.8146916565900847 0.6934587430525866 0.8146916565900847 0.708422402736212 0.788391777509069 0.708422402736212
as 0.0003022974607013301 0.7208208636169303 0.10882708585247884 0.7208208636169303 0.10882708585247884 0.7383497221034631 0.0003022974607013301 0.7383497221034631
FESTPUNKT 0.5039298669891172 0.7139803334758443 0.5456469165659008 0.7139803334758443 0.5456469165659008 0.7456177853783669 0.5039298669891172 0.7456177853783669
Normatbereich 0.5474607013301088 0.7139803334758443 0.5979443772672309 0.7139803334758443 0.5979443772672309 0.7456177853783669 0.5474607013301088 0.7456177853783669
| 0.7484885126964933 0.7332193244976486 0.7493954050785974 0.7332193244976486 0.7493954050785974 0.7340743907652844 0.7484885126964933 0.7340743907652844
} 0.8074365175332527 0.7156904660111159 0.8083434099153567 0.7156904660111159 0.8083434099153567 0.7268063274903805 0.8074365175332527 0.7268063274903805
Haltewinkel(Lospunkt) 0.8660822249093107 0.7225309961522018 0.9507255139056832 0.7225309961522018 0.9507255139056832 0.7404873877725524 0.8660822249093107 0.7404873877725524
siehe 0.5039298669891172 0.741769987174006 0.5214631197097944 0.741769987174006 0.5214631197097944 0.7498931167165456 0.5039298669891172 0.7498931167165456
auch 0.5238814993954051 0.741769987174006 0.5399032648125756 0.741769987174006 0.5399032648125756 0.7498931167165456 0.5238814993954051 0.7498931167165456
Statik 0.5423216444981862 0.741769987174006 0.5601571946795647 0.741769987174006 0.5601571946795647 0.7498931167165456 0.5423216444981862 0.7498931167165456
zur 0.5628778718258767 0.7439076528430953 0.5728536880290206 0.7439076528430953 0.5728536880290206 0.7498931167165456 0.5628778718258767 0.7498931167165456
Pos. 0.5752720677146312 0.741769987174006 0.5891777509068924 0.741769987174006 0.5891777509068924 0.7498931167165456 0.5752720677146312 0.7498931167165456
| 0.8077388149939541 0.7507481829841812 0.808645707376058 0.7507481829841812 0.808645707376058 0.7520307823856349 0.8077388149939541 0.7520307823856349
Ut 0.8276904474002419 0.7507481829841812 0.835247883917775 0.7507481829841812 0.835247883917775 0.7524583155194527 0.8276904474002419 0.7524583155194527
mit 0.8660822249093107 0.7396323215049166 0.8772672309552599 0.7396323215049166 0.8772672309552599 0.751603249251817 0.8660822249093107 0.751603249251817
T-Profil 0.8793833131801693 0.7387772552372809 0.9059854897218863 0.7387772552372809 0.9059854897218863 0.751603249251817 0.8793833131801693 0.751603249251817
1.1.27, 0.5039298669891172 0.7545959811885421 0.5259975816203144 0.7545959811885421 0.5259975816203144 0.7635741769987174 0.5039298669891172 0.7635741769987174
Detail 0.5290205562273277 0.7541684480547243 0.5468561064087062 0.7541684480547243 0.5468561064087062 0.7627191107310817 0.5290205562273277 0.7627191107310817
3.1 0.5492744860943168 0.7541684480547243 0.5583434099153567 0.7541684480547243 0.5583434099153567 0.7622915775972637 0.5492744860943168 0.7622915775972637
+ 0.5616686819830713 0.7558785805899957 0.5655985489721886 0.7558785805899957 0.5655985489721886 0.7610089781958101 0.5616686819830713 0.7610089781958101
3.4 0.5680169286577993 0.7541684480547243 0.5779927448609432 0.7541684480547243 0.5779927448609432 0.7622915775972637 0.5680169286577993 0.7622915775972637
H-Schnitt 0.5039298669891172 0.7669944420692604 0.533857315598549 0.7669944420692604 0.533857315598549 0.7751175716118 0.5039298669891172 0.7751175716118
siehe 0.5359733978234583 0.7669944420692604 0.5535066505441354 0.7669944420692604 0.5535066505441354 0.7751175716118 0.5359733978234583 0.7751175716118
D042 0.5562273276904474 0.7669944420692604 0.5734582829504232 0.7669944420692604 0.5734582829504232 0.7751175716118 0.5562273276904474 0.7751175716118
+ 0.5758766626360339 0.768277041470714 0.5798065296251511 0.768277041470714 0.5798065296251511 0.7738349722103463 0.5758766626360339 0.7738349722103463
064 0.5819226118500604 0.7669944420692604 0.5940145102781137 0.7669944420692604 0.5940145102781137 0.7751175716118 0.5819226118500604 0.7751175716118
. 0.9585852478839177 0.7755451047456178 0.961608222490931 0.7755451047456178 0.961608222490931 0.7776827704147071 0.9585852478839177 0.7776827704147071
| 0.8074365175332527 0.7759726378794357 0.8080411124546554 0.7759726378794357 0.8080411124546554 0.7866609662248825 0.8074365175332527 0.7866609662248825
Mineralwolle-Fassadendammplatte 0.8660822249093107 0.7755451047456178 0.9963724304715841 0.7755451047456178 0.9963724304715841 0.7892261650277896 0.8660822249093107 0.7892261650277896
| 0.18228536880290205 0.7917913638306969 0.1825876662636034 0.7917913638306969 0.1825876662636034 0.7935014963659683 0.18228536880290205 0.7935014963659683
Sh 0.49365175332527206 0.7917913638306969 0.5429262394195888 0.7917913638306969 0.5429262394195888 0.8054724241128688 0.49365175332527206 0.8054724241128688
— 0.5489721886336155 0.7858058999572467 0.5516928657799275 0.7858058999572467 0.5516928657799275 0.8071825566481402 0.5489721886336155 0.8071825566481402
1 0.6127569528415961 0.798204360837965 0.6172914147521161 0.798204360837965 0.6172914147521161 0.8114578879863189 0.6127569528415961 0.8114578879863189
nicht 0.8660822249093107 0.791363830696879 0.8839177750906893 0.791363830696879 0.8839177750906893 0.8024796921761437 0.8660822249093107 0.8024796921761437
brennbar, 0.8869407496977025 0.791363830696879 0.9214026602176542 0.791363830696879 0.9214026602176542 0.8037622915775973 0.8869407496977025 0.8037622915775973
Anker 0.5108827085852479 0.8114578879863189 0.5332527206771464 0.8114578879863189 0.5332527206771464 0.8225737494655836 0.5108827085852479 0.8225737494655836
2 0.5359733978234583 0.8114578879863189 0.5405078597339782 0.8114578879863189 0.5405078597339782 0.8225737494655836 0.5359733978234583 0.8225737494655836
Stick 0.5429262394195888 0.8114578879863189 0.563180169286578 0.8114578879863189 0.563180169286578 0.8230012825994014 0.5429262394195888 0.8230012825994014
| 0.7787182587666264 0.8063274903805044 0.7796251511487303 0.8063274903805044 0.7796251511487303 0.8174433518597691 0.7787182587666264 0.8174433518597691
d= 0.8657799274486094 0.8071825566481402 0.8751511487303507 0.8071825566481402 0.8751511487303507 0.817870884993587 0.8657799274486094 0.817870884993587
100mm, 0.878174123337364 0.8067550235143224 0.908403869407497 0.8067550235143224 0.908403869407497 0.8195810175288585 0.878174123337364 0.8195810175288585
WLG 0.9114268440145102 0.8067550235143224 0.9298669891172914 0.8067550235143224 0.9298669891172914 0.8182984181274049 0.9114268440145102 0.8182984181274049
035 0.9325876662636033 0.8067550235143224 0.9458887545344619 0.8067550235143224 0.9458887545344619 0.8182984181274049 0.9325876662636033 0.8182984181274049
Fischer 0.5111850060459492 0.8272766139375801 0.5386940749697703 0.8272766139375801 0.5386940749697703 0.8388200085506626 0.5111850060459492 0.8388200085506626
FAZ 0.5411124546553809 0.8272766139375801 0.5568319226118501 0.8272766139375801 0.5568319226118501 0.8383924754168448 0.5411124546553809 0.8383924754168448
8/10 0.5556227327690447 0.82129115006413 0.5758766626360339 0.82129115006413 0.5758766626360339 0.8448054724241129 0.5556227327690447 0.8448054724241129
A4 0.5792019347037485 0.82129115006413 0.5885731559854898 0.82129115006413 0.5885731559854898 0.8448054724241129 0.5792019347037485 0.8448054724241129
B 0.5958282950423216 0.8264215476699445 0.6058041112454655 0.8264215476699445 0.6058041112454655 0.8401026079521163 0.5958282950423216 0.8401026079521163
L_\ 0.7790205562273277 0.8319794784095768 0.808645707376058 0.8319794784095768 0.808645707376058 0.8388200085506626 0.7790205562273277 0.8388200085506626
geklebt 0.8654776299879081 0.8230012825994014 0.8935912938331319 0.8230012825994014 0.8935912938331319 0.8366823428815733 0.8654776299879081 0.8366823428815733
+ 0.8963119709794438 0.8247114151346729 0.9005441354292624 0.8247114151346729 0.9005441354292624 0.8319794784095768 0.8963119709794438 0.8319794784095768
mech. 0.903869407496977 0.8230012825994014 0.9262394195888755 0.8230012825994014 0.9262394195888755 0.8341171440786661 0.903869407496977 0.8341171440786661
befestigt 0.9292623941958887 0.8230012825994014 0.9600967351874244 0.8230012825994014 0.9600967351874244 0.8366823428815733 0.9292623941958887 0.8366823428815733
| 0.0009068923821039903 0.8396750748182984 0.0015114873035066505 0.8396750748182984 0.0015114873035066505 0.8430953398888413 0.0009068923821039903 0.8430953398888413
3 0.5190447400241838 0.8460880718255664 0.5235792019347038 0.8460880718255664 0.5235792019347038 0.8486532706284737 0.5190447400241838 0.8486532706284737
| 0.8074365175332527 0.8448054724241129 0.8080411124546554 0.8448054724241129 0.8080411124546554 0.8473706712270201 0.8074365175332527 0.8473706712270201
|_| 0.0006045949214026602 0.8486532706284737 0.018440145102781136 0.8486532706284737 0.018440145102781136 0.8516460025651988 0.0006045949214026602 0.8516460025651988
——— 0.06469165659008465 0.8503634031637451 0.06620314389359129 0.8503634031637451 0.06620314389359129 0.8516460025651988 0.06469165659008465 0.8516460025651988
_W=100mm 0.5054413542926239 0.8430953398888413 0.5556227327690447 0.8430953398888413 0.5556227327690447 0.8563488670371954 0.5054413542926239 0.8563488670371954
zum 0.851571946795647 0.8516460025651988 0.8681983071342201 0.8516460025651988 0.8681983071342201 0.8589140658401027 0.851571946795647 0.8589140658401027
Priifeintrag 0.8712212817412334 0.8495083368961095 0.9144498186215235 0.8495083368961095 0.9144498186215235 0.8614792646430098 0.8712212817412334 0.8614792646430098
"unsichtbar 0.9174727932285369 0.8495083368961095 0.9607013301088271 0.8495083368961095 0.9607013301088271 0.8589140658401027 0.9174727932285369 0.8589140658401027
VLE 0.02267230955259976 0.8653270628473707 0.06136638452237001 0.8653270628473707 0.06136638452237001 0.8790081231295426 0.02267230955259976 0.8790081231295426
] 0.1336154776299879 0.8614792646430098 0.13482466747279323 0.8614792646430098 0.13482466747279323 0.8674647285164601 0.1336154776299879 0.8674647285164601
| 0.6151753325272068 0.8743052586575459 0.6160822249093107 0.8743052586575459 0.6160822249093107 0.8777255237280889 0.6151753325272068 0.8777255237280889
verschraubt”: 0.8518742442563483 0.864471996579735 0.902962515114873 0.864471996579735 0.902962515114873 0.8743052586575459 0.8518742442563483 0.8743052586575459
if 0.040810157194679564 0.8794356562633604 0.04836759371221282 0.8794356562633604 0.04836759371221282 0.8918341171440787 0.040810157194679564 0.8918341171440787
} 0.1333131801692866 0.8884138520735357 0.13482466747279323 0.8884138520735357 0.13482466747279323 0.8961094484822574 0.1333131801692866 0.8961094484822574
2x 0.5108827085852479 0.877297990594271 0.5193470374848851 0.877297990594271 0.5193470374848851 0.8884138520735357 0.5108827085852479 0.8884138520735357
M6-A70 0.5223700120918985 0.877297990594271 0.5516928657799275 0.877297990594271 0.5516928657799275 0.8892689183411714 0.5223700120918985 0.8892689183411714
Im 0.851571946795647 0.8798631893971783 0.8603385731559855 0.8798631893971783 0.8603385731559855 0.8892689183411714 0.851571946795647 0.8892689183411714
LV 0.8636638452237001 0.8798631893971783 0.8739419588875453 0.8798631893971783 0.8739419588875453 0.8892689183411714 0.8636638452237001 0.8892689183411714
und 0.8769649334945586 0.8798631893971783 0.8911729141475212 0.8798631893971783 0.8911729141475212 0.8892689183411714 0.8769649334945586 0.8892689183411714
auf 0.8941958887545345 0.8798631893971783 0.9068923821039904 0.8798631893971783 0.9068923821039904 0.8892689183411714 0.8941958887545345 0.8892689183411714
Plan 0.909310761789601 0.8798631893971783 0.9262394195888755 0.8798631893971783 0.9262394195888755 0.8892689183411714 0.909310761789601 0.8892689183411714
06.F.501 0.9295646916565901 0.8798631893971783 0.9631197097944377 0.8798631893971783 0.9631197097944377 0.8892689183411714 0.9295646916565901 0.8892689183411714
konnte 0.9673518742442564 0.8798631893971783 0.992744860943168 0.8798631893971783 0.992744860943168 0.8892689183411714 0.9673518742442564 0.8892689183411714
| 0.0 0.8896964514749893 0.004232164449818622 0.8896964514749893 0.004232164449818622 0.9072253099615221 0.0 0.9072253099615221
4 0.041112454655380895 0.8926891834117144 0.044135429262394194 0.8926891834117144 0.044135429262394194 0.9080803762291577 0.041112454655380895 0.9080803762291577
_ 0.5030229746070133 0.903805044890979 0.5054413542926239 0.903805044890979 0.5054413542926239 0.9063702436938863 0.5030229746070133 0.9063702436938863
+Hiilse 0.5108827085852479 0.8931167165455323 0.5396009673518742 0.8931167165455323 0.5396009673518742 0.9063702436938863 0.5108827085852479 0.9063702436938863
>=8mm 0.5423216444981862 0.8931167165455323 0.5707376058041113 0.8931167165455323 0.5707376058041113 0.9046601111586148 0.5423216444981862 0.9046601111586148
kein 0.851571946795647 0.8948268490808038 0.8672914147521161 0.8948268490808038 0.8672914147521161 0.9046601111586148 0.851571946795647 0.9046601111586148
Hinweis 0.8706166868198307 0.8948268490808038 0.9017533252720678 0.8948268490808038 0.9017533252720678 0.9046601111586148 0.8706166868198307 0.9046601111586148
auf 0.9044740024183797 0.8948268490808038 0.9171704957678356 0.8948268490808038 0.9171704957678356 0.9046601111586148 0.9044740024183797 0.9046601111586148
eine 0.9192865779927448 0.8948268490808038 0.9359129383313181 0.8948268490808038 0.9359129383313181 0.9046601111586148 0.9192865779927448 0.9046601111586148
unsichtbar 0.9389359129383313 0.8948268490808038 0.9782345828295043 0.8948268490808038 0.9782345828295043 0.9046601111586148 0.9389359129383313 0.9046601111586148
\ 0.021160822249093107 0.9123557075673364 0.022067714631197097 0.9123557075673364 0.022067714631197097 0.917058572039333 0.021160822249093107 0.917058572039333
#w 0.03869407496977025 0.9089354424967935 0.044135429262394194 0.9089354424967935 0.044135429262394194 0.9157759726378795 0.03869407496977025 0.9157759726378795
Befestigung 0.851571946795647 0.9102180418982471 0.8978234582829504 0.9102180418982471 0.8978234582829504 0.9221889696451475 0.851571946795647 0.9221889696451475
gefunden 0.9008464328899637 0.9102180418982471 0.9374244256348246 0.9102180418982471 0.9374244256348246 0.9221889696451475 0.9008464328899637 0.9221889696451475
werden. 0.9401451027811366 0.9102180418982471 0.9709794437726723 0.9102180418982471 0.9709794437726723 0.9200513039760582 0.9401451027811366 0.9200513039760582
| 0.022370012091898428 0.9179136383069688 0.02267230955259976 0.9179136383069688 0.02267230955259976 0.9410004275331338 0.022370012091898428 0.9410004275331338
| 0.05955259975816203 0.9191962377084224 0.05985489721886336 0.9191962377084224 0.05985489721886336 0.9405728943993159 0.05955259975816203 0.9405728943993159
| 0.48548972188633616 0.937152629328773 0.48639661426844016 0.937152629328773 0.48639661426844016 0.9375801624625909 0.48548972188633616 0.9375801624625909
Gabel 0.5084643288996372 0.9226165027789653 0.532950423216445 0.9226165027789653 0.532950423216445 0.9422830269345874 0.5084643288996372 0.9422830269345874
Fi 0.532950423216445 0.9247541684480547 0.5432285368802902 0.9247541684480547 0.5432285368802902 0.9375801624625909 0.532950423216445 0.9375801624625909
100/5 0.5447400241837969 0.9226165027789653 0.5668077388149939 0.9226165027789653 0.5668077388149939 0.9422830269345874 0.5447400241837969 0.9422830269345874
$235 0.5686215235792019 0.9226165027789653 0.5885731559854898 0.9226165027789653 0.5885731559854898 0.9422830269345874 0.5686215235792019 0.9422830269345874
- 0.7886940749697703 0.93373236425823 0.7896009673518742 0.93373236425823 0.7896009673518742 0.9341598973920479 0.7886940749697703 0.9341598973920479
Abstimmungsbedarf! 0.8518742442563483 0.920478837109876 0.9325876662636033 0.920478837109876 0.9325876662636033 0.9392902949978623 0.8518742442563483 0.9392902949978623
