Thyssen 0.26058041112454655 0.09362975630611373 0.2762998790810157 0.09362975630611373 0.2762998790810157 0.10218041898247114 0.26058041112454655 0.10218041898247114
Stobblech 0.27871825876662637 0.09320222317229586 0.29836759371221283 0.09320222317229586 0.29836759371221283 0.10004275331338179 0.27871825876662637 0.10004275331338179
NG 0.2762998790810157 0.10260795211628901 0.28174123337363965 0.10260795211628901 0.28174123337363965 0.10902094912355707 0.2762998790810157 0.10902094912355707
RS 0.2841596130592503 0.10260795211628901 0.2892986698911729 0.10260795211628901 0.2892986698911729 0.10902094912355707 0.2841596130592503 0.10902094912355707
Rillenstofiblech 0.44619105199516323 0.13894826849080805 0.47551390568319224 0.13894826849080805 0.47551390568319224 0.14578879863189398 0.44619105199516323 0.14578879863189398
im 0.4785368802902056 0.13894826849080805 0.4827690447400242 0.13894826849080805 0.4827690447400242 0.14578879863189398 0.4785368802902056 0.14578879863189398
waagerechten 0.44619105199516323 0.14792646430098333 0.47309552599758165 0.14792646430098333 0.47309552599758165 0.1569046601111586 0.44619105199516323 0.1569046601111586
Bereich 0.47611850060459493 0.14792646430098333 0.49032648125755746 0.14792646430098333 0.49032648125755746 0.15476699444206926 0.47611850060459493 0.15476699444206926
+41.630 0.6127569528415961 0.1628901239846088 0.6305925030229746 0.1628901239846088 0.6305925030229746 0.16973065412569474 0.6127569528415961 0.16973065412569474
ae 0.37877871825876663 0.16631038905515177 0.3857315598548972 0.16631038905515177 0.3857315598548972 0.17272338606241983 0.37877871825876663 0.17272338606241983
t 0.5795042321644498 0.17058572039333048 0.5837363966142685 0.17058572039333048 0.5837363966142685 0.17956391620350576 0.5795042321644498 0.17956391620350576
= 0.4328899637243047 0.18854211201368107 0.43802902055622733 0.18854211201368107 0.43802902055622733 0.19452757588713127 0.4328899637243047 0.19452757588713127
= 0.5589480048367593 0.18426678067550234 0.5813180169286578 0.18426678067550234 0.5813180169286578 0.19666524155622062 0.5589480048367593 0.19666524155622062
ins 0.5244860943168077 0.21633176571184268 0.5492744860943168 0.21633176571184268 0.5492744860943168 0.23386062419837536 0.5244860943168077 0.23386062419837536
YI 0.2439540507859734 0.22958529286019666 0.24939540507859734 0.22958529286019666 0.24939540507859734 0.23599828986746474 0.2439540507859734 0.23599828986746474
YU 0.43349455864570735 0.22958529286019666 0.45102781136638453 0.22958529286019666 0.45102781136638453 0.25224454895254383 0.43349455864570735 0.25224454895254383
I" 0.45646916565900847 0.22958529286019666 0.5335550181378477 0.22958529286019666 0.5335550181378477 0.2578024796921761 0.45646916565900847 0.2578024796921761
iat 0.536577992744861 0.2274476271911073 0.5577388149939541 0.2274476271911073 0.5577388149939541 0.24112868747327917 0.536577992744861 0.24112868747327917
g 0.592503022974607 0.23557075673364686 0.5973397823458283 0.23557075673364686 0.5973397823458283 0.24283882000855067 0.592503022974607 0.24283882000855067
MAIN 0.22370012091898428 0.258230012825994 0.4238210399032648 0.258230012825994 0.4238210399032648 0.29286019666524155 0.22370012091898428 0.29286019666524155
col 0.3975211608222491 0.2526720820863617 0.42503022974607013 0.2526720820863617 0.42503022974607013 0.294570329200513 0.3975211608222491 0.294570329200513
|| 0.5801088270858524 0.26507054296707994 0.6073155985489722 0.26507054296707994 0.6073155985489722 0.27191107310816587 0.5801088270858524 0.27191107310816587
aL 0.3394800483675937 0.2736212056434374 0.3591293833131802 0.2736212056434374 0.3591293833131802 0.2774690038477982 0.3394800483675937 0.2774690038477982
Dea 0.4467956469165659 0.274903805044891 0.46039903264812576 0.274903805044891 0.46039903264812576 0.28088926891834115 0.4467956469165659 0.28088926891834115
a 0.6027811366384522 0.2736212056434374 0.6073155985489722 0.2736212056434374 0.6073155985489722 0.27533133817870886 0.6027811366384522 0.27533133817870886
\ 0.21704957678355502 0.26806327490380505 0.2209794437726723 0.26806327490380505 0.2209794437726723 0.29286019666524155 0.21704957678355502 0.29286019666524155
A 0.2790205562273277 0.29200513039760584 0.2841596130592503 0.29200513039760584 0.2841596130592503 0.29286019666524155 0.2790205562273277 0.29286019666524155
AN 0.30713422007255137 0.284737067122702 0.312273276904474 0.284737067122702 0.312273276904474 0.29286019666524155 0.30713422007255137 0.29286019666524155
XN 0.3225513905683192 0.2778965369816161 0.344316807738815 0.2778965369816161 0.344316807738815 0.29286019666524155 0.3225513905683192 0.29286019666524155
eX 0.3603385731559855 0.2791791363830697 0.37424425634824665 0.2791791363830697 0.37424425634824665 0.29286019666524155 0.3603385731559855 0.29286019666524155
Nass 0.39298669891172916 0.26378794356562635 0.4192865779927449 0.26378794356562635 0.4192865779927449 0.29713552800342025 0.39298669891172916 0.29713552800342025
| 0.4192865779927449 0.26378794356562635 0.42321644498186217 0.26378794356562635 0.42321644498186217 0.29713552800342025 0.4192865779927449 0.29713552800342025
| 0.42714631197097946 0.26849080803762293 0.4410519951632406 0.26849080803762293 0.4410519951632406 0.29713552800342025 0.42714631197097946 0.29713552800342025
ee 0.4440749697702539 0.2702009405728944 0.4797460701330109 0.2702009405728944 0.4797460701330109 0.29286019666524155 0.4440749697702539 0.29286019666524155
B 0.19588875453446192 0.31295425395468146 0.2007255139056832 0.31295425395468146 0.2007255139056832 0.3202223172295853 0.19588875453446192 0.3202223172295853
fa 0.34613059250302297 0.3056861906797777 0.35308343409915355 0.3056861906797777 0.35308343409915355 0.32535271483539974 0.34613059250302297 0.32535271483539974
6 0.4585852478839178 0.31295425395468146 0.4610036275695284 0.31295425395468146 0.4610036275695284 0.31936725096194957 0.4585852478839178 0.31936725096194957
fo 0.5456469165659008 0.31252672082086363 0.5510882708585247 0.31252672082086363 0.5510882708585247 0.32107738349722104 0.5456469165659008 0.32107738349722104
= 0.5492744860943168 0.3274903805044891 0.5628778718258767 0.3274903805044891 0.5628778718258767 0.33646857631466437 0.5492744860943168 0.33646857631466437
Bdiiftu 0.5912938331318017 0.3219324497648568 0.6048972188633616 0.3219324497648568 0.6048972188633616 0.334330910645575 0.5912938331318017 0.334330910645575
i 0.34885126964933494 0.3334758443779393 0.34975816203143895 0.3334758443779393 0.34975816203143895 0.334330910645575 0.34885126964933494 0.334330910645575
7 0.532950423216445 0.33561351004702866 0.5371825876662636 0.33561351004702866 0.5371825876662636 0.34587430525865753 0.532950423216445 0.34587430525865753
Blechkagsetten 0.5912938331318017 0.33219324497648567 0.6215235792019347 0.33219324497648567 0.6215235792019347 0.3394613082513895 0.5912938331318017 0.3394613082513895
a 0.5296251511487303 0.3535699016673792 0.5332527206771464 0.3535699016673792 0.5332527206771464 0.3659683625480975 0.5296251511487303 0.3659683625480975
i 0.5480652962515115 0.3497221034630184 0.5522974607013301 0.3497221034630184 0.5522974607013301 0.35741769987174005 0.5480652962515115 0.35741769987174005
Sp 0.6027811366384522 0.3638306968790081 0.6073155985489722 0.3638306968790081 0.6073155985489722 0.3672509619495511 0.6027811366384522 0.3672509619495511
41.465 0.6127569528415961 0.35656263360410434 0.6305925030229746 0.35656263360410434 0.6305925030229746 0.36340316374519027 0.6127569528415961 0.36340316374519027
fs 0.5435308343409916 0.36639589568191533 0.5529020556227328 0.36639589568191533 0.5529020556227328 0.38520735356990166 0.5435308343409916 0.38520735356990166
zh 0.3612454655380895 0.3805044890979051 0.3694074969770254 0.3805044890979051 0.3694074969770254 0.38563488670371954 0.3612454655380895 0.38563488670371954
| 0.4114268440145103 0.3877725523728089 0.41293833131801694 0.3877725523728089 0.41293833131801694 0.38905515177426253 0.4114268440145103 0.38905515177426253
Ll 0.526602176541717 0.37665669089354425 0.5371825876662636 0.37665669089354425 0.5371825876662636 0.38905515177426253 0.526602176541717 0.38905515177426253
| 0.536577992744861 0.3920478837109876 0.5371825876662636 0.3920478837109876 0.5371825876662636 0.40188114578879863 0.536577992744861 0.40188114578879863
Befestiqung 0.32013301088270857 0.4082941427960667 0.343409915356711 0.4082941427960667 0.343409915356711 0.41684480547242414 0.32013301088270857 0.41684480547242414
sishe 0.34613059250302297 0.4082941427960667 0.3561064087061669 0.4082941427960667 0.3561064087061669 0.41470713980333473 0.34613059250302297 0.41470713980333473
Statik 0.35882708585247886 0.4082941427960667 0.37091898428053205 0.4082941427960667 0.37091898428053205 0.41470713980333473 0.35882708585247886 0.41470713980333473
i. 0.40205562273276907 0.39418554938007694 0.45918984280532044 0.39418554938007694 0.45918984280532044 0.4275331338178709 0.40205562273276907 0.4275331338178709
eee 0.4727932285368803 0.39418554938007694 0.5042321644498187 0.39418554938007694 0.5042321644498187 0.4275331338178709 0.4727932285368803 0.4275331338178709
co 0.5163240628778718 0.3988884138520735 0.5332527206771464 0.3988884138520735 0.5332527206771464 0.41684480547242414 0.5163240628778718 0.41684480547242414
| 0.536577992744861 0.40615647712697733 0.5371825876662636 0.40615647712697733 0.5371825876662636 0.4159897392047884 0.536577992744861 0.4159897392047884
| 0.5136033857315598 0.42924326635314236 0.5205562273276905 0.42924326635314236 0.5205562273276905 0.430525865754596 0.5136033857315598 0.430525865754596
_4 0.532950423216445 0.4198375374091492 0.5371825876662636 0.4198375374091492 0.5371825876662636 0.4300983326207781 0.532950423216445 0.4300983326207781
¥ 0.20646916565900847 0.43779392902949976 0.21070133010882708 0.43779392902949976 0.21070133010882708 0.44890979050876445 0.20646916565900847 0.44890979050876445
Thermostop 0.32013301088270857 0.43693886276186406 0.34401451027811364 0.43693886276186406 0.34401451027811364 0.44548952543822146 0.32013301088270857 0.44548952543822146
BWA 0.3464328899637243 0.43693886276186406 0.35489721886336156 0.43693886276186406 0.35489721886336156 0.44377939290295 0.3464328899637243 0.44377939290295
Art. 0.35792019347037485 0.43693886276186406 0.3648730350665054 0.43693886276186406 0.3648730350665054 0.44377939290295 0.35792019347037485 0.44377939290295
40080 0.36789600967351876 0.43693886276186406 0.3802902055622733 0.43693886276186406 0.3802902055622733 0.44377939290295 0.36789600967351876 0.44377939290295
ao 0.5244860943168077 0.43822146216331764 0.5296251511487303 0.43822146216331764 0.5296251511487303 0.4450619923044036 0.5244860943168077 0.4450619923044036
| 0.536577992744861 0.4318084651560496 0.5371825876662636 0.4318084651560496 0.5371825876662636 0.44548952543822146 0.536577992744861 0.44548952543822146
wt 0.5625755743651754 0.4386489952971355 0.5813180169286578 0.4386489952971355 0.5813180169286578 0.4450619923044036 0.5625755743651754 0.4450619923044036
8 0.2076783555018138 0.44848225737494657 0.21070133010882708 0.44848225737494657 0.21070133010882708 0.4514749893116717 0.2076783555018138 0.4514749893116717
80d0x6mm 0.31680773881499397 0.4407866609662249 0.34461910519951633 0.4407866609662249 0.34461910519951633 0.45746045318512185 0.31680773881499397 0.45746045318512185
150 0.467049576783555 0.4467721248396751 0.4737001209189843 0.4467721248396751 0.4737001209189843 0.45404018811457886 0.467049576783555 0.45404018811457886
+ 0.5350665054413543 0.4463445917058572 0.5386940749697703 0.4463445917058572 0.5386940749697703 0.45746045318512185 0.5350665054413543 0.45746045318512185
8 0.20646916565900847 0.4514749893116717 0.21070133010882708 0.4514749893116717 0.21070133010882708 0.4677212483967507 0.20646916565900847 0.4677212483967507
7 0.20012091898428053 0.48097477554510476 0.2037484885126965 0.48097477554510476 0.2037484885126965 0.4861051731509192 0.20012091898428053 0.4861051731509192
L-Wondhalter 0.3316203143893591 0.4745617785378367 0.35882708585247886 0.4745617785378367 0.35882708585247886 0.48182984181274047 0.3316203143893591 0.48182984181274047
a 0.4108222490931076 0.4600256519880291 0.4537484885126965 0.4600256519880291 0.4537484885126965 0.49294570329200516 0.4108222490931076 0.49294570329200516
ae 0.46523579201934706 0.4600256519880291 0.5063482466747279 0.4600256519880291 0.5063482466747279 0.49294570329200516 0.46523579201934706 0.49294570329200516
D 0.2076783555018138 0.4878153056861907 0.21070133010882708 0.4878153056861907 0.21070133010882708 0.49850363403163744 0.2076783555018138 0.49850363403163744
nicht 0.42230955259975816 0.48995297135528004 0.43440145102781136 0.48995297135528004 0.43440145102781136 0.4959384352287302 0.42230955259975816 0.4959384352287302
brennbar 0.4371221281741233 0.48995297135528004 0.4570737605804111 0.48995297135528004 0.4570737605804111 0.4959384352287302 0.4371221281741233 0.4959384352287302
z 0.19951632406287786 0.49764856776400174 0.2037484885126965 0.49764856776400174 0.2037484885126965 0.5070542967079948 0.19951632406287786 0.5070542967079948
d= 0.4226118500604595 0.500213766566909 0.4286577992744861 0.500213766566909 0.4286577992744861 0.5061992304403591 0.4226118500604595 0.5061992304403591
140mm 0.4316807738814994 0.500213766566909 0.4486094316807739 0.500213766566909 0.4486094316807739 0.5061992304403591 0.4316807738814994 0.5061992304403591
8 0.2076783555018138 0.5083368961094484 0.21160822249093109 0.5083368961094484 0.21160822249093109 0.5190252244548953 0.2076783555018138 0.5190252244548953
is 0.43833131801692865 0.51004702864472 0.43893591293833134 0.51004702864472 0.43893591293833134 0.5113296280461735 0.43833131801692865 0.5113296280461735
aus 0.4821644498186215 0.5117571611799915 0.4900241837968561 0.5117571611799915 0.4900241837968561 0.5160324925181702 0.4821644498186215 0.5160324925181702
aé 0.19951632406287786 0.5190252244548953 0.21070133010882708 0.5190252244548953 0.21070133010882708 0.5280034202650705 0.19951632406287786 0.5280034202650705
nicht 0.46402660217654174 0.5194527575887131 0.4749093107617896 0.5194527575887131 0.4749093107617896 0.5254382214621633 0.46402660217654174 0.5254382214621633
bekanrt, 0.47702539298669894 0.5194527575887131 0.496372430471584 0.5194527575887131 0.496372430471584 0.5254382214621633 0.47702539298669894 0.5254382214621633
| 0.5801088270858524 0.5181701581872595 0.5819226118500604 0.5181701581872595 0.5819226118500604 0.519880290722531 0.5801088270858524 0.519880290722531
£3 0.19951632406287786 0.5280034202650705 0.21070133010882708 0.5280034202650705 0.21070133010882708 0.5369816160752459 0.19951632406287786 0.5369816160752459
im 0.44740024183796856 0.529713552800342 0.4528415961305925 0.529713552800342 0.4528415961305925 0.5356990166737923 0.44740024183796856 0.5356990166737923
Rahmen 0.45525997581620314 0.529713552800342 0.4737001209189843 0.529713552800342 0.4737001209189843 0.5356990166737923 0.45525997581620314 0.5356990166737923
der 0.4749093107617896 0.5301410859341599 0.4821644498186215 0.5301410859341599 0.4821644498186215 0.5356990166737923 0.4749093107617896 0.5356990166737923
as 0.19951632406287786 0.5369816160752459 0.21070133010882708 0.5369816160752459 0.21070133010882708 0.5459598118854211 0.19951632406287786 0.5459598118854211
jaldicke 0.468863361547763 0.539546814878153 0.4848851269649335 0.539546814878153 0.4848851269649335 0.5455322787516033 0.468863361547763 0.5455322787516033
korrigieren 0.4195888754534462 0.5446772124839675 0.44709794437726724 0.5446772124839675 0.44709794437726724 0.559640872167593 0.4195888754534462 0.559640872167593
vertil 0.436819830713422 0.569474134245404 0.4489117291414752 0.569474134245404 0.4489117291414752 0.5805899957246686 0.436819830713422 0.5805899957246686
aus 0.46765417170495766 0.572894399315947 0.4746070133010883 0.572894399315947 0.4746070133010883 0.5775972637879435 0.46765417170495766 0.5775972637879435
T-Prafil, 0.47702539298669894 0.5711842667806755 0.4939540507859734 0.5711842667806755 0.4939540507859734 0.5788798631893972 0.47702539298669894 0.5788798631893972
cB. 0.44256348246674726 0.5852928601966653 0.44709794437726724 0.5852928601966653 0.44709794437726724 0.5865754595981189 0.44256348246674726 0.5865754595981189
BWM 0.4501209189842805 0.5801624625908508 0.4585852478839178 0.5801624625908508 0.4585852478839178 0.5865754595981189 0.4501209189842805 0.5865754595981189
ArtNr. 0.4616082224909311 0.5801624625908508 0.4746070133010883 0.5801624625908508 0.4746070133010883 0.5865754595981189 0.4616082224909311 0.5865754595981189
32700 0.47702539298669894 0.5797349294570329 0.4900241837968561 0.5797349294570329 0.4900241837968561 0.5865754595981189 0.47702539298669894 0.5865754595981189
T-100-52-2 0.44014510278113667 0.5882855921333904 0.46735187424425634 0.5882855921333904 0.46735187424425634 0.5951261222744763 0.44014510278113667 0.5951261222744763
mit 0.469770253929867 0.5882855921333904 0.47642079806529625 0.5882855921333904 0.47642079806529625 0.5951261222744763 0.469770253929867 0.5951261222744763
H 0.5801088270858524 0.5942710560068405 0.5819226118500604 0.5942710560068405 0.5819226118500604 0.595981188542112 0.5801088270858524 0.595981188542112
inden 0.45102781136638453 0.5972637879435656 0.46039903264812576 0.5972637879435656 0.46039903264812576 0.6041043180846516 0.45102781136638453 0.6041043180846516
(Werkstatt) 0.46342200725513905 0.595981188542112 0.4857920193470375 0.595981188542112 0.4857920193470375 0.605814450619923 0.46342200725513905 0.605814450619923
of 0.16233373639661428 0.6314664386489953 0.1738210399032648 0.6314664386489953 0.1738210399032648 0.6477126977340744 0.16233373639661428 0.6477126977340744
2) 0.13694074969770254 0.6323215049166311 0.14177750906892383 0.6323215049166311 0.14177750906892383 0.639162035057717 0.13694074969770254 0.639162035057717
OF; 0.14177750906892383 0.6438648995297136 0.18137847642079807 0.6438648995297136 0.18137847642079807 0.672082086361693 0.14177750906892383 0.672082086361693
Abweichure 0.4226118500604595 0.6707994869602394 0.45223700120918986 0.6707994869602394 0.45223700120918986 0.6780675502351432 0.4226118500604595 0.6780675502351432
fA 0.14691656590084642 0.6549807610089782 0.1837968561064087 0.6549807610089782 0.1837968561064087 0.6913210773834972 0.14691656590084642 0.6913210773834972
> 0.18561064087061668 0.6549807610089782 0.2028415961305925 0.6549807610089782 0.2028415961305925 0.6913210773834972 0.18561064087061668 0.6913210773834972
Leitdetal 0.41777509068923824 0.6707994869602394 0.4440749697702539 0.6707994869602394 0.4440749697702539 0.6904660111158615 0.41777509068923824 0.6904660111158615
" 0.44830713422007257 0.6725096194955109 0.45102781136638453 0.6725096194955109 0.45102781136638453 0.6767849508336896 0.44830713422007257 0.6767849508336896
H 0.5801088270858524 0.6784950833689611 0.5819226118500604 0.6784950833689611 0.5819226118500604 0.6802052159042326 0.5801088270858524 0.6802052159042326
\ 0.1496372430471584 0.6870457460453185 0.16324062877871826 0.6870457460453185 0.16324062877871826 0.7058572039333049 0.1496372430471584 0.7058572039333049
Dachabdie 0.16293833131801694 0.6870457460453185 0.19195888754534463 0.6870457460453185 0.19195888754534463 0.7058572039333049 0.16293833131801694 0.7058572039333049
ai 0.2028415961305925 0.6913210773834972 0.20737605804111245 0.6913210773834972 0.20737605804111245 0.698589140658401 0.2028415961305925 0.698589140658401
3 0.4229141475211608 0.6913210773834972 0.42533252720677145 0.6913210773834972 0.42533252720677145 0.6968790081231295 0.4229141475211608 0.6968790081231295
AR 0.4289600967351874 0.6908935442496793 0.4371221281741233 0.6908935442496793 0.4371221281741233 0.6968790081231295 0.4289600967351874 0.6968790081231295
DT 0.4407496977025393 0.6908935442496793 0.4477025392986699 0.6908935442496793 0.4477025392986699 0.6968790081231295 0.4407496977025393 0.6968790081231295
FA 0.45163240628778717 0.6908935442496793 0.4585852478839178 0.6908935442496793 0.4585852478839178 0.6968790081231295 0.45163240628778717 0.6968790081231295
201 0.4616082224909311 0.6908935442496793 0.46916565900846435 0.6908935442496793 0.46916565900846435 0.6968790081231295 0.4616082224909311 0.6968790081231295
- 0.4703748488512696 0.6866182129115006 0.47249093107617895 0.6866182129115006 0.47249093107617895 0.7011543394613082 0.4703748488512696 0.7011543394613082
Anca 0.17896009673518742 0.7165455322787516 0.18198307134220074 0.7165455322787516 0.18198307134220074 0.7195382642154767 0.17896009673518742 0.7195382642154767
Ll 0.29564691656590086 0.7097050021376656 0.29957678355501816 0.7097050021376656 0.29957678355501816 0.7208208636169303 0.29564691656590086 0.7208208636169303
Bie 0.16596130592503022 0.7340743907652844 0.17261185006045948 0.7340743907652844 0.17261185006045948 0.7451902522445489 0.16596130592503022 0.7451902522445489
derte 0.2097944377267231 0.7383497221034631 0.2140266021765417 0.7383497221034631 0.2140266021765417 0.7409149209063702 0.2097944377267231 0.7409149209063702
den 0.16535671100362756 0.7460453185121847 0.17896009673518742 0.7460453185121847 0.17896009673518742 0.7520307823856349 0.16535671100362756 0.7520307823856349
Sots 0.18319226118500603 0.7464728516460025 0.18742442563482467 0.7464728516460025 0.18742442563482467 0.7520307823856349 0.18319226118500603 0.7520307823856349
pre¢hende 0.19195888754534463 0.7460453185121847 0.21463119709794437 0.7460453185121847 0.21463119709794437 0.7520307823856349 0.19195888754534463 0.7520307823856349
ist-von 0.16535671100362756 0.7652843095339888 0.1825876662636034 0.7652843095339888 0.1825876662636034 0.7712697734074391 0.16535671100362756 0.7712697734074391
der 0.18440145102781136 0.7652843095339888 0.1928657799274486 0.7652843095339888 0.1928657799274486 0.7712697734074391 0.18440145102781136 0.7712697734074391
Baulei 0.1949818621523579 0.7652843095339888 0.21070133010882708 0.7652843095339888 0.21070133010882708 0.7712697734074391 0.1949818621523579 0.7712697734074391
( 0.1526602176541717 0.768277041470714 0.16112454655380895 0.768277041470714 0.16112454655380895 0.8033347584437794 0.1526602176541717 0.8033347584437794
nen 0.17110036275695284 0.7699871740059855 0.19588875453446192 0.7699871740059855 0.19588875453446192 0.8016246259085079 0.17110036275695284 0.8016246259085079
a 0.19558645707376057 0.7969217614365113 0.1977025392986699 0.7969217614365113 0.1977025392986699 0.7990594271056007 0.19558645707376057 0.7990594271056007
ACY 0.21432889963724305 0.797776827704147 0.22309552599758162 0.797776827704147 0.22309552599758162 0.8016246259085079 0.21432889963724305 0.8016246259085079
ea 0.15598548972188633 0.7862334330910645 0.21765417170495768 0.7862334330910645 0.21765417170495768 0.8336896109448483 0.15598548972188633 0.8336896109448483
vO 0.1756348246674728 0.8182984181274049 0.21644498186215236 0.8182984181274049 0.21644498186215236 0.8499358700299273 0.1756348246674728 0.8499358700299273
a 0.3258766626360339 0.8251389482684908 0.35882708585247886 0.8251389482684908 0.35882708585247886 0.8336896109448483 0.3258766626360339 0.8336896109448483
_ 0.41807738814993956 0.8234288157332194 0.5048367593712213 0.8234288157332194 0.5048367593712213 0.8533561351004703 0.41807738814993956 0.8533561351004703
Cy 0.15598548972188633 0.8306968790081232 0.23458282950423218 0.8306968790081232 0.23458282950423218 0.8683197947840958 0.15598548972188633 0.8683197947840958
oi 0.34492140266021765 0.8439504061564771 0.3518742442563482 0.8439504061564771 0.3518742442563482 0.8631893971782814 0.34492140266021765 0.8631893971782814
Art, 0.35792019347037485 0.8456605386917486 0.3648730350665054 0.8456605386917486 0.3648730350665054 0.8525010688328345 0.35792019347037485 0.8525010688328345
40080 0.36789600967351876 0.8456605386917486 0.3802902055622733 0.8456605386917486 0.3802902055622733 0.8525010688328345 0.36789600967351876 0.8525010688328345
BYM_L-Wandhalter 0.45556227327690446 0.8490808037622916 0.49455864570737607 0.8490808037622916 0.49455864570737607 0.8572039333048311 0.45556227327690446 0.8572039333048311
= 0.15779927448609432 0.8666096622488243 0.1759371221281741 0.8666096622488243 0.1759371221281741 0.8743052586575459 0.15779927448609432 0.8743052586575459
sl 0.18288996372430472 0.8666096622488243 0.21644498186215236 0.8666096622488243 0.21644498186215236 0.8743052586575459 0.18288996372430472 0.8743052586575459
P 0.344316807738815 0.8666096622488243 0.34522370012091896 0.8666096622488243 0.34522370012091896 0.8674647285164601 0.344316807738815 0.8674647285164601
Fortsetzung 0.14087061668681983 0.8862761864044464 0.1759371221281741 0.8862761864044464 0.1759371221281741 0.8965369816160752 0.14087061668681983 0.8965369816160752
siehe 0.17835550181378476 0.8862761864044464 0.1946795646916566 0.8862761864044464 0.1946795646916566 0.8935442496793502 0.17835550181378476 0.8935442496793502
Flan 0.1967956469165659 0.8862761864044464 0.2097944377267231 0.8862761864044464 0.2097944377267231 0.8935442496793502 0.1967956469165659 0.8935442496793502
S| 0.28960096735187424 0.8815733219324497 0.29564691656590086 0.8815733219324497 0.29564691656590086 0.8969645147498931 0.28960096735187424 0.8969645147498931
Befestiqung 0.32013301088270857 0.8884138520735357 0.343409915356711 0.8884138520735357 0.343409915356711 0.8969645147498931 0.32013301088270857 0.8969645147498931
siehe 0.34613059250302297 0.8884138520735357 0.3564087061668682 0.8884138520735357 0.3564087061668682 0.8948268490808038 0.34613059250302297 0.8948268490808038
Statik 0.3585247883917775 0.8862761864044464 0.37061668681983073 0.8862761864044464 0.37061668681983073 0.8948268490808038 0.3585247883917775 0.8948268490808038
a 0.532950423216445 0.8849935870029927 0.5371825876662636 0.8849935870029927 0.5371825876662636 0.8956819153484396 0.532950423216445 0.8956819153484396
H 0.5801088270858524 0.8935442496793502 0.5819226118500604 0.8935442496793502 0.5819226118500604 0.8952543822146216 0.5801088270858524 0.8952543822146216
(Ausfihrung 0.14117291414752117 0.8991021804189825 0.17805320435308344 0.8991021804189825 0.17805320435308344 0.9085079093629757 0.14117291414752117 0.9085079093629757
sinngemaf 0.18047158403869407 0.8991021804189825 0.21493349455864572 0.8991021804189825 0.21493349455864572 0.9085079093629757 0.18047158403869407 0.9085079093629757
Hofseite 0.21735187424425634 0.8991021804189825 0.24214026602176542 0.8991021804189825 0.24214026602176542 0.9067977768277041 0.21735187424425634 0.9067977768277041
D213) 0.24425634824667472 0.8991021804189825 0.26118500604594924 0.8991021804189825 0.26118500604594924 0.9085079093629757 0.24425634824667472 0.9085079093629757
4 0.5238814993954051 0.9025224454895254 0.5332527206771464 0.9025224454895254 0.5332527206771464 0.9115006412997008 0.5238814993954051 0.9115006412997008
| 0.536577992744861 0.8995297135528003 0.5371825876662636 0.8995297135528003 0.5371825876662636 0.9089354424967935 0.536577992744861 0.9089354424967935
Hl 0.5788996372430472 0.8982471141513467 0.5819226118500604 0.8982471141513467 0.5819226118500604 0.9140658401026079 0.5788996372430472 0.9140658401026079
