Zarge 0.23065296251511488 0.2159042325780248 0.24909310761789602 0.2159042325780248 0.24909310761789602 0.22530996152201796 0.23065296251511488 0.22530996152201796
Kantteil 0.2539298669891173 0.21547669944420692 0.2790205562273277 0.21547669944420692 0.2790205562273277 0.2231722958529286 0.2539298669891173 0.2231722958529286
aus 0.2841596130592503 0.2176143651132963 0.29474002418379686 0.2176143651132963 0.29474002418379686 0.2231722958529286 0.2841596130592503 0.2231722958529286
Aluminium 0.2309552599758162 0.22530996152201796 0.26451027811366384 0.22530996152201796 0.26451027811366384 0.23257802479692177 0.2309552599758162 0.23257802479692177
2mm 0.27388149939540507 0.2274476271911073 0.28597339782345826 0.2274476271911073 0.28597339782345826 0.23257802479692177 0.27388149939540507 0.23257802479692177
La 0.17623941958887546 0.645575032064985 0.1807738814993954 0.645575032064985 0.1807738814993954 0.6575459598118855 0.17623941958887546 0.6575459598118855
in 0.18409915356711004 0.645575032064985 0.18863361547763 0.645575032064985 0.18863361547763 0.6575459598118855 0.18409915356711004 0.6575459598118855
pam 0.19347037484885127 0.645575032064985 0.20465538089480048 0.645575032064985 0.20465538089480048 0.6575459598118855 0.19347037484885127 0.6575459598118855
pee 0.2079806529625151 0.645575032064985 0.21614268440145104 0.645575032064985 0.21614268440145104 0.6575459598118855 0.2079806529625151 0.6575459598118855
in 0.22067714631197097 0.645575032064985 0.22521160822249092 0.645575032064985 0.22521160822249092 0.6575459598118855 0.22067714631197097 0.6575459598118855
tions 0.2279322853688029 0.645575032064985 0.24848851269649336 0.645575032064985 0.24848851269649336 0.6575459598118855 0.2279322853688029 0.6575459598118855
inn 0.2530229746070133 0.645575032064985 0.26058041112454655 0.645575032064985 0.26058041112454655 0.6575459598118855 0.2530229746070133 0.6575459598118855
eames 0.26027811366384523 0.645575032064985 0.27660217654171704 0.645575032064985 0.27660217654171704 0.6575459598118855 0.26027811366384523 0.6575459598118855
Kante 0.21130592503022974 0.6635314236853356 0.23035066505441354 0.6635314236853356 0.23035066505441354 0.6707994869602394 0.21130592503022974 0.6707994869602394
Rohbau 0.23458282950423218 0.6635314236853356 0.2587666263603386 0.6635314236853356 0.2587666263603386 0.6707994869602394 0.23458282950423218 0.6707994869602394
Detail-Ansicht 0.16203143893591293 0.6938862761864044 0.2007255139056832 0.6938862761864044 0.2007255139056832 0.7011543394613082 0.16203143893591293 0.7011543394613082
untere 0.20223700120918983 0.6943138093202224 0.21946795646916567 0.6943138093202224 0.21946795646916567 0.7011543394613082 0.20223700120918983 0.7011543394613082
Ecke 0.22128174123337363 0.6938862761864044 0.23458282950423218 0.6938862761864044 0.23458282950423218 0.7011543394613082 0.22128174123337363 0.7011543394613082
Detail 0.15084643288996372 0.8388200085506626 0.17261185006045948 0.8388200085506626 0.17261185006045948 0.8482257374946558 0.15084643288996372 0.8482257374946558
Fu&punkt 0.17654171704957677 0.8388200085506626 0.2140266021765417 0.8388200085506626 0.2140266021765417 0.8507909362975631 0.17654171704957677 0.8507909362975631
Fenster 0.21735187424425634 0.8388200085506626 0.24727932285368803 0.8388200085506626 0.24727932285368803 0.8482257374946558 0.21735187424425634 0.8482257374946558
189970 0.5305320435308344 0.4638734501923899 0.535671100362757 0.4638734501923899 0.535671100362757 0.4920906370243694 0.5305320435308344 0.4920906370243694
' 0.3301088270858525 0.1838392475416845 0.3310157194679565 0.1838392475416845 0.3310157194679565 0.1876870457460453 0.3301088270858525 0.1876870457460453
| 0.36608222490931075 0.1838392475416845 0.36668681983071344 0.1838392475416845 0.36668681983071344 0.18982471141513468 0.36608222490931075 0.18982471141513468
= 0.44740024183796856 0.1838392475416845 0.45435308343409914 0.1838392475416845 0.45435308343409914 0.18426678067550234 0.44740024183796856 0.18426678067550234
mo 0.5120918984280532 0.1838392475416845 0.5154171704957679 0.1838392475416845 0.5154171704957679 0.18854211201368107 0.5120918984280532 0.18854211201368107
Typ 0.4501209189842805 0.20778110303548525 0.4534461910519952 0.20778110303548525 0.4534461910519952 0.21547669944420692 0.4501209189842805 0.21547669944420692
481 0.4655380894800484 0.20778110303548525 0.4758162031438936 0.20778110303548525 0.4758162031438936 0.21547669944420692 0.4655380894800484 0.21547669944420692
(vor 0.38814993954050786 0.21675929884566053 0.40084643288996374 0.21675929884566053 0.40084643288996374 0.22702009405728943 0.38814993954050786 0.22702009405728943
Nachtbelijftung 0.40538089480048367 0.2176143651132963 0.4558645707376058 0.2176143651132963 0.4558645707376058 0.2274476271911073 0.40538089480048367 0.2274476271911073
mit 0.38814993954050786 0.2274476271911073 0.3984280532043531 0.2274476271911073 0.3984280532043531 0.23514322359982898 0.38814993954050786 0.23514322359982898
Insektensgihutz 0.40326481257557434 0.2274476271911073 0.4528415961305925 0.2274476271911073 0.4528415961305925 0.23514322359982898 0.40326481257557434 0.23514322359982898
N 0.3310157194679565 0.2509619495510902 0.34552599758162034 0.2509619495510902 0.34552599758162034 0.27105600684053016 0.3310157194679565 0.27105600684053016
Konstruktion 0.3857315598548972 0.258230012825994 0.4244256348246675 0.258230012825994 0.4244256348246675 0.2744762719110731 0.3857315598548972 0.2744762719110731
/ 0.42714631197097946 0.26378794356562635 0.42926239419588874 0.26378794356562635 0.42926239419588874 0.2706284737067123 0.42714631197097946 0.2706284737067123
rung 0.44649334945586455 0.258230012825994 0.46130592503022977 0.258230012825994 0.46130592503022977 0.2744762719110731 0.44649334945586455 0.2744762719110731
des 0.4610036275695284 0.258230012825994 0.4727932285368803 0.258230012825994 0.4727932285368803 0.2744762719110731 0.4610036275695284 0.2744762719110731
bauseitigen 0.38724304715840385 0.27276613937580163 0.4217049576783555 0.27276613937580163 0.4217049576783555 0.2851646002565199 0.38724304715840385 0.2851646002565199
Soni 0.42140266021765416 0.27276613937580163 0.43409915356711004 0.27276613937580163 0.43409915356711004 0.2851646002565199 0.42140266021765416 0.2851646002565199
chutz 0.44649334945586455 0.27276613937580163 0.4625151148730351 0.27276613937580163 0.4625151148730351 0.28559213339033773 0.44649334945586455 0.28559213339033773
S| 0.48125755743651755 0.27704147071398033 0.4860943168077388 0.27704147071398033 0.4860943168077388 0.2821718683197948 0.48125755743651755 0.2821718683197948
siehe 0.3899637243047158 0.2851646002565199 0.40507859733978235 0.2851646002565199 0.40507859733978235 0.29243266353142366 0.3899637243047158 0.29243266353142366
Fachpla' 0.4068923821039903 0.2851646002565199 0.4286577992744861 0.2851646002565199 0.4286577992744861 0.2941427960666952 0.4068923821039903 0.2941427960666952
ausfilhrende 0.3899637243047158 0.29585292860196666 0.42986698911729143 0.29585292860196666 0.42986698911729143 0.30312099187687047 0.3899637243047158 0.30312099187687047
Fi 0.4229141475211608 0.2941427960666952 0.43107617896009676 0.2941427960666952 0.43107617896009676 0.30739632321504917 0.4229141475211608 0.30739632321504917
Abstimmungsbedarf. 0.3902660217654172 0.3065412569474134 0.44649334945586455 0.3065412569474134 0.44649334945586455 0.3155194527575887 0.3902660217654172 0.3155194527575887
| 0.3301088270858525 0.3219324497648568 0.3310157194679565 0.3219324497648568 0.3310157194679565 0.3309106455750321 0.3301088270858525 0.3309106455750321
i 0.48125755743651755 0.3309106455750321 0.4860943168077388 0.3309106455750321 0.4860943168077388 0.3360410431808465 0.48125755743651755 0.3360410431808465
J 0.5117896009673518 0.32834544677212485 0.5166263603385731 0.32834544677212485 0.5166263603385731 0.3309106455750321 0.5117896009673518 0.3309106455750321
Befestigung 0.39298669891172916 0.34031637451902524 0.4316807738814994 0.34031637451902524 0.4316807738814994 0.3514322359982899 0.39298669891172916 0.3514322359982899
Hes 0.4443772672309553 0.3424540401881146 0.44740024183796856 0.3424540401881146 0.44740024183796856 0.347584437793929 0.4443772672309553 0.347584437793929
3 0.48125755743651755 0.33689610944848225 0.4860943168077388 0.33689610944848225 0.4860943168077388 0.3420265070542967 0.48125755743651755 0.3420265070542967
bauseitigen 0.39298669891172916 0.3497221034630184 0.42986698911729143 0.3497221034630184 0.42986698911729143 0.3591278324070115 0.39298669891172916 0.3591278324070115
Hilters 0.4437726723095526 0.3497221034630184 0.45828295042321643 0.3497221034630184 0.45828295042321643 0.35741769987174005 0.4437726723095526 0.35741769987174005
bedarf 0.39298669891172916 0.3591278324070115 0.41414752116082226 0.3591278324070115 0.41414752116082226 0.3668234288157332 0.39298669891172916 0.3668234288157332
der 0.4183796856106409 0.3595553655408294 0.4286577992744861 0.3595553655408294 0.4286577992744861 0.3668234288157332 0.4183796856106409 0.3668234288157332
stimmung 0.4419588875453446 0.3595553655408294 0.4746070133010883 0.3595553655408294 0.4746070133010883 0.3698161607524583 0.4419588875453446 0.3698161607524583
|io} 0.48125755743651755 0.3629756306113724 0.4860943168077388 0.3629756306113724 0.4860943168077388 0.36810602821718685 0.48125755743651755 0.36810602821718685
mit 0.39298669891172916 0.36896109448482256 0.40326481257557434 0.36896109448482256 0.40326481257557434 0.3762291577597264 0.39298669891172916 0.3762291577597264
Fa. 0.40810157194679564 0.3685335613510047 0.41717049576783555 0.3685335613510047 0.41717049576783555 0.3762291577597264 0.40810157194679564 0.3762291577597264
Schdmacher's” 0.42230955259975816 0.3685335613510047 0.468863361547763 0.3685335613510047 0.468863361547763 0.3762291577597264 0.42230955259975816 0.3762291577597264
Abdichtun: 0.39600967351874244 0.3783668234288157 0.4286577992744861 0.3783668234288157 0.4286577992744861 0.38520735356990166 0.39600967351874244 0.38520735356990166
4 0.44830713422007257 0.38435228730226595 0.4495163240628779 0.38435228730226595 0.4495163240628779 0.38520735356990166 0.44830713422007257 0.38520735356990166
iq 0.48125755743651755 0.387345019238991 0.4860943168077388 0.387345019238991 0.4860943168077388 0.38948268490808036 0.48125755743651755 0.38948268490808036
Fenstetbank 0.30713422007255137 0.40444634459170586 0.3473397823458283 0.40444634459170586 0.3473397823458283 0.4142796066695169 0.30713422007255137 0.4142796066695169
aus 0.3521765417170496 0.4065840102607952 0.3636638452237001 0.4065840102607952 0.3636638452237001 0.41214194100042756 0.3521765417170496 0.41214194100042756
als 0.30713422007255137 0.4142796066695169 0.3162031438935913 0.4142796066695169 0.3162031438935913 0.42154766994442067 0.30713422007255137 0.42154766994442067
Kamtteil 0.32073760580411126 0.4142796066695169 0.34582829504232165 0.4142796066695169 0.34582829504232165 0.42154766994442067 0.32073760580411126 0.42154766994442067
mit 0.30713422007255137 0.4241128687473279 0.3177146311970979 0.4241128687473279 0.3177146311970979 0.4313809320222317 0.30713422007255137 0.4313809320222317
FepsterbankHalter 0.3222490931076179 0.4198375374091492 0.3827085852478839 0.4198375374091492 0.3827085852478839 0.43095339888841383 0.3222490931076179 0.43095339888841383
und 0.30713422007255137 0.43351859769132106 0.31892382103990324 0.43351859769132106 0.31892382103990324 0.44121419410004276 0.30713422007255137 0.44121419410004276
Anti-DréhnBeschichtun 0.3234582829504232 0.4330910645575032 0.40719467956469163 0.4330910645575032 0.40719467956469163 0.44121419410004276 0.3234582829504232 0.44121419410004276
238928 0.30713422007255137 0.44976485677640016 0.3282950423216445 0.44976485677640016 0.3282950423216445 0.45746045318512185 0.30713422007255137 0.45746045318512185
Fensterbankabschluss 0.33675937122128174 0.44976485677640016 0.4105199516324063 0.44976485677640016 0.4105199516324063 0.45788798631893973 0.33675937122128174 0.45788798631893973
fur 0.30713422007255137 0.4595981188542112 0.3162031438935913 0.4595981188542112 0.3162031438935913 0.466866182129115 0.30713422007255137 0.466866182129115
Klinker 0.32073760580411126 0.4595981188542112 0.342503022974607 0.4595981188542112 0.342503022974607 0.466866182129115 0.32073760580411126 0.466866182129115
oder 0.3473397823458283 0.4595981188542112 0.3612454655380895 0.4595981188542112 0.3612454655380895 0.466866182129115 0.3473397823458283 0.466866182129115
Sichtbeton 0.37031438935912936 0.4595981188542112 0.40114873035066506 0.4595981188542112 0.40114873035066506 0.466866182129115 0.37031438935912936 0.466866182129115
——+ 0.49274486094316805 0.46130825138948267 0.5099758162031439 0.46130825138948267 0.5099758162031439 0.46216331765711843 0.49274486094316805 0.46216331765711843
fur 0.30713422007255137 0.46900384779820437 0.3162031438935913 0.46900384779820437 0.3162031438935913 0.47669944420692606 0.30713422007255137 0.47669944420692606
280mm 0.3210399032648126 0.46515604959384355 0.34522370012091896 0.46515604959384355 0.34522370012091896 0.47669944420692606 0.3210399032648126 0.47669944420692606
Fensterbank 0.35066505441354295 0.4677212483967507 0.3905683192261185 0.4677212483967507 0.3905683192261185 0.47669944420692606 0.35066505441354295 0.47669944420692606
verdeckte 0.42321644498186217 0.46601111586147925 0.45949214026602175 0.46601111586147925 0.45949214026602175 0.48140230867892264 0.42321644498186217 0.48140230867892264
Entwisserung! 0.45949214026602175 0.46601111586147925 0.5111850060459492 0.46601111586147925 0.5111850060459492 0.48140230867892264 0.45949214026602175 0.48140230867892264
gat. 0.30713422007255137 0.4788371098760154 0.3192261185006046 0.4788371098760154 0.3192261185006046 0.4882428388200086 0.30713422007255137 0.4882428388200086
7 0.42623941958887546 0.4886703719538264 0.42956469165659006 0.4886703719538264 0.42956469165659006 0.4959384352287302 0.42623941958887546 0.4959384352287302
—— 0.3137847642079806 0.533133817870885 0.3340386940749698 0.533133817870885 0.3340386940749698 0.5386917486105173 0.3137847642079806 0.5386917486105173
a 0.3778718258766626 0.5322787516032492 0.3827085852478839 0.5322787516032492 0.3827085852478839 0.5369816160752459 0.3778718258766626 0.5369816160752459
My, 0.5054413542926239 0.572894399315947 0.5139056831922612 0.572894399315947 0.5139056831922612 0.5814450619923044 0.5054413542926239 0.5814450619923044
wh 0.5054413542926239 0.5814450619923044 0.5133010882708585 0.5814450619923044 0.5133010882708585 0.5972637879435656 0.5054413542926239 0.5972637879435656
Schiico—Fenstert 0.4023579201934704 0.5917058572039333 0.46009673518742444 0.5917058572039333 0.46009673518742444 0.6070970500213767 0.4023579201934704 0.6070970500213767
halter 0.47642079806529625 0.5955536554082942 0.4951632406287787 0.5955536554082942 0.4951632406287787 0.6032492518170158 0.47642079806529625 0.6032492518170158
_}| 0.5048367593712213 0.5964087216759298 0.5087666263603385 0.5964087216759298 0.5087666263603385 0.6053869174861052 0.5048367593712213 0.6053869174861052
238964 0.405683192261185 0.6049593843522874 0.4307738814993954 0.6049593843522874 0.4307738814993954 0.612654980761009 0.405683192261185 0.612654980761009
mit 0.43530834340991537 0.6053869174861052 0.4455864570737606 0.6053869174861052 0.4455864570737606 0.6122274476271911 0.43530834340991537 0.6122274476271911
Ii 0.5054413542926239 0.6088071825566481 0.5087666263603385 0.6088071825566481 0.5087666263603385 0.6177853783668235 0.5054413542926239 0.6177853783668235
238965 0.40538089480048367 0.6143651132962804 0.4307738814993954 0.6143651132962804 0.4307738814993954 0.6220607097050022 0.40538089480048367 0.6220607097050022
(150-2 0.43863361547762997 0.6143651132962804 0.45949214026602175 0.6143651132962804 0.45949214026602175 0.6220607097050022 0.43863361547762997 0.6220607097050022
FB 0.48548972188633616 0.6143651132962804 0.4930471584038694 0.6143651132962804 0.4930471584038694 0.6220607097050022 0.48548972188633616 0.6220607097050022
\ 0.5123941958887546 0.619067977768277 0.5133010882708585 0.619067977768277 0.5133010882708585 0.6207781103035486 0.5123941958887546 0.6207781103035486
AL) 0.5522974607013301 0.39333048311244123 0.5671100362756953 0.39333048311244123 0.5671100362756953 0.40487387772552375 0.5522974607013301 0.40487387772552375
66 0.6299879081015719 0.364258230012826 0.6348246674727932 0.364258230012826 0.6348246674727932 0.3762291577597264 0.6299879081015719 0.3762291577597264
VSG 0.6526602176541717 0.2171868319794784 0.6650544135429263 0.2171868319794784 0.6650544135429263 0.22488242838820008 0.6526602176541717 0.22488242838820008
mit 0.6695888754534461 0.2171868319794784 0.6798669891172914 0.2171868319794784 0.6798669891172914 0.22488242838820008 0.6695888754534461 0.22488242838820008
Mattfolie 0.6847037484885127 0.2171868319794784 0.713422007255139 0.2171868319794784 0.713422007255139 0.22488242838820008 0.6847037484885127 0.22488242838820008
im 0.6526602176541717 0.22702009405728943 0.6596130592503023 0.22702009405728943 0.6596130592503023 0.23428815733219324 0.6526602176541717 0.23428815733219324
Bereich 0.664752116082225 0.22702009405728943 0.6880290205562273 0.22702009405728943 0.6880290205562273 0.23428815733219324 0.664752116082225 0.23428815733219324
ti 0.6559854897218863 0.23471569046601112 0.6577992744860943 0.23471569046601112 0.6577992744860943 0.24711415134672937 0.6559854897218863 0.24711415134672937
Uhl 0.7110036275695284 0.23685335613510047 0.719770253929867 0.23685335613510047 0.719770253929867 0.24326635314236852 0.7110036275695284 0.24326635314236852
ir 0.6786577992744861 0.31509191962377087 0.6828899637243047 0.31509191962377087 0.6828899637243047 0.3219324497648568 0.6786577992744861 0.3219324497648568
ronil 0.7010278113663845 0.31509191962377087 0.7131197097944377 0.31509191962377087 0.7131197097944377 0.3219324497648568 0.7010278113663845 0.3219324497648568
| 0.7415356711003628 0.31509191962377087 0.7421402660217654 0.31509191962377087 0.7421402660217654 0.3219324497648568 0.7415356711003628 0.3219324497648568
erforderlicher 0.6508464328899637 0.3270628473706712 0.6952841596130592 0.3270628473706712 0.6952841596130592 0.3347584437793929 0.6508464328899637 0.3347584437793929
Platzbedar 0.6995163240628779 0.3270628473706712 0.7318621523579202 0.3270628473706712 0.7318621523579202 0.3347584437793929 0.6995163240628779 0.3347584437793929
umlaufend 0.6508464328899637 0.33646857631466437 0.685006045949214 0.33646857631466437 0.685006045949214 0.34416417272338606 0.6508464328899637 0.34416417272338606
(Gehrungschnjtt) 0.689540507859734 0.33561351004702866 0.7457678355501813 0.33561351004702866 0.7457678355501813 0.347584437793929 0.689540507859734 0.347584437793929
neben 0.7506045949214026 0.33689610944848225 0.7696493349455864 0.33689610944848225 0.7696493349455864 0.34416417272338606 0.7506045949214026 0.34416417272338606
Fliigeliberschlag 0.6508464328899637 0.34587430525865753 0.7055622732769045 0.34587430525865753 0.7055622732769045 0.3557075673364686 0.6508464328899637 0.3557075673364686
mind. 0.7100967351874244 0.3463018383924754 0.7276299879081015 0.3463018383924754 0.7276299879081015 0.3535699016673792 0.7100967351874244 0.3535699016673792
f. 0.6590084643288996 0.3557075673364686 0.6623337363966143 0.3557075673364686 0.6623337363966143 0.3629756306113724 0.6590084643288996 0.3629756306113724
Winkel 0.6677750906892382 0.3557075673364686 0.686819830713422 0.3557075673364686 0.686819830713422 0.3629756306113724 0.6677750906892382 0.3629756306113724
kiirz 0.6952841596130592 0.3557075673364686 0.7052599758162031 0.3557075673364686 0.7052599758162031 0.3629756306113724 0.6952841596130592 0.3629756306113724
ufmaBteil) 0.7258162031438936 0.3552800342026507 0.7593712212817413 0.3552800342026507 0.7593712212817413 0.36511329628046174 0.7258162031438936 0.36511329628046174
Winkelprofil 0.6508464328899637 0.3668234288157332 0.686819830713422 0.3668234288157332 0.686819830713422 0.37665669089354425 0.6508464328899637 0.37665669089354425
Aluminium 0.6508464328899637 0.37665669089354425 0.6847037484885127 0.37665669089354425 0.6847037484885127 0.38392475416844807 0.6508464328899637 0.38392475416844807
25x25x2 0.6898428053204353 0.37665669089354425 0.7176541717049577 0.37665669089354425 0.7176541717049577 0.38392475416844807 0.6898428053204353 0.38392475416844807
kiebt 0.6587061668681983 0.3864899529713553 0.6741233373639661 0.3864899529713553 0.6741233373639661 0.3937580162462591 0.6587061668681983 0.3937580162462591
Kompriband 0.651148730350665 0.39846088071825564 0.6901451027811366 0.39846088071825564 0.6901451027811366 0.407439076528431 0.651148730350665 0.407439076528431
bauseits 0.6949818621523579 0.39846088071825564 0.722490931076179 0.39846088071825564 0.722490931076179 0.40572894399315945 0.6949818621523579 0.40572894399315945
(Gewerk 0.651148730350665 0.4065840102607952 0.6768440145102781 0.4065840102607952 0.6768440145102781 0.41641727233860626 0.651148730350665 0.41641727233860626
Fu@boden, 0.6813784764207981 0.4078666096622488 0.7149334945586457 0.4078666096622488 0.7149334945586457 0.4159897392047884 0.6813784764207981 0.4159897392047884
Material— 0.651148730350665 0.41727233860624197 0.6819830713422007 0.41727233860624197 0.6819830713422007 0.4245404018811458 0.651148730350665 0.4245404018811458
atibilitat) 0.7022370012091899 0.41641727233860626 0.7324667472793228 0.41641727233860626 0.7324667472793228 0.42625053441641725 0.7022370012091899 0.42625053441641725
“sin 0.6411729141475212 0.4300983326207781 0.7146311970979444 0.4300983326207781 0.7146311970979444 0.46130825138948267 0.6411729141475212 0.46130825138948267
I> 0.5873639661426844 0.4890979050876443 0.5909915356711004 0.4890979050876443 0.5909915356711004 0.496793501496366 0.5873639661426844 0.496793501496366
Lage 0.651148730350665 0.4698589140658401 0.6662636033857315 0.4698589140658401 0.6662636033857315 0.4788371098760154 0.651148730350665 0.4788371098760154
vertikales 0.6707980652962515 0.46943138093202225 0.7019347037484885 0.46943138093202225 0.7019347037484885 0.4771269773407439 0.6707980652962515 0.4771269773407439
Kompriband 0.7064691656590084 0.46943138093202225 0.7457678355501813 0.46943138093202225 0.7457678355501813 0.4788371098760154 0.7064691656590084 0.4788371098760154
mind. 0.651148730350665 0.47926464300983324 0.6683796856106409 0.47926464300983324 0.6683796856106409 0.48653270628473705 0.651148730350665 0.48653270628473705
bis 0.6735187424425635 0.47926464300983324 0.6825876662636033 0.47926464300983324 0.6825876662636033 0.48653270628473705 0.6735187424425635 0.48653270628473705
OK 0.6871221281741233 0.47926464300983324 0.6952841596130592 0.47926464300983324 0.6952841596130592 0.48653270628473705 0.6871221281741233 0.48653270628473705
Stahlprofil 0.7004232164449818 0.4788371098760154 0.7333736396614269 0.4788371098760154 0.7333736396614269 0.4890979050876443 0.7004232164449818 0.4890979050876443
herunterfiihren 0.651148730350665 0.4886703719538264 0.6998186215235792 0.4886703719538264 0.6998186215235792 0.4959384352287302 0.651148730350665 0.4959384352287302
und 0.7052599758162031 0.4886703719538264 0.7164449818621523 0.4886703719538264 0.7164449818621523 0.4959384352287302 0.7052599758162031 0.4959384352287302
mit 0.7209794437726723 0.4886703719538264 0.7315598548972189 0.4886703719538264 0.7315598548972189 0.4959384352287302 0.7209794437726723 0.4959384352287302
KS—Profil_verbinden 0.651148730350665 0.49807610089781956 0.7176541717049577 0.49807610089781956 0.7176541717049577 0.5053441641727234 0.651148730350665 0.5053441641727234
Il 0.6523579201934704 0.5228730226592561 0.6641475211608222 0.5228730226592561 0.6641475211608222 0.5451047456177853 0.6523579201934704 0.5451047456177853
a 0.7091898428053204 0.523300555793074 0.7243047158403869 0.523300555793074 0.7243047158403869 0.5438221462163317 0.7091898428053204 0.5438221462163317
Dampfsperre 0.651148730350665 0.5515177426250535 0.6934703748488513 0.5515177426250535 0.6934703748488513 0.5609234715690466 0.651148730350665 0.5609234715690466
Folie 0.651148730350665 0.5604959384352287 0.6659613059250302 0.5604959384352287 0.6659613059250302 0.5686190679777683 0.651148730350665 0.5686190679777683
1/250 0.6707980652962515 0.559640872167593 0.6907496977025392 0.559640872167593 0.6907496977025392 0.5703292005130398 0.6707980652962515 0.5703292005130398
mm 0.6952841596130592 0.563061137238136 0.7073760580411125 0.563061137238136 0.7073760580411125 0.5681915348439504 0.6952841596130592 0.5681915348439504
seitlich 0.651148730350665 0.5703292005130398 0.6738210399032648 0.5703292005130398 0.6738210399032648 0.5775972637879435 0.651148730350665 0.5775972637879435
an 0.6786577992744861 0.5724668661821292 0.6859129383313181 0.5724668661821292 0.6859129383313181 0.5775972637879435 0.6786577992744861 0.5775972637879435
Leibung 0.6910519951632407 0.5703292005130398 0.7113059250302297 0.5703292005130398 0.7113059250302297 0.5775972637879435 0.6910519951632407 0.5775972637879435
kleben 0.720677146311971 0.5703292005130398 0.7409310761789601 0.5703292005130398 0.7409310761789601 0.5775972637879435 0.720677146311971 0.5775972637879435
Konsole 0.651148730350665 0.5818725951261223 0.6765417170495768 0.5818725951261223 0.6765417170495768 0.5968362548097478 0.651148730350665 0.5968362548097478
aus 0.6780532043530835 0.5857203933304831 0.6925634824667473 0.5857203933304831 0.6925634824667473 0.5951261222744763 0.6780532043530835 0.5951261222744763
St—Flach 0.6970979443772672 0.5835827276613937 0.7264207980652962 0.5835827276613937 0.7264207980652962 0.5912783240701154 0.6970979443772672 0.5912783240701154
4 0.6780532043530835 0.595981188542112 0.6789600967351874 0.595981188542112 0.6789600967351874 0.6002565198802907 0.6780532043530835 0.6002565198802907
Ubergabepunkt 0.651148730350665 0.6032492518170158 0.7007255139056832 0.6032492518170158 0.7007255139056832 0.6139375801624626 0.651148730350665 0.6139375801624626
bauseitig 0.7055622732769045 0.6041043180846516 0.7351874244256348 0.6041043180846516 0.7351874244256348 0.6139375801624626 0.7055622732769045 0.6139375801624626
gestelletes 0.651148730350665 0.6135100470286448 0.686819830713422 0.6135100470286448 0.686819830713422 0.6233433091064557 0.651148730350665 0.6233433091064557
E—Kabel 0.691354292623942 0.6135100470286448 0.7182587666263603 0.6135100470286448 0.7182587666263603 0.6212056434373664 0.691354292623942 0.6212056434373664
Sonnenschut! 0.7237001209189843 0.6135100470286448 0.7657194679564692 0.6135100470286448 0.7657194679564692 0.6212056434373664 0.7237001209189843 0.6212056434373664
+ 0.651148730350665 0.6246259085079093 0.655683192261185 0.6246259085079093 0.655683192261185 0.6306113723813596 0.651148730350665 0.6306113723813596
E-Kobel 0.6608222490931076 0.6233433091064557 0.687726723095526 0.6233433091064557 0.687726723095526 0.6310389055151774 0.6608222490931076 0.6310389055151774
Fliigelantrieb 0.6925634824667473 0.6233433091064557 0.7348851269649335 0.6233433091064557 0.7348851269649335 0.6327490380504489 0.6925634824667473 0.6327490380504489
