Schio 0.3715235792019347 0.3227875160324925 0.3845223700120919 0.3227875160324925 0.3845223700120919 0.3270628473706712 0.3715235792019347 0.3270628473706712
AWS 0.38694074969770254 0.3227875160324925 0.39631197097944376 0.3227875160324925 0.39631197097944376 0.3270628473706712 0.38694074969770254 0.3270628473706712
105 0.3957073760580411 0.3189397178281317 0.40507859733978235 0.3189397178281317 0.40507859733978235 0.33133817870884996 0.3957073760580411 0.33133817870884996
CC 0.40538089480048367 0.3189397178281317 0.41203143893591293 0.3189397178281317 0.41203143893591293 0.33133817870884996 0.40538089480048367 0.33133817870884996
.HI 0.4147521160822249 0.3227875160324925 0.41777509068923824 0.3227875160324925 0.41777509068923824 0.3270628473706712 0.4147521160822249 0.3270628473706712
mit 0.37122128174123337 0.3304831124412142 0.376360338573156 0.3304831124412142 0.376360338573156 0.3347584437793929 0.37122128174123337 0.3347584437793929
mit 0.37122128174123337 0.337751175716118 0.37605804111245467 0.337751175716118 0.37605804111245467 0.3420265070542967 0.37122128174123337 0.3420265070542967
AvanToc-Bosch 0.3778718258766626 0.337751175716118 0.405683192261185 0.337751175716118 0.405683192261185 0.3420265070542967 0.3778718258766626 0.3420265070542967
lag 0.406590084643289 0.337751175716118 0.4111245465538089 0.337751175716118 0.4111245465538089 0.3433091064557503 0.406590084643289 0.3433091064557503
9042401 0.6490326481257558 0.36041043180846516 0.652962515114873 0.36041043180846516 0.652962515114873 0.3783668234288157 0.6490326481257558 0.3783668234288157
Sanderprofi 0.653869407496977 0.35314236853356135 0.6587061668681983 0.35314236853356135 0.6587061668681983 0.3783668234288157 0.653869407496977 0.3783668234288157
AHO 0.6668681983071342 0.3625480974775545 0.6711003627569528 0.3625480974775545 0.6711003627569528 0.3787943565626336 0.6668681983071342 0.3787943565626336
246055 0.6871221281741233 0.36212056434373663 0.6907496977025392 0.36212056434373663 0.6907496977025392 0.3783668234288157 0.6871221281741233 0.3783668234288157
390920 0.7037484885126964 0.36212056434373663 0.7079806529625151 0.36212056434373663 0.7079806529625151 0.3783668234288157 0.7037484885126964 0.3783668234288157
224063, 0.7240024183796856 0.36212056434373663 0.7273276904474002 0.36212056434373663 0.7273276904474002 0.3783668234288157 0.7240024183796856 0.3783668234288157
24048 0.7312575574365175 0.36212056434373663 0.7354897218863361 0.36212056434373663 0.7354897218863361 0.3783668234288157 0.7312575574365175 0.3783668234288157
39170 0.7385126964933495 0.3629756306113724 0.7424425634824667 0.3629756306113724 0.7424425634824667 0.3783668234288157 0.7385126964933495 0.3783668234288157
Sonderprofi 0.36638452237001207 0.3595553655408294 0.37091898428053205 0.3595553655408294 0.37091898428053205 0.3783668234288157 0.36638452237001207 0.3783668234288157
9042401 0.3615477629987908 0.36041043180846516 0.3654776299879081 0.36041043180846516 0.3654776299879081 0.3783668234288157 0.3615477629987908 0.3783668234288157
13. 0.5979443772672309 0.39760581445061993 0.6033857315598549 0.39760581445061993 0.6033857315598549 0.4023086789226165 0.5979443772672309 0.4023086789226165
123 0.682285368802902 0.39760581445061993 0.687726723095526 0.39760581445061993 0.687726723095526 0.4023086789226165 0.682285368802902 0.4023086789226165
4B 0.6599153567110037 0.4078666096622488 0.6638452237001209 0.4078666096622488 0.6638452237001209 0.41299700726806327 0.6599153567110037 0.41299700726806327
i 0.6986094316807738 0.4078666096622488 0.7022370012091899 0.4078666096622488 0.7022370012091899 0.41299700726806327 0.6986094316807738 0.41299700726806327
Ss 0.6411729141475212 0.39760581445061993 0.6448004836759371 0.39760581445061993 0.6448004836759371 0.4023086789226165 0.6411729141475212 0.4023086789226165
i 0.621825876662636 0.4608807182556648 0.6251511487303507 0.4608807182556648 0.6251511487303507 0.46173578452330055 0.621825876662636 0.46173578452330055
Ee 0.6314993954050786 0.43779392902949976 0.6454050785973398 0.43779392902949976 0.6454050785973398 0.46173578452330055 0.6314993954050786 0.46173578452330055
| 0.6644498186215235 0.4608807182556648 0.6695888754534461 0.4608807182556648 0.6695888754534461 0.46173578452330055 0.6644498186215235 0.46173578452330055
bass 0.5722490931076178 0.46216331765711843 0.587968561064087 0.46216331765711843 0.587968561064087 0.4681487815305686 0.5722490931076178 0.4681487815305686
a 0.7357920193470375 0.4608807182556648 0.7394195888754534 0.4608807182556648 0.7394195888754534 0.46601111586147925 0.7357920193470375 0.46601111586147925
Red 0.5722490931076178 0.4685763146643865 0.5876662636033857 0.4685763146643865 0.5876662636033857 0.4724241128687473 0.5722490931076178 0.4724241128687473
ies 0.4108222490931076 0.4805472424112869 0.4207980652962515 0.4805472424112869 0.4207980652962515 0.48225737494655835 0.4108222490931076 0.48225737494655835
eee 0.5722490931076178 0.4754168448054724 0.587968561064087 0.4754168448054724 0.587968561064087 0.48225737494655835 0.5722490931076178 0.48225737494655835
aoe 0.6148730350665055 0.4685763146643865 0.6230350665054414 0.4685763146643865 0.6230350665054414 0.48567764001710134 0.6148730350665055 0.48567764001710134
See 0.6626360338573156 0.4831124412141941 0.6704957678355502 0.4831124412141941 0.6704957678355502 0.4839675074818298 0.6626360338573156 0.4839675074818298
sy 0.6478234582829504 0.4882428388200086 0.6517533252720678 0.4882428388200086 0.6517533252720678 0.4959384352287302 0.6478234582829504 0.4959384352287302
a 0.6402660217654171 0.5455322787516033 0.6426844014510278 0.5455322787516033 0.6426844014510278 0.546387345019239 0.6402660217654171 0.546387345019239
tC 0.7533252720677146 0.5438221462163317 0.7563482466747279 0.5438221462163317 0.7563482466747279 0.5476699444206926 0.7533252720677146 0.5476699444206926
s 0.691354292623942 0.5545104745617785 0.6949818621523579 0.5545104745617785 0.6949818621523579 0.5575032064985036 0.691354292623942 0.5575032064985036
2s 0.686819830713422 0.5579307396323215 0.6958887545344619 0.5579307396323215 0.6958887545344619 0.5681915348439504 0.686819830713422 0.5681915348439504
lel 0.7094921402660218 0.563061137238136 0.713422007255139 0.563061137238136 0.713422007255139 0.566053869174861 0.7094921402660218 0.566053869174861
x 0.7176541717049577 0.563061137238136 0.7209794437726723 0.563061137238136 0.7209794437726723 0.5656263360410432 0.7176541717049577 0.5656263360410432
alternative 0.32043530834340994 0.5690466011115861 0.3364570737605804 0.5690466011115861 0.3364570737605804 0.5763146643864899 0.32043530834340994 0.5763146643864899
bate 0.3437122128174123 0.5703292005130398 0.34522370012091896 0.5703292005130398 0.34522370012091896 0.5737494655835828 0.3437122128174123 0.5737494655835828
a 0.686819830713422 0.5647712697734074 0.6949818621523579 0.5647712697734074 0.6949818621523579 0.579307396323215 0.686819830713422 0.579307396323215
| 0.7100967351874244 0.5656263360410432 0.713422007255139 0.5656263360410432 0.713422007255139 0.579307396323215 0.7100967351874244 0.579307396323215
745 0.5668077388149939 0.5823001282599402 0.5728536880290206 0.5823001282599402 0.5728536880290206 0.5874305258657546 0.5668077388149939 0.5874305258657546
98.5 0.6018742442563483 0.5771697306541257 0.6109431680773881 0.5771697306541257 0.6109431680773881 0.5921333903377511 0.6018742442563483 0.5921333903377511
12 0.6393591293833132 0.5771697306541257 0.6448004836759371 0.5771697306541257 0.6448004836759371 0.5917058572039333 0.6393591293833132 0.5917058572039333
985 0.6738210399032648 0.5771697306541257 0.6807738814993954 0.5771697306541257 0.6807738814993954 0.5917058572039333 0.6738210399032648 0.5917058572039333
245 0.7125151148730351 0.5823001282599402 0.7191656590084643 0.5823001282599402 0.7191656590084643 0.5870029927319367 0.7125151148730351 0.5870029927319367
‘sichtborer 0.4150544135429262 0.6045318512184694 0.43016928657799275 0.6045318512184694 0.43016928657799275 0.6100897819581017 0.4150544135429262 0.6100897819581017
Blendrahmen 0.4319830713422007 0.6045318512184694 0.45163240628778717 0.6045318512184694 0.45163240628778717 0.6100897819581017 0.4319830713422007 0.6100897819581017
(Sturz 0.4150544135429262 0.6105173150919196 0.4244256348246675 0.6105173150919196 0.4244256348246675 0.6177853783668235 0.4150544135429262 0.6177853783668235
85.5mm 0.42623941958887546 0.6113723813595554 0.43833131801692865 0.6113723813595554 0.43833131801692865 0.6165027789653699 0.42623941958887546 0.6165027789653699
wegen 0.4407496977025393 0.6130825138948268 0.4498186215235792 0.6130825138948268 0.4498186215235792 0.6177853783668235 0.4407496977025393 0.6177853783668235
Abstond 0.4519347037484885 0.6113723813595554 0.46402660217654174 0.6113723813595554 0.46402660217654174 0.6165027789653699 0.4519347037484885 0.6165027789653699
Eternitplatte 0.4150544135429262 0.6182129115006413 0.43409915356711004 0.6182129115006413 0.43409915356711004 0.6246259085079093 0.4150544135429262 0.6246259085079093
zur 0.435912938331318 0.6194955109020949 0.4407496977025393 0.6194955109020949 0.4407496977025393 0.6229157759726379 0.435912938331318 0.6229157759726379
GK-Platte) 0.44256348246674726 0.6173578452330055 0.45949214026602175 0.6173578452330055 0.45949214026602175 0.6246259085079093 0.44256348246674726 0.6246259085079093
dampfottene 0.4150544135429262 0.6301838392475417 0.43409915356711004 0.6301838392475417 0.43409915356711004 0.6370243693886276 0.4150544135429262 0.6370243693886276
Dichtungstalie 0.435912938331318 0.6301838392475417 0.4570737605804111 0.6301838392475417 0.4570737605804111 0.6370243693886276 0.435912938331318 0.6370243693886276
2B. 0.4150544135429262 0.6370243693886276 0.4204957678355502 0.6370243693886276 0.4204957678355502 0.6417272338606242 0.4150544135429262 0.6417272338606242
Schiico 0.4226118500604595 0.6370243693886276 0.43319226118500603 0.6370243693886276 0.43319226118500603 0.6417272338606242 0.4226118500604595 0.6417272338606242
VapoFlex 0.43530834340991537 0.6370243693886276 0.4486094316807739 0.6370243693886276 0.4486094316807739 0.6430098332620778 0.43530834340991537 0.6430098332620778
LR 0.45042321644498184 0.6370243693886276 0.4537484885126965 0.6370243693886276 0.4537484885126965 0.6417272338606242 0.45042321644498184 0.6417272338606242
5 0.4558645707376058 0.6370243693886276 0.4579806529625151 0.6370243693886276 0.4579806529625151 0.6417272338606242 0.4558645707376058 0.6417272338606242
1000 0.45949214026602175 0.6746472851646003 0.4667472793228537 0.6746472851646003 0.4667472793228537 0.6802052159042326 0.45949214026602175 0.6802052159042326
Lichte 0.468863361547763 0.6746472851646003 0.47762998790810157 0.6746472851646003 0.47762998790810157 0.6802052159042326 0.468863361547763 0.6802052159042326
Neite 0.4797460701330109 0.6746472851646003 0.4876058041112455 0.6746472851646003 0.4876058041112455 0.6802052159042326 0.4797460701330109 0.6802052159042326
Etemit—VHF 0.48941958887545345 0.6746472851646003 0.5078597339782346 0.6746472851646003 0.5078597339782346 0.6802052159042326 0.48941958887545345 0.6802052159042326
Horizontalschnitt 0.20616686819830712 0.8392475416844806 0.27237001209189843 0.8392475416844806 0.27237001209189843 0.8486532706284737 0.20616686819830712 0.8486532706284737
Sonderfenster 0.2753929866989117 0.8392475416844806 0.3316203143893591 0.8392475416844806 0.3316203143893591 0.8482257374946558 0.2753929866989117 0.8482257374946558
