2VLAK 0.24274486094316808 0.3817870884993587 0.248186215235792 0.3817870884993587 0.248186215235792 0.39717828131680205 0.24274486094316808 0.39717828131680205
Wellblech 0.24455864570737607 0.3587002992731937 0.24758162031438935 0.3587002992731937 0.24758162031438935 0.37964942283026937 0.24455864570737607 0.37964942283026937
bis 0.24455864570737607 0.351004702864472 0.24758162031438935 0.351004702864472 0.24758162031438935 0.35656263360410434 0.24455864570737607 0.35656263360410434
Gebiudeachses 0.24455864570737607 0.31637451902522445 0.24758162031438935 0.31637451902522445 0.24758162031438935 0.34886703719538265 0.24455864570737607 0.34886703719538265
ne 0.4307738814993954 0.30012825994014536 0.4337968561064087 0.30012825994014536 0.4337968561064087 0.3065412569474134 0.4307738814993954 0.3065412569474134
[Ws 0.4241233373639661 0.45318512184694315 0.4277509068923821 0.45318512184694315 0.4277509068923821 0.4608807182556648 0.4241233373639661 0.4608807182556648
AK 0.4238210399032648 0.44548952543822146 0.4265417170495768 0.44548952543822146 0.4265417170495768 0.4510474561778538 0.4238210399032648 0.4510474561778538
Glas 0.4238210399032648 0.43394613082513894 0.4265417170495768 0.43394613082513894 0.4265417170495768 0.4433518597691321 0.4238210399032648 0.4433518597691321
bis 0.4238210399032648 0.4258230012825994 0.4265417170495768 0.4258230012825994 0.4265417170495768 0.4318084651560496 0.4238210399032648 0.4318084651560496
HK 0.4238210399032648 0.41812740487387773 0.4265417170495768 0.41812740487387773 0.4265417170495768 0.4236853356135101 0.4238210399032648 0.4236853356135101
Ptesten 0.4238210399032648 0.39846088071825564 0.4265417170495768 0.39846088071825564 0.4265417170495768 0.41641727233860626 0.4238210399032648 0.41641727233860626
hinge 0.6194074969770254 0.3274903805044891 0.6299879081015719 0.3274903805044891 0.6299879081015719 0.34031637451902524 0.6194074969770254 0.34031637451902524
fahren! 0.6311970979443773 0.3274903805044891 0.6420798065296252 0.3274903805044891 0.6420798065296252 0.34031637451902524 0.6311970979443773 0.34031637451902524
Unterschiene 0.6215235792019347 0.32064985036340315 0.6423821039903265 0.32064985036340315 0.6423821039903265 0.324497648567764 0.6215235792019347 0.324497648567764
Sennensshutz 0.621825876662636 0.3262077811030355 0.6435912938331319 0.3262077811030355 0.6435912938331319 0.3304831124412142 0.621825876662636 0.3304831124412142
41 0.650241837968561 0.33262077811030355 0.6535671100362757 0.33262077811030355 0.6535671100362757 0.33689610944848225 0.650241837968561 0.33689610944848225
‘Ansight 0.6203143893591294 0.36340316374519027 0.6321039903264812 0.36340316374519027 0.6321039903264812 0.3672509619495511 0.6203143893591294 0.3672509619495511
Riegel 0.6333131801692866 0.36340316374519027 0.6444981862152358 0.36340316374519027 0.6444981862152358 0.3685335613510047 0.6333131801692866 0.3685335613510047
Deckleiste 0.6203143893591294 0.36896109448482256 0.6366384522370012 0.36896109448482256 0.6366384522370012 0.37280889268918344 0.6203143893591294 0.37280889268918344
[PAK 0.4313784764207981 0.4677212483967507 0.43349455864570735 0.4677212483967507 0.43349455864570735 0.4698589140658401 0.4313784764207981 0.4698589140658401
Dackleiste 0.4307738814993954 0.4348011970927747 0.4347037484885127 0.4348011970927747 0.4347037484885127 0.46601111586147925 0.4307738814993954 0.46601111586147925
- 0.4325876662636034 0.430525865754596 0.4328899637243047 0.430525865754596 0.4328899637243047 0.43266353142368535 0.4325876662636034 0.43266353142368535
HK 0.4307738814993954 0.4232578024796922 0.43349455864570735 0.4232578024796922 0.43349455864570735 0.42838820008550665 0.4307738814993954 0.42838820008550665
Ptasten 0.4307738814993954 0.4031637451902522 0.43349455864570735 0.4031637451902522 0.43349455864570735 0.42112013681060284 0.4307738814993954 0.42112013681060284
t 0.42110036275695284 0.47028644719965795 0.4235187424425635 0.47028644719965795 0.4235187424425635 0.4711415134672937 0.42110036275695284 0.4711415134672937
4 0.42533252720677145 0.47028644719965795 0.4277509068923821 0.47028644719965795 0.4277509068923821 0.4711415134672937 0.42533252720677145 0.4711415134672937
t 0.4280532043530834 0.47028644719965795 0.43047158403869407 0.47028644719965795 0.43047158403869407 0.4711415134672937 0.4280532043530834 0.4711415134672937
Ea 0.46009673518742444 0.5502351432235998 0.4622128174123337 0.5502351432235998 0.4622128174123337 0.5553655408294143 0.46009673518742444 0.5553655408294143
oS 0.4289600967351874 0.5528003420265071 0.4328899637243047 0.5528003420265071 0.4328899637243047 0.5878580589995724 0.4289600967351874 0.5878580589995724
Ansieht 0.6203143893591294 0.40572894399315945 0.6321039903264812 0.40572894399315945 0.6321039903264812 0.4095767421975203 0.6203143893591294 0.4095767421975203
Seittahrung 0.6336154776299879 0.40572894399315945 0.6517533252720678 0.40572894399315945 0.6517533252720678 0.4108593415989739 0.6336154776299879 0.4108593415989739
Eannensehut 0.6206166868198307 0.4112868747327918 0.6423821039903265 0.4112868747327918 0.6423821039903265 0.4151346729371526 0.6206166868198307 0.4151346729371526
Ansight 0.6203143893591294 0.43736639589568194 0.6321039903264812 0.43736639589568194 0.6321039903264812 0.44121419410004276 0.6203143893591294 0.44121419410004276
Ptesten- 0.6333131801692866 0.43736639589568194 0.6478234582829504 0.43736639589568194 0.6478234582829504 0.44121419410004276 0.6333131801692866 0.44121419410004276
Dechleiste 0.6203143893591294 0.4429243266353142 0.6366384522370012 0.4429243266353142 0.6366384522370012 0.4471996579734929 0.6203143893591294 0.4471996579734929
Ansicht 0.6203143893591294 0.5433946130825139 0.6321039903264812 0.5433946130825139 0.6321039903264812 0.5472424112868748 0.6203143893591294 0.5472424112868748
Ptesten- 0.6333131801692866 0.5433946130825139 0.6478234582829504 0.5433946130825139 0.6478234582829504 0.5472424112868748 0.6333131801692866 0.5472424112868748
Deckleiste 0.6203143893591294 0.5489525438221462 0.6366384522370012 0.5489525438221462 0.6366384522370012 0.5532278751603249 0.6203143893591294 0.5532278751603249
Ansicht 0.6203143893591294 0.5579307396323215 0.6321039903264812 0.5579307396323215 0.6321039903264812 0.5617785378366823 0.6203143893591294 0.5617785378366823
Feitfahrung 0.6336154776299879 0.5579307396323215 0.6517533252720678 0.5579307396323215 0.6517533252720678 0.5626336041043181 0.6336154776299879 0.5626336041043181
Angicht 0.6203143893591294 0.5810175288584866 0.6321039903264812 0.5810175288584866 0.6321039903264812 0.5852928601966653 0.6203143893591294 0.5852928601966653
Riegel~ 0.6333131801692866 0.5810175288584866 0.6444981862152358 0.5810175288584866 0.6444981862152358 0.586147926464301 0.6333131801692866 0.586147926464301
Deckleiste 0.6203143893591294 0.5865754595981189 0.6366384522370012 0.5865754595981189 0.6366384522370012 0.5908507909362976 0.6203143893591294 0.5908507909362976
a 0.36215235792019346 0.6233433091064557 0.3648730350665054 0.6233433091064557 0.3648730350665054 0.6310389055151774 0.36215235792019346 0.6310389055151774
a1 0.4658403869407497 0.6015391192817443 0.46856106408706166 0.6015391192817443 0.46856106408706166 0.6062419837537409 0.4658403869407497 0.6062419837537409
halle 0.4658403869407497 0.582727661393758 0.469770253929867 0.582727661393758 0.469770253929867 0.5989739204788371 0.4658403869407497 0.5989739204788371
la 0.43863361547762997 0.6105173150919196 0.4607013301088271 0.6105173150919196 0.4607013301088271 0.6259085079093629 0.43863361547762997 0.6259085079093629
Hetetschiene 0.4507255139056832 0.5763146643864899 0.4534461910519952 0.5763146643864899 0.4534461910519952 0.6053869174861052 0.4507255139056832 0.6053869174861052
| 0.4616082224909311 0.6186404446344592 0.4667472793228537 0.6186404446344592 0.4667472793228537 0.6194955109020949 0.4616082224909311 0.6194955109020949
Blende 0.4737001209189843 0.5865754595981189 0.47642079806529625 0.5865754595981189 0.47642079806529625 0.6015391192817443 0.4737001209189843 0.6015391192817443
| 0.3597339782345828 0.639162035057717 0.36608222490931075 0.639162035057717 0.36608222490931075 0.6404446344591705 0.3597339782345828 0.6404446344591705
[ 0.3600362756952842 0.6528430953398888 0.3654776299879081 0.6528430953398888 0.3654776299879081 0.6536981616075246 0.3600362756952842 0.6536981616075246
21 0.31559854897218864 0.4420692603676785 0.31983071342200725 0.4420692603676785 0.31983071342200725 0.4463445917058572 0.31559854897218864 0.4463445917058572
Mentagebligel 0.43409915356711004 0.6737922188969645 0.4558645707376058 0.6737922188969645 0.4558645707376058 0.6793501496365968 0.43409915356711004 0.6793501496365968
/ 0.4573760580411125 0.6737922188969645 0.4588875453446191 0.6737922188969645 0.4588875453446191 0.6780675502351432 0.4573760580411125 0.6780675502351432
Trager 0.43440145102781136 0.6797776827704147 0.4446795646916566 0.6797776827704147 0.4446795646916566 0.685335613510047 0.43440145102781136 0.685335613510047
flr 0.44619105199516323 0.6797776827704147 0.45102781136638453 0.6797776827704147 0.45102781136638453 0.6836254809747755 0.44619105199516323 0.6836254809747755
Oberschiene 0.4525392986698912 0.6797776827704147 0.47158403869407495 0.6797776827704147 0.47158403869407495 0.6836254809747755 0.4525392986698912 0.6836254809747755
Wellblech-Kas2etten 0.25211608222490933 0.7413424540401881 0.2889963724304716 0.7413424540401881 0.2889963724304716 0.7456177853783669 0.25211608222490933 0.7456177853783669
mit 0.29081015719467956 0.741769987174006 0.29564691656590086 0.741769987174006 0.29564691656590086 0.7456177853783669 0.29081015719467956 0.7456177853783669
UK 0.2974607013301088 0.7413424540401881 0.30169286577992743 0.7413424540401881 0.30169286577992743 0.7456177853783669 0.2974607013301088 0.7456177853783669
+ 0.30350665054413545 0.7434801197092775 0.3050181378476421 0.7434801197092775 0.3050181378476421 0.7456177853783669 0.30350665054413545 0.7456177853783669
BSmaung 0.30652962515114873 0.7413424540401881 0.3225513905683192 0.7413424540401881 0.3225513905683192 0.7473279179136383 0.30652962515114873 0.7473279179136383
ILeistung 0.25241837968561065 0.748182984181274 0.2678355501813785 0.748182984181274 0.2678355501813785 0.7545959811885421 0.25241837968561065 0.7545959811885421
angrenzendes 0.26964933494558646 0.7490380504489098 0.29353083434099153 0.7490380504489098 0.29353083434099153 0.7545959811885421 0.26964933494558646 0.7545959811885421
Gewerhl 0.2953446191051995 0.748182984181274 0.3089480048367594 0.748182984181274 0.3089480048367594 0.7537409149209063 0.2953446191051995 0.7537409149209063
Detail 0.2379081015719468 0.8029072253099615 0.2623941958887545 0.8029072253099615 0.2623941958887545 0.8135955536554083 0.2379081015719468 0.8135955536554083
Horizontalschnitt 0.2666263603385732 0.8029072253099615 0.34008464328899635 0.8029072253099615 0.34008464328899635 0.8135955536554083 0.2666263603385732 0.8135955536554083
PR-Fassade 0.3437122128174123 0.8033347584437794 0.3984280532043531 0.8033347584437794 0.3984280532043531 0.8135955536554083 0.3437122128174123 0.8135955536554083
4 0.650241837968561 0.6425823001282599 0.6535671100362757 0.6425823001282599 0.6535671100362757 0.6472851646002565 0.650241837968561 0.6472851646002565
