cect 0.2379081015719468 0.20949123557075675 0.27055622732769047 0.20949123557075675 0.27055622732769047 0.2129115006412997 0.2379081015719468 0.2129115006412997
50 0.21674727932285368 0.23471569046601112 0.22128174123337363 0.23471569046601112 0.22128174123337363 0.2419837537409149 0.21674727932285368 0.2419837537409149
SPELL 0.17019347037484886 0.3826421547669944 0.20828295042321646 0.3826421547669944 0.20828295042321646 0.3950406156477127 0.17019347037484886 0.3950406156477127
7 0.16444981862152358 0.39675074818298417 0.1686819830713422 0.39675074818298417 0.1686819830713422 0.4027362120564344 0.16444981862152358 0.4027362120564344
Ausnehmung 0.17049576783555018 0.3963232150491663 0.19951632406287786 0.3963232150491663 0.19951632406287786 0.4035912783240701 0.17049576783555018 0.4035912783240701
im 0.20163240628778717 0.3963232150491663 0.20616686819830712 0.3963232150491663 0.20616686819830712 0.4027362120564344 0.20163240628778717 0.4027362120564344
| 0.16203143893591293 0.4035912783240701 0.16293833131801694 0.4035912783240701 0.16293833131801694 0.4070115433946131 0.16203143893591293 0.4070115433946131
/abkleben@ 0.1759371221281741 0.40444634459170586 0.19437726723095525 0.40444634459170586 0.19437726723095525 0.41043180846515603 0.1759371221281741 0.41043180846515603
31,7 0.21674727932285368 0.4194100042753313 0.23216444981862153 0.4194100042753313 0.23216444981862153 0.4288157332193245 0.21674727932285368 0.4288157332193245
ff 0.16656590084643288 0.4839675074818298 0.17079806529625152 0.4839675074818298 0.17079806529625152 0.48952543822146216 0.16656590084643288 0.48952543822146216
F 0.16203143893591293 0.4920906370243694 0.16444981862152358 0.4920906370243694 0.16444981862152358 0.49722103463018386 0.16203143893591293 0.49722103463018386
anker 0.16656590084643288 0.4959384352287302 0.18047158403869407 0.4959384352287302 0.18047158403869407 0.5019238991021804 0.16656590084643288 0.5019238991021804
4 0.1825876662636034 0.49551090209491233 0.1847037484885127 0.49551090209491233 0.1847037484885127 0.5014963659683626 0.1825876662636034 0.5014963659683626
Stick”, 0.18742442563482467 0.4950833689610945 0.20042321644498187 0.4950833689610945 0.20042321644498187 0.5032064985036341 0.18742442563482467 0.5032064985036341
~ 0.20828295042321646 0.4925181701581873 0.2119105199516324 0.4925181701581873 0.2119105199516324 0.49764856776400174 0.20828295042321646 0.49764856776400174
HILTIHST 0.16626360338573157 0.5040615647712697 0.18833131801692865 0.5040615647712697 0.18833131801692865 0.51004702864472 0.16626360338573157 0.51004702864472
M1, 0.1907496977025393 0.5040615647712697 0.20042321644498187 0.5040615647712697 0.20042321644498187 0.5109020949123557 0.1907496977025393 0.5109020949123557
(2 0.16203143893591293 0.5130397605814451 0.1686819830713422 0.5130397605814451 0.1686819830713422 0.5203078238563489 0.16203143893591293 0.5203078238563489
Achse 0.17079806529625152 0.5126122274476272 0.1847037484885127 0.5126122274476272 0.1847037484885127 0.5185976913210774 0.17079806529625152 0.5185976913210774
(1) 0.18712212817412333 0.5117571611799915 0.19135429262394196 0.5117571611799915 0.19135429262394196 0.5190252244548953 0.18712212817412333 0.5190252244548953
= 0.19195888754534463 0.51004702864472 0.1967956469165659 0.51004702864472 0.1967956469165659 0.5224454895254382 0.19195888754534463 0.5224454895254382
258mm 0.20102781136638453 0.5126122274476272 0.21311970979443773 0.5126122274476272 0.21311970979443773 0.5185976913210774 0.20102781136638453 0.5185976913210774
a 0.16686819830713423 0.5224454895254382 0.1686819830713422 0.5224454895254382 0.1686819830713422 0.5271483539974348 0.16686819830713423 0.5271483539974348
Achse 0.17079806529625152 0.5211628901239846 0.1847037484885127 0.5211628901239846 0.1847037484885127 0.5271483539974348 0.17079806529625152 0.5271483539974348
(2) 0.18712212817412333 0.5207353569901667 0.19226118500604594 0.5207353569901667 0.19226118500604594 0.5275758871312527 0.18712212817412333 0.5275758871312527
= 0.1946795646916566 0.5237280889268918 0.1967956469165659 0.5237280889268918 0.1967956469165659 0.5262932877297991 0.1946795646916566 0.5262932877297991
30mm4& 0.1989117291414752 0.5207353569901667 0.22007255139056833 0.5207353569901667 0.22007255139056833 0.5288584865327063 0.1989117291414752 0.5288584865327063
a 0.16656590084643288 0.5309961522017956 0.1686819830713422 0.5309961522017956 0.1686819830713422 0.5356990166737923 0.16656590084643288 0.5356990166737923
Rand 0.17079806529625152 0.5292860196665241 0.18228536880290205 0.5292860196665241 0.18228536880290205 0.5356990166737923 0.17079806529625152 0.5356990166737923
mind 0.18409915356711004 0.529713552800342 0.19407496977025393 0.529713552800342 0.19407496977025393 0.5356990166737923 0.18409915356711004 0.5356990166737923
80mm 0.19709794437726724 0.529713552800342 0.2097944377267231 0.529713552800342 0.2097944377267231 0.5356990166737923 0.19709794437726724 0.5356990166737923
bauseitige 0.17442563482466747 0.6716545532278752 0.20163240628778717 0.6716545532278752 0.20163240628778717 0.6823428815733219 0.17442563482466747 0.6823428815733219
0 0.24214026602176542 0.6772124839675074 0.2457678355501814 0.6772124839675074 0.2457678355501814 0.6827704147071398 0.24214026602176542 0.6827704147071398
Anschweifiplatten 0.1777509068923821 0.6814878153056861 0.219770253929867 0.6814878153056861 0.219770253929867 0.6891834117144079 0.1777509068923821 0.6891834117144079
ab 0.1777509068923821 0.6896109448482257 0.1825876662636034 0.6896109448482257 0.1825876662636034 0.6960239418554938 0.1777509068923821 0.6960239418554938
7.06 0.1847037484885127 0.6896109448482257 0.1946795646916566 0.6896109448482257 0.1946795646916566 0.6960239418554938 0.1847037484885127 0.6960239418554938
vorgesehen 0.1967956469165659 0.6900384779820437 0.2240024183796856 0.6900384779820437 0.2240024183796856 0.6977340743907653 0.1967956469165659 0.6977340743907653
Nicht 0.17744860943168078 0.6981616075245831 0.18863361547763 0.6981616075245831 0.18863361547763 0.7045746045318512 0.17744860943168078 0.7045746045318512
nutzbar, 0.19105199516324062 0.6981616075245831 0.21039903264812576 0.6981616075245831 0.21039903264812576 0.7054296707994869 0.19105199516324062 0.7054296707994869
da 0.21311970979443773 0.698589140658401 0.217956469165659 0.698589140658401 0.217956469165659 0.7045746045318512 0.21311970979443773 0.7045746045318512
Lag 0.22007255139056833 0.698589140658401 0.22823458282950423 0.698589140658401 0.22823458282950423 0.7058572039333049 0.22007255139056833 0.7058572039333049
nicht 0.17714631197097944 0.7071398033347585 0.18833131801692865 0.7071398033347585 0.18833131801692865 0.7131252672082087 0.17714631197097944 0.7131252672082087
korrekt 0.1907496977025393 0.7067122702009405 0.20828295042321646 0.7067122702009405 0.20828295042321646 0.7131252672082087 0.1907496977025393 0.7131252672082087
St-Rohr 0.1946795646916566 0.7336468576314664 0.2140266021765417 0.7336468576314664 0.2140266021765417 0.7400598546387345 0.1946795646916566 0.7400598546387345
90x40xS 0.21614268440145104 0.7336468576314664 0.23579201934703747 0.7336468576314664 0.23579201934703747 0.7400598546387345 0.21614268440145104 0.7400598546387345
hochkant, 0.1946795646916566 0.7426250534416418 0.21735187424425634 0.7426250534416418 0.21735187424425634 0.7494655835827276 0.1946795646916566 0.7494655835827276
Einschubtief 0.21916565900846433 0.7426250534416418 0.248186215235792 0.7426250534416418 0.248186215235792 0.7486105173150919 0.21916565900846433 0.7486105173150919
mind. 0.1946795646916566 0.7507481829841812 0.20556227327690446 0.7507481829841812 0.20556227327690446 0.7571611799914494 0.1946795646916566 0.7571611799914494
250mm, 0.2079806529625151 0.7507481829841812 0.22309552599758162 0.7507481829841812 0.22309552599758162 0.7571611799914494 0.2079806529625151 0.7571611799914494
$t37-2 0.2267230955259976 0.7507481829841812 0.24274486094316808 0.7507481829841812 0.24274486094316808 0.7571611799914494 0.2267230955259976 0.7571611799914494
Anschliisse 0.3766626360338573 0.2825994014536127 0.40386940749697703 0.2825994014536127 0.40386940749697703 0.2890123984608807 0.3766626360338573 0.2890123984608807
sind 0.405683192261185 0.2830269345874305 0.4147521160822249 0.2830269345874305 0.4147521160822249 0.2890123984608807 0.405683192261185 0.2890123984608807
bauseitige 0.3766626360338573 0.29157759726378796 0.40084643288996374 0.29157759726378796 0.40084643288996374 0.2992731936725096 0.3766626360338573 0.2992731936725096
Leistungen 0.402962515114873 0.2911500641299701 0.4283555018137848 0.2911500641299701 0.4283555018137848 0.2997007268063275 0.402962515114873 0.2997007268063275
Bei 0.3766626360338573 0.2997007268063275 0.38361547762998793 0.2997007268063275 0.38361547762998793 0.30611372381359553 0.3766626360338573 0.30611372381359553
einer 0.3854292623941959 0.30012825994014536 0.39721886336154777 0.30012825994014536 0.39721886336154777 0.30611372381359553 0.3854292623941959 0.30611372381359553
Fugenbreite 0.39903264812575573 0.2997007268063275 0.42714631197097946 0.2997007268063275 0.42714631197097946 0.30782385634886705 0.39903264812575573 0.30782385634886705
von 0.3766626360338573 0.3099615220179564 0.3845223700120919 0.3099615220179564 0.3845223700120919 0.3142368533561351 0.3766626360338573 0.3142368533561351
1mm 0.38694074969770254 0.30867892261650276 0.3984280532043531 0.30867892261650276 0.3984280532043531 0.314664386489953 0.38694074969770254 0.314664386489953
zwischen 0.40054413542926237 0.30825138948268493 0.42110036275695284 0.30825138948268493 0.42110036275695284 0.314664386489953 0.40054413542926237 0.314664386489953
Dechleiste 0.3766626360338573 0.31680205215904234 0.40114873035066506 0.31680205215904234 0.40114873035066506 0.3232150491663104 0.3766626360338573 0.3232150491663104
Glastassade 0.40326481257557434 0.31680205215904234 0.4325876662636034 0.31680205215904234 0.4325876662636034 0.3227875160324925 0.40326481257557434 0.3227875160324925
ist 0.3766626360338573 0.3257802479692176 0.3824062877871826 0.3257802479692176 0.3824062877871826 0.3317657118426678 0.3766626360338573 0.3317657118426678
die 0.3848246674727932 0.3257802479692176 0.39117291414752114 0.3257802479692176 0.39117291414752114 0.3317657118426678 0.3848246674727932 0.3317657118426678
Blechfassade 0.39298669891172916 0.32492518170158186 0.4247279322853688 0.32492518170158186 0.4247279322853688 0.3317657118426678 0.39298669891172916 0.3317657118426678
so 0.42714631197097946 0.3270628473706712 0.4319830713422007 0.3270628473706712 0.4319830713422007 0.3317657118426678 0.42714631197097946 0.3317657118426678
zu 0.3766626360338573 0.33561351004702866 0.38210399032648124 0.33561351004702866 0.38210399032648124 0.34031637451902524 0.3766626360338573 0.34031637451902524
planen, 0.38391777509068925 0.334330910645575 0.40054413542926237 0.334330910645575 0.40054413542926237 0.34159897392047883 0.38391777509068925 0.34159897392047883
dass 0.4026602176541717 0.334330910645575 0.41324062877871826 0.334330910645575 0.41324062877871826 0.34031637451902524 0.4026602176541717 0.34031637451902524
ein 0.4153567110036276 0.33390337751175714 0.4217049576783555 0.33390337751175714 0.4217049576783555 0.34031637451902524 0.4153567110036276 0.34031637451902524
Scheibenaustausch 0.3769649334945586 0.3424540401881146 0.4217049576783555 0.3424540401881146 0.4217049576783555 0.34843950406156476 0.3769649334945586 0.34843950406156476
' 0.435912938331318 0.22231722958529285 0.436819830713422 0.22231722958529285 0.436819830713422 0.22573749465583584 0.435912938331318 0.22573749465583584
| 0.435912938331318 0.22830269345874304 0.436819830713422 0.22830269345874304 0.436819830713422 0.2479692176143651 0.435912938331318 0.2479692176143651
| 0.435912938331318 0.25053441641727237 0.436819830713422 0.25053441641727237 0.436819830713422 0.2706284737067123 0.435912938331318 0.2706284737067123
Blechverkleidung 0.3766626360338573 0.2744762719110731 0.41686819830713423 0.2744762719110731 0.41686819830713423 0.2821718683197948 0.3766626360338573 0.2821718683197948
und 0.4186819830713422 0.274903805044891 0.4268440145102781 0.274903805044891 0.4268440145102781 0.2804617357845233 0.4186819830713422 0.2804617357845233
| 0.435912938331318 0.2731936725096195 0.436819830713422 0.2731936725096195 0.436819830713422 0.28815733219324496 0.435912938331318 0.28815733219324496
' 0.435912938331318 0.2902949978623343 0.436819830713422 0.2902949978623343 0.436819830713422 0.2937152629328773 0.435912938331318 0.2937152629328773
| 0.435912938331318 0.29585292860196666 0.436819830713422 0.29585292860196666 0.436819830713422 0.3103890551517743 0.435912938331318 0.3103890551517743
' 0.435912938331318 0.31295425395468146 0.4365175332527207 0.31295425395468146 0.4365175332527207 0.3159469858914066 0.435912938331318 0.3159469858914066
ewshrieistet 0.37968561064087064 0.351004702864472 0.40931076178960096 0.351004702864472 0.40931076178960096 0.35699016673792217 0.37968561064087064 0.35699016673792217
ist 0.4117291414752116 0.351004702864472 0.41717049576783555 0.351004702864472 0.41717049576783555 0.35699016673792217 0.4117291414752116 0.35699016673792217
| 0.435912938331318 0.34117144078666095 0.436819830713422 0.34117144078666095 0.436819830713422 0.36169303120991875 0.435912938331318 0.36169303120991875
| 0.435912938331318 0.364258230012826 0.436819830713422 0.364258230012826 0.436819830713422 0.3783668234288157 0.435912938331318 0.3783668234288157
horizontaler 0.3824062877871826 0.4112868747327918 0.4117291414752116 0.4112868747327918 0.4117291414752116 0.41727233860624197 0.3824062877871826 0.41727233860624197
Folienverlaut 0.3824062877871826 0.4194100042753313 0.4135429262394196 0.4194100042753313 0.4135429262394196 0.42539546814878154 0.3824062877871826 0.42539546814878154
Kopt-/ 0.3824062877871826 0.4279606669516888 0.3987303506650544 0.4279606669516888 0.3987303506650544 0.43394613082513894 0.3824062877871826 0.43394613082513894
Fufipunkt 0.406590084643289 0.4279606669516888 0.4229141475211608 0.4279606669516888 0.4229141475211608 0.43394613082513894 0.406590084643289 0.43394613082513894
750 0.25967351874244254 0.516460025651988 0.2642079806529625 0.516460025651988 0.2642079806529625 0.5271483539974348 0.25967351874244254 0.5271483539974348
Folle 0.2578597339782346 0.5378366823428816 0.26451027811366384 0.5378366823428816 0.26451027811366384 0.5438221462163317 0.2578597339782346 0.5438221462163317
um 0.27055622732769047 0.539546814878153 0.27660217654171704 0.539546814878153 0.27660217654171704 0.5438221462163317 0.27055622732769047 0.5438221462163317
Ankerptatte 0.2790205562273277 0.5378366823428816 0.30773881499395406 0.5378366823428816 0.30773881499395406 0.5455322787516033 0.2790205562273277 0.5455322787516033
UNren 0.26027811366384523 0.546387345019239 0.27357920193470375 0.546387345019239 0.27357920193470375 0.5523728088926891 0.26027811366384523 0.5523728088926891
hochkant, 0.376360338573156 0.6233433091064557 0.39721886336154777 0.6233433091064557 0.39721886336154777 0.629328772979906 0.376360338573156 0.629328772979906
St 0.40114873035066506 0.6233433091064557 0.40598548972188636 0.6233433091064557 0.40598548972188636 0.629328772979906 0.40114873035066506 0.629328772979906
37-2 0.40840386940749696 0.6233433091064557 0.4189842805320435 0.6233433091064557 0.4189842805320435 0.6306113723813596 0.40840386940749696 0.6306113723813596
Sechskant-Schr. 0.3818016928657799 0.5262932877297991 0.4198911729141475 0.5262932877297991 0.4198911729141475 0.5327062847370672 0.3818016928657799 0.5327062847370672
DINS33 0.3818016928657799 0.5348439504061565 0.39721886336154777 0.5348439504061565 0.39721886336154777 0.5408294142796066 0.3818016928657799 0.5408294142796066
L-Staht 0.3808948004836759 0.5583582727661394 0.39903264812575573 0.5583582727661394 0.39903264812575573 0.5643437366395896 0.3808948004836759 0.5643437366395896
10: 0.38905683192261187 0.563061137238136 0.39298669891172916 0.563061137238136 0.39298669891172916 0.5767421975203079 0.38905683192261187 0.5767421975203079
x 0.40931076178960096 0.5686190679777683 0.4114268440145103 0.5686190679777683 0.4114268440145103 0.5724668661821292 0.40931076178960096 0.5724668661821292
St-Rohr 0.3766626360338573 0.6147926464300983 0.3957073760580411 0.6147926464300983 0.3957073760580411 0.6212056434373664 0.3766626360338573 0.6212056434373664
100xS0x4 0.3978234582829504 0.6147926464300983 0.4189842805320435 0.6147926464300983 0.4189842805320435 0.6207781103035486 0.3978234582829504 0.6207781103035486
L-Stahl 0.4785368802902056 0.5493800769559641 0.496372430471584 0.5493800769559641 0.496372430471584 0.5557930739632322 0.4785368802902056 0.5557930739632322
DINIO28 0.47944377267230953 0.5579307396323215 0.496372430471584 0.5579307396323215 0.496372430471584 0.5639162035057717 0.47944377267230953 0.5639162035057717
\ 0.625453446191052 0.22873022659256093 0.6284764207980653 0.22873022659256093 0.6284764207980653 0.23471569046601112 0.625453446191052 0.23471569046601112
AK 0.628174123337364 0.22830269345874304 0.6357315598548973 0.22830269345874304 0.6357315598548973 0.23557075673364686 0.628174123337364 0.23557075673364686
Blech-Fassade 0.6375453446191052 0.2278751603249252 0.6723095525997581 0.2278751603249252 0.6723095525997581 0.23599828986746474 0.6375453446191052 0.23599828986746474
Stofikante 0.6260580411124547 0.32107738349722104 0.6505441354292624 0.32107738349722104 0.6505441354292624 0.3270628473706712 0.6260580411124547 0.3270628473706712
Blechtassade 0.6257557436517533 0.32920051303976056 0.657496977025393 0.32920051303976056 0.657496977025393 0.3351859769132108 0.6257557436517533 0.3351859769132108
(Schrage} 0.6611245465538089 0.32920051303976056 0.6813784764207981 0.32920051303976056 0.6813784764207981 0.33561351004702866 0.6611245465538089 0.33561351004702866
AK 0.5876662636033857 0.34159897392047883 0.5937122128174124 0.34159897392047883 0.5937122128174124 0.3471569046601112 0.5876662636033857 0.3471569046601112
Rohbau-Wand 0.5958282950423216 0.34117144078666095 0.6284764207980653 0.34117144078666095 0.6284764207980653 0.3471569046601112 0.5958282950423216 0.3471569046601112
JAB 0.5888754534461911 0.3497221034630184 0.595223700120919 0.3497221034630184 0.595223700120919 0.3557075673364686 0.5888754534461911 0.3557075673364686
UK= 0.5976420798065296 0.3497221034630184 0.6061064087061668 0.3497221034630184 0.6061064087061668 0.3557075673364686 0.5976420798065296 0.3557075673364686
+76,190) 0.6088270858524788 0.3492945703292005 0.6272672309552599 0.3492945703292005 0.6272672309552599 0.35741769987174005 0.6088270858524788 0.35741769987174005
—————— 0.32406287787182586 0.6541256947413424 0.34280532043530837 0.6541256947413424 0.34280532043530837 0.66866182129115 0.32406287787182586 0.66866182129115
i 0.4322853688029021 0.6579734929457033 0.436819830713422 0.6579734929457033 0.436819830713422 0.6772124839675074 0.4322853688029021 0.6772124839675074
Schweisnaht 0.5374848851269649 0.658828559213339 0.5665054413542926 0.658828559213339 0.5665054413542926 0.6656690893544249 0.5374848851269649 0.6656690893544249
/ 0.5689238210399032 0.6592560923471569 0.5713422007255139 0.6592560923471569 0.5713422007255139 0.6652415562206071 0.5689238210399032 0.6652415562206071
Stabilisierungswinkel 0.2962515114873035 0.6695168875587858 0.3482466747279323 0.6695168875587858 0.3482466747279323 0.6814878153056861 0.2962515114873035 0.6814878153056861
Cane 0.3766626360338573 0.6716545532278752 0.40386940749697703 0.6716545532278752 0.40386940749697703 0.6861906797776828 0.3766626360338573 0.6861906797776828
Verkleidung 0.402962515114873 0.6695168875587858 0.4337968561064087 0.6695168875587858 0.4337968561064087 0.6814878153056861 0.402962515114873 0.6814878153056861
tnatt 0.5516928657799275 0.6678067550235143 0.5646916565900847 0.6678067550235143 0.5646916565900847 0.675502351432236 0.5516928657799275 0.675502351432236
Verkleidung 0.29836759371221283 0.6767849508336896 0.3264812575574365 0.6767849508336896 0.3264812575574365 0.6891834117144079 0.29836759371221283 0.6891834117144079
(optional) 0.374546553808948 0.6772124839675074 0.3984280532043531 0.6772124839675074 0.3984280532043531 0.6896109448482257 0.374546553808948 0.6896109448482257
aun 0.5420193470374849 0.678922616502779 0.5492744860943168 0.678922616502779 0.5492744860943168 0.6836254809747755 0.5420193470374849 0.6836254809747755
2 0.562273276904474 0.685335613510047 0.5628778718258767 0.685335613510047 0.5628778718258767 0.6861906797776828 0.562273276904474 0.6861906797776828
Ankerplitte 0.2620918984280532 0.6802052159042326 0.29081015719467956 0.6802052159042326 0.29081015719467956 0.6990166737922189 0.2620918984280532 0.6990166737922189
sat. 0.3092503022974607 0.68875587858059 0.31983071342200725 0.68875587858059 0.31983071342200725 0.6943138093202224 0.3092503022974607 0.6943138093202224
a 0.3775695284159613 0.6883283454467721 0.3845223700120919 0.6883283454467721 0.3845223700120919 0.6943138093202224 0.3775695284159613 0.6943138093202224
‘eke 0.40084643288996374 0.6883283454467721 0.40900846432889965 0.6883283454467721 0.40900846432889965 0.6943138093202224 0.40084643288996374 0.6943138093202224
ei 0.4274486094316808 0.6883283454467721 0.42956469165659006 0.6883283454467721 0.42956469165659006 0.6943138093202224 0.4274486094316808 0.6943138093202224
siche 0.5377871825876662 0.6849080803762292 0.5495767835550182 0.6849080803762292 0.5495767835550182 0.6908935442496793 0.5377871825876662 0.6908935442496793
Statik 0.5516928657799275 0.6849080803762292 0.56590084643289 0.6849080803762292 0.56590084643289 0.6908935442496793 0.5516928657799275 0.6908935442496793
Seite 0.5680169286577993 0.6849080803762292 0.5801088270858524 0.6849080803762292 0.5801088270858524 0.6908935442496793 0.5680169286577993 0.6908935442496793
17 0.5819226118500604 0.6844805472424113 0.5864570737605804 0.6844805472424113 0.5864570737605804 0.6904660111158615 0.5819226118500604 0.6904660111158615
St37-2 0.2620918984280532 0.6981616075245831 0.2781136638452237 0.6981616075245831 0.2781136638452237 0.7045746045318512 0.2620918984280532 0.7045746045318512
/ 0.28053204353083433 0.6981616075245831 0.28264812575574366 0.6981616075245831 0.28264812575574366 0.7045746045318512 0.28053204353083433 0.7045746045318512
30x200x16 0.28476420798065294 0.6981616075245831 0.31136638452237003 0.6981616075245831 0.31136638452237003 0.7050021376656691 0.28476420798065294 0.7050021376656691
siehe 0.2620918984280532 0.7071398033347585 0.2741837968561064 0.7071398033347585 0.2741837968561064 0.7131252672082087 0.2620918984280532 0.7131252672082087
Statik 0.2759975816203144 0.7067122702009405 0.29020556227327693 0.7067122702009405 0.29020556227327693 0.7131252672082087 0.2759975816203144 0.7131252672082087
Seite 0.2923216444981862 0.7067122702009405 0.3044135429262394 0.7067122702009405 0.3044135429262394 0.7131252672082087 0.2923216444981862 0.7131252672082087
30 0.30652962515114873 0.7067122702009405 0.31136638452237003 0.7067122702009405 0.31136638452237003 0.7131252672082087 0.30652962515114873 0.7131252672082087
(mn 0.29564691656590086 0.7208208636169303 0.31983071342200725 0.7208208636169303 0.31983071342200725 0.7413424540401881 0.29564691656590086 0.7413424540401881
\ 0.3222490931076179 0.7208208636169303 0.3295042321644498 0.7208208636169303 0.3295042321644498 0.7413424540401881 0.3222490931076179 0.7413424540401881
Detail 0.33675937122128174 0.731936725096195 0.35006045949214026 0.731936725096195 0.35006045949214026 0.7379221889696451 0.33675937122128174 0.7379221889696451
um 0.3524788391777509 0.7332193244976486 0.3585247883917775 0.7332193244976486 0.3585247883917775 0.7379221889696451 0.3524788391777509 0.7379221889696451
Angaben 0.3603385731559855 0.731936725096195 0.3805925030229746 0.731936725096195 0.3805925030229746 0.7400598546387345 0.3603385731559855 0.7400598546387345
La) 0.30169286577992743 0.7387772552372809 0.3307134220072551 0.7387772552372809 0.3307134220072551 0.7592988456605387 0.30169286577992743 0.7592988456605387
Statik 0.33706166868198306 0.7426250534416418 0.3512696493349456 0.7426250534416418 0.3512696493349456 0.7490380504489098 0.33706166868198306 0.7490380504489098
erganzt 0.3533857315598549 0.7426250534416418 0.3715235792019347 0.7426250534416418 0.3715235792019347 0.7503206498503634 0.3533857315598549 0.7503206498503634
Detail 0.15084643288996372 0.8388200085506626 0.17261185006045948 0.8388200085506626 0.17261185006045948 0.8482257374946558 0.15084643288996372 0.8482257374946558
Horizontalschnitt 0.17654171704957677 0.8388200085506626 0.24274486094316808 0.8388200085506626 0.24274486094316808 0.8482257374946558 0.17654171704957677 0.8482257374946558
Aufzug-Fassade 0.24486094316807738 0.8383924754168448 0.310459492140266 0.8383924754168448 0.310459492140266 0.8507909362975631 0.24486094316807738 0.8507909362975631
