Naturstein 0.31257557436517536 0.17101325352714836 0.3503627569528416 0.17101325352714836 0.3503627569528416 0.1791363830696879 0.31257557436517536 0.1791363830696879
einschl. 0.31257557436517536 0.18170158187259514 0.3391777509068924 0.18170158187259514 0.3391777509068924 0.18982471141513468 0.31257557436517536 0.18982471141513468
UK 0.34492140266021765 0.18170158187259514 0.35399032648125756 0.18170158187259514 0.35399032648125756 0.1893971782813168 0.34492140266021765 0.1893971782813168
bauseits 0.31257557436517536 0.19196237708422403 0.34280532043530837 0.19196237708422403 0.34280532043530837 0.20051303976058144 0.31257557436517536 0.20051303976058144
Dammung 0.31257557436517536 0.21419410004275333 0.34915356711003626 0.21419410004275333 0.34915356711003626 0.2261650277896537 0.31257557436517536 0.2261650277896537
bauseits 0.31257557436517536 0.22488242838820008 0.3431076178960097 0.22488242838820008 0.3431076178960097 0.23471569046601112 0.31257557436517536 0.23471569046601112
Kante 0.22521160822249092 0.4672937152629329 0.24637243047158403 0.4672937152629329 0.24637243047158403 0.4754168448054724 0.22521160822249092 0.4754168448054724
Natursteinplatten 0.25151148730350664 0.4672937152629329 0.31590084643288996 0.4672937152629329 0.31590084643288996 0.47755451047456177 0.25151148730350664 0.47755451047456177
IK_Rohbau 0.22521160822249092 0.4843950406156477 0.2633010882708585 0.4843950406156477 0.2633010882708585 0.4925181701581873 0.22521160822249092 0.4925181701581873
onnenschutzkasten 0.250906892382104 0.49380076955964086 0.3216444981862152 0.49380076955964086 0.3216444981862152 0.5023514322359983 0.250906892382104 0.5023514322359983
antteil 0.25211608222490933 0.5044890979050877 0.27388149939540507 0.5044890979050877 0.27388149939540507 0.5126122274476272 0.25211608222490933 0.5126122274476272
Al 0.2799274486094317 0.5049166310389055 0.28567110036275695 0.5049166310389055 0.28567110036275695 0.5130397605814451 0.2799274486094317 0.5130397605814451
mm 0.3010882708585248 0.5079093629756306 0.3128778718258767 0.5079093629756306 0.3128778718258767 0.5130397605814451 0.3010882708585248 0.5130397605814451
4 0.12696493349455865 0.523300555793074 0.12787182587666263 0.523300555793074 0.12787182587666263 0.5284309533988885 0.12696493349455865 0.5284309533988885
4 0.14721886336154777 0.5241556220607098 0.1484280532043531 0.5241556220607098 0.1484280532043531 0.5284309533988885 0.14721886336154777 0.5284309533988885
Ansicht 0.12424425634824668 0.5382642154766994 0.14721886336154777 0.5382642154766994 0.14721886336154777 0.546387345019239 0.12424425634824668 0.546387345019239
obere 0.1487303506650544 0.5382642154766994 0.16626360338573157 0.5382642154766994 0.16626360338573157 0.546387345019239 0.1487303506650544 0.546387345019239
Rahmenecke 0.16837968561064087 0.5382642154766994 0.20858524788391777 0.5382642154766994 0.20858524788391777 0.546387345019239 0.16837968561064087 0.546387345019239
MaBtoleranzen 0.24546553808948005 0.5361265498076101 0.29866989117291415 0.5361265498076101 0.29866989117291415 0.5446772124839675 0.24546553808948005 0.5446772124839675
aus 0.3044135429262394 0.5386917486105173 0.31680773881499397 0.5386917486105173 0.31680773881499397 0.5446772124839675 0.3044135429262394 0.5446772124839675
Naturstein 0.2457678355501814 0.5472424112868748 0.28355501813784767 0.5472424112868748 0.28355501813784767 0.5553655408294143 0.2457678355501814 0.5553655408294143
sind 0.2892986698911729 0.5472424112868748 0.30350665054413545 0.5472424112868748 0.30350665054413545 0.5549380076955964 0.2892986698911729 0.5549380076955964
zu 0.3089480048367594 0.5493800769559641 0.3162031438935913 0.5493800769559641 0.3162031438935913 0.5549380076955964 0.3089480048367594 0.5549380076955964
Zarge 0.2460701330108827 0.6592560923471569 0.2663240628778718 0.6592560923471569 0.2663240628778718 0.6699444206926036 0.2460701330108827 0.6699444206926036
Kantteil 0.2714631197097944 0.6592560923471569 0.2992744860943168 0.6592560923471569 0.2992744860943168 0.6678067550235143 0.2714631197097944 0.6678067550235143
aus 0.3047158403869408 0.6613937580162462 0.3174123337363966 0.6613937580162462 0.3174123337363966 0.6678067550235143 0.3047158403869408 0.6678067550235143
Aluminium 0.24727932285368803 0.6699444206926036 0.28355501813784767 0.6699444206926036 0.28355501813784767 0.6780675502351432 0.24727932285368803 0.6780675502351432
2m 0.2892986698911729 0.6699444206926036 0.3001813784764208 0.6699444206926036 0.3001813784764208 0.6780675502351432 0.2892986698911729 0.6780675502351432
Detail 0.11094316807738815 0.8777255237280889 0.1354292623941959 0.8777255237280889 0.1354292623941959 0.8884138520735357 0.11094316807738815 0.8884138520735357
Kopfpunkt 0.13935912938331319 0.8777255237280889 0.18409915356711004 0.8777255237280889 0.18409915356711004 0.8909790508764429 0.13935912938331319 0.8909790508764429
Fenster 0.187726723095526 0.8777255237280889 0.22128174123337363 0.8777255237280889 0.22128174123337363 0.8884138520735357 0.187726723095526 0.8884138520735357
| 0.41203143893591293 0.6306113723813596 0.41293833131801694 0.6306113723813596 0.41293833131801694 0.6404446344591705 0.41203143893591293 0.6404446344591705
| 0.41203143893591293 0.6438648995297136 0.41293833131801694 0.6438648995297136 0.41293833131801694 0.6532706284737068 0.41203143893591293 0.6532706284737068
RENSON—Lamell 0.4365175332527207 0.6631038905515177 0.49455864570737607 0.6631038905515177 0.49455864570737607 0.6776400171013254 0.4365175332527207 0.6776400171013254
(var 0.436819830713422 0.6742197520307824 0.4507255139056832 0.6742197520307824 0.4507255139056832 0.6861906797776828 0.436819830713422 0.6861906797776828
Nachtbell 0.4558645707376058 0.675502351432236 0.48972188633615477 0.675502351432236 0.48972188633615477 0.6840530141085934 0.4558645707376058 0.6840530141085934
| 0.41203143893591293 0.6840530141085934 0.41293833131801694 0.6840530141085934 0.41293833131801694 0.6938862761864044 0.41203143893591293 0.6938862761864044
nit 0.4398428053204353 0.6866182129115006 0.4449818621523579 0.6866182129115006 0.4449818621523579 0.6947413424540402 0.4398428053204353 0.6947413424540402
_In 0.4534461910519952 0.6870457460453185 0.4588875453446191 0.6870457460453185 0.4588875453446191 0.6943138093202224 0.4534461910519952 0.6943138093202224
ensq 0.47672309552599756 0.68875587858059 0.4909310761789601 0.68875587858059 0.4909310761789601 0.6943138093202224 0.47672309552599756 0.6943138093202224
| 0.41203143893591293 0.6968790081231295 0.41293833131801694 0.6968790081231295 0.41293833131801694 0.7067122702009405 0.41203143893591293 0.7067122702009405
| 0.41203143893591293 0.7097050021376656 0.41293833131801694 0.7097050021376656 0.41293833131801694 0.7203933304831125 0.41203143893591293 0.7203933304831125
| 0.41203143893591293 0.7238135955536554 0.41293833131801694 0.7238135955536554 0.41293833131801694 0.7336468576314664 0.41203143893591293 0.7336468576314664
Konstruktion 0.41686819830713423 0.7272338606241984 0.4827690447400242 0.7272338606241984 0.4827690447400242 0.735356990166738 0.41686819830713423 0.735356990166738
/ 0.4549576783555018 0.7221034630183839 0.46130592503022977 0.7221034630183839 0.46130592503022977 0.7392047883710987 0.4549576783555018 0.7392047883710987
Ausfiih 0.4622128174123337 0.7272338606241984 0.48246674727932287 0.7272338606241984 0.48246674727932287 0.735356990166738 0.4622128174123337 0.735356990166738
| 0.41203143893591293 0.7370671227020094 0.41293833131801694 0.7370671227020094 0.41293833131801694 0.7469003847798205 0.41203143893591293 0.7469003847798205
bauseitigen 0.41686819830713423 0.7392047883710987 0.4519347037484885 0.7392047883710987 0.4519347037484885 0.7490380504489098 0.41686819830713423 0.7490380504489098
Sonne: 0.4537484885126965 0.7396323215049166 0.47339782345828296 0.7396323215049166 0.47339782345828296 0.7473279179136383 0.4537484885126965 0.7473279179136383
| 0.41203143893591293 0.7503206498503634 0.41293833131801694 0.7503206498503634 0.41293833131801694 0.7601539119281744 0.41203143893591293 0.7601539119281744
siehe 0.41686819830713423 0.7511757161179992 0.43319226118500603 0.7511757161179992 0.43319226118500603 0.7592988456605387 0.41686819830713423 0.7592988456605387
Fachplanung 0.43530834340991537 0.7511757161179992 0.4749093107617896 0.7511757161179992 0.4749093107617896 0.7610089781958101 0.43530834340991537 0.7610089781958101
| 0.41203143893591293 0.7635741769987174 0.41293833131801694 0.7635741769987174 0.41293833131801694 0.7734074390765284 0.41203143893591293 0.7734074390765284
ausflihrende 0.41686819830713423 0.7627191107310817 0.4549576783555018 0.7627191107310817 0.4549576783555018 0.7708422402736212 0.41686819830713423 0.7708422402736212
Firma. 0.4570737605804111 0.7627191107310817 0.47611850060459493 0.7627191107310817 0.47611850060459493 0.7708422402736212 0.4570737605804111 0.7708422402736212
| 0.41203143893591293 0.7768277041470714 0.41293833131801694 0.7768277041470714 0.41293833131801694 0.7866609662248825 0.41203143893591293 0.7866609662248825
Abstimmungsbedarf. 0.41686819830713423 0.774690038477982 0.4797460701330109 0.774690038477982 0.4797460701330109 0.7845233005557931 0.41686819830713423 0.7845233005557931
sch 0.4782345828295042 0.7421975203078238 0.48851269649334944 0.7421975203078238 0.48851269649334944 0.7456177853783669 0.4782345828295042 0.7456177853783669
2 0.5429262394195888 0.8324070115433946 0.5471584038694075 0.8324070115433946 0.5471584038694075 0.8366823428815733 0.5429262394195888 0.8366823428815733
A 0.5399032648125756 0.8383924754168448 0.5477629987908101 0.8383924754168448 0.5477629987908101 0.8460880718255664 0.5399032648125756 0.8460880718255664
\Folie-damp 0.5764812575574365 0.49294570329200516 0.621825876662636 0.49294570329200516 0.621825876662636 0.5010688328345447 0.5764812575574365 0.5010688328345447
foffen 0.621825876662636 0.49123557075673363 0.6451027811366384 0.49123557075673363 0.6451027811366384 0.5053441641727234 0.621825876662636 0.5053441641727234
Yaad 0.5734582829504232 0.4950833689610945 0.6112454655380894 0.4950833689610945 0.6112454655380894 0.5262932877297991 0.5734582829504232 0.5262932877297991
Wert 0.6136638452237001 0.493373236425823 0.6260580411124547 0.493373236425823 0.6260580411124547 0.5280034202650705 0.6136638452237001 0.5280034202650705
des 0.6345223700120919 0.5010688328345447 0.6463119709794438 0.5010688328345447 0.6463119709794438 0.516887558785806 0.6345223700120919 0.516887558785806
\/ 0.5722490931076178 0.5241556220607098 0.5725513905683193 0.5241556220607098 0.5725513905683193 0.5258657545959812 0.5722490931076178 0.5258657545959812
Kompri 0.5755743651753326 0.5143223599828987 0.6076178960096735 0.5143223599828987 0.6076178960096735 0.5224454895254382 0.5755743651753326 0.5224454895254382
— 0.6293833131801693 0.5228730226592561 0.6469165659008465 0.5228730226592561 0.6469165659008465 0.5344164172723386 0.6293833131801693 0.5344164172723386
Pa 0.5752720677146312 0.21376656690893545 0.6493349455864571 0.21376656690893545 0.6493349455864571 0.2744762719110731 0.5752720677146312 0.2744762719110731
Ve: 0.6469165659008465 0.23685335613510047 0.6738210399032648 0.23685335613510047 0.6738210399032648 0.2689183411714408 0.6469165659008465 0.2689183411714408
Kabel/fur 0.6810761789600968 0.24754168448054725 0.7152357920193471 0.24754168448054725 0.7152357920193471 0.2556648140230868 0.6810761789600968 0.2556648140230868
Sonnepschutz 0.720677146311971 0.24754168448054725 0.772067714631197 0.24754168448054725 0.772067714631197 0.2556648140230868 0.720677146311971 0.2556648140230868
wird 0.6704957678355502 0.258230012825994 0.6837968561064087 0.258230012825994 0.6837968561064087 0.2663531423685336 0.6704957678355502 0.2663531423685336
bduseits 0.6983071342200725 0.258230012825994 0.7200725513905684 0.258230012825994 0.7200725513905684 0.2667806755023514 0.6983071342200725 0.2667806755023514
os 0.7243047158403869 0.2501068832834545 0.7451632406287787 0.2501068832834545 0.7451632406287787 0.28388200085506626 0.7243047158403869 0.28388200085506626
ellt 0.7412333736396615 0.258230012825994 0.7521160822249093 0.258230012825994 0.7521160822249093 0.2663531423685336 0.7412333736396615 0.2663531423685336
und 0.757255139056832 0.2586575459598119 0.7702539298669892 0.2586575459598119 0.7702539298669892 0.2667806755023514 0.757255139056832 0.2667806755023514
unsightbar 0.6701934703748489 0.2689183411714408 0.7085852478839177 0.2689183411714408 0.7085852478839177 0.27704147071398033 0.6701934703748489 0.27704147071398033
im 0.714328899637243 0.2689183411714408 0.7221886336154776 0.2689183411714408 0.7221886336154776 0.27704147071398033 0.714328899637243 0.27704147071398033
verfegt. 0.6701934703748489 0.27960666951688756 0.6964933494558646 0.27960666951688756 0.6964933494558646 0.28986746472851643 0.6701934703748489 0.28986746472851643
1. 0.6704957678355502 0.3009833262077811 0.6747279322853688 0.3009833262077811 0.6747279322853688 0.30867892261650276 0.6704957678355502 0.30867892261650276
im 0.6810761789600968 0.3009833262077811 0.68863361547763 0.3009833262077811 0.68863361547763 0.30867892261650276 0.6810761789600968 0.30867892261650276
enschutzkasten 0.7128174123337364 0.3009833262077811 0.7702539298669892 0.3009833262077811 0.7702539298669892 0.30910645575032064 0.7128174123337364 0.30910645575032064
pt 0.6698911729141476 0.3116716545532279 0.6853083434099153 0.3116716545532279 0.6853083434099153 0.3300555793073963 0.6698911729141476 0.3300555793073963
Hir: 0.6834945586457074 0.3099615220179564 0.6967956469165659 0.3099615220179564 0.6967956469165659 0.32364258230012827 0.6834945586457074 0.32364258230012827
ail 0.6435912938331319 0.3433091064557503 0.6451027811366384 0.3433091064557503 0.6451027811366384 0.34459170585720394 0.6435912938331319 0.34459170585720394
Aint 0.6698911729141476 0.3219324497648568 0.6853083434099153 0.3219324497648568 0.6853083434099153 0.34074390765284307 0.6698911729141476 0.34074390765284307
seen 0.7094921402660218 0.33262077811030355 0.7258162031438936 0.33262077811030355 0.7258162031438936 0.34074390765284307 0.7094921402660218 0.34074390765284307
}? 0.6457073760580411 0.3471569046601112 0.6632406287787183 0.3471569046601112 0.6632406287787183 0.35314236853356135 0.6457073760580411 0.35314236853356135
4 0.6898428053204353 0.34031637451902524 0.7273276904474002 0.34031637451902524 0.7273276904474002 0.4185549380076956 0.6898428053204353 0.4185549380076956
yo 0.6508464328899637 0.3548525010688328 0.6635429262394196 0.3548525010688328 0.6635429262394196 0.3599828986746473 0.6508464328899637 0.3599828986746473
“I 0.656590084643289 0.3591278324070115 0.6638452237001209 0.3591278324070115 0.6638452237001209 0.37067122702009403 0.656590084643289 0.37067122702009403
af 0.7300483675937122 0.3591278324070115 0.7554413542926239 0.3591278324070115 0.7554413542926239 0.3950406156477127 0.7300483675937122 0.3950406156477127
“ae 0.6100362756952842 0.48225737494655835 0.6305925030229746 0.48225737494655835 0.6305925030229746 0.49551090209491233 0.6100362756952842 0.49551090209491233
4 0.6478234582829504 0.48995297135528004 0.6496372430471584 0.48995297135528004 0.6496372430471584 0.4925181701581873 0.6478234582829504 0.4925181701581873
—seitig 0.7348851269649335 0.5250106883283454 0.7590689238210399 0.5250106883283454 0.7590689238210399 0.533133817870885 0.7348851269649335 0.533133817870885
up 0.7651148730350665 0.5271483539974348 0.772067714631197 0.5271483539974348 0.772067714631197 0.533133817870885 0.7651148730350665 0.533133817870885
Winkelprofil 0.7312575574365175 0.5788798631893972 0.7711608222490931 0.5788798631893972 0.7711608222490931 0.589568191534844 0.7312575574365175 0.589568191534844
Le 0.6124546553808948 0.8456605386917486 0.6441958887545345 0.8456605386917486 0.6441958887545345 0.8465156049593844 0.6124546553808948 0.8465156049593844
ay) 0.713422007255139 0.8349722103463019 0.7249093107617895 0.8349722103463019 0.7249093107617895 0.8465156049593844 0.713422007255139 0.8465156049593844
Acryl—Versieg 0.7312575574365175 0.5147498931167166 0.779322853688029 0.5147498931167166 0.779322853688029 0.5250106883283454 0.7312575574365175 0.5250106883283454
aes 0.7312575574365175 0.589568191534844 0.7687424425634825 0.589568191534844 0.7687424425634825 0.6083796494228303 0.7312575574365175 0.6083796494228303
25x25x2 0.7744860943168077 0.589568191534844 0.8053204353083434 0.589568191534844 0.8053204353083434 0.5976913210773835 0.7744860943168077 0.5976913210773835
CZ 0.6469165659008465 0.14792646430098333 0.813180169286578 0.14792646430098333 0.813180169286578 0.32962804617357844 0.6469165659008465 0.32962804617357844
oes) 0.720677146311971 0.248396750748183 0.7575574365175333 0.248396750748183 0.7575574365175333 0.28559213339033773 0.720677146311971 0.28559213339033773
(steflt 0.7633010882708585 0.26806327490380505 0.7844619105199516 0.26806327490380505 0.7844619105199516 0.2783240701154339 0.7633010882708585 0.2783240701154339
der 0.7899032648125756 0.2689183411714408 0.8007859733978234 0.2689183411714408 0.8007859733978234 0.27704147071398033 0.7899032648125756 0.27704147071398033
NU 0.8065296251511487 0.2689183411714408 0.81590084643289 0.2689183411714408 0.81590084643289 0.27661393758016245 0.8065296251511487 0.27661393758016245
istungsgrenze 0.6786577992744861 0.2902949978623343 0.7294437726723095 0.2902949978623343 0.7294437726723095 0.3022659256092347 0.6786577992744861 0.3022659256092347
/ 0.7348851269649335 0.2890123984608807 0.7397218863361548 0.2890123984608807 0.7397218863361548 0.30012825994014536 0.7348851269649335 0.30012825994014536
Ubeygabe 0.7445586457073761 0.2890123984608807 0.7790205562273277 0.2890123984608807 0.7790205562273277 0.2984181274048739 0.7445586457073761 0.2984181274048739
Kabel: 0.7841596130592503 0.2902949978623343 0.8053204353083434 0.2902949978623343 0.8053204353083434 0.2997007268063275 0.7841596130592503 0.2997007268063275
hmann—-K 0.7055622732769045 0.3116716545532279 0.7409310761789601 0.3116716545532279 0.7409310761789601 0.31936725096194957 0.7055622732769045 0.31936725096194957
ial 0.747279322853688 0.3095339888841385 0.7874848851269649 0.3095339888841385 0.7874848851269649 0.34843950406156476 0.747279322853688 0.34843950406156476
un 0.7759975816203144 0.31338178708849934 0.7835550181378477 0.31338178708849934 0.7835550181378477 0.31936725096194957 0.7759975816203144 0.31936725096194957
birgehmann 0.6853083434099153 0.2975630611372381 0.727932285368803 0.2975630611372381 0.727932285368803 0.33390337751175714 0.6853083434099153 0.33390337751175714
ghne 0.7376058041112454 0.324497648567764 0.7542321644498187 0.324497648567764 0.7542321644498187 0.3300555793073963 0.7376058041112454 0.3300555793073963
Steck 0.7593712212817413 0.3219324497648568 0.7790205562273277 0.3219324497648568 0.7790205562273277 0.3300555793073963 0.7593712212817413 0.3300555793073963
lun 0.7850665054413543 0.5151774262505344 0.7950423216444982 0.5151774262505344 0.7950423216444982 0.5224454895254382 0.7850665054413543 0.5224454895254382
lf. 0.7769044740024184 0.5245831551945276 0.7871825876662636 0.5245831551945276 0.7871825876662636 0.533133817870885 0.7769044740024184 0.533133817870885
. 0.7962515114873036 0.516460025651988 0.7998790810157195 0.516460025651988 0.7998790810157195 0.5250106883283454 0.7962515114873036 0.5250106883283454
umlaufend 0.7769044740024184 0.5788798631893972 0.814993954050786 0.5788798631893972 0.814993954050786 0.5870029927319367 0.7769044740024184 0.5870029927319367
Beschlagsausflhrung 0.7309552599758162 0.6908935442496793 0.8092503022974608 0.6908935442496793 0.8092503022974608 0.7011543394613082 0.7309552599758162 0.7011543394613082
noch 0.7309552599758162 0.7015818725951262 0.7478839177750907 0.7015818725951262 0.7478839177750907 0.7097050021376656 0.7309552599758162 0.7097050021376656
in 0.7536275695284159 0.7015818725951262 0.7587666263603385 0.7015818725951262 0.7587666263603385 0.7097050021376656 0.7536275695284159 0.7097050021376656
Kldrung 0.7642079806529625 0.7011543394613082 0.7908101571946796 0.7011543394613082 0.7908101571946796 0.7097050021376656 0.7642079806529625 0.7097050021376656
Die 0.7306529625151149 0.7272338606241984 0.7409310761789601 0.7272338606241984 0.7409310761789601 0.73492945703292 0.7306529625151149 0.73492945703292
Lage 0.7430471584038694 0.7272338606241984 0.7581620314389359 0.7272338606241984 0.7581620314389359 0.7370671227020094 0.7430471584038694 0.7370671227020094
des 0.7599758162031439 0.7272338606241984 0.7711608222490931 0.7272338606241984 0.7711608222490931 0.73492945703292 0.7599758162031439 0.73492945703292
Fensters 0.7732769044740024 0.7272338606241984 0.7998790810157195 0.7272338606241984 0.7998790810157195 0.735356990166738 0.7732769044740024 0.735356990166738
ist 0.8019951632406288 0.7268063274903805 0.8089480048367593 0.7268063274903805 0.8089480048367593 0.73492945703292 0.8019951632406288 0.73492945703292
abh¢ 0.810459492140266 0.7272338606241984 0.8243651753325272 0.7272338606241984 0.8243651753325272 0.73492945703292 0.810459492140266 0.73492945703292
_ 0.722490931076179 0.748182984181274 0.723397823458283 0.748182984181274 0.723397823458283 0.7490380504489098 0.722490931076179 0.7490380504489098
Konstruktion 0.7309552599758162 0.7387772552372809 0.8228536880290206 0.7387772552372809 0.8228536880290206 0.7490380504489098 0.7309552599758162 0.7490380504489098
/ 0.7702539298669892 0.7366395895681915 0.7753929866989118 0.7366395895681915 0.7753929866989118 0.7507481829841812 0.7702539298669892 0.7507481829841812
Ausfiihrung 0.7750906892382105 0.7387772552372809 0.810459492140266 0.7387772552372809 0.810459492140266 0.7490380504489098 0.7750906892382105 0.7490380504489098
des 0.8110640870616687 0.7366395895681915 0.8228536880290206 0.7366395895681915 0.8228536880290206 0.7507481829841812 0.8110640870616687 0.7507481829841812
bauseitigen 0.8261789600967352 0.7387772552372809 0.8600362756952842 0.7387772552372809 0.8600362756952842 0.7490380504489098 0.8261789600967352 0.7490380504489098
Sonnenschutzes 0.7306529625151149 0.7511757161179992 0.7817412333736397 0.7511757161179992 0.7817412333736397 0.7592988456605387 0.7306529625151149 0.7592988456605387
(Abstand 0.7841596130592503 0.7511757161179992 0.8110640870616687 0.7511757161179992 0.8110640870616687 0.7610089781958101 0.7841596130592503 0.7610089781958101
Lame 0.813180169286578 0.7511757161179992 0.8288996372430472 0.7511757161179992 0.8288996372430472 0.7592988456605387 0.813180169286578 0.7592988456605387
Wetterschutzgitter 0.7309552599758162 0.7627191107310817 0.7889963724304716 0.7627191107310817 0.7889963724304716 0.7729799059427106 0.7309552599758162 0.7729799059427106
mind, 0.7908101571946796 0.7627191107310817 0.8071342200725514 0.7627191107310817 0.8071342200725514 0.7708422402736212 0.7908101571946796 0.7708422402736212
20mm) 0.8092503022974608 0.7627191107310817 0.8301088270858524 0.7627191107310817 0.8301088270858524 0.7729799059427106 0.8092503022974608 0.7729799059427106
und 0.8322249093107618 0.7627191107310817 0.8431076178960096 0.7627191107310817 0.8431076178960096 0.7708422402736212 0.8322249093107618 0.7708422402736212
kann 0.8449214026602176 0.7631466438648995 0.8591293833131801 0.7631466438648995 0.8591293833131801 0.7708422402736212 0.8449214026602176 0.7708422402736212
erst 0.8606408706166868 0.7631466438648995 0.8724304715840387 0.7631466438648995 0.8724304715840387 0.7708422402736212 0.8606408706166868 0.7708422402736212
nach 0.7309552599758162 0.774690038477982 0.7460701330108828 0.774690038477982 0.7460701330108828 0.7828131680205216 0.7309552599758162 0.7828131680205216
Kenntnis 0.7484885126964933 0.7742625053441642 0.7756952841596131 0.7742625053441642 0.7756952841596131 0.7828131680205216 0.7484885126964933 0.7828131680205216
der 0.7778113663845224 0.774690038477982 0.788391777509069 0.774690038477982 0.788391777509069 0.7828131680205216 0.7778113663845224 0.7828131680205216
bauseitigen 0.7902055622732769 0.774690038477982 0.8207376058041113 0.774690038477982 0.8207376058041113 0.7845233005557931 0.7902055622732769 0.7845233005557931
Planung 0.8261789600967352 0.774690038477982 0.8503627569528416 0.774690038477982 0.8503627569528416 0.7845233005557931 0.8261789600967352 0.7845233005557931
festgelegt 0.7309552599758162 0.7866609662248825 0.7623941958887546 0.7866609662248825 0.7623941958887546 0.7964942283026935 0.7309552599758162 0.7964942283026935
werden. 0.7636033857315598 0.7866609662248825 0.7886940749697703 0.7866609662248825 0.7886940749697703 0.7943565626336041 0.7636033857315598 0.7943565626336041
Koordination 0.7914147521160823 0.7866609662248825 0.8243651753325272 0.7866609662248825 0.8243651753325272 0.7943565626336041 0.7914147521160823 0.7943565626336041
der 0.8307134220072552 0.7866609662248825 0.840689238210399 0.7866609662248825 0.840689238210399 0.7943565626336041 0.8307134220072552 0.7943565626336041
Gewerke 0.8422007255139057 0.7862334330910645 0.8688029020556227 0.7862334330910645 0.8688029020556227 0.7943565626336041 0.8422007255139057 0.7943565626336041
durch 0.7309552599758162 0.798204360837965 0.7487908101571947 0.798204360837965 0.7487908101571947 0.8063274903805044 0.7309552599758162 0.8063274903805044
die 0.750906892382104 0.798204360837965 0.7602781136638452 0.798204360837965 0.7602781136638452 0.8058999572466866 0.750906892382104 0.8058999572466866
Bauleitung. 0.7626964933494559 0.798204360837965 0.7953446191051995 0.798204360837965 0.7953446191051995 0.808037622915776 0.7626964933494559 0.808037622915776
satinertes 0.7309552599758162 0.814450619923044 0.7675332527206772 0.814450619923044 0.7675332527206772 0.8230012825994014 0.7309552599758162 0.8230012825994014
Glas 0.7729746070133011 0.814450619923044 0.7877871825876662 0.814450619923044 0.7877871825876662 0.8230012825994014 0.7729746070133011 0.8230012825994014
im 0.7932285368802902 0.814450619923044 0.8007859733978234 0.814450619923044 0.8007859733978234 0.8230012825994014 0.7932285368802902 0.8230012825994014
Berejch 0.8065296251511487 0.814450619923044 0.8328295042321644 0.814450619923044 0.8328295042321644 0.8230012825994014 0.8065296251511487 0.8230012825994014
Fliigel 0.7312575574365175 0.8251389482684908 0.7512091898428053 0.8251389482684908 0.7512091898428053 0.8353997434801197 0.7312575574365175 0.8353997434801197
Nachtausktihlung 0.7569528415961306 0.8251389482684908 0.8192261185006046 0.8251389482684908 0.8192261185006046 0.8336896109448483 0.7569528415961306 0.8336896109448483
i 0.8261789600967352 0.8345446772124839 0.8301088270858524 0.8345446772124839 0.8301088270858524 0.8388200085506626 0.8261789600967352 0.8388200085506626
