x 0.8174123337363967 0.3860624198375374 0.8279927448609432 0.3860624198375374 0.8279927448609432 0.40059854638734504 0.8174123337363967 0.40059854638734504
be 0.782950423216445 0.3954681487815306 0.8171100362756953 0.3954681487815306 0.8171100362756953 0.42838820008550665 0.782950423216445 0.42838820008550665
rN 0.8512696493349455 0.4151346729371526 0.8675937122128174 0.4151346729371526 0.8675937122128174 0.4433518597691321 0.8512696493349455 0.4433518597691321
N 0.782950423216445 0.43693886276186406 0.7917170495767836 0.43693886276186406 0.7917170495767836 0.4433518597691321 0.782950423216445 0.4433518597691321
| 0.7889963724304716 0.43693886276186406 0.8174123337363967 0.43693886276186406 0.8174123337363967 0.4433518597691321 0.7889963724304716 0.4433518597691321
1 0.782950423216445 0.4300983326207781 0.7941354292623942 0.4300983326207781 0.7941354292623942 0.4365113296280462 0.782950423216445 0.4365113296280462
bh 0.7956469165659008 0.4300983326207781 0.8358524788391778 0.4300983326207781 0.8358524788391778 0.47413424540401883 0.7956469165659008 0.47413424540401883
i 0.8301088270858524 0.4450619923044036 0.851571946795647 0.4450619923044036 0.851571946795647 0.4638734501923899 0.8301088270858524 0.4638734501923899
cS 0.8802902055622733 0.4275331338178709 0.8872430471584039 0.4275331338178709 0.8872430471584039 0.4762719110731082 0.8802902055622733 0.4762719110731082
2 0.8842200725513906 0.4151346729371526 0.9105199516324063 0.4151346729371526 0.9105199516324063 0.4762719110731082 0.8842200725513906 0.4762719110731082
KAA 0.9331922611850061 0.37964942283026937 0.9449818621523579 0.37964942283026937 0.9449818621523579 0.47413424540401883 0.9331922611850061 0.47413424540401883
es 0.8697097944377267 0.5079093629756306 0.901148730350665 0.5079093629756306 0.901148730350665 0.5322787516032492 0.8697097944377267 0.5322787516032492
DA 0.901148730350665 0.4677212483967507 0.9192865779927448 0.4677212483967507 0.9192865779927448 0.5352714835399743 0.901148730350665 0.5352714835399743
x 0.9253325272067715 0.49764856776400174 0.9449818621523579 0.49764856776400174 0.9449818621523579 0.5322787516032492 0.9253325272067715 0.5322787516032492
XI 0.8784764207980653 0.47669944420692606 0.902962515114873 0.47669944420692606 0.902962515114873 0.5314236853356135 0.8784764207980653 0.5314236853356135
<X 0.9026602176541717 0.4754168448054724 0.9271463119709794 0.4754168448054724 0.9271463119709794 0.5309961522017956 0.9026602176541717 0.5309961522017956
QD 0.9265417170495768 0.47498931167165453 0.9449818621523579 0.47498931167165453 0.9449818621523579 0.5117571611799915 0.9265417170495768 0.5117571611799915
es 0.7261185006045949 0.5386917486105173 0.8080411124546554 0.5386917486105173 0.8080411124546554 0.6464300983326208 0.7261185006045949 0.6464300983326208
es 0.7291414752116082 0.523300555793074 0.8775695284159613 0.523300555793074 0.8775695284159613 0.6464300983326208 0.7291414752116082 0.6464300983326208
XI 0.9235187424425635 0.5327062847370672 0.9449818621523579 0.5327062847370672 0.9449818621523579 0.5651988029072254 0.9235187424425635 0.5651988029072254
400 0.9591898428053204 0.500213766566909 0.9646311970979444 0.500213766566909 0.9646311970979444 0.516887558785806 0.9591898428053204 0.516887558785806
: 0.6753325272067715 0.5378366823428816 0.6768440145102781 0.5378366823428816 0.6768440145102781 0.5438221462163317 0.6753325272067715 0.5438221462163317
SKN" 0.8651753325272068 0.5262932877297991 0.9244256348246674 0.5262932877297991 0.9244256348246674 0.5532278751603249 0.8651753325272068 0.5532278751603249
sry 0.15598548972188633 0.5656263360410432 0.1677750906892382 0.5656263360410432 0.1677750906892382 0.5746045318512185 0.15598548972188633 0.5746045318512185
™ 0.2379081015719468 0.5835827276613937 0.24516324062877873 0.5835827276613937 0.24516324062877873 0.5912783240701154 0.2379081015719468 0.5912783240701154
30 0.3313180169286578 0.5656263360410432 0.34099153567110035 0.5656263360410432 0.34099153567110035 0.5835827276613937 0.3313180169286578 0.5835827276613937
= 0.4649334945586457 0.5579307396323215 0.4791414752116082 0.5579307396323215 0.4791414752116082 0.5801624625908508 0.4649334945586457 0.5801624625908508
30 0.5994558645707376 0.5707567336468576 0.6097339782345829 0.5707567336468576 0.6097339782345829 0.589140658401026 0.5994558645707376 0.589140658401026
: 0.6611245465538089 0.5626336041043181 0.6632406287787183 0.5626336041043181 0.6632406287787183 0.5681915348439504 0.6611245465538089 0.5681915348439504
IF 0.6753325272067715 0.5840102607952117 0.6847037484885127 0.5840102607952117 0.6847037484885127 0.5887131252672082 0.6753325272067715 0.5887131252672082
KOS 0.7762998790810157 0.5485250106883284 0.8195284159613059 0.5485250106883284 0.8195284159613059 0.5942710560068405 0.7762998790810157 0.5942710560068405
| 0.8437122128174124 0.5502351432235998 0.8536880290205562 0.5502351432235998 0.8536880290205562 0.5925609234715691 0.8437122128174124 0.5925609234715691
Bese 0.8512696493349455 0.533133817870885 0.9344014510278114 0.533133817870885 0.9344014510278114 0.5976913210773835 0.8512696493349455 0.5976913210773835
i 0.21765417170495768 0.612654980761009 0.22007255139056833 0.612654980761009 0.22007255139056833 0.6194955109020949 0.21765417170495768 0.6194955109020949
3 0.6659613059250302 0.5899957246686618 0.6807738814993954 0.5899957246686618 0.6807738814993954 0.609234715690466 0.6659613059250302 0.609234715690466
PII 0.8473397823458283 0.5510902094912355 0.9162636033857315 0.5510902094912355 0.9162636033857315 0.6481402308678923 0.8473397823458283 0.6481402308678923
Lg 0.06378476420798065 0.6827704147071398 0.3485489721886336 0.6827704147071398 0.3485489721886336 0.8490808037622916 0.06378476420798065 0.8490808037622916
ee 0.6248488512696493 0.7289439931594699 0.7176541717049577 0.7289439931594699 0.7176541717049577 0.797776827704147 0.6248488512696493 0.797776827704147
a 0.7176541717049577 0.6117999144933732 0.9380290205562273 0.6117999144933732 0.9380290205562273 0.897392047883711 0.7176541717049577 0.897392047883711
I 0.8509673518742442 0.6117999144933732 0.9573760580411125 0.6117999144933732 0.9573760580411125 0.8366823428815733 0.8509673518742442 0.8366823428815733
: 0.06166868198307134 0.7875160324925182 0.06318016928657799 0.7875160324925182 0.06318016928657799 0.8161607524583155 0.06166868198307134 0.8161607524583155
Ge 0.18863361547763 0.7772552372808893 0.23337363966142685 0.7772552372808893 0.23337363966142685 0.8490808037622916 0.18863361547763 0.8490808037622916
i 0.30864570737605806 0.7708422402736212 0.3364570737605804 0.7708422402736212 0.3364570737605804 0.8657545959811885 0.30864570737605806 0.8657545959811885
regs 0.5519951632406288 0.7900812312954254 0.6112454655380894 0.7900812312954254 0.6112454655380894 0.8110303548525011 0.5519951632406288 0.8110303548525011
Rete 0.6248488512696493 0.7832407011543394 0.782043530834341 0.7832407011543394 0.782043530834341 0.7960666951688756 0.6248488512696493 0.7960666951688756
ete 0.6919588875453446 0.7764001710132535 0.7137243047158404 0.7764001710132535 0.7137243047158404 0.8127404873877726 0.6919588875453446 0.8127404873877726
|_| 0.026602176541717048 0.8328345446772125 0.06015719467956469 0.8328345446772125 0.06015719467956469 0.8529286019666524 0.026602176541717048 0.8529286019666524
him 0.07255139056831923 0.8336896109448483 0.09703748488512697 0.8336896109448483 0.09703748488512697 0.877297990594271 0.07255139056831923 0.877297990594271
vy 0.24032648125755743 0.8418127404873877 0.2569528415961306 0.8418127404873877 0.2569528415961306 0.8503634031637451 0.24032648125755743 0.8503634031637451
26} 0.22249093107617895 0.8768704574604532 0.23004836759371222 0.8768704574604532 0.23004836759371222 0.8845660538691749 0.22249093107617895 0.8845660538691749
1549 0.42563482466747277 0.8849935870029927 0.4410519951632406 0.8849935870029927 0.4410519951632406 0.8935442496793502 0.42563482466747277 0.8935442496793502
