Fassade 0.274903805044891 0.2844619105199516 0.3039760581445062 0.2844619105199516 0.3039760581445062 0.2892986698911729 0.274903805044891 0.2892986698911729
um 0.3069687900812313 0.28597339782345826 0.31680205215904234 0.28597339782345826 0.31680205215904234 0.2892986698911729 0.3069687900812313 0.2892986698911729
ca.15mm 0.31979478409576745 0.2844619105199516 0.3505771697306541 0.2844619105199516 0.3505771697306541 0.2892986698911729 0.31979478409576745 0.2892986698911729
nach 0.35314236853356135 0.2844619105199516 0.367678495083369 0.2844619105199516 0.367678495083369 0.2892986698911729 0.35314236853356135 0.2892986698911729
auen 0.3698161607524583 0.2844619105199516 0.38820008550662677 0.2844619105199516 0.38820008550662677 0.2892986698911729 0.3698161607524583 0.2892986698911729
verschoben 0.27533133817870886 0.2929262394195889 0.31509191962377087 0.2929262394195889 0.31509191962377087 0.2980652962515115 0.27533133817870886 0.2980652962515115
(bezogen 0.3180846515604959 0.2929262394195889 0.3492945703292005 0.2929262394195889 0.3492945703292005 0.2992744860943168 0.3180846515604959 0.2992744860943168
auf 0.34886703719538265 0.29171704957678357 0.3625480974775545 0.29171704957678357 0.3625480974775545 0.3004836759371221 0.34886703719538265 0.3004836759371221
Hinterkante 0.36212056434373663 0.2929262394195889 0.39760581445061993 0.2929262394195889 0.39760581445061993 0.2980652962515115 0.36212056434373663 0.2980652962515115
Pfosten); 0.274903805044891 0.30169286577992743 0.3052586575459598 0.30169286577992743 0.3052586575459598 0.3080411124546554 0.274903805044891 0.3080411124546554
Abstand 0.30782385634886705 0.30169286577992743 0.33561351004702866 0.30169286577992743 0.33561351004702866 0.30652962515114873 0.30782385634886705 0.30652962515114873
zur 0.3381787088499359 0.30290205562273276 0.34886703719538265 0.30290205562273276 0.34886703719538265 0.30652962515114873 0.3381787088499359 0.30652962515114873
AK 0.3514322359982899 0.30169286577992743 0.3612654980761009 0.30169286577992743 0.3612654980761009 0.30652962515114873 0.3514322359982899 0.30652962515114873
Decke 0.3638306968790081 0.30169286577992743 0.3834972210346302 0.30169286577992743 0.3834972210346302 0.30652962515114873 0.3638306968790081 0.30652962515114873
bendtit 0.38520735356990166 0.30169286577992743 0.40872167592988456 0.30169286577992743 0.40872167592988456 0.3080411124546554 0.38520735356990166 0.3080411124546554
Abstand 0.3749465583582728 0.3183192261185006 0.4078666096622488 0.3183192261185006 0.4078666096622488 0.32376058041112454 0.3749465583582728 0.32376058041112454
AK 0.413852073535699 0.3183192261185006 0.4241128687473279 0.3183192261185006 0.4241128687473279 0.32376058041112454 0.413852073535699 0.32376058041112454
Glas 0.4300983326207781 0.3183192261185006 0.4463445917058572 0.3183192261185006 0.4463445917058572 0.32376058041112454 0.4300983326207781 0.32376058041112454
es 0.5579307396323215 0.3234582829504232 0.5613510047028645 0.3234582829504232 0.5613510047028645 0.32406287787182586 0.5579307396323215 0.32406287787182586
at 0.3749465583582728 0.3252720677146312 0.4330910645575032 0.3252720677146312 0.4330910645575032 0.3313180169286578 0.3749465583582728 0.3313180169286578
ag 0.5921333903377511 0.3234582829504232 0.6083796494228303 0.3234582829504232 0.6083796494228303 0.3382708585247884 0.5921333903377511 0.3382708585247884
204533 0.569474134245404 0.33978234582829503 0.5998289867464729 0.33978234582829503 0.5998289867464729 0.34613059250302297 0.569474134245404 0.34613059250302297
+ 0.6062419837537409 0.34008464328899635 0.6113723813595554 0.34008464328899635 0.6113723813595554 0.34492140266021765 0.6062419837537409 0.34492140266021765
323120 0.6177853783668235 0.33978234582829503 0.6472851646002565 0.33978234582829503 0.6472851646002565 0.34613059250302297 0.6177853783668235 0.34613059250302297
i 0.5147498931167166 0.34673518742442566 0.5190252244548953 0.34673518742442566 0.5190252244548953 0.3521765417170496 0.5147498931167166 0.3521765417170496
322450 0.569474134245404 0.34975816203143895 0.5998289867464729 0.34975816203143895 0.5998289867464729 0.3555018137847642 0.569474134245404 0.3555018137847642
30 0.45019238991021804 0.3591293833131802 0.4595981188542112 0.3591293833131802 0.4595981188542112 0.3651753325272068 0.45019238991021804 0.3651753325272068
4.6 0.4672937152629329 0.3591293833131802 0.4698589140658401 0.3591293833131802 0.4698589140658401 0.3597339782345828 0.4672937152629329 0.3597339782345828
| 0.47840957674219753 0.35792019347037485 0.4861051731509192 0.35792019347037485 0.4861051731509192 0.3681983071342201 0.47840957674219753 0.3681983071342201
321 0.4878153056861907 0.3591293833131802 0.49764856776400174 0.3591293833131802 0.49764856776400174 0.3651753325272068 0.4878153056861907 0.3651753325272068
19 0.5134672937152629 0.3591293833131802 0.5173150919196238 0.3591293833131802 0.5173150919196238 0.3651753325272068 0.5134672937152629 0.3651753325272068
180 0.6130825138948268 0.35792019347037485 0.6271911073108166 0.35792019347037485 0.6271911073108166 0.3681983071342201 0.6130825138948268 0.3681983071342201
| 0.7165455322787516 0.3594316807738815 0.718683197947841 0.3594316807738815 0.718683197947841 0.3648730350665054 0.7165455322787516 0.3648730350665054
224848 0.37238135955536555 0.3648730350665054 0.4027362120564344 0.3648730350665054 0.4027362120564344 0.37091898428053205 0.37238135955536555 0.37091898428053205
| 0.5446772124839675 0.36608222490931075 0.5451047456177853 0.36608222490931075 0.5451047456177853 0.3730350665054414 0.5446772124839675 0.3730350665054414
112710 0.37238135955536555 0.3766626360338573 0.3997434801197093 0.3766626360338573 0.3997434801197093 0.3827085852478839 0.37238135955536555 0.3827085852478839
a 0.8589140658401027 0.3778718258766626 0.8627618640444634 0.3778718258766626 0.8627618640444634 0.3808948004836759 0.8589140658401027 0.3808948004836759
i 0.4151346729371526 0.38301088270858524 0.43736639589568194 0.38301088270858524 0.43736639589568194 0.38694074969770254 0.4151346729371526 0.38694074969770254
Folzdichtstiick 0.5690466011115861 0.38331318016928656 0.6280461735784524 0.38331318016928656 0.6280461735784524 0.3899637243047158 0.5690466011115861 0.3899637243047158
4.9095 0.6498503634031637 0.3863361547762999 0.6707994869602394 0.3863361547762999 0.6707994869602394 0.39177750906892383 0.6498503634031637 0.39177750906892383
feat 0.6776400171013254 0.38724304715840385 0.6964514749893117 0.38724304715840385 0.6964514749893117 0.39177750906892383 0.6776400171013254 0.39177750906892383
& 0.8572039333048311 0.3811970979443773 0.8627618640444634 0.3811970979443773 0.8627618640444634 0.3908706166868198 0.8572039333048311 0.3908706166868198
os60_| 0.37238135955536555 0.38905683192261187 0.40102607952116287 0.38905683192261187 0.40102607952116287 0.3944981862152358 0.37238135955536555 0.3944981862152358
| 0.4151346729371526 0.3948004836759371 0.43736639589568194 0.3948004836759371 0.43736639589568194 0.3975211608222491 0.4151346729371526 0.3975211608222491
lace 0.6968790081231295 0.3887545344619105 0.7011543394613082 0.3887545344619105 0.7011543394613082 0.39177750906892383 0.6968790081231295 0.39177750906892383
5 0.8572039333048311 0.39117291414752114 0.8627618640444634 0.39117291414752114 0.8627618640444634 0.3978234582829504 0.8572039333048311 0.3978234582829504
8 0.407439076528431 0.3981257557436518 0.413852073535699 0.3981257557436518 0.413852073535699 0.4068923821039903 0.407439076528431 0.4068923821039903
| 0.46216331765711843 0.40326481257557434 0.4630183839247542 0.40326481257557434 0.4630183839247542 0.4126360338573156 0.46216331765711843 0.4126360338573156
pay 0.5280034202650705 0.3938935912938331 0.55622060709705 0.3938935912938331 0.55622060709705 0.40719467956469163 0.5280034202650705 0.40719467956469163
2 0.5699016673792219 0.4023579201934704 0.5840102607952117 0.4023579201934704 0.5840102607952117 0.40326481257557434 0.5699016673792219 0.40326481257557434
ee 0.6250534416417273 0.3944981862152358 0.6947413424540402 0.3944981862152358 0.6947413424540402 0.40326481257557434 0.6250534416417273 0.40326481257557434
5 0.8572039333048311 0.3981257557436518 0.8627618640444634 0.3981257557436518 0.8627618640444634 0.41021765417170497 0.8572039333048311 0.41021765417170497
Detail 0.09833262077811031 0.40840386940749696 0.12227447627191107 0.40840386940749696 0.12227447627191107 0.41717049576783555 0.09833262077811031 0.41717049576783555
unterscheidet 0.12569474134245404 0.40840386940749696 0.17229585292860197 0.40840386940749696 0.17229585292860197 0.41717049576783555 0.12569474134245404 0.41717049576783555
sich 0.1748610517315092 0.4096130592503023 0.18725951261222745 0.4096130592503023 0.18725951261222745 0.4147521160822249 0.1748610517315092 0.4147521160822249
vom 0.18725951261222745 0.40840386940749696 0.20094057289439932 0.40840386940749696 0.20094057289439932 0.41717049576783555 0.18725951261222745 0.41717049576783555
Fufgpunkt 0.20350577169730655 0.40840386940749696 0.2321504916631039 0.40840386940749696 0.2321504916631039 0.41717049576783555 0.20350577169730655 0.41717049576783555
Kantteil 0.2877297990594271 0.41021765417170497 0.31765711842667804 0.41021765417170497 0.31765711842667804 0.4156590084643289 0.2877297990594271 0.4156590084643289
Alu 0.324497648567764 0.41021765417170497 0.33561351004702866 0.41021765417170497 0.33561351004702866 0.4156590084643289 0.324497648567764 0.4156590084643289
2mm 0.3424540401881146 0.41021765417170497 0.36212056434373663 0.41021765417170497 0.36212056434373663 0.4156590084643289 0.3424540401881146 0.4156590084643289
| 0.5489525438221462 0.40840386940749696 0.5493800769559641 0.40840386940749696 0.5493800769559641 0.4156590084643289 0.5489525438221462 0.4156590084643289
K 0.6947413424540402 0.40840386940749696 0.7024369388627618 0.40840386940749696 0.7024369388627618 0.41414752116082226 0.6947413424540402 0.41414752116082226
-0,000 0.7537409149209063 0.40991535671100365 0.7742625053441642 0.40991535671100365 0.7742625053441642 0.4186819830713422 0.7537409149209063 0.4186819830713422
x 0.8572039333048311 0.41293833131801694 0.8627618640444634 0.41293833131801694 0.8627618640444634 0.41686819830713423 0.8572039333048311 0.41686819830713423
Fassade 0.10346301838392476 0.41777509068923824 0.13253527148353997 0.41777509068923824 0.13253527148353997 0.4226118500604595 0.10346301838392476 0.4226118500604595
Pos. 0.13552800342026508 0.41777509068923824 0.15006412997007268 0.41777509068923824 0.15006412997007268 0.4226118500604595 0.13552800342026508 0.4226118500604595
3.1.1.090 0.1496365968362548 0.4156590084643289 0.182129115006413 0.4156590084643289 0.182129115006413 0.4247279322853688 0.1496365968362548 0.4247279322853688
durch: 0.18426678067550234 0.4156590084643289 0.2026507054296708 0.4156590084643289 0.2026507054296708 0.4247279322853688 0.18426678067550234 0.4247279322853688
StoBe 0.2877297990594271 0.41717049576783555 0.3103890551517743 0.41717049576783555 0.3103890551517743 0.42321644498186217 0.2877297990594271 0.42321644498186217
hinterlegt 0.3159469858914066 0.41717049576783555 0.354424967935015 0.41717049576783555 0.354424967935015 0.4247279322853688 0.3159469858914066 0.4247279322853688
ie 0.5391192817443352 0.4153567110036276 0.5485250106883284 0.4153567110036276 0.5485250106883284 0.42533252720677145 0.5391192817443352 0.42533252720677145
x 0.7011543394613082 0.4159613059250302 0.7058572039333049 0.4159613059250302 0.7058572039333049 0.42110036275695284 0.7011543394613082 0.42110036275695284
= 0.8572039333048311 0.41777509068923824 0.8623343309106456 0.41777509068923824 0.8623343309106456 0.4217049576783555 0.8572039333048311 0.4217049576783555
- 0.10346301838392476 0.42926239419588874 0.10560068405301411 0.42926239419588874 0.10560068405301411 0.42986698911729143 0.10346301838392476 0.42986698911729143
gréReren 0.10816588285592134 0.42623941958887546 0.13852073535699017 0.42623941958887546 0.13852073535699017 0.4325876662636034 0.10816588285592134 0.4325876662636034
Glasfalz 0.14151346729371525 0.42623941958887546 0.16973065412569474 0.42623941958887546 0.16973065412569474 0.4313784764207981 0.14151346729371525 0.4313784764207981
(fir 0.168875587858059 0.4244256348246675 0.18127404873877725 0.4244256348246675 0.18127404873877725 0.4337968561064087 0.168875587858059 0.4337968561064087
38mm. 0.18298418127404875 0.4244256348246675 0.20179563916203505 0.4244256348246675 0.20179563916203505 0.4337968561064087 0.18298418127404875 0.4337968561064087
mechansich 0.2877297990594271 0.42503022974607013 0.3347584437793929 0.42503022974607013 0.3347584437793929 0.43349455864570735 0.2877297990594271 0.43349455864570735
gesichert 0.34117144078666095 0.42503022974607013 0.3783668234288157 0.42503022974607013 0.3783668234288157 0.4322853688029021 0.34117144078666095 0.4322853688029021
= 0.3916203505771697 0.4325876662636034 0.39290294997862335 0.4325876662636034 0.39290294997862335 0.43349455864570735 0.3916203505771697 0.43349455864570735
= 0.40017101325352716 0.4238210399032648 0.4027362120564344 0.4238210399032648 0.4027362120564344 0.4347037484885127 0.40017101325352716 0.4347037484885127
Verglasung) 0.09918768704574604 0.4316807738814994 0.14279606669516887 0.4316807738814994 0.14279606669516887 0.44256348246674726 0.09918768704574604 0.44256348246674726
Oberfliche 0.2877297990594271 0.4325876662636034 0.3304831124412142 0.4325876662636034 0.3304831124412142 0.43833131801692865 0.2877297990594271 0.43833131801692865
RAL 0.3360410431808465 0.4325876662636034 0.3514322359982899 0.4325876662636034 0.3514322359982899 0.43833131801692865 0.3360410431808465 0.43833131801692865
wie 0.35699016673792217 0.4325876662636034 0.36896109448482256 0.4325876662636034 0.36896109448482256 0.43833131801692865 0.35699016673792217 0.43833131801692865
Profile 0.3749465583582728 0.4325876662636034 0.3997434801197093 0.4325876662636034 0.3997434801197093 0.43833131801692865 0.3749465583582728 0.43833131801692865
4 0.5592133390337751 0.42986698911729143 0.563061137238136 0.42986698911729143 0.563061137238136 0.4371221281741233 0.5592133390337751 0.4371221281741233
- 0.10346301838392476 0.44619105199516323 0.10560068405301411 0.44619105199516323 0.10560068405301411 0.44709794437726724 0.10346301838392476 0.44709794437726724
Abstand 0.10816588285592134 0.44347037484885127 0.13595553655408293 0.44347037484885127 0.13595553655408293 0.44830713422007257 0.10816588285592134 0.44830713422007257
AK 0.13852073535699017 0.44347037484885127 0.14878153056861906 0.44347037484885127 0.14878153056861906 0.44830713422007257 0.13852073535699017 0.44830713422007257
Glas 0.15177426250534418 0.44347037484885127 0.16673792218896966 0.44347037484885127 0.16673792218896966 0.44830713422007257 0.15177426250534418 0.44830713422007257
zum 0.16973065412569474 0.4449818621523579 0.18298418127404875 0.4449818621523579 0.18298418127404875 0.44830713422007257 0.16973065412569474 0.44830713422007257
Sockel 0.18298418127404875 0.44347037484885127 0.23257802479692177 0.44347037484885127 0.23257802479692177 0.44830713422007257 0.18298418127404875 0.44830713422007257
= 0.20649850363403163 0.44226118500604594 0.2129115006412997 0.44226118500604594 0.2129115006412997 0.45133010882708585 0.20649850363403163 0.45133010882708585
72mm 0.2129115006412997 0.44347037484885127 0.2321504916631039 0.44347037484885127 0.2321504916631039 0.44830713422007257 0.2129115006412997 0.44830713422007257
Dichtungsfolie 0.28730226592560926 0.4443772672309553 0.34416417272338606 0.4443772672309553 0.34416417272338606 0.45163240628778717 0.28730226592560926 0.45163240628778717
mit 0.3497221034630184 0.4443772672309553 0.3625480974775545 0.4443772672309553 0.3625480974775545 0.45042321644498184 0.3497221034630184 0.45042321644498184
hoher 0.3685335613510047 0.4443772672309553 0.3911928174433519 0.4443772672309553 0.3911928174433519 0.45042321644498184 0.3685335613510047 0.45042321644498184
| 0.4108593415989739 0.43742442563482464 0.42539546814878154 0.43742442563482464 0.42539546814878154 0.4570737605804111 0.4108593415989739 0.4570737605804111
“ts 0.427105600684053 0.43742442563482464 0.4506199230440359 0.43742442563482464 0.4506199230440359 0.4570737605804111 0.427105600684053 0.4570737605804111
9 0.5194527575887131 0.4407496977025393 0.5254382214621633 0.4407496977025393 0.5254382214621633 0.4443772672309553 0.5194527575887131 0.4443772672309553
| 0.5489525438221462 0.4458887545344619 0.5493800769559641 0.4458887545344619 0.5493800769559641 0.4531438935912938 0.5489525438221462 0.4531438935912938
20 0.7058572039333049 0.440447400241838 0.7135528003420265 0.440447400241838 0.7135528003420265 0.4458887545344619 0.7058572039333049 0.4458887545344619
Wy 0.7640017101325353 0.4407496977025393 0.7691321077383497 0.4407496977025393 0.7691321077383497 0.45525997581620314 0.7640017101325353 0.45525997581620314
Me 0.8191534843950407 0.4410519951632406 0.8294142796066695 0.4410519951632406 0.8294142796066695 0.45525997581620314 0.8191534843950407 0.45525997581620314
Wy 0.8811457887986319 0.4410519951632406 0.8867037195382642 0.4410519951632406 0.8867037195382642 0.45525997581620314 0.8811457887986319 0.45525997581620314
Dampfdurchlassigkeit 0.28730226592560926 0.4507255139056832 0.374091492090637 0.4507255139056832 0.374091492090637 0.4607013301088271 0.28730226592560926 0.4607013301088271
Fg 0.4078666096622488 0.4507255139056832 0.4117144078666097 0.4507255139056832 0.4117144078666097 0.4607013301088271 0.4078666096622488 0.4607013301088271
Ni 0.7139803334758443 0.4507255139056832 0.7208208636169303 0.4507255139056832 0.7208208636169303 0.4607013301088271 0.7139803334758443 0.4607013301088271
\ 0.7751175716118 0.45556227327690446 0.7811030354852501 0.45556227327690446 0.7811030354852501 0.4607013301088271 0.7751175716118 0.4607013301088271
% 0.8341171440786661 0.45525997581620314 0.8392475416844806 0.45525997581620314 0.8392475416844806 0.4607013301088271 0.8341171440786661 0.4607013301088271
POS. 0.10902094912355707 0.45828295042321643 0.142368533561351 0.45828295042321643 0.142368533561351 0.46795646916565903 0.10902094912355707 0.46795646916565903
3.1.1.080 0.1483539974348012 0.45828295042321643 0.20820863616930313 0.45828295042321643 0.20820863616930313 0.46795646916565903 0.1483539974348012 0.46795646916565903
28. 0.28730226592560926 0.45979443772672307 0.3009833262077811 0.45979443772672307 0.3009833262077811 0.46523579201934706 0.28730226592560926 0.46523579201934706
Schlico 0.30782385634886705 0.45979443772672307 0.3360410431808465 0.45979443772672307 0.3360410431808465 0.46523579201934706 0.30782385634886705 0.46523579201934706
VapoFlex 0.3424540401881146 0.45979443772672307 0.37751175716118 0.45979443772672307 0.37751175716118 0.4658403869407497 0.3424540401881146 0.4658403869407497
LR_5 0.3830696879008123 0.45979443772672307 0.4027362120564344 0.45979443772672307 0.4027362120564344 0.46523579201934706 0.3830696879008123 0.46523579201934706
© 0.407439076528431 0.4585852478839178 0.413852073535699 0.4585852478839178 0.413852073535699 0.4622128174123337 0.407439076528431 0.4622128174123337
Folie 0.7490380504489098 0.46342200725513905 0.7665669089354425 0.46342200725513905 0.7665669089354425 0.46946795646916567 0.7490380504489098 0.46946795646916567
mitgeringer 0.7725523728088927 0.4622128174123337 0.8242838820008551 0.4622128174123337 0.8242838820008551 0.470677146311971 0.7725523728088927 0.470677146311971
% 0.9003847798204361 0.4622128174123337 0.9055151774262505 0.4622128174123337 0.9055151774262505 0.467049576783555 0.9003847798204361 0.467049576783555
Sekunddrentwdsserun 0.2877297990594271 0.470677146311971 0.3758016246259085 0.470677146311971 0.3758016246259085 0.48065296251511486 0.2877297990594271 0.48065296251511486
jb 0.46943138093202225 0.470677146311971 0.4805472424112869 0.470677146311971 0.4805472424112869 0.48065296251511486 0.46943138093202225 0.48065296251511486
Dampfdurchidssighelt 0.7409149209063702 0.46402660217654174 0.8319794784095768 0.46402660217654174 0.8319794784095768 0.48155985489721886 0.7409149209063702 0.48155985489721886
- 0.8486532706284737 0.468863361547763 0.854211201368106 0.468863361547763 0.854211201368106 0.4737001209189843 0.8486532706284737 0.4737001209189843
a 0.9076528430953399 0.468863361547763 0.9127832407011544 0.468863361547763 0.9127832407011544 0.4737001209189843 0.9076528430953399 0.4737001209189843
: 0.5109020949123557 0.4782345828295042 0.5117571611799915 0.4782345828295042 0.5117571611799915 0.4788391777509069 0.5109020949123557 0.4788391777509069
| 0.5489525438221462 0.4743047158403869 0.5493800769559641 0.4743047158403869 0.5493800769559641 0.48125755743651755 0.5489525438221462 0.48125755743651755
Schiico 0.7687045746045319 0.4788391777509069 0.798204360837965 0.4788391777509069 0.798204360837965 0.48458282950423215 0.7687045746045319 0.48458282950423215
YapoFlex 0.8041898247114151 0.4785368802902056 0.8396750748182984 0.4785368802902056 0.8396750748182984 0.4848851269649335 0.8041898247114151 0.4848851269649335
HRISO 0.8452330055579308 0.47551390568319224 0.8704574604531852 0.47551390568319224 0.8704574604531852 0.48458282950423215 0.8452330055579308 0.48458282950423215
| 0.5489525438221462 0.4833736396614268 0.5493800769559641 0.4833736396614268 0.5493800769559641 0.48972188633615477 0.5489525438221462 0.48972188633615477
5 0.6660966224882429 0.4921402660217654 0.669089354424968 0.4921402660217654 0.669089354424968 0.4969770253929867 0.6660966224882429 0.4969770253929867
x 0.7507481829841812 0.4857920193470375 0.7558785805899957 0.4857920193470375 0.7558785805899957 0.4912333736396614 0.7507481829841812 0.4912333736396614
\ 0.8118854211201368 0.48881499395405076 0.817870884993587 0.48881499395405076 0.817870884993587 0.49365175332527206 0.8118854211201368 0.49365175332527206
\ 0.870884993587003 0.48881499395405076 0.8760153911928175 0.48881499395405076 0.8760153911928175 0.49365175332527206 0.870884993587003 0.49365175332527206
= 0.7062847370671227 0.49939540507859737 0.711842667806755 0.49939540507859737 0.711842667806755 0.50453446191052 0.7062847370671227 0.50453446191052
My 0.758016246259085 0.49244256348246673 0.7699871740059855 0.49244256348246673 0.7699871740059855 0.50453446191052 0.758016246259085 0.50453446191052
\ 0.8195810175288585 0.4954655380894801 0.8251389482684908 0.4954655380894801 0.8251389482684908 0.5003022974607013 0.8195810175288585 0.5003022974607013
\ 0.8781530568619068 0.4954655380894801 0.8837109876015391 0.4954655380894801 0.8837109876015391 0.5003022974607013 0.8781530568619068 0.5003022974607013
N 0.8268490808037623 0.5021160822249093 0.8319794784095768 0.5021160822249093 0.8319794784095768 0.5069528415961306 0.8268490808037623 0.5069528415961306
\ 0.8854211201368106 0.5021160822249093 0.8909790508764429 0.5021160822249093 0.8909790508764429 0.5069528415961306 0.8854211201368106 0.5069528415961306
2 0.480119709277469 0.5057436517533253 0.4843950406156477 0.5057436517533253 0.4843950406156477 0.5111850060459492 0.480119709277469 0.5111850060459492
10 0.5600684053014109 0.5057436517533253 0.5686190679777683 0.5057436517533253 0.5686190679777683 0.5111850060459492 0.5600684053014109 0.5111850060459492
Ny 0.7742625053441642 0.5042321644498187 0.7781103035485251 0.5042321644498187 0.7781103035485251 0.5142079806529625 0.7742625053441642 0.5142079806529625
x 0.8341171440786661 0.5087666263603385 0.8392475416844806 0.5087666263603385 0.8392475416844806 0.5136033857315598 0.8341171440786661 0.5136033857315598
\ 0.8931167165455323 0.5087666263603385 0.8982471141513467 0.5087666263603385 0.8982471141513467 0.5136033857315598 0.8931167165455323 0.5136033857315598
& 0.7212483967507481 0.5126964933494559 0.7263787943565626 0.5126964933494559 0.7263787943565626 0.5178355501813785 0.7212483967507481 0.5178355501813785
X 0.7798204360837965 0.5126964933494559 0.7853783668234288 0.5126964933494559 0.7853783668234288 0.5178355501813785 0.7798204360837965 0.5178355501813785
\ 0.8413852073535699 0.5154171704957679 0.8469431380932022 0.5154171704957679 0.8469431380932022 0.5202539298669892 0.8413852073535699 0.5202539298669892
\ 0.728516460025652 0.5193470374848851 0.7340743907652844 0.5193470374848851 0.7340743907652844 0.5244860943168077 0.728516460025652 0.5244860943168077
x 0.7875160324925182 0.5190447400241838 0.7926464300983326 0.5190447400241838 0.7926464300983326 0.5244860943168077 0.7875160324925182 0.5244860943168077
a 0.8486532706284737 0.522067714631197 0.854211201368106 0.522067714631197 0.854211201368106 0.5269044740024184 0.8486532706284737 0.5269044740024184
& 0.9076528430953399 0.522067714631197 0.9127832407011544 0.522067714631197 0.9127832407011544 0.5269044740024184 0.9076528430953399 0.5269044740024184
\ 0.7947840957674219 0.5256952841596131 0.7999144933732364 0.5256952841596131 0.7999144933732364 0.531136638452237 0.7947840957674219 0.531136638452237
& 0.8563488670371954 0.5287182587666264 0.8614792646430098 0.5287182587666264 0.8614792646430098 0.5335550181378477 0.8563488670371954 0.5335550181378477
72 0.51004702864472 0.532043530834341 0.5194527575887131 0.532043530834341 0.5194527575887131 0.5374848851269649 0.51004702864472 0.5374848851269649
60 0.582727661393758 0.532043530834341 0.5925609234715691 0.532043530834341 0.5925609234715691 0.5374848851269649 0.582727661393758 0.5374848851269649
60. 0.6498503634031637 0.5305320435308344 0.6592560923471569 0.5305320435308344 0.6592560923471569 0.5405078597339782 0.6498503634031637 0.5405078597339782
: 0.8024796921761437 0.532950423216445 0.8076100897819581 0.532950423216445 0.8076100897819581 0.5483675937122128 0.8024796921761437 0.5483675937122128
/t 0.5664814023086789 0.5592503022974608 0.6254809747755451 0.5592503022974608 0.6254809747755451 0.5912938331318017 0.5664814023086789 0.5912938331318017
Detail 0.5908507909362976 0.595223700120919 0.609234715690466 0.595223700120919 0.609234715690466 0.6003627569528416 0.5908507909362976 0.6003627569528416
Zeigt 0.6109448482257375 0.5922007255139057 0.6284737067122702 0.5922007255139057 0.6284737067122702 0.6030834340991535 0.6109448482257375 0.6030834340991535
Konsole 0.6310389055151774 0.5922007255139057 0.6571184266780675 0.5922007255139057 0.6571184266780675 0.6030834340991535 0.6310389055151774 0.6030834340991535
in 0.6613937580162462 0.595223700120919 0.6660966224882429 0.595223700120919 0.6660966224882429 0.6003627569528416 0.6613937580162462 0.6003627569528416
Abdi¢htung 0.7490380504489098 0.592503022974607 0.7892261650277896 0.592503022974607 0.7892261650277896 0.5979443772672309 0.7490380504489098 0.5979443772672309
tcm 0.8003420265070543 0.592503022974607 0.8157332193244976 0.592503022974607 0.8157332193244976 0.5979443772672309 0.8003420265070543 0.5979443772672309
baugeits 0.7490380504489098 0.599758162031439 0.7828131680205216 0.599758162031439 0.7828131680205216 0.6055018137847642 0.7490380504489098 0.6055018137847642
~ 0.6002565198802907 0.6121523579201935 0.6160752458315519 0.6121523579201935 0.6160752458315519 0.6169891172914147 0.6002565198802907 0.6169891172914147
0.230 0.758443779392903 0.6420798065296252 0.7742625053441642 0.6420798065296252 0.7742625053441642 0.6478234582829504 0.758443779392903 0.6478234582829504
Dimmung 0.3069687900812313 0.6577992744860943 0.3420265070542967 0.6577992744860943 0.3420265070542967 0.6635429262394196 0.3069687900812313 0.6635429262394196
wasserfest 0.3535699016673792 0.6577992744860943 0.39675074818298417 0.6577992744860943 0.39675074818298417 0.6635429262394196 0.3535699016673792 0.6635429262394196
und 0.3988884138520735 0.6674727932285369 0.41299700726806327 0.6674727932285369 0.41299700726806327 0.6771463119709794 0.3988884138520735 0.6771463119709794
Perimeterddmmung 0.3069687900812313 0.6759371221281741 0.387345019238991 0.6759371221281741 0.387345019238991 0.6834945586457074 0.3069687900812313 0.6834945586457074
sind 0.39333048311244123 0.6759371221281741 0.40872167592988456 0.6759371221281741 0.40872167592988456 0.6816807738814994 0.39333048311244123 0.6816807738814994
Leistung 0.3069687900812313 0.6834945586457074 0.34031637451902524 0.6834945586457074 0.34031637451902524 0.6907496977025392 0.3069687900812313 0.6907496977025392
angrenzendes 0.3463018383924754 0.6834945586457074 0.4023086789226165 0.6834945586457074 0.4023086789226165 0.6907496977025392 0.3463018383924754 0.6907496977025392
Gewerk 0.3069687900812313 0.6910519951632407 0.3347584437793929 0.6910519951632407 0.3347584437793929 0.6970979443772672 0.3069687900812313 0.6970979443772672
fd 0.6400171013253527 0.7052599758162031 0.7725523728088927 0.7052599758162031 0.7725523728088927 0.7457678355501813 0.6400171013253527 0.7457678355501813
tie 0.8435228730226593 0.7318621523579202 0.9123557075673364 0.7318621523579202 0.9123557075673364 0.747279322853688 0.8435228730226593 0.747279322853688
Detail 0.07994869602394186 0.8095525997581621 0.10987601539119282 0.8095525997581621 0.10987601539119282 0.81590084643289 0.07994869602394186 0.81590084643289
FuRpunkt 0.11543394613082514 0.8095525997581621 0.16673792218896966 0.8095525997581621 0.16673792218896966 0.817714631197098 0.11543394613082514 0.817714631197098
