Fal 0.5634824667472793 0.2026507054296708 0.5710399032648126 0.2026507054296708 0.5710399032648126 0.21462163317657118 0.5634824667472793 0.21462163317657118
eyrumd 0.5719467956469165 0.2026507054296708 0.5837363966142685 0.2026507054296708 0.5837363966142685 0.21462163317657118 0.5719467956469165 0.21462163317657118
Poe 0.5662031438935913 0.21333903377511756 0.5746674727932285 0.21333903377511756 0.5746674727932285 0.21804189824711415 0.5662031438935913 0.21804189824711415
enproil 0.5767835550181378 0.21333903377511756 0.589782345828295 0.21333903377511756 0.589782345828295 0.21889696451474988 0.5767835550181378 0.21889696451474988
22h 0.5767835550181378 0.2419837537409149 0.5825272067714631 0.2419837537409149 0.5825272067714631 0.2466866182129115 0.5767835550181378 0.2466866182129115
662 0.5837363966142685 0.2419837537409149 0.5894800483675937 0.2419837537409149 0.5894800483675937 0.2466866182129115 0.5837363966142685 0.2466866182129115
244 0.4229141475211608 0.25138948268490807 0.4289600967351874 0.25138948268490807 0.4289600967351874 0.25609234715690465 0.4229141475211608 0.25609234715690465
101 0.43047158403869407 0.25138948268490807 0.43440145102781136 0.25138948268490807 0.43440145102781136 0.25609234715690465 0.43047158403869407 0.25609234715690465
322430 0.6142684401451027 0.2787516032492518 0.6269649334945586 0.2787516032492518 0.6269649334945586 0.2834544677212484 0.6142684401451027 0.2834544677212484
~Verbinder 0.5928053204353083 0.3394613082513895 0.6148730350665055 0.3394613082513895 0.6148730350665055 0.34416417272338606 0.5928053204353083 0.34416417272338606
seth 0.6169891172914147 0.34117144078666095 0.6227327690447401 0.34117144078666095 0.6227327690447401 0.34416417272338606 0.6169891172914147 0.34416417272338606
/ 0.6085247883917775 0.3471569046601112 0.6103385731559855 0.3471569046601112 0.6103385731559855 0.35185976913210776 0.6085247883917775 0.35185976913210776
Ceri 0.6124546553808948 0.3471569046601112 0.6203143893591294 0.3471569046601112 0.6203143893591294 0.35185976913210776 0.6124546553808948 0.35185976913210776
Falabelii” 0.3996372430471584 0.3548525010688328 0.4165659008464329 0.3548525010688328 0.4165659008464329 0.3595553655408294 0.3996372430471584 0.3595553655408294
ung 0.4186819830713422 0.35656263360410434 0.4247279322853688 0.35656263360410434 0.4247279322853688 0.36083796494228304 0.4186819830713422 0.36083796494228304
+ 0.4268440145102781 0.35656263360410434 0.4286577992744861 0.35656263360410434 0.4286577992744861 0.3591278324070115 0.4268440145102781 0.3591278324070115
Eu 0.4307738814993954 0.3548525010688328 0.43500604594921405 0.3548525010688328 0.43500604594921405 0.3595553655408294 0.4307738814993954 0.3595553655408294
w 0.4371221281741233 0.35656263360410434 0.43923821039903266 0.35656263360410434 0.43923821039903266 0.3595553655408294 0.4371221281741233 0.3595553655408294
iiber 0.3996372430471584 0.3629756306113724 0.407496977025393 0.3629756306113724 0.407496977025393 0.3672509619495511 0.3996372430471584 0.3672509619495511
Pope 0.4096130592503023 0.3625480974775545 0.41747279322853686 0.3625480974775545 0.41747279322853686 0.3672509619495511 0.4096130592503023 0.3672509619495511
endlich 0.4198911729141475 0.3625480974775545 0.43107617896009676 0.3625480974775545 0.43107617896009676 0.3672509619495511 0.4198911729141475 0.3672509619495511
= 0.43319226118500603 0.364258230012826 0.4347037484885127 0.364258230012826 0.4347037484885127 0.3672509619495511 0.43319226118500603 0.3672509619495511
tik 0.4371221281741233 0.3625480974775545 0.44226118500604594 0.3625480974775545 0.44226118500604594 0.3672509619495511 0.4371221281741233 0.3672509619495511
Fuyelew. 0.6834945586457074 0.3762291577597264 0.6983071342200725 0.3762291577597264 0.6983071342200725 0.3817870884993587 0.6834945586457074 0.3817870884993587
Rieyel 0.7016324062877872 0.3762291577597264 0.7119105199516325 0.3762291577597264 0.7119105199516325 0.3817870884993587 0.7016324062877872 0.3817870884993587
und 0.7146311970979444 0.3762291577597264 0.7200725513905684 0.3762291577597264 0.7200725513905684 0.3805044890979051 0.7146311970979444 0.3805044890979051
Sehunlaren 0.3996372430471584 0.37665669089354425 0.4207980652962515 0.37665669089354425 0.4207980652962515 0.38991021804189824 0.3996372430471584 0.38991021804189824
Polen 0.6834945586457074 0.38392475416844807 0.6977025392986699 0.38392475416844807 0.6977025392986699 0.38862761864044465 0.6834945586457074 0.38862761864044465
en 0.7128174123337364 0.38563488670371954 0.7167472793228536 0.38563488670371954 0.7167472793228536 0.38862761864044465 0.7128174123337364 0.38862761864044465
Tar 0.3996372430471584 0.3963232150491663 0.40477629987908104 0.3963232150491663 0.40477629987908104 0.40102607952116287 0.3996372430471584 0.40102607952116287
ich 0.4096130592503023 0.39675074818298417 0.41626360338573154 0.39675074818298417 0.41626360338573154 0.40102607952116287 0.4096130592503023 0.40102607952116287
durch 0.42019347037484883 0.39675074818298417 0.42986698911729143 0.39675074818298417 0.42986698911729143 0.40102607952116287 0.42019347037484883 0.40102607952116287
we 0.4452841596130592 0.3980333475844378 0.4498186215235792 0.3980333475844378 0.4498186215235792 0.4023086789226165 0.4452841596130592 0.4023086789226165
Bauhirper 0.3996372430471584 0.40017101325352716 0.41717049576783555 0.40017101325352716 0.41717049576783555 0.41299700726806327 0.3996372430471584 0.41299700726806327
abuiuh 0.41747279322853686 0.40444634459170586 0.42956469165659006 0.40444634459170586 0.42956469165659006 0.40872167592988456 0.41747279322853686 0.40872167592988456
enklinkuny 0.7055622732769045 0.40487387772552375 0.7246070133010882 0.40487387772552375 0.7246070133010882 0.41043180846515603 0.7055622732769045 0.41043180846515603
yy” 0.7267230955259976 0.40487387772552375 0.7327690447400241 0.40487387772552375 0.7327690447400241 0.41043180846515603 0.7267230955259976 0.41043180846515603
bloukie 0.3996372430471584 0.4112868747327918 0.41384522370012095 0.4112868747327918 0.41384522370012095 0.4159897392047884 0.3996372430471584 0.4159897392047884
werden! 0.41747279322853686 0.4117144078666097 0.43107617896009676 0.4117144078666097 0.43107617896009676 0.4159897392047884 0.41747279322853686 0.4159897392047884
en 0.6834945586457074 0.4142796066695169 0.687726723095526 0.4142796066695169 0.687726723095526 0.41727233860624197 0.6834945586457074 0.41727233860624197
sfrediend 0.6898428053204353 0.4125694741342454 0.7079806529625151 0.4125694741342454 0.7079806529625151 0.41727233860624197 0.6898428053204353 0.41727233860624197
den 0.7100967351874244 0.4125694741342454 0.716142684401451 0.4125694741342454 0.716142684401451 0.41727233860624197 0.7100967351874244 0.41727233860624197
au 0.7173518742442564 0.4082941427960667 0.7212817412333736 0.4082941427960667 0.7212817412333736 0.42154766994442067 0.7173518742442564 0.42154766994442067
orverunyen 0.7218863361547763 0.4125694741342454 0.7448609431680774 0.4125694741342454 0.7448609431680774 0.4185549380076956 0.7218863361547763 0.4185549380076956
ss 0.7723700120918985 0.4185549380076956 0.7732769044740024 0.4185549380076956 0.7732769044740024 0.4202650705429671 0.7723700120918985 0.4202650705429671
hc 0.39993954050785974 0.4236853356135101 0.40114873035066506 0.4236853356135101 0.40114873035066506 0.42838820008550665 0.39993954050785974 0.42838820008550665
Ceweth 0.6834945586457074 0.4202650705429671 0.6964933494558646 0.4202650705429671 0.6964933494558646 0.42496793501496366 0.6834945586457074 0.42496793501496366
Abuith 0.6989117291414753 0.4202650705429671 0.7100967351874244 0.4202650705429671 0.7100967351874244 0.42496793501496366 0.6989117291414753 0.42496793501496366
uny 0.7122128174123338 0.42197520307823855 0.7182587666263603 0.42197520307823855 0.7182587666263603 0.42625053441641725 0.7122128174123338 0.42625053441641725
ert 0.7306529625151149 0.4202650705429671 0.7406287787182587 0.4202650705429671 0.7406287787182587 0.42496793501496366 0.7306529625151149 0.42496793501496366
20.0 0.7681378476420798 0.4185549380076956 0.7772067714631197 0.4185549380076956 0.7772067714631197 0.42539546814878154 0.7681378476420798 0.42539546814878154
anil, 0.4026602176541717 0.42539546814878154 0.4153567110036276 0.42539546814878154 0.4153567110036276 0.42838820008550665 0.4026602176541717 0.42838820008550665
ru 0.41747279322853686 0.42539546814878154 0.42110036275695284 0.42539546814878154 0.42110036275695284 0.42838820008550665 0.41747279322853686 0.42838820008550665
wi 0.39993954050785974 0.4313809320222317 0.40326481257557434 0.4313809320222317 0.40326481257557434 0.4360837964942283 0.39993954050785974 0.4360837964942283
er 0.4207980652962515 0.4330910645575032 0.4235187424425635 0.4330910645575032 0.4235187424425635 0.4360837964942283 0.4207980652962515 0.4360837964942283
erwin 0.4319830713422007 0.4330910645575032 0.4419588875453446 0.4330910645575032 0.4419588875453446 0.43693886276186406 0.4319830713422007 0.43693886276186406
60 0.44649334945586455 0.5083368961094484 0.4501209189842805 0.5083368961094484 0.4501209189842805 0.5130397605814451 0.44649334945586455 0.5130397605814451
204 0.531136638452237 0.5156049593843522 0.5344619105199516 0.5156049593843522 0.5344619105199516 0.5215904232578025 0.531136638452237 0.5215904232578025
Pfos 0.531136638452237 0.49764856776400174 0.5341596130592503 0.49764856776400174 0.5341596130592503 0.5096194955109021 0.531136638452237 0.5096194955109021
enklinfury 0.532043530834341 0.46900384779820437 0.5344619105199516 0.46900384779820437 0.5344619105199516 0.4946558358272766 0.532043530834341 0.4946558358272766
ghal 0.42623941958887546 0.5211628901239846 0.43923821039903266 0.5211628901239846 0.43923821039903266 0.5284309533988885 0.42623941958887546 0.5284309533988885
er 0.4416565900846433 0.5228730226592561 0.4446795646916566 0.5228730226592561 0.4446795646916566 0.5258657545959812 0.4416565900846433 0.5258657545959812
266460 0.4477025392986699 0.5211628901239846 0.45949214026602175 0.5211628901239846 0.45949214026602175 0.5284309533988885 0.4477025392986699 0.5284309533988885
uur 0.440447400241838 0.5305686190679778 0.4446795646916566 0.5305686190679778 0.4446795646916566 0.5335613510047028 0.440447400241838 0.5335613510047028
er 0.4449818621523579 0.5245831551945276 0.4501209189842805 0.5245831551945276 0.4501209189842805 0.5382642154766994 0.4449818621523579 0.5382642154766994
Wer 0.4570737605804111 0.5305686190679778 0.46311970979443773 0.5305686190679778 0.46311970979443773 0.5361265498076101 0.4570737605804111 0.5361265498076101
ubuny 0.4268440145102781 0.5365540829414279 0.437726723095526 0.5365540829414279 0.437726723095526 0.5425395468148781 0.4268440145102781 0.5425395468148781
nur 0.439540507859734 0.5382642154766994 0.4437726723095526 0.5382642154766994 0.4437726723095526 0.5412569474134246 0.439540507859734 0.5412569474134246
oben 0.44649334945586455 0.5348439504061565 0.4540507859733978 0.5348439504061565 0.4540507859733978 0.5412569474134246 0.44649334945586455 0.5412569474134246
Fan 0.6834945586457074 0.5211628901239846 0.6901451027811366 0.5211628901239846 0.6901451027811366 0.5258657545959812 0.6834945586457074 0.5258657545959812
foil 0.694074969770254 0.5211628901239846 0.6977025392986699 0.5211628901239846 0.6977025392986699 0.5258657545959812 0.694074969770254 0.5258657545959812
Al 0.7004232164449818 0.5211628901239846 0.7034461910519951 0.5211628901239846 0.7034461910519951 0.5258657545959812 0.7004232164449818 0.5258657545959812
Cher|idulw 0.6834945586457074 0.5288584865327063 0.7034461910519951 0.5288584865327063 0.7034461910519951 0.5335613510047028 0.6834945586457074 0.5335613510047028
wie 0.7055622732769045 0.5305686190679778 0.7107013301088271 0.5305686190679778 0.7107013301088271 0.5335613510047028 0.7055622732769045 0.5335613510047028
Pro‘te 0.7128174123337364 0.5288584865327063 0.7243047158403869 0.5288584865327063 0.7243047158403869 0.5335613510047028 0.7128174123337364 0.5335613510047028
Ver 0.40900846432889965 0.5365540829414279 0.4144498186215236 0.5365540829414279 0.4144498186215236 0.5412569474134246 0.40900846432889965 0.5412569474134246
yerinjer 0.6834945586457074 0.5557930739632322 0.6977025392986699 0.5557930739632322 0.6977025392986699 0.5600684053014109 0.6834945586457074 0.5600684053014109
Folie 0.7122128174123338 0.546387345019239 0.719770253929867 0.546387345019239 0.719770253929867 0.5510902094912355 0.7122128174123338 0.5510902094912355
wi 0.721584038694075 0.5480974775545104 0.7246070133010882 0.5480974775545104 0.7246070133010882 0.5510902094912355 0.721584038694075 0.5510902094912355
Hye 0.4268440145102781 0.5489525438221462 0.4356106408706167 0.5489525438221462 0.4356106408706167 0.5609234715690466 0.4268440145102781 0.5609234715690466
80 0.43833131801692865 0.5515177426250535 0.4419588875453446 0.5515177426250535 0.4419588875453446 0.55622060709705 0.43833131801692865 0.55622060709705
a 0.4437726723095526 0.5532278751603249 0.44830713422007257 0.5532278751603249 0.44830713422007257 0.55622060709705 0.4437726723095526 0.55622060709705
kone 0.6937726723095526 0.5758871312526721 0.6974002418379686 0.5758871312526721 0.6974002418379686 0.5805899957246686 0.6937726723095526 0.5805899957246686
ole, 0.7058645707376058 0.5775972637879435 0.7082829504232164 0.5775972637879435 0.7082829504232164 0.5810175288584866 0.7058645707376058 0.5810175288584866
Fees 0.7107013301088271 0.5758871312526721 0.7164449818621523 0.5758871312526721 0.7164449818621523 0.5805899957246686 0.7107013301088271 0.5805899957246686
punk 0.718863361547763 0.5758871312526721 0.7264207980652962 0.5758871312526721 0.7264207980652962 0.5814450619923044 0.718863361547763 0.5814450619923044
aik, 0.6980048367593712 0.5831551945275759 0.7055622732769045 0.5831551945275759 0.7055622732769045 0.5882855921333904 0.6980048367593712 0.5882855921333904
2B. 0.7079806529625151 0.5831551945275759 0.7128174123337364 0.5831551945275759 0.7128174123337364 0.5878580589995724 0.7079806529625151 0.5878580589995724
ye'er 0.716142684401451 0.5831551945275759 0.7249093107617895 0.5831551945275759 0.7249093107617895 0.5887131252672082 0.716142684401451 0.5887131252672082
iy 0.727932285368803 0.5848653270628473 0.7303506650544136 0.5848653270628473 0.7303506650544136 0.5887131252672082 0.727932285368803 0.5887131252672082
[2274 0.694074969770254 0.5908507909362976 0.7016324062877872 0.5908507909362976 0.7016324062877872 0.5955536554082942 0.694074969770254 0.5955536554082942
0 0.7031438935912938 0.5908507909362976 0.7049576783555018 0.5908507909362976 0.7049576783555018 0.5955536554082942 0.7031438935912938 0.5955536554082942
Hohlraum 0.5725513905683193 0.5972637879435656 0.5931076178960096 0.5972637879435656 0.5931076178960096 0.6028217186831979 0.5725513905683193 0.6028217186831979
mit 0.5946191051995163 0.5976913210773835 0.6000604594921403 0.5976913210773835 0.6000604594921403 0.6028217186831979 0.5946191051995163 0.6028217186831979
wasserfester 0.5725513905683193 0.6062419837537409 0.601571946795647 0.6062419837537409 0.601571946795647 0.6113723813595554 0.5725513905683193 0.6113723813595554
nicht 0.5725513905683193 0.6147926464300983 0.5828295042321644 0.6147926464300983 0.5828295042321644 0.6199230440359128 0.5725513905683193 0.6199230440359128
brennbar, 0.5849455864570737 0.6143651132962804 0.6042926239419589 0.6143651132962804 0.6042926239419589 0.6199230440359128 0.5849455864570737 0.6199230440359128
ausst 0.6064087061668681 0.6160752458315519 0.6157799274486094 0.6160752458315519 0.6157799274486094 0.6199230440359128 0.6064087061668681 0.6199230440359128
au 0.6834945586457074 0.5985463873450192 0.6892382103990327 0.5985463873450192 0.6892382103990327 0.6032492518170158 0.6834945586457074 0.6032492518170158
Ui 0.4135429262394196 0.6083796494228303 0.4153567110036276 0.6083796494228303 0.4153567110036276 0.6203505771697306 0.4135429262394196 0.6203505771697306
einkebCir 0.41777509068923824 0.6117999144933732 0.437726723095526 0.6117999144933732 0.437726723095526 0.6165027789653699 0.41777509068923824 0.6165027789653699
Fas 0.440447400241838 0.6117999144933732 0.4489117291414752 0.6117999144933732 0.4489117291414752 0.6165027789653699 0.440447400241838 0.6165027789653699
vlie 0.4570737605804111 0.6117999144933732 0.4655380894800484 0.6117999144933732 0.4655380894800484 0.6165027789653699 0.4570737605804111 0.6165027789653699
Sekuy 0.40931076178960096 0.6267635741769987 0.4189842805320435 0.6267635741769987 0.4189842805320435 0.6314664386489953 0.40931076178960096 0.6314664386489953
eu 0.4265417170495768 0.6284737067122702 0.43047158403869407 0.6284737067122702 0.43047158403869407 0.6314664386489953 0.4265417170495768 0.6314664386489953
ay; 0.4328899637243047 0.6267635741769987 0.43923821039903266 0.6267635741769987 0.43923821039903266 0.6314664386489953 0.4328899637243047 0.6314664386489953
a 0.42623941958887546 0.6361693031209918 0.4277509068923821 0.6361693031209918 0.4277509068923821 0.639162035057717 0.42623941958887546 0.639162035057717
uy 0.4455864570737606 0.6284737067122702 0.45133010882708585 0.6284737067122702 0.45133010882708585 0.6327490380504489 0.4455864570737606 0.6327490380504489
LE 0.6151753325272068 0.6340316374519025 0.619105199516324 0.6340316374519025 0.619105199516324 0.6387345019238991 0.6151753325272068 0.6387345019238991
Pros 0.6221281741233373 0.6340316374519025 0.6302902055622733 0.6340316374519025 0.6302902055622733 0.6387345019238991 0.6221281741233373 0.6387345019238991
en 0.6324062877871826 0.635741769987174 0.6360338573155986 0.635741769987174 0.6360338573155986 0.6387345019238991 0.6324062877871826 0.6387345019238991
hy 0.437726723095526 0.6421547669944421 0.439540507859734 0.6421547669944421 0.439540507859734 0.6468576314664386 0.437726723095526 0.6468576314664386
Baukt 0.40931076178960096 0.6502778965369816 0.41807738814993956 0.6502778965369816 0.41807738814993956 0.6545532278751603 0.40931076178960096 0.6545532278751603
blow 0.40931076178960096 0.6579734929457033 0.4165659008464329 0.6579734929457033 0.4165659008464329 0.6626763574176999 0.40931076178960096 0.6626763574176999
sei 0.4159613059250302 0.6695168875587858 0.4207980652962515 0.6695168875587858 0.4207980652962515 0.6725096194955109 0.4159613059250302 0.6725096194955109
iye 0.4229141475211608 0.6695168875587858 0.4274486094316808 0.6695168875587858 0.4274486094316808 0.6737922188969645 0.4229141475211608 0.6737922188969645
@ 0.40931076178960096 0.675502351432236 0.4105199516324063 0.675502351432236 0.4105199516324063 0.6802052159042326 0.40931076178960096 0.6802052159042326
Fab 0.4265417170495768 0.6498503634031637 0.43530834340991537 0.6498503634031637 0.43530834340991537 0.6545532278751603 0.4265417170495768 0.6545532278751603
Peer 0.42230955259975816 0.6579734929457033 0.4356106408706167 0.6579734929457033 0.4356106408706167 0.6626763574176999 0.42230955259975816 0.6626763574176999
170 0.6296856106408706 0.672082086361693 0.6348246674727932 0.672082086361693 0.6348246674727932 0.6767849508336896 0.6296856106408706 0.6767849508336896
wy 0.44135429262394194 0.6772124839675074 0.4449818621523579 0.6772124839675074 0.4449818621523579 0.6802052159042326 0.44135429262394194 0.6802052159042326
Abulit 0.5619709794437727 0.6900384779820437 0.5734582829504232 0.6900384779820437 0.5734582829504232 0.6947413424540402 0.5619709794437727 0.6947413424540402
un 0.5755743651753326 0.6917486105173151 0.5792019347037485 0.6917486105173151 0.5792019347037485 0.6947413424540402 0.5755743651753326 0.6947413424540402
ur 0.5849455864570737 0.6917486105173151 0.5885731559854898 0.6917486105173151 0.5885731559854898 0.6947413424540402 0.5849455864570737 0.6947413424540402
yeyen 0.591596130592503 0.6917486105173151 0.6018742442563483 0.6917486105173151 0.6018742442563483 0.6955964087216759 0.591596130592503 0.6955964087216759
© 0.626360338573156 0.6917486105173151 0.628174123337364 0.6917486105173151 0.628174123337364 0.6947413424540402 0.626360338573156 0.6947413424540402
ie 0.4229141475211608 0.702009405728944 0.4274486094316808 0.702009405728944 0.4274486094316808 0.7062847370671227 0.4229141475211608 0.7062847370671227
Perime 0.40931076178960096 0.7079948696023942 0.42200725513905685 0.7079948696023942 0.42200725513905685 0.7126977340743907 0.40931076178960096 0.7126977340743907
erddmmuny 0.4244256348246675 0.708422402736212 0.44256348246674726 0.708422402736212 0.44256348246674726 0.7139803334758443 0.4244256348246675 0.7139803334758443
HINWEIS 0.5120918984280532 0.7126977340743907 0.5281136638452237 0.7126977340743907 0.5281136638452237 0.7178281316802052 0.5120918984280532 0.7178281316802052
BAUKORPCR-DARS 0.5308343409915357 0.708422402736212 0.5698307134220073 0.708422402736212 0.5698307134220073 0.7221034630183839 0.5308343409915357 0.7221034630183839
TCLLUNG: 0.5695284159613059 0.708422402736212 0.5900846432889963 0.708422402736212 0.5900846432889963 0.7221034630183839 0.5695284159613059 0.7221034630183839
Der 0.5120918984280532 0.7208208636169303 0.5193470374848851 0.7208208636169303 0.5193470374848851 0.7263787943565626 0.5120918984280532 0.7263787943565626
tiercercestellte 0.522067714631197 0.7208208636169303 0.558645707376058 0.7208208636169303 0.558645707376058 0.7276613937580162 0.522067714631197 0.7276613937580162
urc 0.5861547762998791 0.7225309961522018 0.592503022974607 0.7225309961522018 0.592503022974607 0.7263787943565626 0.5861547762998791 0.7263787943565626
euct 0.595223700120919 0.7208208636169303 0.6033857315598549 0.7208208636169303 0.6033857315598549 0.7263787943565626 0.595223700120919 0.7263787943565626
cer 0.6061064087061668 0.7225309961522018 0.6124546553808948 0.7225309961522018 0.6124546553808948 0.7259512612227448 0.6061064087061668 0.7259512612227448
wurcer 0.5423216444981862 0.7315091919623771 0.5571342200725514 0.7315091919623771 0.5571342200725514 0.73492945703292 0.5423216444981862 0.73492945703292
evs 0.560459492140266 0.7315091919623771 0.5671100362756953 0.7315091919623771 0.5671100362756953 0.73492945703292 0.560459492140266 0.73492945703292
cer 0.5701330108827086 0.7315091919623771 0.5767835550181378 0.7315091919623771 0.5767835550181378 0.73492945703292 0.5701330108827086 0.73492945703292
Arctitet 0.5776904474002419 0.7255237280889268 0.5964328899637243 0.7255237280889268 0.5964328899637243 0.7392047883710987 0.5776904474002419 0.7392047883710987
ter-Plérer 0.5982466747279322 0.7255237280889268 0.6203143893591294 0.7255237280889268 0.6203143893591294 0.7392047883710987 0.5982466747279322 0.7392047883710987
tcpiert. 0.6230350665054414 0.7297990594271055 0.6375453446191052 0.7297990594271055 0.6375453446191052 0.7366395895681915 0.6230350665054414 0.7366395895681915
Dietatséctlicke 0.5120918984280532 0.7379221889696451 0.5465538089480049 0.7379221889696451 0.5465538089480049 0.7434801197092775 0.5120918984280532 0.7434801197092775
Austitrure 0.5492744860943168 0.7379221889696451 0.5737605804111245 0.7379221889696451 0.5737605804111245 0.7451902522445489 0.5492744860943168 0.7451902522445489
Farr 0.5767835550181378 0.7383497221034631 0.5813180169286578 0.7383497221034631 0.5813180169286578 0.7434801197092775 0.5767835550181378 0.7434801197092775
etweicter 0.589782345828295 0.7379221889696451 0.6094316807738815 0.7379221889696451 0.6094316807738815 0.7434801197092775 0.589782345828295 0.7434801197092775
urc 0.6118500604594922 0.7396323215049166 0.6185006045949214 0.7396323215049166 0.6185006045949214 0.7434801197092775 0.6118500604594922 0.7434801197092775
ist 0.620918984280532 0.7383497221034631 0.625453446191052 0.7383497221034631 0.625453446191052 0.7434801197092775 0.620918984280532 0.7434801197092775
im 0.6278718258766627 0.7396323215049166 0.6311970979443773 0.7396323215049166 0.6311970979443773 0.7434801197092775 0.6278718258766627 0.7434801197092775
Retmer 0.5120918984280532 0.7464728516460025 0.527509068923821 0.7464728516460025 0.527509068923821 0.751603249251817 0.5120918984280532 0.751603249251817
ces 0.5305320435308344 0.748182984181274 0.5368802902055623 0.748182984181274 0.5368802902055623 0.751603249251817 0.5305320435308344 0.751603249251817
ALimefies 0.5399032648125756 0.7464728516460025 0.560459492140266 0.7464728516460025 0.560459492140266 0.7541684480547243 0.5399032648125756 0.7541684480547243
2 0.5634824667472793 0.748182984181274 0.5674123337363967 0.748182984181274 0.5674123337363967 0.751603249251817 0.5634824667472793 0.751603249251817
Detail 0.186819830713422 0.8388200085506626 0.20858524788391777 0.8388200085506626 0.20858524788391777 0.8482257374946558 0.186819830713422 0.8482257374946558
FuRpunkt 0.21221281741233375 0.8388200085506626 0.24969770253929868 0.8388200085506626 0.24969770253929868 0.8507909362975631 0.21221281741233375 0.8507909362975631
mit 0.25272067714631197 0.8388200085506626 0.2642079806529625 0.8388200085506626 0.2642079806529625 0.8482257374946558 0.25272067714631197 0.8482257374946558
Rinne 0.26753325272067713 0.8388200085506626 0.28990326481257556 0.8388200085506626 0.28990326481257556 0.8482257374946558 0.26753325272067713 0.8482257374946558
