358610 0.40326481257557434 0.1881145788798632 0.4144498186215236 0.1881145788798632 0.4144498186215236 0.19324497648567765 0.40326481257557434 0.19324497648567765
358300 0.402962515114873 0.2304403591278324 0.4144498186215236 0.2304403591278324 0.4144498186215236 0.23599828986746474 0.402962515114873 0.23599828986746474
353670. 0.39993954050785974 0.3655408294142796 0.4117291414752116 0.3655408294142796 0.4117291414752116 0.37067122702009403 0.39993954050785974 0.37067122702009403
Hinweis 0.3222490931076179 0.4843950406156477 0.33706166868198306 0.4843950406156477 0.33706166868198306 0.4890979050876443 0.3222490931076179 0.4890979050876443
far 0.3388754534461911 0.4843950406156477 0.3437122128174123 0.4843950406156477 0.3437122128174123 0.4890979050876443 0.3388754534461911 0.4890979050876443
Bauleitung: 0.34492140266021765 0.4843950406156477 0.3654776299879081 0.4843950406156477 0.3654776299879081 0.48995297135528004 0.34492140266021765 0.48995297135528004
Fremdleistungen 0.3222490931076179 0.4920906370243694 0.3542926239419589 0.4920906370243694 0.3542926239419589 0.49764856776400174 0.3222490931076179 0.49764856776400174
{hier 0.3561064087061669 0.4920906370243694 0.3645707376058041 0.4920906370243694 0.3645707376058041 0.49764856776400174 0.3561064087061669 0.49764856776400174
Dachdeckerarbeitan) 0.36608222490931075 0.4920906370243694 0.4068923821039903 0.4920906370243694 0.4068923821039903 0.49764856776400174 0.36608222490931075 0.49764856776400174
bitte 0.3222490931076179 0.4989311671654553 0.32980652962515117 0.4989311671654553 0.32980652962515117 0.5040615647712697 0.3222490931076179 0.5040615647712697
abstimmen; 0.3316203143893591 0.4993587002992732 0.35399032648125756 0.4993587002992732 0.35399032648125756 0.5049166310389055 0.3316203143893591 0.5049166310389055
2.8, 0.3555018137847642 0.4993587002992732 0.3615477629987908 0.4993587002992732 0.3615477629987908 0.5040615647712697 0.3555018137847642 0.5040615647712697
Folienverlauf, 0.3645707376058041 0.4993587002992732 0.3905683192261185 0.4993587002992732 0.3905683192261185 0.5044890979050877 0.3645707376058041 0.5044890979050877
Nichteinhaltung 0.3222490931076179 0.5070542967079948 0.3521765417170496 0.5070542967079948 0.3521765417170496 0.5126122274476272 0.3222490931076179 0.5126122274476272
der 0.3533857315598549 0.5070542967079948 0.3600362756952842 0.5070542967079948 0.3600362756952842 0.5117571611799915 0.3533857315598549 0.5117571611799915
Dachdeckerrichtiinien 0.3612454655380895 0.5070542967079948 0.402962515114873 0.5070542967079948 0.402962515114873 0.5117571611799915 0.3612454655380895 0.5117571611799915
(Folic 0.3222490931076179 0.5143223599828987 0.33282950423216445 0.5143223599828987 0.33282950423216445 0.5203078238563489 0.3222490931076179 0.5203078238563489
Sem 0.3343409915356711 0.5147498931167166 0.3422007255139057 0.5147498931167166 0.3422007255139057 0.5190252244548953 0.3343409915356711 0.5190252244548953
ther 0.34401451027811364 0.51004702864472 0.35278113663845223 0.51004702864472 0.35278113663845223 0.523300555793074 0.34401451027811364 0.523300555793074
OK 0.35368802902055624 0.5143223599828987 0.3600362756952842 0.5143223599828987 0.3600362756952842 0.5190252244548953 0.35368802902055624 0.5190252244548953
Belag} 0.36185006045949214 0.5143223599828987 0.37424425634824665 0.5143223599828987 0.37424425634824665 0.5203078238563489 0.36185006045949214 0.5203078238563489
358670. 0.39993954050785974 0.5622060709705002 0.4117291414752116 0.5622060709705002 0.4117291414752116 0.5681915348439504 0.39993954050785974 0.5681915348439504
Pfostenprofl 0.48972188633615477 0.24454895254382214 0.5087666263603385 0.24454895254382214 0.5087666263603385 0.25138948268490807 0.48972188633615477 0.25138948268490807
T-Verbinder 0.5235792019347038 0.2791791363830697 0.5420193470374849 0.2791791363830697 0.5420193470374849 0.284737067122702 0.5235792019347038 0.284737067122702
nach 0.5441354292623942 0.2791791363830697 0.5510882708585247 0.2791791363830697 0.5510882708585247 0.284737067122702 0.5441354292623942 0.284737067122702
Toballe 0.5235792019347038 0.2868747327917914 0.5341596130592503 0.2868747327917914 0.5341596130592503 0.29200513039760584 0.5235792019347038 0.29200513039760584
/ 0.5359733978234583 0.2860196665241556 0.5380894800483675 0.2860196665241556 0.5380894800483675 0.2932877297990594 0.5359733978234583 0.2932877297990594
Gewicht 0.5402055622732769 0.2868747327917914 0.5513905683192262 0.2868747327917914 0.5513905683192262 0.29200513039760584 0.5402055622732769 0.29200513039760584
getvichelt: 0.522067714631197 0.49080803762291575 0.5386940749697703 0.49080803762291575 0.5386940749697703 0.49764856776400174 0.522067714631197 0.49764856776400174
Lage 0.522067714631197 0.49850363403163744 0.5290205562273277 0.49850363403163744 0.5290205562273277 0.5049166310389055 0.522067714631197 0.5049166310389055
Bosisregel 0.531136638452237 0.49850363403163744 0.5468561064087062 0.49850363403163744 0.5468561064087062 0.5049166310389055 0.531136638452237 0.5049166310389055
Ht 0.4198911729141475 0.5557930739632322 0.4235187424425635 0.5557930739632322 0.4235187424425635 0.559640872167593 0.4198911729141475 0.559640872167593
zugahdriges 0.3222490931076179 0.5711842667806755 0.34582829504232165 0.5711842667806755 0.34582829504232165 0.5767421975203079 0.3222490931076179 0.5767421975203079
Leitrietail 0.3476420798065296 0.5711842667806755 0.3648730350665054 0.5711842667806755 0.3648730350665054 0.5758871312526721 0.3476420798065296 0.5758871312526721
DTFAS 0.3334340991535671 0.5784523300555793 0.3485489721886336 0.5784523300555793 0.3485489721886336 0.5831551945275759 0.3334340991535671 0.5831551945275759
11 0.3503627569528416 0.5784523300555793 0.3542926239419589 0.5784523300555793 0.3542926239419589 0.5831551945275759 0.3503627569528416 0.5831551945275759
AF 0.3564087061668682 0.5780247969217615 0.36305925030229746 0.5780247969217615 0.36305925030229746 0.5831551945275759 0.3564087061668682 0.5831551945275759
+4500, 0.3633615477629988 0.6075245831551945 0.37424425634824665 0.6075245831551945 0.37424425634824665 0.6130825138948268 0.3633615477629988 0.6130825138948268
i 0.40205562273276907 0.6079521162890124 0.4035671100362757 0.6079521162890124 0.4035671100362757 0.6130825138948268 0.40205562273276907 0.6130825138948268
361480 0.39993954050785974 0.5741769987174006 0.4111245465538089 0.5741769987174006 0.4111245465538089 0.5788798631893972 0.39993954050785974 0.5788798631893972
Fr 0.407496977025393 0.6472851646002565 0.41021765417170497 0.6472851646002565 0.41021765417170497 0.6502778965369816 0.407496977025393 0.6502778965369816
Diimmung, 0.37877871825876663 0.6656690893544249 0.3948004836759371 0.6656690893544249 0.3948004836759371 0.6725096194955109 0.37877871825876663 0.6725096194955109
wasserfest 0.39691656590084645 0.6656690893544249 0.41293833131801694 0.6656690893544249 0.41293833131801694 0.6703719538264216 0.39691656590084645 0.6703719538264216
Bodenrinne 0.3887545344619105 0.6400171013253527 0.4105199516324063 0.6400171013253527 0.4105199516324063 0.6442924326635314 0.3887545344619105 0.6442924326635314
bausdits 0.41233373639661425 0.6387345019238991 0.4283555018137848 0.6387345019238991 0.4283555018137848 0.645575032064985 0.41233373639661425 0.645575032064985
Stzvinkel 0.37877871825876663 0.672082086361693 0.3957073760580411 0.672082086361693 0.3957073760580411 0.6780675502351432 0.37877871825876663 0.6780675502351432
ogy. 0.3981257557436518 0.6729371526293287 0.4062877871825877 0.6729371526293287 0.4062877871825877 0.6797776827704147 0.3981257557436518 0.6797776827704147
fir 0.40840386940749696 0.6729371526293287 0.4126360338573156 0.6729371526293287 0.4126360338573156 0.6780675502351432 0.40840386940749696 0.6780675502351432
Duchabeichtung 0.37877871825876663 0.6806327490380505 0.402962515114873 0.6806327490380505 0.402962515114873 0.6870457460453185 0.37877871825876663 0.6870457460453185
Duchabdichtung 0.37877871825876663 0.6947413424540402 0.402962515114873 0.6947413424540402 0.402962515114873 0.7011543394613082 0.37877871825876663 0.7011543394613082
bouseits 0.37877871825876663 0.702009405728944 0.39177750906892383 0.702009405728944 0.39177750906892383 0.7075673364685763 0.37877871825876663 0.7075673364685763
Festvergasung 0.522067714631197 0.5057716973065413 0.5447400241837969 0.5057716973065413 0.5447400241837969 0.5126122274476272 0.522067714631197 0.5126122274476272
46.820 0.587968561064087 0.2629328772979906 0.5994558645707376 0.2629328772979906 0.5994558645707376 0.26849080803762293 0.587968561064087 0.26849080803762293
Pfostenkinkung 0.5882708585247884 0.47498931167165453 0.6121523579201935 0.47498931167165453 0.6121523579201935 0.48182984181274047 0.5882708585247884 0.48182984181274047
out 0.6142684401451027 0.47498931167165453 0.619105199516324 0.47498931167165453 0.619105199516324 0.4805472424112869 0.6142684401451027 0.4805472424112869
Fensterseite 0.5882708585247884 0.48268490808037623 0.6070133010882709 0.48268490808037623 0.6070133010882709 0.4882428388200086 0.5882708585247884 0.4882428388200086
nur 0.6088270858524788 0.4843950406156477 0.6139661426844014 0.4843950406156477 0.6139661426844014 0.4882428388200086 0.6088270858524788 0.4882428388200086
bis 0.6157799274486094 0.48268490808037623 0.6197097944377267 0.48268490808037623 0.6197097944377267 0.4882428388200086 0.6157799274486094 0.4882428388200086
OKF 0.621825876662636 0.48268490808037623 0.6275695284159613 0.48268490808037623 0.6275695284159613 0.4882428388200086 0.621825876662636 0.4882428388200086
oder 0.5882708585247884 0.48995297135528004 0.595223700120919 0.48995297135528004 0.595223700120919 0.4950833689610945 0.5882708585247884 0.4950833689610945
abdocken, 0.5967351874244257 0.48995297135528004 0.6118500604594922 0.48995297135528004 0.6118500604594922 0.4963659683625481 0.5967351874244257 0.4963659683625481
bausekige 0.6142684401451027 0.48995297135528004 0.6296856106408706 0.48995297135528004 0.6296856106408706 0.496793501496366 0.6142684401451027 0.496793501496366
Dachbahnen 0.5882708585247884 0.49764856776400174 0.6067110036275696 0.49764856776400174 0.6067110036275696 0.5027789653698161 0.5882708585247884 0.5027789653698161
Knnen 0.6088270858524788 0.49764856776400174 0.6194074969770254 0.49764856776400174 0.6194074969770254 0.5027789653698161 0.6088270858524788 0.5027789653698161
hier 0.6215235792019347 0.49764856776400174 0.6272672309552599 0.49764856776400174 0.6272672309552599 0.5027789653698161 0.6215235792019347 0.5027789653698161
ur 0.5882708585247884 0.5061992304403591 0.5931076178960096 0.5061992304403591 0.5931076178960096 0.51004702864472 0.5882708585247884 0.51004702864472
bis 0.5949214026602176 0.5049166310389055 0.5994558645707376 0.5049166310389055 0.5994558645707376 0.51004702864472 0.5949214026602176 0.51004702864472
OKF 0.6012696493349455 0.5049166310389055 0.6070133010882709 0.5049166310389055 0.6070133010882709 0.51004702864472 0.6012696493349455 0.51004702864472
gefiihrt 0.6091293833131801 0.5049166310389055 0.6200120918984281 0.5049166310389055 0.6200120918984281 0.5117571611799915 0.6091293833131801 0.5117571611799915
werden 0.6221281741233373 0.5049166310389055 0.6324062877871826 0.5049166310389055 0.6324062877871826 0.51004702864472 0.6221281741233373 0.51004702864472
+4600 0.5885731559854898 0.5181701581872595 0.5991535671100363 0.5181701581872595 0.5991535671100363 0.523300555793074 0.5885731559854898 0.523300555793074
201011 0.5060459492140266 0.5844377939290295 0.5160217654171705 0.5844377939290295 0.5160217654171705 0.5899957246686618 0.5060459492140266 0.5899957246686618
Quadratrohr 0.5184401451027811 0.5844377939290295 0.536577992744861 0.5844377939290295 0.536577992744861 0.5899957246686618 0.5184401451027811 0.5899957246686618
Square 0.5060459492140266 0.5917058572039333 0.5163240628778718 0.5917058572039333 0.5163240628778718 0.5985463873450192 0.5060459492140266 0.5985463873450192
hallow 0.5184401451027811 0.5917058572039333 0.527509068923821 0.5917058572039333 0.527509068923821 0.5968362548097478 0.5184401451027811 0.5968362548097478
section 0.5296251511487303 0.5917058572039333 0.5402055622732769 0.5917058572039333 0.5402055622732769 0.5968362548097478 0.5296251511487303 0.5968362548097478
Behindertengereohte 0.5858524788391778 0.539546814878153 0.6266626360338573 0.539546814878153 0.6266626360338573 0.5455322787516033 0.5858524788391778 0.5455322787516033
Schwellenausbildung 0.6284764207980653 0.539546814878153 0.6692865779927448 0.539546814878153 0.6692865779927448 0.5455322787516033 0.6284764207980653 0.5455322787516033
Hinweis: 0.5858524788391778 0.5468148781530568 0.6012696493349455 0.5468148781530568 0.6012696493349455 0.5519452757588713 0.5858524788391778 0.5519452757588713
Bei 0.5858524788391778 0.5545104745617785 0.5918984280532044 0.5545104745617785 0.5918984280532044 0.559640872167593 0.5858524788391778 0.559640872167593
der 0.593409915356711 0.5545104745617785 0.599758162031439 0.5545104745617785 0.599758162031439 0.559640872167593 0.593409915356711 0.559640872167593
Erstellung 0.6012696493349455 0.5545104745617785 0.6206166868198307 0.5545104745617785 0.6206166868198307 0.5604959384352287 0.6012696493349455 0.5604959384352287
des 0.621825876662636 0.5549380076955964 0.6287787182587666 0.5549380076955964 0.6287787182587666 0.559640872167593 0.621825876662636 0.559640872167593
ist 0.5858524788391778 0.5622060709705002 0.5903869407496977 0.5622060709705002 0.5903869407496977 0.5669089354424968 0.5858524788391778 0.5669089354424968
darauf 0.591596130592503 0.5622060709705002 0.6042926239419589 0.5622060709705002 0.6042926239419589 0.5673364685763147 0.591596130592503 0.5673364685763147
7u 0.6055018137847642 0.5634886703719538 0.6097339782345829 0.5634886703719538 0.6097339782345829 0.5673364685763147 0.6055018137847642 0.5673364685763147
achtan, 0.6112454655380894 0.5622060709705002 0.6251511487303507 0.5622060709705002 0.6251511487303507 0.5677640017101325 0.6112454655380894 0.5677640017101325
dass 0.6269649334945586 0.5622060709705002 0.6339177750906893 0.5622060709705002 0.6339177750906893 0.5673364685763147 0.6269649334945586 0.5673364685763147
diaser 0.6432889963724304 0.5634886703719538 0.6496372430471584 0.5634886703719538 0.6496372430471584 0.5673364685763147 0.6432889963724304 0.5673364685763147
im 0.6508464328899637 0.5634886703719538 0.6550785973397824 0.5634886703719538 0.6550785973397824 0.5664814023086789 0.6508464328899637 0.5664814023086789
Bereich 0.5858524788391778 0.569474134245404 0.6006650544135429 0.569474134245404 0.6006650544135429 0.5741769987174006 0.5858524788391778 0.5741769987174006
des 0.6021765417170496 0.569474134245404 0.6088270858524788 0.569474134245404 0.6088270858524788 0.5741769987174006 0.6021765417170496 0.5741769987174006
sorgfaltig 0.6257557436517533 0.569474134245404 0.6432889963724304 0.569474134245404 0.6432889963724304 0.5758871312526721 0.6257557436517533 0.5758871312526721
(Toleranzen) 0.6451027811366384 0.569474134245404 0.6698911729141476 0.569474134245404 0.6698911729141476 0.5758871312526721 0.6451027811366384 0.5758871312526721
ausgefihrt 0.5861547762998791 0.5771697306541257 0.6067110036275696 0.5771697306541257 0.6067110036275696 0.5831551945275759 0.5861547762998791 0.5831551945275759
wird, 0.6085247883917775 0.5771697306541257 0.6157799274486094 0.5771697306541257 0.6157799274486094 0.5818725951261223 0.6085247883917775 0.5818725951261223
da 0.6185006045949214 0.5775972637879435 0.6233373639661427 0.5775972637879435 0.6233373639661427 0.5818725951261223 0.6185006045949214 0.5818725951261223
sonst 0.6248488512696493 0.5775972637879435 0.6354292623941958 0.5775972637879435 0.6354292623941958 0.5818725951261223 0.6248488512696493 0.5818725951261223
der 0.6366384522370012 0.5775972637879435 0.6429866989117291 0.5775972637879435 0.6429866989117291 0.5818725951261223 0.6366384522370012 0.5818725951261223
Fllgel 0.6444981862152358 0.5771697306541257 0.655683192261185 0.5771697306541257 0.655683192261185 0.5831551945275759 0.6444981862152358 0.5831551945275759
beim 0.657496977025393 0.5771697306541257 0.6665659008464329 0.5771697306541257 0.6665659008464329 0.5823001282599402 0.657496977025393 0.5823001282599402
Uber 0.599758162031439 0.5805899957246686 0.6082224909310762 0.5805899957246686 0.6082224909310762 0.5934159897392048 0.599758162031439 0.5934159897392048
den 0.6094316807738815 0.5848653270628473 0.6157799274486094 0.5848653270628473 0.6157799274486094 0.589568191534844 0.6094316807738815 0.589568191534844
Belag 0.6185006045949214 0.5848653270628473 0.6293833131801693 0.5848653270628473 0.6293833131801693 0.5908507909362976 0.6185006045949214 0.5908507909362976
kratzen 0.630894800483676 0.5848653270628473 0.6448004836759371 0.5848653270628473 0.6448004836759371 0.589568191534844 0.630894800483676 0.589568191534844
und 0.6466142684401451 0.5848653270628473 0.6535671100362757 0.5848653270628473 0.6535671100362757 0.589568191534844 0.6466142684401451 0.589568191534844
diesen 0.654776299879081 0.5848653270628473 0.6677750906892382 0.5848653270628473 0.6677750906892382 0.5899957246686618 0.654776299879081 0.5899957246686618
Beschadigen 0.5858524788391778 0.5921333903377511 0.6109431680773881 0.5921333903377511 0.6109431680773881 0.5985463873450192 0.5858524788391778 0.5985463873450192
kann 0.6127569528415961 0.5921333903377511 0.6221281741233373 0.5921333903377511 0.6221281741233373 0.5968362548097478 0.6127569528415961 0.5968362548097478
(3mm 0.623639661426844 0.5921333903377511 0.6342200725513906 0.5921333903377511 0.6342200725513906 0.5985463873450192 0.623639661426844 0.5985463873450192
Luft) 0.6360338573155986 0.5921333903377511 0.6444981862152358 0.5921333903377511 0.6444981862152358 0.5976913210773835 0.6360338573155986 0.5976913210773835
+4500 0.5885731559854898 0.6075245831551945 0.5991535671100363 0.6075245831551945 0.5991535671100363 0.6130825138948268 0.5885731559854898 0.6130825138948268
fnpfbremse: 0.5099758162031439 0.6477126977340744 0.527509068923821 0.6477126977340744 0.527509068923821 0.6536981616075246 0.5099758162031439 0.6536981616075246
Fole 0.530229746070133 0.6477126977340744 0.5368802902055623 0.6477126977340744 0.5368802902055623 0.6528430953398888 0.530229746070133 0.6528430953398888
mit 0.5389963724304716 0.6477126977340744 0.5441354292623942 0.6477126977340744 0.5441354292623942 0.6528430953398888 0.5389963724304716 0.6528430953398888
linge 0.5078597339782346 0.6549807610089782 0.5178355501813785 0.6549807610089782 0.5178355501813785 0.6618212911500642 0.5078597339782346 0.6618212911500642
Dompfdurchsigket 0.5202539298669892 0.6549807610089782 0.5525997581620314 0.6549807610089782 0.5525997581620314 0.6618212911500642 0.5202539298669892 0.6618212911500642
28, 0.5060459492140266 0.6639589568191535 0.5111850060459492 0.6639589568191535 0.5111850060459492 0.6678067550235143 0.5060459492140266 0.6678067550235143
Schiico 0.5133010882708585 0.6626763574176999 0.5241837968561064 0.6626763574176999 0.5241837968561064 0.6678067550235143 0.5133010882708585 0.6678067550235143
HRO6O 0.5417170495767836 0.6626763574176999 0.5513905683192262 0.6626763574176999 0.5513905683192262 0.6678067550235143 0.5417170495767836 0.6678067550235143
Jefestiqungswinkel 0.5078597339782346 0.6737922188969645 0.5341596130592503 0.6737922188969645 0.5341596130592503 0.6802052159042326 0.5078597339782346 0.6802052159042326
fir 0.536577992744861 0.6737922188969645 0.5405078597339782 0.6737922188969645 0.5405078597339782 0.6793501496365968 0.536577992744861 0.6793501496365968
Basisrohr 0.5426239419588875 0.6737922188969645 0.5568319226118501 0.6737922188969645 0.5568319226118501 0.6793501496365968 0.5426239419588875 0.6793501496365968
‘ou 0.5060459492140266 0.6823428815733219 0.5093712212817413 0.6823428815733219 0.5093712212817413 0.6861906797776828 0.5060459492140266 0.6861906797776828
Stahl, 0.5223700120918985 0.6810602821718683 0.5296251511487303 0.6810602821718683 0.5296251511487303 0.6861906797776828 0.5223700120918985 0.6861906797776828
durchitd, 0.532950423216445 0.6810602821718683 0.5459492140266021 0.6810602821718683 0.5459492140266021 0.6861906797776828 0.532950423216445 0.6861906797776828
Belaslung 0.5858524788391778 0.6421547669944421 0.6051995163240629 0.6421547669944421 0.6051995163240629 0.6477126977340744 0.5858524788391778 0.6477126977340744
Schwelle 0.6070133010882709 0.6421547669944421 0.6242442563482467 0.6421547669944421 0.6242442563482467 0.6468576314664386 0.6070133010882709 0.6468576314664386
unbekannt, 0.6257557436517533 0.6421547669944421 0.6463119709794438 0.6421547669944421 0.6463119709794438 0.6468576314664386 0.6257557436517533 0.6468576314664386
Annahme: 0.5861547762998791 0.6498503634031637 0.6048972188633616 0.6498503634031637 0.6048972188633616 0.6545532278751603 0.5861547762998791 0.6545532278751603
nur 0.6076178960096735 0.6507054296707995 0.6139661426844014 0.6507054296707995 0.6139661426844014 0.6545532278751603 0.6076178960096735 0.6545532278751603
Personeniast, 0.6151753325272068 0.6498503634031637 0.6408706166868199 0.6498503634031637 0.6408706166868199 0.6545532278751603 0.6151753325272068 0.6545532278751603
max. 0.5858524788391778 0.6584010260795211 0.594316807738815 0.6584010260795211 0.594316807738815 0.6618212911500642 0.5858524788391778 0.6618212911500642
100kg 0.597037484885127 0.6566908935442497 0.6085247883917775 0.6566908935442497 0.6085247883917775 0.6631038905515177 0.597037484885127 0.6631038905515177
geatrjehelt? 0.37877871825876663 0.7238135955536554 0.3957073760580411 0.7238135955536554 0.3957073760580411 0.7297990594271055 0.37877871825876663 0.7297990594271055
ag 0.35792019347037485 0.7268063274903805 0.36275695284159615 0.7268063274903805 0.36275695284159615 0.7404873877725524 0.35792019347037485 0.7404873877725524
Loge 0.37877871825876663 0.7310816588285592 0.3802902055622733 0.7310816588285592 0.3802902055622733 0.7362120564343737 0.37877871825876663 0.7362120564343737
Bodenbled 0.38784764207980654 0.7306541256947413 0.40326481257557434 0.7306541256947413 0.40326481257557434 0.7362120564343737 0.38784764207980654 0.7362120564343737
er 0.38391777509068925 0.7396323215049166 0.38694074969770254 0.7396323215049166 0.38694074969770254 0.7434801197092775 0.38391777509068925 0.7434801197092775
Featver 0.3887545344619105 0.7383497221034631 0.4014510278113664 0.7383497221034631 0.4014510278113664 0.7447627191107311 0.3887545344619105 0.7447627191107311
+425) 0.37726723095526 0.8315519452757588 0.3866384522370012 0.8315519452757588 0.3866384522370012 0.8366823428815733 0.37726723095526 0.8366823428815733
105, 0.47762998790810157 0.7302265925609235 0.4830713422007255 0.7302265925609235 0.4830713422007255 0.73492945703292 0.47762998790810157 0.73492945703292
90 0.5184401451027811 0.8033347584437794 0.5223700120918985 0.8033347584437794 0.5223700120918985 0.8084651560495938 0.5184401451027811 0.8084651560495938
+4250 0.5374848851269649 0.8315519452757588 0.5486698911729141 0.8315519452757588 0.5486698911729141 0.8366823428815733 0.5374848851269649 0.8366823428815733
Deckenversprung: 0.524788391777509 0.8495083368961095 0.5601571946795647 0.8495083368961095 0.5601571946795647 0.8550662676357418 0.524788391777509 0.8550662676357418
‘Schnitt 0.524788391777509 0.864471996579735 0.538391777509069 0.864471996579735 0.538391777509069 0.8691748610517315 0.524788391777509 0.8691748610517315
E-E 0.5396009673518742 0.864471996579735 0.5465538089480049 0.864471996579735 0.5465538089480049 0.8691748610517315 0.5396009673518742 0.8691748610517315
uni 0.5480652962515115 0.8657545959811885 0.5525997581620314 0.8657545959811885 0.5525997581620314 0.8691748610517315 0.5480652962515115 0.8691748610517315
EG 0.524788391777509 0.8948268490808038 0.5308343409915357 0.8948268490808038 0.5308343409915357 0.8995297135528003 0.524788391777509 0.8995297135528003
inf 0.529322853688029 0.8892689183411714 0.5368802902055623 0.8892689183411714 0.5368802902055623 0.9033775117571612 0.529322853688029 0.9033775117571612
Schalplan 0.538391777509069 0.8909790508764429 0.5574365175332527 0.8909790508764429 0.5574365175332527 0.9003847798204361 0.538391777509069 0.9003847798204361
STWTSGO001 0.5589480048367593 0.8943993159469859 0.5861547762998791 0.8943993159469859 0.5861547762998791 0.8995297135528003 0.5589480048367593 0.8995297135528003
tiheroinstimmnt, 0.524788391777509 0.9020949123557076 0.5525997581620314 0.9020949123557076 0.5525997581620314 0.9067977768277041 0.524788391777509 0.9067977768277041
Detail 0.28174123337363965 0.9563916203505771 0.3059250302297461 0.9563916203505771 0.3059250302297461 0.966652415562206 0.28174123337363965 0.966652415562206
PR-Fassade 0.3101571946795647 0.9563916203505771 0.3648730350665054 0.9563916203505771 0.3648730350665054 0.966652415562206 0.3101571946795647 0.966652415562206
Vertikalschnitt 0.3681983071342201 0.9563916203505771 0.43016928657799275 0.9563916203505771 0.43016928657799275 0.966652415562206 0.3681983071342201 0.966652415562206
