| 0.09619495510902094 0.5181378476420798 0.09747755451047456 0.5181378476420798 0.09747755451047456 0.5223700120918985 0.09619495510902094 0.5223700120918985
4 0.11799914493373237 0.5190447400241838 0.11928174433518597 0.5190447400241838 0.11928174433518597 0.5223700120918985 0.11799914493373237 0.5223700120918985
Ansicht 0.09320222317229586 0.530229746070133 0.11842667806755024 0.530229746070133 0.11842667806755024 0.536577992744861 0.09320222317229586 0.536577992744861
obere 0.12013681060282172 0.5305320435308344 0.13894826849080805 0.5305320435308344 0.13894826849080805 0.536577992744861 0.12013681060282172 0.536577992744861
Rahmenecke 0.1410859341598974 0.530229746070133 0.18469431380932022 0.530229746070133 0.18469431380932022 0.536577992744861 0.1410859341598974 0.536577992744861
onnen 0.2304403591278324 0.49667472793228534 0.25309961522017954 0.49667472793228534 0.25309961522017954 0.5015114873035067 0.2304403591278324 0.5015114873035067
Kanttel 0.22530996152201796 0.5033252720677146 0.25309961522017954 0.5033252720677146 0.25309961522017954 0.5096735187424426 0.22530996152201796 0.5096735187424426
Ma8toleranzen 0.22445489525438223 0.5287182587666264 0.2817443351859769 0.5287182587666264 0.2817443351859769 0.535671100362757 0.22445489525438223 0.535671100362757
ous 0.28815733219324496 0.5305320435308344 0.30183839247541683 0.5305320435308344 0.30183839247541683 0.535671100362757 0.28815733219324496 0.535671100362757
Naturstein 0.22445489525438223 0.5374848851269649 0.2659256092347157 0.5374848851269649 0.2659256092347157 0.5438331318016929 0.22445489525438223 0.5438331318016929
sind 0.27191107310816587 0.5374848851269649 0.28730226592560926 0.5374848851269649 0.28730226592560926 0.5438331318016929 0.27191107310816587 0.5438331318016929
zu 0.2932877297990594 0.5389963724304716 0.3009833262077811 0.5389963724304716 0.3009833262077811 0.5438331318016929 0.2932877297990594 0.5438331318016929
benennen 0.22445489525438223 0.5459492140266021 0.2620778110303549 0.5459492140266021 0.2620778110303549 0.5535066505441354 0.22445489525438223 0.5535066505441354
Zarge 0.22530996152201796 0.6269649334945586 0.24711415134672937 0.6269649334945586 0.24711415134672937 0.6357315598548973 0.22530996152201796 0.6357315598548973
Konttell 0.2526720820863617 0.6272672309552599 0.2825994014536127 0.6272672309552599 0.2825994014536127 0.6339177750906893 0.2526720820863617 0.6339177750906893
aus 0.28858486532706284 0.6287787182587666 0.3022659256092347 0.6287787182587666 0.3022659256092347 0.6339177750906893 0.28858486532706284 0.6339177750906893
Alumini 0.22488242838820008 0.6360338573155986 0.2535271483539974 0.6360338573155986 0.2535271483539974 0.6420798065296252 0.22488242838820008 0.6420798065296252
Detail 0.07952116289012398 0.8007859733978234 0.10987601539119282 0.8007859733978234 0.10987601539119282 0.8071342200725514 0.07952116289012398 0.8071342200725514
Kopfpunkt 0.11500641299700727 0.8004836759371221 0.17015818725951262 0.8004836759371221 0.17015818725951262 0.8089480048367593 0.11500641299700727 0.8089480048367593
Fenster 0.17443351859769132 0.8007859733978234 0.2159042325780248 0.8007859733978234 0.2159042325780248 0.8071342200725514 0.17443351859769132 0.8071342200725514
VV, 0.36169303120991875 0.21765417170495768 0.4035912783240701 0.21765417170495768 0.4035912783240701 0.24455864570737607 0.36169303120991875 0.24455864570737607
120 0.5070542967079948 0.22611850060459493 0.5207353569901667 0.22611850060459493 0.5207353569901667 0.23246674727932284 0.5070542967079948 0.23246674727932284
Naturstein 0.29713552800342025 0.23609431680773882 0.337751175716118 0.23609431680773882 0.337751175716118 0.24274486094316808 0.29713552800342025 0.24274486094316808
einschl, 0.29713552800342025 0.24486094316807738 0.3257802479692176 0.24486094316807738 0.3257802479692176 0.2512091898428053 0.29713552800342025 0.2512091898428053
UK 0.3317657118426678 0.24486094316807738 0.3420265070542967 0.24486094316807738 0.3420265070542967 0.2512091898428053 0.3317657118426678 0.2512091898428053
} 0.36083796494228304 0.24879081015719468 0.3638306968790081 0.24879081015719468 0.3638306968790081 0.25211608222490933 0.36083796494228304 0.25211608222490933
£40 0.3787943565626336 0.24365175332527206 0.38820008550662677 0.24365175332527206 0.38820008550662677 0.25 0.3787943565626336 0.25
bauseits 0.29713552800342025 0.25332527206771466 0.3300555793073963 0.25332527206771466 0.3300555793073963 0.2599758162031439 0.29713552800342025 0.2599758162031439
Dammung 0.29713552800342025 0.2708585247883918 0.33689610944848225 0.2708585247883918 0.33689610944848225 0.279322853688029 0.29713552800342025 0.279322853688029
bauseits 0.29713552800342025 0.279322853688029 0.3300555793073963 0.279322853688029 0.3300555793073963 0.28567110036275695 0.29713552800342025 0.28567110036275695
i) 0.31124412141941 0.564993954050786 0.3172295852928602 0.564993954050786 0.3172295852928602 0.5695284159613059 0.31124412141941 0.5695284159613059
20 0.31124412141941 0.5846432889963724 0.3172295852928602 0.5846432889963724 0.3172295852928602 0.5946191051995163 0.31124412141941 0.5946191051995163
Tup 0.4228302693458743 0.37726723095526 0.43266353142368535 0.37726723095526 0.43266353142368535 0.3899637243047158 0.4228302693458743 0.3899637243047158
nach 0.4228302693458743 0.4948609431680774 0.4313809320222317 0.4948609431680774 0.4313809320222317 0.5145102781136639 0.4228302693458743 0.5145102781136639
Angabe 0.4228302693458743 0.4588875453446191 0.4313809320222317 0.4588875453446191 0.4313809320222317 0.49334945586457074 0.4228302693458743 0.49334945586457074
Schuco 0.42667806755023513 0.4229141475211608 0.4313809320222317 0.4229141475211608 0.4313809320222317 0.44740024183796856 0.42667806755023513 0.44740024183796856
Ais 0.5840102607952117 0.5042321644498187 0.6105173150919196 0.5042321644498187 0.6105173150919196 0.5096735187424426 0.5840102607952117 0.5096735187424426
Kom 0.5887131252672082 0.5111850060459492 0.605814450619923 0.5111850060459492 0.605814450619923 0.5175332527206772 0.5887131252672082 0.5175332527206772
ri 0.6019666524155622 0.4939540507859734 0.6220607097050022 0.4939540507859734 0.6220607097050022 0.5090689238210399 0.6019666524155622 0.5090689238210399
a 0.6434373663958957 0.4939540507859734 0.6566908935442497 0.4939540507859734 0.6566908935442497 0.5024183796856106 0.6434373663958957 0.5024183796856106
-abstimmen! 0.5797349294570329 0.5172309552599759 0.6374519025224454 0.5172309552599759 0.6374519025224454 0.531136638452237 0.5797349294570329 0.531136638452237
=< 0.6387345019238991 0.5172309552599759 0.658828559213339 0.5172309552599759 0.658828559213339 0.531136638452237 0.6387345019238991 0.531136638452237
2 0.6237708422402736 0.4870012091898428 0.6545532278751603 0.4870012091898428 0.6545532278751603 0.49455864570737607 0.6237708422402736 0.49455864570737607
d-Wert, 0.6109448482257375 0.502720677146312 0.639162035057717 0.502720677146312 0.639162035057717 0.5090689238210399 0.6109448482257375 0.5090689238210399
des 0.645575032064985 0.5030229746070133 0.6584010260795211 0.5030229746070133 0.6584010260795211 0.5090689238210399 0.645575032064985 0.5090689238210399
| 0.6635314236853356 0.50453446191052 0.6639589568191535 0.50453446191052 0.6639589568191535 0.5063482466747279 0.6635314236853356 0.5063482466747279
ribandes 0.6117999144933732 0.5126964933494559 0.6451474989311672 0.5126964933494559 0.6451474989311672 0.5175332527206772 0.6117999144933732 0.5175332527206772
ae 0.612654980761009 0.5287182587666264 0.6310389055151774 0.5287182587666264 0.6310389055151774 0.5347642079806529 0.612654980761009 0.5347642079806529
4.20} 0.5335613510047028 0.6045949214026602 0.5592133390337751 0.6045949214026602 0.5592133390337751 0.6139661426844014 0.5335613510047028 0.6139661426844014
Th 0.5391192817443352 0.6157799274486094 0.5592133390337751 0.6157799274486094 0.5592133390337751 0.629081015719468 0.5391192817443352 0.629081015719468
RENSON—Lamelle 0.4313809320222317 0.6314993954050786 0.500213766566909 0.6314993954050786 0.500213766566909 0.6441958887545345 0.4313809320222317 0.6441958887545345
Typ 0.5061992304403591 0.6318016928657799 0.51004702864472 0.6318016928657799 0.51004702864472 0.6381499395405078 0.5061992304403591 0.6381499395405078
481 0.5241556220607098 0.6318016928657799 0.5369816160752459 0.6318016928657799 0.5369816160752459 0.6384522370012092 0.5241556220607098 0.6384522370012092
i 0.549807610089782 0.6293833131801693 0.5549380076955964 0.6293833131801693 0.5549380076955964 0.6318016928657799 0.549807610089782 0.6318016928657799
(vor 0.4313809320222317 0.6393591293833132 0.4467721248396751 0.6393591293833132 0.4467721248396751 0.6499395405078597 0.4313809320222317 0.6499395405078597
Nachtbelijftung 0.4519025224454895 0.6402660217654171 0.5130397605814451 0.6402660217654171 0.5130397605814451 0.6490326481257558 0.4519025224454895 0.6490326481257558
icin 0.4395040615647713 0.6505441354292624 0.4553227875160325 0.6505441354292624 0.4553227875160325 0.654776299879081 0.4395040615647713 0.654776299879081
\ 0.3347584437793929 0.6568923821039904 0.3497221034630184 0.6568923821039904 0.3497221034630184 0.6704957678355502 0.3347584437793929 0.6704957678355502
\ 0.3505771697306541 0.6707980652962515 0.36511329628046174 0.6707980652962515 0.36511329628046174 0.6844014510278114 0.3505771697306541 0.6844014510278114
Konstruktion 0.40572894399315945 0.6804715840386941 0.4510474561778538 0.6804715840386941 0.4510474561778538 0.6907496977025392 0.40572894399315945 0.6907496977025392
/ 0.45446772124839674 0.6816807738814994 0.45703292005130397 0.6816807738814994 0.45703292005130397 0.687726723095526 0.45446772124839674 0.687726723095526
des 0.4916631038905515 0.6801692865779927 0.5096194955109021 0.6801692865779927 0.5096194955109021 0.6907496977025392 0.4916631038905515 0.6907496977025392
* 0.549807610089782 0.6834945586457074 0.5553655408294143 0.6834945586457074 0.5553655408294143 0.6853083434099153 0.549807610089782 0.6853083434099153
\ 0.3655408294142796 0.6844014510278114 0.3792218896964515 0.6844014510278114 0.3792218896964515 0.6970979443772672 0.3655408294142796 0.6970979443772672
‘esl 0.41000427533133815 0.6801692865779927 0.4322359982898675 0.6801692865779927 0.4322359982898675 0.7004232164449818 0.41000427533133815 0.7004232164449818
ca 0.4318084651560496 0.6910519951632407 0.4467721248396751 0.6910519951632407 0.4467721248396751 0.6989117291414753 0.4318084651560496 0.6989117291414753
3 0.5451047456177853 0.6892382103990327 0.5515177426250535 0.6892382103990327 0.5515177426250535 0.6974002418379686 0.5451047456177853 0.6974002418379686
slehe 0.41000427533133815 0.7007255139056832 0.4275331338178709 0.7007255139056832 0.4275331338178709 0.7070737605804112 0.41000427533133815 0.7070737605804112
Fachplanung 0.4300983326207781 0.7007255139056832 0.4728516460025652 0.7007255139056832 0.4728516460025652 0.7085852478839177 0.4300983326207781 0.7085852478839177
t 0.5502351432235998 0.7001209189842805 0.5549380076955964 0.7001209189842805 0.5549380076955964 0.7043530834340992 0.5502351432235998 0.7043530834340992
ausfhrende 0.41000427533133815 0.7100967351874244 0.4510474561778538 0.7100967351874244 0.4510474561778538 0.7164449818621523 0.41000427533133815 0.7164449818621523
Firma, 0.45318512184694315 0.7100967351874244 0.47413424540401883 0.7100967351874244 0.47413424540401883 0.7164449818621523 0.45318512184694315 0.7164449818621523
A 0.5344164172723386 0.7064691656590084 0.5416844805472424 0.7064691656590084 0.5416844805472424 0.7273276904474002 0.5344164172723386 0.7273276904474002
ol 0.5451047456177853 0.7167472793228536 0.5515177426250535 0.7167472793228536 0.5515177426250535 0.7209794437726723 0.5451047456177853 0.7209794437726723
Abstimmungsbedart, 0.40444634459170586 0.7182587666263603 0.4788371098760154 0.7182587666263603 0.4788371098760154 0.7291414752116082 0.40444634459170586 0.7291414752116082
| 0.5451047456177853 0.7221886336154776 0.5515177426250535 0.7221886336154776 0.5515177426250535 0.7267230955259976 0.5451047456177853 0.7267230955259976
+] 0.549807610089782 0.7397218863361548 0.5553655408294143 0.7397218863361548 0.5553655408294143 0.7433494558645707 0.549807610089782 0.7433494558645707
AK 0.4946558358272766 0.7445586457073761 0.5044890979050877 0.7445586457073761 0.5044890979050877 0.7506045949214026 0.4946558358272766 0.7506045949214026
Rohbau 0.51004702864472 0.7442563482466747 0.5391192817443352 0.7442563482466747 0.5391192817443352 0.7506045949214026 0.51004702864472 0.7506045949214026
1 0.3612654980761009 0.7726723095525998 0.3629756306113724 0.7726723095525998 0.3629756306113724 0.7772067714631197 0.3612654980761009 0.7772067714631197
\ 0.40487387772552375 0.7744860943168077 0.40572894399315945 0.7744860943168077 0.40572894399315945 0.7772067714631197 0.40487387772552375 0.7772067714631197
Sif 0.5746045318512185 0.6668681983071342 0.5865754595981189 0.6668681983071342 0.5865754595981189 0.691354292623942 0.5746045318512185 0.691354292623942
No 0.5724668661821292 0.6562877871825876 0.5899957246686618 0.6562877871825876 0.5899957246686618 0.6750302297460702 0.5724668661821292 0.6750302297460702
i 0.5797349294570329 0.7022370012091899 0.5835827276613937 0.7022370012091899 0.5835827276613937 0.7040507859733979 0.5797349294570329 0.7040507859733979
ibs 0.5852928601966653 0.6961910519951633 0.6066695168875588 0.6961910519951633 0.6066695168875588 0.7164449818621523 0.5852928601966653 0.7164449818621523
Nf 0.5874305258657546 0.6305925030229746 0.6011115861479265 0.6305925030229746 0.6011115861479265 0.6847037484885127 0.5874305258657546 0.6847037484885127
| 0.5852928601966653 0.6293833131801693 0.6066695168875588 0.6293833131801693 0.6066695168875588 0.6372430471584039 0.5852928601966653 0.6372430471584039
ALLA 0.6665241556220607 0.47762998790810157 0.7233860624198375 0.47762998790810157 0.7233860624198375 0.4857920193470375 0.6665241556220607 0.4857920193470375
unsightbar 0.6840530141085934 0.31469165659008463 0.7255237280889268 0.31469165659008463 0.7255237280889268 0.3210399032648126 0.6840530141085934 0.3210399032648126
2.4 0.6840530141085934 0.35701330108827084 0.7002992731936725 0.35701330108827084 0.7002992731936725 0.3636638452237001 0.6840530141085934 0.3636638452237001
Hohiraumb: 0.6836254809747755 0.36608222490931075 0.7259512612227448 0.36608222490931075 0.7259512612227448 0.3721281741233374 0.6836254809747755 0.3721281741233374
66 0.7216759298845661 0.6490326481257558 0.7276613937580162 0.6490326481257558 0.7276613937580162 0.6581015719467956 0.7216759298845661 0.6581015719467956
punkt 0.728516460025652 0.3573155985489722 0.7503206498503634 0.3573155985489722 0.7503206498503634 0.3651753325272068 0.728516460025652 0.3651753325272068
ghne 0.7657118426678068 0.3591293833131802 0.774690038477982 0.3591293833131802 0.774690038477982 0.3633615477629988 0.7657118426678068 0.3633615477629988
Steckef 0.7802479692176144 0.35701330108827084 0.8054724241128688 0.35701330108827084 0.8054724241128688 0.3633615477629988 0.7802479692176144 0.3633615477629988
im 0.8157332193244976 0.35761789600967353 0.8242838820008551 0.35761789600967353 0.8242838820008551 0.3633615477629988 0.8157332193244976 0.3633615477629988
oden, 0.7272338606241984 0.36608222490931075 0.7456177853783669 0.36608222490931075 0.7456177853783669 0.3721281741233374 0.7272338606241984 0.3721281741233374
Winkelprofil 0.7498931167165456 0.5625755743651754 0.7930739632321505 0.5625755743651754 0.7930739632321505 0.5713422007255139 0.7498931167165456 0.5713422007255139
umlaufend 0.7994869602394186 0.5628778718258767 0.8405301410859342 0.5628778718258767 0.8405301410859342 0.5692261185006046 0.7994869602394186 0.5692261185006046
Aluminium 0.7498931167165456 0.5716444981862152 0.7905087644292432 0.5716444981862152 0.7905087644292432 0.5779927448609432 0.7498931167165456 0.5779927448609432
25x25x2 0.7969217614365113 0.5713422007255139 0.8302693458743052 0.5713422007255139 0.8302693458743052 0.5779927448609432 0.7969217614365113 0.5779927448609432
Winkelgréfe 0.7494655835827276 0.593409915356711 0.8054724241128688 0.593409915356711 0.8054724241128688 0.6012696493349455 0.7494655835827276 0.6012696493349455
den 0.7922188969645148 0.5918984280532044 0.8054724241128688 0.5918984280532044 0.8054724241128688 0.6024788391777509 0.7922188969645148 0.6024788391777509
Bautoleranzen 0.7439076528430953 0.601571946795647 0.7964942283026935 0.601571946795647 0.7964942283026935 0.6118500604594922 0.7439076528430953 0.6118500604594922
anpassen 0.7960666951688756 0.601571946795647 0.8315519452757588 0.601571946795647 0.8315519452757588 0.6118500604594922 0.7960666951688756 0.6118500604594922
Flugel 0.7498931167165456 0.6296856106408706 0.7716973065412569 0.6296856106408706 0.7716973065412569 0.6360338573155986 0.7498931167165456 0.6360338573155986
fur 0.7785378366823429 0.6296856106408706 0.7883710987601539 0.6296856106408706 0.7883710987601539 0.6360338573155986 0.7785378366823429 0.6360338573155986
TipTronic 0.7943565626336041 0.6296856106408706 0.8247114151346729 0.6296856106408706 0.8247114151346729 0.6360338573155986 0.7943565626336041 0.6360338573155986
Best 0.8358272766139376 0.6305925030229746 0.8495083368961095 0.6305925030229746 0.8495083368961095 0.6366384522370012 0.8358272766139376 0.6366384522370012
Beschlagsausfuhrung 0.7498931167165456 0.6523579201934704 0.8341171440786661 0.6523579201934704 0.8341171440786661 0.6608222490931076 0.7498931167165456 0.6608222490931076
noch 0.7498931167165456 0.6608222490931076 0.768277041470714 0.6608222490931076 0.768277041470714 0.6674727932285369 0.7498931167165456 0.6674727932285369
In 0.7742625053441642 0.6608222490931076 0.7798204360837965 0.6608222490931076 0.7798204360837965 0.6674727932285369 0.7742625053441642 0.6674727932285369
Kidrung 0.7858058999572467 0.6608222490931076 0.814450619923044 0.6608222490931076 0.814450619923044 0.6674727932285369 0.7858058999572467 0.6674727932285369
Wetterschutzgitter 0.7498931167165456 0.7100967351874244 0.8123129542539547 0.7100967351874244 0.8123129542539547 0.7182587666263603 0.7498931167165456 0.7182587666263603
mind, 0.814450619923044 0.7100967351874244 0.8324070115433946 0.7100967351874244 0.8324070115433946 0.7164449818621523 0.814450619923044 0.7164449818621523
nach 0.7498931167165456 0.719770253929867 0.7661393758016246 0.719770253929867 0.7661393758016246 0.7258162031438936 0.7498931167165456 0.7258162031438936
Kenntnis 0.7687045746045319 0.7194679564691656 0.798204360837965 0.7194679564691656 0.798204360837965 0.7261185006045949 0.7687045746045319 0.7261185006045949
der 0.8003420265070543 0.7194679564691656 0.8118854211201368 0.7194679564691656 0.8118854211201368 0.7258162031438936 0.8003420265070543 0.7258162031438936
bauseit 0.8140230867892262 0.7194679564691656 0.8383924754168448 0.7194679564691656 0.8383924754168448 0.7258162031438936 0.8140230867892262 0.7258162031438936
Sonnepschutz 0.7387772552372809 0.2974607013301088 0.7939290294997863 0.2974607013301088 0.7939290294997863 0.30380894800483677 0.7387772552372809 0.30380894800483677
im 0.7315091919623771 0.29957678355501816 0.7785378366823429 0.29957678355501816 0.7785378366823429 0.32678355501813783 0.7315091919623771 0.32678355501813783
(steflt 0.7845233005557931 0.3137847642079806 0.8076100897819581 0.3137847642079806 0.8076100897819581 0.3222490931076179 0.7845233005557931 0.3222490931076179
| 0.837964942283027 0.3137847642079806 0.8507909362975631 0.3137847642079806 0.8507909362975631 0.3391777509068924 0.837964942283027 0.3391777509068924
egt, 0.6977340743907653 0.3222490931076179 0.7126977340743907 0.3222490931076179 0.7126977340743907 0.33282950423216445 0.6977340743907653 0.33282950423216445
= 0.7674219752030782 0.3307134220072551 0.768277041470714 0.3307134220072551 0.768277041470714 0.3313180169286578 0.7674219752030782 0.3313180169286578
istungsgrenze 0.6930312099187687 0.3316203143893591 0.748182984181274 0.3316203143893591 0.748182984181274 0.33978234582829503 0.6930312099187687 0.33978234582829503
/ 0.7541684480547243 0.3307134220072551 0.7588713125267208 0.3307134220072551 0.7588713125267208 0.3394800483675937 0.7541684480547243 0.3394800483675937
Ubepgabe 0.7644292432663532 0.3304111245465538 0.8016246259085079 0.3304111245465538 0.8016246259085079 0.33796856106408707 0.7644292432663532 0.33796856106408707
Kabely 0.8071825566481402 0.3316203143893591 0.8302693458743052 0.3316203143893591 0.8302693458743052 0.3382708585247884 0.8071825566481402 0.3382708585247884
1, 0.6844805472424113 0.3403869407496977 0.6891834117144079 0.3403869407496977 0.6891834117144079 0.3464328899637243 0.6844805472424113 0.3464328899637243
im 0.6955964087216759 0.3403869407496977 0.7041470713980333 0.3403869407496977 0.7041470713980333 0.34673518742442566 0.6955964087216759 0.34673518742442566
Sonrenschutzkgsten 0.7101325352714836 0.34008464328899635 0.7922188969645148 0.34008464328899635 0.7922188969645148 0.34673518742442566 0.7101325352714836 0.34673518742442566
mit 0.6836254809747755 0.34885126964933494 0.6960239418554938 0.34885126964933494 0.6960239418554938 0.35489721886336156 0.6836254809747755 0.35489721886336156
Hir: 0.702009405728944 0.34885126964933494 0.7126977340743907 0.34885126964933494 0.7126977340743907 0.35489721886336156 0.702009405728944 0.35489721886336156
Lh 0.7238135955536554 0.34885126964933494 0.7605814450619923 0.34885126964933494 0.7605814450619923 0.3633615477629988 0.7238135955536554 0.3633615477629988
plung 0.7712697734074391 0.34885126964933494 0.7922188969645148 0.34885126964933494 0.7922188969645148 0.3573155985489722 0.7712697734074391 0.3573155985489722
ung 0.798204360837965 0.3503627569528416 0.8110303548525011 0.3503627569528416 0.8110303548525011 0.35489721886336156 0.798204360837965 0.35489721886336156
ul 0.718683197947841 0.3591293833131802 0.7225309961522018 0.3591293833131802 0.7225309961522018 0.3633615477629988 0.718683197947841 0.3633615477629988
gut 0.7866609662248825 0.5798065296251511 0.7986318939717828 0.5798065296251511 0.7986318939717828 0.5867593712212817 0.7866609662248825 0.5867593712212817
Gehrung 0.8093202223172296 0.5804111245465539 0.8353997434801197 0.5804111245465539 0.8353997434801197 0.5867593712212817 0.8093202223172296 0.5867593712212817
g¢ 0.8430953398888413 0.5825272067714631 0.8495083368961095 0.5825272067714631 0.8495083368961095 0.5858524788391778 0.8430953398888413 0.5858524788391778
stoBen 0.8516460025651988 0.5798065296251511 0.8777255237280889 0.5798065296251511 0.8777255237280889 0.5867593712212817 0.8516460025651988 0.5867593712212817
hlog 0.8537836682342882 0.6299879081015719 0.8691748610517315 0.6299879081015719 0.8691748610517315 0.6360338573155986 0.8537836682342882 0.6360338573155986
Planung 0.8529286019666524 0.7194679564691656 0.8790081231295426 0.7194679564691656 0.8790081231295426 0.7276299879081015 0.8529286019666524 0.7276299879081015
festgelegt 0.7494655835827276 0.7288391777509069 0.7832407011543394 0.7288391777509069 0.7832407011543394 0.7370012091898428 0.7494655835827276 0.7370012091898428
werden. 0.7853783668234288 0.7291414752116082 0.8123129542539547 0.7291414752116082 0.8123129542539547 0.7351874244256348 0.7853783668234288 0.7351874244256348
Koordination 0.814878153056862 0.7291414752116082 0.8473706712270201 0.7291414752116082 0.8473706712270201 0.7351874244256348 0.814878153056862 0.7351874244256348
der 0.857631466438649 0.7291414752116082 0.8683197947840958 0.7291414752116082 0.8683197947840958 0.7351874244256348 0.857631466438649 0.7351874244256348
Gewerke 0.8700299273193672 0.7288391777509069 0.8991021804189825 0.7288391777509069 0.8991021804189825 0.7351874244256348 0.8700299273193672 0.7351874244256348
durch 0.7498931167165456 0.7385126964933495 0.7691321077383497 0.7385126964933495 0.7691321077383497 0.7445586457073761 0.7498931167165456 0.7445586457073761
die 0.7712697734074391 0.7385126964933495 0.781530568619068 0.7385126964933495 0.781530568619068 0.7445586457073761 0.7712697734074391 0.7445586457073761
Bauletung, 0.7840957674219752 0.7385126964933495 0.8195810175288585 0.7385126964933495 0.8195810175288585 0.7463724304715841 0.7840957674219752 0.7463724304715841
satinertes 0.7498931167165456 0.7515114873035067 0.7896536981616076 0.7515114873035067 0.7896536981616076 0.7581620314389359 0.7498931167165456 0.7581620314389359
Glas 0.7952116289012399 0.7515114873035067 0.8110303548525011 0.7515114873035067 0.8110303548525011 0.7581620314389359 0.7952116289012399 0.7581620314389359
im 0.8170158187259513 0.7515114873035067 0.8251389482684908 0.7515114873035067 0.8251389482684908 0.7581620314389359 0.8170158187259513 0.7581620314389359
Berejch 0.8315519452757588 0.7515114873035067 0.8601966652415562 0.7515114873035067 0.8601966652415562 0.7581620314389359 0.8315519452757588 0.7581620314389359
Fliigel 0.7498931167165456 0.7599758162031439 0.7716973065412569 0.7599758162031439 0.7716973065412569 0.7681378476420798 0.7498931167165456 0.7681378476420798
Nachtauskithlun 0.7776827704147071 0.7599758162031439 0.8405301410859342 0.7599758162031439 0.8405301410859342 0.7669286577992744 0.7776827704147071 0.7669286577992744
Pres 0.8512184694313809 0.7778113663845224 0.8849935870029927 0.7778113663845224 0.8849935870029927 0.7808343409915357 0.8512184694313809 0.7808343409915357
€ 0.8943993159469859 0.778415961305925 0.8961094484822574 0.778415961305925 0.8961094484822574 0.7808343409915357 0.8943993159469859 0.7808343409915357
