Falagrund 0.43319226118500603 0.16075245831551946 0.4585852478839178 0.16075245831551946 0.4585852478839178 0.17229585292860197 0.43319226118500603 0.17229585292860197
\\_ 0.42110036275695284 0.16973065412569474 0.4280532043530834 0.16973065412569474 0.4280532043530834 0.18469431380932022 0.42110036275695284 0.18469431380932022
Pfostenprofl 0.43319226118500603 0.17272338606241983 0.4667472793228537 0.17272338606241983 0.4667472793228537 0.1838392475416845 0.43319226118500603 0.1838392475416845
204533 0.43319226118500603 0.19410004275331338 0.4534461910519952 0.19410004275331338 0.4534461910519952 0.2026507054296708 0.43319226118500603 0.2026507054296708
24410) 0.2790205562273277 0.2116289012398461 0.3032043530834341 0.2116289012398461 0.3032043530834341 0.2291577597263788 0.2790205562273277 0.2291577597263788
522440 0.42714631197097946 0.21333903377511756 0.4534461910519952 0.21333903377511756 0.4534461910519952 0.2231722958529286 0.42714631197097946 0.2231722958529286
112720 0.28264812575574366 0.23001282599401454 0.3004836759371221 0.23001282599401454 0.3004836759371221 0.24540401881145787 0.28264812575574366 0.24540401881145787
\ 0.32466747279322855 0.22958529286019666 0.3295042321644498 0.22958529286019666 0.3295042321644498 0.2381359555365541 0.32466747279322855 0.2381359555365541
y 0.3343409915356711 0.24326635314236852 0.3352478839177751 0.24326635314236852 0.3352478839177751 0.24497648567764002 0.3343409915356711 0.24497648567764002
15: 0.34492140266021765 0.23856348867037194 0.347037484885127 0.23856348867037194 0.347037484885127 0.24070115433946132 0.34492140266021765 0.24070115433946132
15, 0.3597339782345828 0.23899102180418982 0.3603385731559855 0.23899102180418982 0.3603385731559855 0.23984608807182556 0.3597339782345828 0.23984608807182556
155 0.4788391777509069 0.22958529286019666 0.4882103990326481 0.22958529286019666 0.4882103990326481 0.24497648567764002 0.4788391777509069 0.24497648567764002
1 0.558645707376058 0.2321504916631039 0.5598548972188634 0.2321504916631039 0.5598548972188634 0.24027362120564344 0.558645707376058 0.24027362120564344
\ 0.33222490931076176 0.2381359555365541 0.34401451027811364 0.2381359555365541 0.34401451027811364 0.2731936725096195 0.33222490931076176 0.2731936725096195
+4600 0.6067110036275696 0.24754168448054725 0.625453446191052 0.24754168448054725 0.625453446191052 0.25651988029072254 0.6067110036275696 0.25651988029072254
Ga 0.5438331318016929 0.30012825994014536 0.5619709794437727 0.30012825994014536 0.5619709794437727 0.30825138948268493 0.5438331318016929 0.30825138948268493
g 0.310459492140266 0.30782385634886705 0.3171100362756953 0.30782385634886705 0.3171100362756953 0.31680205215904234 0.310459492140266 0.31680205215904234
. 0.5129987908101572 0.3172295852928602 0.5136033857315598 0.3172295852928602 0.5136033857315598 0.3185121846943138 0.5129987908101572 0.3185121846943138
; 0.5444377267230955 0.3095339888841385 0.5453446191051995 0.3095339888841385 0.5453446191051995 0.31637451902522445 0.5444377267230955 0.31637451902522445
T-Verbinder 0.49334945586457074 0.31680205215904234 0.524788391777509 0.31680205215904234 0.524788391777509 0.3257802479692176 0.49334945586457074 0.3257802479692176
nach 0.5290205562273277 0.31680205215904234 0.5450423216444982 0.31680205215904234 0.5450423216444982 0.3257802479692176 0.5290205562273277 0.3257802479692176
| 0.5420193470374849 0.31509191962377087 0.5456469165659008 0.31509191962377087 0.5456469165659008 0.3304831124412142 0.5420193470374849 0.3304831124412142
Fuge 0.6061064087061668 0.3185121846943138 0.6185006045949214 0.3185121846943138 0.6185006045949214 0.32962804617357844 0.6061064087061668 0.32962804617357844
zw. 0.6224304715840387 0.32107738349722104 0.6299879081015719 0.32107738349722104 0.6299879081015719 0.3274903805044891 0.6224304715840387 0.3274903805044891
Riegel 0.6339177750906893 0.3185121846943138 0.6490326481257558 0.3185121846943138 0.6490326481257558 0.32962804617357844 0.6339177750906893 0.32962804617357844
und 0.652962515114873 0.3189397178281317 0.6623337363966143 0.3189397178281317 0.6623337363966143 0.3274903805044891 0.652962515114873 0.3274903805044891
zugehGriges 0.17230955259975816 0.33262077811030355 0.21553808948004838 0.33262077811030355 0.21553808948004838 0.3437366395895682 0.17230955259975816 0.3437366395895682
Leitdetail 0.21825876662636035 0.33304831124412143 0.2469770253929867 0.33304831124412143 0.2469770253929867 0.34117144078666095 0.21825876662636035 0.34117144078666095
Tobelle_/ 0.49365175332527206 0.3270628473706712 0.5184401451027811 0.3270628473706712 0.5184401451027811 0.33988884138520736 0.49365175332527206 0.33988884138520736
Pfosten_abdichten 0.6061064087061668 0.3304831124412142 0.655683192261185 0.3304831124412142 0.655683192261185 0.3390337751175716 0.6061064087061668 0.3390337751175716
5 0.17230955259975816 0.3463018383924754 0.17654171704957677 0.3463018383924754 0.17654171704957677 0.3548525010688328 0.17230955259975816 0.3548525010688328
AR 0.17835550181378476 0.34587430525865753 0.18923821039903266 0.34587430525865753 0.18923821039903266 0.3548525010688328 0.17835550181378476 0.3548525010688328
DT 0.19195888754534463 0.34587430525865753 0.20102781136638453 0.34587430525865753 0.20102781136638453 0.3548525010688328 0.19195888754534463 0.3548525010688328
FAS 0.20435308343409916 0.34587430525865753 0.21856106408706166 0.34587430525865753 0.21856106408706166 0.3548525010688328 0.20435308343409916 0.3548525010688328
10AF 0.2218863361547763 0.3463018383924754 0.24334945586457074 0.3463018383924754 0.24334945586457074 0.3548525010688328 0.2218863361547763 0.3548525010688328
= 0.4873035066505441 0.3552800342026507 0.4879081015719468 0.3552800342026507 0.4879081015719468 0.35613510047028646 0.4873035066505441 0.35613510047028646
S 0.7064691656590084 0.34544677212483965 0.7128174123337364 0.34544677212483965 0.7128174123337364 0.35741769987174005 0.7064691656590084 0.35741769987174005
Falzbelliftung 0.2551390568319226 0.3612654980761009 0.29081015719467956 0.3612654980761009 0.29081015719467956 0.3745190252244549 0.2551390568319226 0.3745190252244549
+ 0.29443772672309554 0.3625480974775545 0.2980652962515115 0.3625480974775545 0.2980652962515115 0.3745190252244549 0.29443772672309554 0.3745190252244549
Entwasserung 0.3019951632406288 0.3612654980761009 0.3385731559854897 0.3612654980761009 0.3385731559854897 0.3745190252244549 0.3019951632406288 0.3745190252244549
ee 0.48972188633615477 0.367678495083369 0.5054413542926239 0.367678495083369 0.5054413542926239 0.3753740914920906 0.48972188633615477 0.3753740914920906
ae 0.5075574365175333 0.36041043180846516 0.5226723095525998 0.36041043180846516 0.5226723095525998 0.3672509619495511 0.5075574365175333 0.3672509619495511
Tiefe 0.6067110036275696 0.3629756306113724 0.6185006045949214 0.3629756306113724 0.6185006045949214 0.3719538264215477 0.6067110036275696 0.3719538264215477
Pfostenklinkung 0.6224304715840387 0.3629756306113724 0.6641475211608222 0.3629756306113724 0.6641475211608222 0.374091492090637 0.6224304715840387 0.374091492090637
gat. 0.6677750906892382 0.3629756306113724 0.6771463119709794 0.3629756306113724 0.6771463119709794 0.3745190252244549 0.6677750906892382 0.3745190252244549
Uber 0.2551390568319226 0.37366395895681914 0.2666263603385732 0.37366395895681914 0.2666263603385732 0.3822146216331766 0.2551390568319226 0.3822146216331766
Ptostendichtstiick 0.2711608222490931 0.37323642582300126 0.3183192261185006 0.37323642582300126 0.3183192261185006 0.3822146216331766 0.2711608222490931 0.3822146216331766
a 0.40024183796856105 0.3826421547669944 0.41293833131801694 0.3826421547669944 0.41293833131801694 0.3864899529713553 0.40024183796856105 0.3864899529713553
a 0.44256348246674726 0.3805044890979051 0.4700725513905683 0.3805044890979051 0.4700725513905683 0.3864899529713553 0.44256348246674726 0.3864899529713553
el 0.47762998790810157 0.3758016246259085 0.48911729141475213 0.3758016246259085 0.48911729141475213 0.38093202223172296 0.47762998790810157 0.38093202223172296
\ 0.5652962515114873 0.3762291577597264 0.5655985489721886 0.3762291577597264 0.5655985489721886 0.3783668234288157 0.5652962515114873 0.3783668234288157
entsprechend 0.6061064087061668 0.3749465583582728 0.6420798065296252 0.3749465583582728 0.6420798065296252 0.38563488670371954 0.6061064087061668 0.38563488670371954
den 0.6457073760580411 0.3749465583582728 0.654776299879081 0.3749465583582728 0.654776299879081 0.3834972210346302 0.6457073760580411 0.3834972210346302
Anforderungen 0.6590084643288996 0.3749465583582728 0.6974002418379686 0.3749465583582728 0.6974002418379686 0.3860624198375374 0.6590084643288996 0.3860624198375374
aT 0.4062877871825877 0.3864899529713553 0.41777509068923824 0.3864899529713553 0.41777509068923824 0.39418554938007694 0.4062877871825877 0.39418554938007694
Hofhiraum 0.4455864570737606 0.3860624198375374 0.4740024183796856 0.3860624198375374 0.4740024183796856 0.39760581445061993 0.4455864570737606 0.39760581445061993
mit 0.4827690447400242 0.387345019238991 0.49274486094316805 0.387345019238991 0.49274486094316805 0.39589568191534846 0.4827690447400242 0.39589568191534846
Gewerk 0.6061064087061668 0.3864899529713553 0.6242442563482467 0.3864899529713553 0.6242442563482467 0.3954681487815306 0.6061064087061668 0.3954681487815306
Abdichtung 0.6284764207980653 0.3864899529713553 0.6581015719467956 0.3864899529713553 0.6581015719467956 0.39760581445061993 0.6284764207980653 0.39760581445061993
Bodenrinne 0.25544135429262393 0.3946130825138948 0.2953446191051995 0.3946130825138948 0.2953446191051995 0.4031637451902522 0.25544135429262393 0.4031637451902522
bauseits 0.29776299879081014 0.3946130825138948 0.3252720677146312 0.3946130825138948 0.3252720677146312 0.4031637451902522 0.29776299879081014 0.4031637451902522
| 0.41021765417170497 0.39589568191534846 0.4108222490931076 0.39589568191534846 0.4108222490931076 0.40145361265498075 0.41021765417170497 0.40145361265498075
i, 0.500906892382104 0.3937580162462591 0.5033252720677146 0.3937580162462591 0.5033252720677146 0.4082941427960667 0.500906892382104 0.4082941427960667
/ 0.5652962515114873 0.40059854638734504 0.5655985489721886 0.40059854638734504 0.5655985489721886 0.4027362120564344 0.5652962515114873 0.4027362120564344
44500 0.21160822249093109 0.3980333475844378 0.23004836759371222 0.3980333475844378 0.23004836759371222 0.41470713980333473 0.21160822249093109 0.41470713980333473
| 0.40931076178960096 0.4035912783240701 0.4111245465538089 0.4035912783240701 0.4111245465538089 0.41727233860624197 0.40931076178960096 0.41727233860624197
| 0.43530834340991537 0.40914920906370245 0.4362152357920194 0.40914920906370245 0.4362152357920194 0.4117144078666097 0.43530834340991537 0.4117144078666097
wasse 0.44709794437726724 0.4023086789226165 0.46946795646916567 0.4023086789226165 0.46946795646916567 0.4151346729371526 0.44709794437726724 0.4151346729371526
ster 0.4788391777509069 0.40059854638734504 0.49274486094316805 0.40059854638734504 0.49274486094316805 0.40872167592988456 0.4788391777509069 0.40872167592988456
Mineralwolle, 0.4930471584038694 0.39846088071825564 0.5374848851269649 0.39846088071825564 0.5374848851269649 0.41727233860624197 0.4930471584038694 0.41727233860624197
/ 0.5634824667472793 0.404018811457888 0.5646916565900847 0.404018811457888 0.5646916565900847 0.40872167592988456 0.5634824667472793 0.40872167592988456
+4500 0.6061064087061668 0.4035912783240701 0.6257557436517533 0.4035912783240701 0.6257557436517533 0.413852073535699 0.6061064087061668 0.413852073535699
= 0.2097944377267231 0.41641727233860626 0.23458282950423218 0.41641727233860626 0.23458282950423218 0.4313809320222317 0.2097944377267231 0.4313809320222317
=o 0.4062877871825877 0.4159897392047884 0.4159613059250302 0.4159897392047884 0.4159613059250302 0.4241128687473279 0.4062877871825877 0.4241128687473279
nicht 0.4467956469165659 0.413852073535699 0.46342200725513905 0.413852073535699 0.46342200725513905 0.42240273621205643 0.4467956469165659 0.42240273621205643
brennbar, 0.4658403869407497 0.41342454040188115 0.499093107617896 0.41342454040188115 0.499093107617896 0.4232578024796922 0.4658403869407497 0.4232578024796922
ausstopfen 0.5012091898428053 0.41342454040188115 0.5402055622732769 0.41342454040188115 0.5402055622732769 0.4258230012825994 0.5012091898428053 0.4258230012825994
| 0.5423216444981862 0.41043180846515603 0.5486698911729141 0.41043180846515603 0.5486698911729141 0.4275331338178709 0.5423216444981862 0.4275331338178709
_ 0.5483675937122128 0.41043180846515603 0.5504836759371221 0.41043180846515603 0.5504836759371221 0.4275331338178709 0.5483675937122128 0.4275331338178709
yr 0.6030834340991535 0.41641727233860626 0.6299879081015719 0.41641727233860626 0.6299879081015719 0.43095339888841383 0.6030834340991535 0.43095339888841383
eM 0.19709794437726724 0.4322359982898675 0.21342200725513905 0.4322359982898675 0.21342200725513905 0.4365113296280462 0.19709794437726724 0.4365113296280462
[5 0.3001813784764208 0.4360837964942283 0.30290205562273276 0.4360837964942283 0.30290205562273276 0.4446344591705857 0.3001813784764208 0.4446344591705857
ao 0.5120918984280532 0.43095339888841383 0.5368802902055623 0.43095339888841383 0.5368802902055623 0.44164172723386064 0.5120918984280532 0.44164172723386064
| 0.7088875453446191 0.4288157332193245 0.7149334945586457 0.4288157332193245 0.7149334945586457 0.4318084651560496 0.7088875453446191 0.4318084651560496
| 0.23609431680773882 0.43095339888841383 0.23669891172914148 0.43095339888841383 0.23669891172914148 0.45318512184694315 0.23609431680773882 0.45318512184694315
| 0.24214026602176542 0.4313809320222317 0.24274486094316808 0.4313809320222317 0.24274486094316808 0.45318512184694315 0.24214026602176542 0.45318512184694315
vig 0.27237001209189843 0.43822146216331764 0.28174123337363965 0.43822146216331764 0.28174123337363965 0.4471996579734929 0.27237001209189843 0.4471996579734929
d 0.28869407496977023 0.43095339888841383 0.29383313180169285 0.43095339888841383 0.29383313180169285 0.45318512184694315 0.28869407496977023 0.45318512184694315
Kantteil_ 0.6061064087061668 0.44164172723386064 0.626360338573156 0.44164172723386064 0.626360338573156 0.45404018811457886 0.6061064087061668 0.45404018811457886
Aluminium 0.6305925030229746 0.44121419410004276 0.657496977025393 0.44121419410004276 0.657496977025393 0.45446772124839674 0.6305925030229746 0.45446772124839674
Sekundiirentwasserung 0.2551390568319226 0.45318512184694315 0.3162031438935913 0.45318512184694315 0.3162031438935913 0.46943138093202225 0.2551390568319226 0.46943138093202225
—~ 0.46916565900846435 0.45404018811457886 0.48428053204353083 0.45404018811457886 0.48428053204353083 0.46130825138948267 0.46916565900846435 0.46130825138948267
Operllache 0.6061064087061668 0.45318512184694315 0.6345223700120919 0.45318512184694315 0.6345223700120919 0.46173578452330055 0.6061064087061668 0.46173578452330055
wie 0.6384522370012092 0.4557503206498504 0.6457073760580411 0.4557503206498504 0.6457073760580411 0.46173578452330055 0.6384522370012092 0.46173578452330055
Profile 0.648428053204353 0.45318512184694315 0.6662636033857315 0.45318512184694315 0.6662636033857315 0.46173578452330055 0.648428053204353 0.46173578452330055
Basisriegel 0.25211608222490933 0.46643864899529713 0.282950423216445 0.46643864899529713 0.282950423216445 0.48140230867892264 0.25211608222490933 0.48140230867892264
Te 0.4449818621523579 0.4681487815305686 0.49032648125755746 0.4681487815305686 0.49032648125755746 0.48140230867892264 0.4449818621523579 0.48140230867892264
|_ 0.20828295042321646 0.4754168448054724 0.21614268440145104 0.4754168448054724 0.21614268440145104 0.49123557075673363 0.20828295042321646 0.49123557075673363
Z| 0.2158403869407497 0.4754168448054724 0.22642079806529625 0.4754168448054724 0.22642079806529625 0.49123557075673363 0.2158403869407497 0.49123557075673363
Darf 0.2551390568319226 0.4805472424112869 0.2663240628778718 0.4805472424112869 0.2663240628778718 0.4890979050876443 0.2551390568319226 0.4890979050876443
nicht 0.26874244256348245 0.4805472424112869 0.28234582829504234 0.4805472424112869 0.28234582829504234 0.493373236425823 0.26874244256348245 0.493373236425823
durch 0.28657799274486095 0.4805472424112869 0.3007859733978235 0.4805472424112869 0.3007859733978235 0.493373236425823 0.28657799274486095 0.493373236425823
bauseitige 0.3047158403869408 0.480119709277469 0.3316203143893591 0.480119709277469 0.3316203143893591 0.4916631038905515 0.3047158403869408 0.4916631038905515
ee 0.5087666263603385 0.48952543822146216 0.5114873035066505 0.48952543822146216 0.5114873035066505 0.49080803762291575 0.5087666263603385 0.49080803762291575
J 0.5595525997581621 0.48140230867892264 0.5646916565900847 0.48140230867892264 0.5646916565900847 0.4916631038905515 0.5595525997581621 0.4916631038905515
Dampfbremse: 0.6061064087061668 0.48653270628473705 0.6441958887545345 0.48653270628473705 0.6441958887545345 0.49807610089781956 0.6061064087061668 0.49807610089781956
Folie 0.6493349455864571 0.48653270628473705 0.6614268440145102 0.48653270628473705 0.6614268440145102 0.4950833689610945 0.6493349455864571 0.4950833689610945
mit 0.664752116082225 0.48653270628473705 0.6729141475211609 0.48653270628473705 0.6729141475211609 0.4950833689610945 0.664752116082225 0.4950833689610945
: 0.15356711003627568 0.49551090209491233 0.15568319226118502 0.49551090209491233 0.15568319226118502 0.49807610089781956 0.15356711003627568 0.49807610089781956
Sede 0.2551390568319226 0.4916631038905515 0.2772067714631197 0.4916631038905515 0.2772067714631197 0.5126122274476272 0.2551390568319226 0.5126122274476272
eden 0.280229746070133 0.4916631038905515 0.2998790810157195 0.4916631038905515 0.2998790810157195 0.5126122274476272 0.280229746070133 0.5126122274476272
a 0.5374848851269649 0.4959384352287302 0.5556227327690447 0.4959384352287302 0.5556227327690447 0.5023514322359983 0.5374848851269649 0.5023514322359983
geringer 0.6061064087061668 0.49850363403163744 0.6275695284159613 0.49850363403163744 0.6275695284159613 0.5096194955109021 0.6061064087061668 0.5096194955109021
Damptdurchlassigkeit 0.6314993954050786 0.49807610089781956 0.6880290205562273 0.49807610089781956 0.6880290205562273 0.5096194955109021 0.6314993954050786 0.5096194955109021
oo 0.27388149939540507 0.519880290722531 0.2741837968561064 0.519880290722531 0.2741837968561064 0.5211628901239846 0.27388149939540507 0.5211628901239846
2.B. 0.6064087061668681 0.51004702864472 0.6154776299879081 0.51004702864472 0.6154776299879081 0.5185976913210774 0.6064087061668681 0.5185976913210774
Schiico 0.6197097944377267 0.51004702864472 0.6384522370012092 0.51004702864472 0.6384522370012092 0.5185976913210774 0.6197097944377267 0.5185976913210774
VapoFlex 0.6423821039903265 0.51004702864472 0.6653567110036276 0.51004702864472 0.6653567110036276 0.5211628901239846 0.6423821039903265 0.5211628901239846
HRO5O 0.6692865779927448 0.51004702864472 0.686819830713422 0.51004702864472 0.686819830713422 0.5185976913210774 0.6692865779927448 0.5185976913210774
Stiltzwinkel 0.2551390568319226 0.519880290722531 0.28476420798065294 0.519880290722531 0.28476420798065294 0.5288584865327063 0.2551390568319226 0.5288584865327063
o.glw. 0.28869407496977023 0.5203078238563489 0.30169286577992743 0.5203078238563489 0.30169286577992743 0.5309961522017956 0.28869407496977023 0.5309961522017956
fiir 0.30743651753325274 0.5203078238563489 0.314087061668682 0.5203078238563489 0.314087061668682 0.5288584865327063 0.30743651753325274 0.5288584865327063
iiberputzbar 0.6061064087061668 0.5220179563916203 0.6381499395405078 0.5220179563916203 0.6381499395405078 0.5322787516032492 0.6061064087061668 0.5322787516032492
Dachabdichtung 0.2551390568319226 0.5318512184694314 0.29776299879081014 0.5318512184694314 0.29776299879081014 0.542967079948696 0.2551390568319226 0.542967079948696
S 0.7064691656590084 0.5489525438221462 0.7140266021765417 0.5489525438221462 0.7140266021765417 0.5583582727661394 0.7064691656590084 0.5583582727661394
Dachabdichtung 0.2512091898428053 0.5566481402308678 0.2971584038694075 0.5566481402308678 0.2971584038694075 0.5716117999144934 0.2512091898428053 0.5716117999144934
5 0.7067714631197098 0.5600684053014109 0.7125151148730351 0.5600684053014109 0.7125151148730351 0.5617785378366823 0.7067714631197098 0.5617785378366823
bauseits 0.2551390568319226 0.5707567336468576 0.27750906892382105 0.5707567336468576 0.27750906892382105 0.579307396323215 0.2551390568319226 0.579307396323215
- 0.2079806529625151 0.5955536554082942 0.21221281741233375 0.5955536554082942 0.21221281741233375 0.6088071825566481 0.2079806529625151 0.6088071825566481
\ 0.17412333736396615 0.6117999144933732 0.1759371221281741 0.6117999144933732 0.1759371221281741 0.6143651132962804 0.17412333736396615 0.6143651132962804
/ 0.20344619105199516 0.6088071825566481 0.2079806529625151 0.6088071825566481 0.2079806529625151 0.6156477126977341 0.20344619105199516 0.6156477126977341
4 0.2542321644498186 0.6049593843522874 0.26058041112454655 0.6049593843522874 0.26058041112454655 0.6139375801624626 0.2542321644498186 0.6139375801624626
\ 0.3213422007255139 0.6083796494228303 0.3264812575574365 0.6083796494228303 0.3264812575574365 0.6160752458315519 0.3213422007255139 0.6160752458315519
: 0.3518742442563482 0.6152201795639162 0.35278113663845223 0.6152201795639162 0.35278113663845223 0.6160752458315519 0.3518742442563482 0.6160752458315519
sf 0.12787182587666263 0.6083796494228303 0.1526602176541717 0.6083796494228303 0.1526602176541717 0.6430098332620778 0.12787182587666263 0.6430098332620778
a 0.20405078597339782 0.6194955109020949 0.21039903264812576 0.6194955109020949 0.21039903264812576 0.6284737067122702 0.20405078597339782 0.6284737067122702
if 0.29443772672309554 0.6177853783668235 0.3010882708585248 0.6177853783668235 0.3010882708585248 0.6276186404446344 0.29443772672309554 0.6276186404446344
ff 0.3473397823458283 0.6216331765711842 0.3482466747279323 0.6216331765711842 0.3482466747279323 0.62248824283882 0.3473397823458283 0.62248824283882
4 0.20435308343409916 0.6297563061137238 0.21039903264812576 0.6297563061137238 0.21039903264812576 0.6331765711842667 0.20435308343409916 0.6331765711842667
‘<< 0.33252720677146314 0.6237708422402736 0.3431076178960097 0.6237708422402736 0.3431076178960097 0.6412997007268063 0.33252720677146314 0.6412997007268063
i 0.47944377267230953 0.629328772979906 0.5015114873035067 0.629328772979906 0.5015114873035067 0.639162035057717 0.47944377267230953 0.639162035057717
N\ 0.34280532043530837 0.6395895681915349 0.35096735187424427 0.6395895681915349 0.35096735187424427 0.6507054296707995 0.34280532043530837 0.6507054296707995
= 0.501813784764208 0.6395895681915349 0.5048367593712213 0.6395895681915349 0.5048367593712213 0.6408721675929885 0.501813784764208 0.6408721675929885
7 0.16807738814993953 0.8020521590423257 0.17110036275695284 0.8020521590423257 0.17110036275695284 0.8058999572466866 0.16807738814993953 0.8058999572466866
Yo 0.2079806529625151 0.8011970927746901 0.20918984280532044 0.8011970927746901 0.20918984280532044 0.8024796921761437 0.2079806529625151 0.8024796921761437
~ 0.27660217654171704 0.8550662676357418 0.2874848851269649 0.8550662676357418 0.2874848851269649 0.8704574604531852 0.27660217654171704 0.8704574604531852
ee 0.37605804111245467 0.8559213339033775 0.3863361547762999 0.8559213339033775 0.3863361547762999 0.8704574604531852 0.37605804111245467 0.8704574604531852
Detail 0.13603385731559856 0.877297990594271 0.16021765417170497 0.877297990594271 0.16021765417170497 0.8879863189397178 0.13603385731559856 0.8879863189397178
PR-Fassade 0.16444981862152358 0.877297990594271 0.21916565900846433 0.877297990594271 0.21916565900846433 0.8879863189397178 0.16444981862152358 0.8879863189397178
Vertikalschnitt 0.2227932285368803 0.877297990594271 0.28476420798065294 0.877297990594271 0.28476420798065294 0.8879863189397178 0.2227932285368803 0.8879863189397178
eee 0.49848851269649336 0.6695168875587858 0.5090689238210399 0.6695168875587858 0.5090689238210399 0.6819153484395041 0.49848851269649336 0.6819153484395041
\ 0.5634824667472793 0.6772124839675074 0.5637847642079806 0.6772124839675074 0.5637847642079806 0.6784950833689611 0.5634824667472793 0.6784950833689611
ys 0.500906892382104 0.6861906797776828 0.5063482466747279 0.6861906797776828 0.5063482466747279 0.6938862761864044 0.500906892382104 0.6938862761864044
245 0.5522974607013301 0.692176143651133 0.562273276904474 0.692176143651133 0.562273276904474 0.7011543394613082 0.5522974607013301 0.7011543394613082
z 0.596130592503023 0.6917486105173151 0.6021765417170496 0.6917486105173151 0.6021765417170496 0.7007268063274904 0.596130592503023 0.7007268063274904
Fassadenbefestiqung 0.5024183796856106 0.7067122702009405 0.558645707376058 0.7067122702009405 0.558645707376058 0.7229585292860197 0.5024183796856106 0.7229585292860197
£. 0.5819226118500604 0.7075673364685763 0.5909915356711004 0.7075673364685763 0.5909915356711004 0.7203933304831125 0.5819226118500604 0.7203933304831125
/ 0.47702539298669894 0.7225309961522018 0.48065296251511486 0.7225309961522018 0.48065296251511486 0.7276613937580162 0.47702539298669894 0.7276613937580162
nach 0.5024183796856106 0.7216759298845661 0.5148125755743652 0.7216759298845661 0.5148125755743652 0.7297990594271055 0.5024183796856106 0.7297990594271055
Statik, 0.5187424425634825 0.7208208636169303 0.5353688029020556 0.7208208636169303 0.5353688029020556 0.7310816588285592 0.5187424425634825 0.7310816588285592
2B. 0.5392986698911729 0.7208208636169303 0.5483675937122128 0.7208208636169303 0.5483675937122128 0.7297990594271055 0.5392986698911729 0.7297990594271055
St-Platte 0.5529020556227328 0.7208208636169303 0.5788996372430472 0.7208208636169303 0.5788996372430472 0.7297990594271055 0.5529020556227328 0.7297990594271055
228388 0.5825272067714631 0.7208208636169303 0.6024788391777509 0.7208208636169303 0.6024788391777509 0.7297990594271055 0.5825272067714631 0.7297990594271055
und 0.5024183796856106 0.7332193244976486 0.5117896009673518 0.7332193244976486 0.5117896009673518 0.741769987174006 0.5024183796856106 0.741769987174006
Einschubprofil 0.5154171704957679 0.7332193244976486 0.5519951632406288 0.7332193244976486 0.5519951632406288 0.7443351859769132 0.5154171704957679 0.7443351859769132
322750 0.5565296251511487 0.7327917913638307 0.5761789600967352 0.7327917913638307 0.5761789600967352 0.741769987174006 0.5565296251511487 0.741769987174006
90 0.4836759371221282 0.7473279179136383 0.48972188633615477 0.7473279179136383 0.48972188633615477 0.7567336468576314 0.4836759371221282 0.7567336468576314
+4050 0.5175332527206772 0.791363830696879 0.536577992744861 0.791363830696879 0.536577992744861 0.8084651560495938 0.5175332527206772 0.8084651560495938
