Wellblech-Kassetten 0.2478839177750907 0.4848225737494656 0.2512091898428053 0.4848225737494656 0.2512091898428053 0.5433946130825139 0.2478839177750907 0.5433946130825139
mit 0.2478839177750907 0.4754168448054724 0.2512091898428053 0.4754168448054724 0.2512091898428053 0.48268490808037623 0.2478839177750907 0.48268490808037623
UK 0.2478839177750907 0.46601111586147925 0.2512091898428053 0.46601111586147925 0.2512091898428053 0.4724241128687473 0.2478839177750907 0.4724241128687473
+ 0.24879081015719468 0.46045318512184696 0.250906892382104 0.46045318512184696 0.250906892382104 0.4630183839247542 0.24879081015719468 0.4630183839247542
Diimmung 0.24758162031438935 0.43351859769132106 0.25241837968561065 0.43351859769132106 0.25241837968561065 0.45788798631893973 0.24758162031438935 0.45788798631893973
ILeistung 0.2530229746070133 0.5181701581872595 0.2578597339782346 0.5181701581872595 0.2578597339782346 0.542967079948696 0.2530229746070133 0.542967079948696
angrenzendes 0.25332527206771466 0.47840957674219753 0.2578597339782346 0.47840957674219753 0.2578597339782346 0.5156049593843522 0.25332527206771466 0.5156049593843522
Gewerkl 0.2530229746070133 0.45361265498076103 0.2569528415961306 0.45361265498076103 0.2569528415961306 0.4754168448054724 0.2530229746070133 0.4754168448054724
Blendenhéhe 0.27660217654171704 0.5147498931167166 0.2799274486094317 0.5147498931167166 0.2799274486094317 0.5455322787516033 0.27660217654171704 0.5455322787516033
ea 0.27750906892382105 0.5074818298418128 0.2799274486094317 0.5074818298418128 0.2799274486094317 0.5126122274476272 0.27750906892382105 0.5126122274476272
22 0.27660217654171704 0.4959384352287302 0.2799274486094317 0.4959384352287302 0.2799274486094317 0.5040615647712697 0.27660217654171704 0.5040615647712697
Insektensehutz 0.23367593712212817 0.579307396323215 0.26058041112454655 0.579307396323215 0.26058041112454655 0.5840102607952117 0.23367593712212817 0.5840102607952117
3050 0.20556227327690446 0.646002565198803 0.21735187424425634 0.646002565198803 0.21735187424425634 0.6519880290722531 0.20556227327690446 0.6519880290722531
F 0.22460701330108826 0.6434373663958957 0.22762998790810157 0.6434373663958957 0.22762998790810157 0.6485677640017101 0.22460701330108826 0.6485677640017101
oT 0.26571946795646917 0.66866182129115 0.26904474002418377 0.66866182129115 0.26904474002418377 0.6733646857631467 0.26571946795646917 0.6733646857631467
Rilckkantung 0.248186215235792 0.6874732791791364 0.2702539298669891 0.6874732791791364 0.2702539298669891 0.6930312099187687 0.248186215235792 0.6930312099187687
Ialternativ 0.24879081015719468 0.6934587430525866 0.2669286577992745 0.6934587430525866 0.2669286577992745 0.6981616075245831 0.24879081015719468 0.6981616075245831
Winkel 0.26844014510278114 0.6938862761864044 0.279322853688029 0.6938862761864044 0.279322853688029 0.6981616075245831 0.26844014510278114 0.6981616075245831
t 0.2633010882708585 0.6960239418554938 0.2663240628778718 0.6960239418554938 0.2663240628778718 0.708422402736212 0.2633010882708585 0.708422402736212
Blendenkaster 0.3001813784764208 0.6947413424540402 0.3261789600967352 0.6947413424540402 0.3261789600967352 0.6990166737922189 0.3001813784764208 0.6990166737922189
Enden 0.2974607013301088 0.6973065412569475 0.310459492140266 0.6973065412569475 0.310459492140266 0.7092774690038478 0.2974607013301088 0.7092774690038478
schliefien 0.3101571946795647 0.6973065412569475 0.32799274486094315 0.6973065412569475 0.32799274486094315 0.7092774690038478 0.3101571946795647 0.7092774690038478
Anaichtstliche 0.28688029020556227 0.7169730654125694 0.3128778718258767 0.7169730654125694 0.3128778718258767 0.7212483967507481 0.28688029020556227 0.7212483967507481
vertikales 0.28688029020556227 0.7233860624198375 0.3044135429262394 0.7233860624198375 0.3044135429262394 0.7280889268918341 0.28688029020556227 0.7280889268918341
Leibungsblech 0.3062273276904474 0.7233860624198375 0.3304111245465538 0.7233860624198375 0.3304111245465538 0.7293715262932877 0.3062273276904474 0.7293715262932877
lichte 0.2756952841596131 0.8135955536554083 0.2790205562273277 0.8135955536554083 0.2790205562273277 0.8268490808037623 0.2756952841596131 0.8268490808037623
Verschattungshihe 0.2756952841596131 0.7627191107310817 0.2799274486094317 0.7627191107310817 0.2799274486094317 0.8110303548525011 0.2756952841596131 0.8110303548525011
ca, 0.27660217654171704 0.7545959811885421 0.2790205562273277 0.7545959811885421 0.2790205562273277 0.7601539119281744 0.27660217654171704 0.7601539119281744
1217 0.2756952841596131 0.7426250534416418 0.2790205562273277 0.7426250534416418 0.2790205562273277 0.7520307823856349 0.2756952841596131 0.7520307823856349
Detail 0.20616686819830712 0.8388200085506626 0.2279322853688029 0.8388200085506626 0.2279322853688029 0.847798204360838 0.20616686819830712 0.847798204360838
Vertikalschnitt 0.23125755743651755 0.8388200085506626 0.28688029020556227 0.8388200085506626 0.28688029020556227 0.847798204360838 0.23125755743651755 0.847798204360838
PR-Fassade 0.29020556227327693 0.8388200085506626 0.3394800483675937 0.8388200085506626 0.3394800483675937 0.847798204360838 0.29020556227327693 0.847798204360838
Kopfpunkt 0.34280532043530837 0.8383924754168448 0.3827085852478839 0.8383924754168448 0.3827085852478839 0.8503634031637451 0.34280532043530837 0.8503634031637451
SIL 0.49667472793228534 0.231722958529286 0.5021160822249093 0.231722958529286 0.5021160822249093 0.23599828986746474 0.49667472793228534 0.23599828986746474
AK 0.5039298669891172 0.231722958529286 0.5084643288996372 0.231722958529286 0.5084643288996372 0.23599828986746474 0.5039298669891172 0.23599828986746474
Wellblech 0.5102781136638452 0.2304403591278324 0.5269044740024184 0.2304403591278324 0.5269044740024184 0.23599828986746474 0.5102781136638452 0.23599828986746474
bis 0.5281136638452237 0.231722958529286 0.5326481257557436 0.231722958529286 0.5326481257557436 0.23599828986746474 0.5281136638452237 0.23599828986746474
3II 0.6417775090689238 0.3950406156477127 0.6472188633615478 0.3950406156477127 0.6472188633615478 0.3997434801197093 0.6417775090689238 0.3997434801197093
bis 0.6490326481257558 0.3954681487815306 0.6535671100362757 0.3954681487815306 0.6535671100362757 0.3997434801197093 0.6490326481257558 0.3997434801197093
Gebsudeschse 0.6550785973397824 0.39418554938007694 0.6798669891172914 0.39418554938007694 0.6798669891172914 0.3997434801197093 0.6550785973397824 0.3997434801197093
/ 0.6466142684401451 0.5049166310389055 0.6472188633615478 0.5049166310389055 0.6472188633615478 0.5057716973065413 0.6466142684401451 0.5057716973065413
Unterzug 0.6514510278113664 0.5023514322359983 0.6689842805320435 0.5023514322359983 0.6689842805320435 0.5087644292432664 0.6514510278113664 0.5087644292432664
ddmprot 0.4467956469165659 0.639162035057717 0.4607013301088271 0.639162035057717 0.4607013301088271 0.6434373663958957 0.4467956469165659 0.6434373663958957
flerle 0.46039903264812576 0.6353142368533561 0.468863361547763 0.6353142368533561 0.468863361547763 0.6472851646002565 0.46039903264812576 0.6472851646002565
Folfe 0.470677146311971 0.639162035057717 0.4743047158403869 0.639162035057717 0.4743047158403869 0.6434373663958957 0.470677146311971 0.6434373663958957
SI 0.48155985489721886 0.639162035057717 0.4848851269649335 0.639162035057717 0.4848851269649335 0.6434373663958957 0.48155985489721886 0.6434373663958957
oneblel 0.46372430471584036 0.6447199657973492 0.4746070133010883 0.6447199657973492 0.4746070133010883 0.6566908935442497 0.46372430471584036 0.6566908935442497
ud 0.4743047158403869 0.6447199657973492 0.48035066505441354 0.6447199657973492 0.48035066505441354 0.6566908935442497 0.4743047158403869 0.6566908935442497
he 0.48125755743651755 0.6447199657973492 0.4836759371221282 0.6447199657973492 0.4836759371221282 0.6566908935442497 0.48125755743651755 0.6566908935442497
statisghen 0.4619105199516324 0.6545532278751603 0.47762998790810157 0.6545532278751603 0.47762998790810157 0.6592560923471569 0.4619105199516324 0.6592560923471569
Er 0.4791414752116082 0.6545532278751603 0.48246674727932287 0.6545532278751603 0.48246674727932287 0.6592560923471569 0.4791414752116082 0.6592560923471569
ighngemitte! 0.4921402660217654 0.6485677640017101 0.5111850060459492 0.6485677640017101 0.5111850060459492 0.6536981616075246 0.4921402660217654 0.6536981616075246
Rach 0.5148125755743652 0.6485677640017101 0.5196493349455864 0.6485677640017101 0.5196493349455864 0.6528430953398888 0.5148125755743652 0.6528430953398888
Fuge 0.4625151148730351 0.6729371526293287 0.4703748488512696 0.6729371526293287 0.4703748488512696 0.678922616502779 0.4625151148730351 0.678922616502779
tw. 0.4718863361547763 0.6746472851646003 0.47672309552599756 0.6746472851646003 0.47672309552599756 0.6772124839675074 0.4718863361547763 0.6772124839675074
Riegel 0.4791414752116082 0.6729371526293287 0.48911729141475213 0.6729371526293287 0.48911729141475213 0.678922616502779 0.4791414752116082 0.678922616502779
und 0.4906287787182588 0.6729371526293287 0.49667472793228534 0.6729371526293287 0.49667472793228534 0.6772124839675074 0.4906287787182588 0.6772124839675074
Prasten 0.45979443772672307 0.675502351432236 0.47611850060459493 0.675502351432236 0.47611850060459493 0.6879008123129543 0.45979443772672307 0.6879008123129543
abdichten 0.4779322853688029 0.675502351432236 0.49425634824667475 0.675502351432236 0.49425634824667475 0.6879008123129543 0.4779322853688029 0.6879008123129543
OK 0.5048367593712213 0.6793501496365968 0.5087666263603385 0.6793501496365968 0.5087666263603385 0.6836254809747755 0.5048367593712213 0.6836254809747755
Prosten 0.5105804111245466 0.6793501496365968 0.5244860943168077 0.6793501496365968 0.5244860943168077 0.6836254809747755 0.5105804111245466 0.6836254809747755
+H 0.6061064087061668 0.6819153484395041 0.6112454655380894 0.6819153484395041 0.6112454655380894 0.6879008123129543 0.6061064087061668 0.6879008123129543
300 0.6127569528415961 0.6819153484395041 0.6181983071342201 0.6819153484395041 0.6181983071342201 0.6883283454467721 0.6127569528415961 0.6883283454467721
danpthemmende 0.5486698911729141 0.685763146643865 0.5767835550181378 0.685763146643865 0.5767835550181378 0.6913210773834972 0.5486698911729141 0.6913210773834972
Fatic 0.5785973397823458 0.685763146643865 0.5864570737605804 0.685763146643865 0.5864570737605804 0.6904660111158615 0.5785973397823458 0.6904660111158615
+16 0.6061064087061668 0.7379221889696451 0.6112454655380894 0.7379221889696451 0.6112454655380894 0.7434801197092775 0.6061064087061668 0.7434801197092775
240 0.6127569528415961 0.7379221889696451 0.6188029020556227 0.7379221889696451 0.6188029020556227 0.7439076528430953 0.6127569528415961 0.7439076528430953
