+3.615 0.3437122128174123 0.22530996152201796 0.3721281741233374 0.22530996152201796 0.3721281741233374 0.23386062419837536 0.3437122128174123 0.23386062419837536
Achse 0.3784764207980653 0.22530996152201796 0.40114873035066506 0.22530996152201796 0.40114873035066506 0.23386062419837536 0.3784764207980653 0.23386062419837536
eee 0.3364570737605804 0.23514322359982898 0.3775695284159613 0.23514322359982898 0.3775695284159613 0.24112868747327917 0.3364570737605804 0.24112868747327917
Falzgrund 0.5380894800483675 0.3232150491663104 0.5556227327690447 0.3232150491663104 0.5556227327690447 0.33133817870884996 0.5380894800483675 0.33133817870884996
Pfosten 0.5580411124546554 0.3232150491663104 0.5719467956469165 0.3232150491663104 0.5719467956469165 0.32920051303976056 0.5580411124546554 0.32920051303976056
£ 0.45616686819830715 0.36938862761864044 0.4628174123337364 0.36938862761864044 0.4628174123337364 0.3834972210346302 0.45616686819830715 0.3834972210346302
30 0.467049576783555 0.3655408294142796 0.4718863361547763 0.3655408294142796 0.4718863361547763 0.3715262932877298 0.467049576783555 0.3715262932877298
& 0.4788391777509069 0.3655408294142796 0.4857920193470375 0.3655408294142796 0.4857920193470375 0.38093202223172296 0.4788391777509069 0.38093202223172296
4 0.4939540507859734 0.3655408294142796 0.49848851269649336 0.3655408294142796 0.49848851269649336 0.3715262932877298 0.4939540507859734 0.3715262932877298
- 0.5453446191051995 0.3822146216331766 0.5483675937122128 0.3822146216331766 0.5483675937122128 0.3834972210346302 0.5453446191051995 0.3834972210346302
a 0.5668077388149939 0.3655408294142796 0.5767835550181378 0.3655408294142796 0.5767835550181378 0.3834972210346302 0.5668077388149939 0.3834972210346302
- 0.587968561064087 0.3822146216331766 0.5909915356711004 0.3822146216331766 0.5909915356711004 0.3834972210346302 0.587968561064087 0.3834972210346302
- 0.6094316807738815 0.3822146216331766 0.6124546553808948 0.3822146216331766 0.6124546553808948 0.3834972210346302 0.6094316807738815 0.3834972210346302
it 0.6287787182587666 0.3638306968790081 0.6351269649334945 0.3638306968790081 0.6351269649334945 0.37708422402736214 0.6287787182587666 0.37708422402736214
e] 0.4857920193470375 0.4241128687473279 0.4882103990326481 0.4241128687473279 0.4882103990326481 0.43095339888841383 0.4857920193470375 0.43095339888841383
|g 0.5057436517533253 0.4241128687473279 0.5078597339782346 0.4241128687473279 0.5078597339782346 0.43095339888841383 0.5057436517533253 0.43095339888841383
al 0.4848851269649335 0.4429243266353142 0.4882103990326481 0.4429243266353142 0.4882103990326481 0.45019238991021804 0.4848851269649335 0.45019238991021804
6 0.4948609431680774 0.4386489952971355 0.49818621523579204 0.4386489952971355 0.49818621523579204 0.4510474561778538 0.4948609431680774 0.4510474561778538
i 0.4758162031438936 0.45746045318512185 0.4791414752116082 0.45746045318512185 0.4791414752116082 0.4715690466011116 0.4758162031438936 0.4715690466011116
0 0.5111850060459492 0.48225737494655835 0.5136033857315598 0.48225737494655835 0.5136033857315598 0.4873877725523728 0.5111850060459492 0.4873877725523728
+0.035 0.3437122128174123 0.4886703719538264 0.3721281741233374 0.4886703719538264 0.3721281741233374 0.49722103463018386 0.3437122128174123 0.49722103463018386
Achse 0.3784764207980653 0.4886703719538264 0.40114873035066506 0.4886703719538264 0.40114873035066506 0.49722103463018386 0.3784764207980653 0.49722103463018386
Ss 0.4625151148730351 0.4873877725523728 0.4649334945586457 0.4873877725523728 0.4649334945586457 0.500213766566909 0.4625151148730351 0.500213766566909
T-¥8 0.590689238210399 0.4878153056861907 0.6006650544135429 0.4878153056861907 0.6006650544135429 0.4946558358272766 0.590689238210399 0.4946558358272766
erforderlich 0.6030834340991535 0.4878153056861907 0.623639661426844 0.4878153056861907 0.623639661426844 0.4946558358272766 0.6030834340991535 0.4946558358272766
Po 0.33313180169286577 0.4963659683625481 0.34159613059250304 0.4963659683625481 0.34159613059250304 0.5083368961094484 0.33313180169286577 0.5083368961094484
2 0.44256348246674726 0.5006412997007268 0.4467956469165659 0.5006412997007268 0.4467956469165659 0.5036340316374519 0.44256348246674726 0.5036340316374519
eo 0.535671100362757 0.5032064985036341 0.5420193470374849 0.5032064985036341 0.5420193470374849 0.5044890979050877 0.535671100362757 0.5044890979050877
oo 0.6112454655380894 0.5032064985036341 0.619105199516324 0.5032064985036341 0.619105199516324 0.5044890979050877 0.6112454655380894 0.5044890979050877
a 0.44256348246674726 0.5040615647712697 0.4467956469165659 0.5040615647712697 0.4467956469165659 0.5074818298418128 0.44256348246674726 0.5074818298418128
18 0.4619105199516324 0.4963659683625481 0.46644498186215233 0.4963659683625481 0.46644498186215233 0.5126122274476272 0.4619105199516324 0.5126122274476272
ca 0.5510882708585247 0.5044890979050877 0.562273276904474 0.5044890979050877 0.562273276904474 0.5109020949123557 0.5510882708585247 0.5109020949123557
00 0.5111850060459492 0.5203078238563489 0.5160217654171705 0.5203078238563489 0.5160217654171705 0.5267208208636169 0.5111850060459492 0.5267208208636169
322440 0.6121523579201935 0.5177426250534416 0.626360338573156 0.5177426250534416 0.626360338573156 0.5237280889268918 0.6121523579201935 0.5237280889268918
+£0.00 0.3437122128174123 0.5267208208636169 0.3672914147521161 0.5267208208636169 0.3672914147521161 0.5344164172723386 0.3437122128174123 0.5344164172723386
OK 0.3733373639661427 0.5267208208636169 0.38361547762998793 0.5267208208636169 0.38361547762998793 0.5344164172723386 0.3733373639661427 0.5344164172723386
Geltnde 0.3896614268440145 0.5267208208636169 0.4207980652962515 0.5267208208636169 0.4207980652962515 0.5344164172723386 0.3896614268440145 0.5344164172723386
A 0.6299879081015719 0.5318512184694314 0.6305925030229746 0.5318512184694314 0.6305925030229746 0.5327062847370672 0.6299879081015719 0.5327062847370672
+£0.00 0.6804715840386941 0.5267208208636169 0.7037484885126964 0.5267208208636169 0.7037484885126964 0.5344164172723386 0.6804715840386941 0.5344164172723386
OKFF 0.7100967351874244 0.5267208208636169 0.7291414752116082 0.5267208208636169 0.7291414752116082 0.5344164172723386 0.7100967351874244 0.5344164172723386
1 0.7433494558645707 0.5369816160752459 0.7439540507859734 0.5369816160752459 0.7439540507859734 0.5408294142796066 0.7433494558645707 0.5408294142796066
I 0.3222490931076179 0.5412569474134246 0.32496977025392987 0.5412569474134246 0.32496977025392987 0.5532278751603249 0.3222490931076179 0.5532278751603249
ft 0.3373639661426844 0.5369816160752459 0.34522370012091896 0.5369816160752459 0.34522370012091896 0.5579307396323215 0.3373639661426844 0.5579307396323215
t 0.35792019347037485 0.5386917486105173 0.3636638452237001 0.5386917486105173 0.3636638452237001 0.55622060709705 0.35792019347037485 0.55622060709705
I 0.37877871825876663 0.5421120136810603 0.3811970979443773 0.5421120136810603 0.3811970979443773 0.5532278751603249 0.37877871825876663 0.5532278751603249
I 0.3978234582829504 0.5421120136810603 0.39993954050785974 0.5421120136810603 0.39993954050785974 0.5532278751603249 0.3978234582829504 0.5532278751603249
: 0.4238210399032648 0.5446772124839675 0.4244256348246675 0.5446772124839675 0.4244256348246675 0.5455322787516033 0.4238210399032648 0.5455322787516033
nen 0.49244256348246673 0.539974348011971 0.502720677146312 0.539974348011971 0.502720677146312 0.5451047456177853 0.49244256348246673 0.5451047456177853
|e 0.5117896009673518 0.5374091492090637 0.5142079806529625 0.5374091492090637 0.5142079806529625 0.5485250106883284 0.5117896009673518 0.5485250106883284
L-Profil 0.5414147521160823 0.5374091492090637 0.558645707376058 0.5374091492090637 0.558645707376058 0.5519452757588713 0.5414147521160823 0.5519452757588713
= 0.5788996372430472 0.5502351432235998 0.5810157194679565 0.5502351432235998 0.5810157194679565 0.55622060709705 0.5788996372430472 0.55622060709705
Poa 0.4879081015719468 0.5476699444206926 0.5069528415961306 0.5476699444206926 0.5069528415961306 0.5609234715690466 0.4879081015719468 0.5609234715690466
is 0.5495767835550182 0.5515177426250535 0.5510882708585247 0.5515177426250535 0.5510882708585247 0.55622060709705 0.5495767835550182 0.55622060709705
W 0.344316807738815 0.5579307396323215 0.34613059250302297 0.5579307396323215 0.34613059250302297 0.5647712697734074 0.344316807738815 0.5647712697734074
4 0.3573155985489722 0.5583582727661394 0.3594316807738815 0.5583582727661394 0.3594316807738815 0.5647712697734074 0.3573155985489722 0.5647712697734074
one 0.6372430471584039 0.5639162035057717 0.6396614268440145 0.5639162035057717 0.6396614268440145 0.5699016673792219 0.6372430471584039 0.5699016673792219
_ 0.4658403869407497 0.5737494655835828 0.47611850060459493 0.5737494655835828 0.47611850060459493 0.5746045318512185 0.4658403869407497 0.5746045318512185
role 0.6348246674727932 0.5639162035057717 0.6466142684401451 0.5639162035057717 0.6466142684401451 0.5801624625908508 0.6348246674727932 0.5801624625908508
t 0.6481257557436517 0.5716117999144934 0.6493349455864571 0.5716117999144934 0.6493349455864571 0.5784523300555793 0.6481257557436517 0.5784523300555793
FuBbodenaufbau 0.6928657799274486 0.5656263360410432 0.723397823458283 0.5656263360410432 0.723397823458283 0.5784523300555793 0.6928657799274486 0.5784523300555793
2 0.5516928657799275 0.5852928601966653 0.5538089480048367 0.5852928601966653 0.5538089480048367 0.5917058572039333 0.5516928657799275 0.5917058572039333
gl 0.6605199516324063 0.582727661393758 0.6659613059250302 0.582727661393758 0.6659613059250302 0.6019666524155622 0.6605199516324063 0.6019666524155622
| 0.7430471584038694 0.5972637879435656 0.7439540507859734 0.5972637879435656 0.7439540507859734 0.6015391192817443 0.7430471584038694 0.6015391192817443
246.5 0.6390568319226119 0.6070970500213767 0.6469165659008465 0.6070970500213767 0.6469165659008465 0.6130825138948268 0.6390568319226119 0.6130825138948268
Blech 0.6717049576783555 0.6135100470286448 0.6810761789600968 0.6135100470286448 0.6810761789600968 0.6203505771697306 0.6717049576783555 0.6203505771697306
Boustohl 0.6834945586457074 0.6135100470286448 0.6992140266021766 0.6135100470286448 0.6992140266021766 0.6203505771697306 0.6834945586457074 0.6203505771697306
2mm 0.7019347037484885 0.6135100470286448 0.7110036275695284 0.6135100470286448 0.7110036275695284 0.6203505771697306 0.7019347037484885 0.6203505771697306
i 0.6759371221281741 0.6220607097050022 0.6765417170495768 0.6220607097050022 0.6765417170495768 0.6276186404446344 0.6759371221281741 0.6276186404446344
jrenzendes 0.6958887545344619 0.6220607097050022 0.7146311970979444 0.6220607097050022 0.7146311970979444 0.6280461735784524 0.6958887545344619 0.6280461735784524
Gewerk 0.7167472793228536 0.6216331765711842 0.7297460701330108 0.6216331765711842 0.7297460701330108 0.6280461735784524 0.7167472793228536 0.6280461735784524
1 0.7430471584038694 0.6276186404446344 0.7439540507859734 0.6276186404446344 0.7439540507859734 0.6323215049166311 0.7430471584038694 0.6323215049166311
=0.100 0.6804715840386941 0.6340316374519025 0.7088875453446191 0.6340316374519025 0.7088875453446191 0.6425823001282599 0.6804715840386941 0.6425823001282599
OK, 0.7149334945586457 0.6340316374519025 0.725211608222491 0.6340316374519025 0.725211608222491 0.6425823001282599 0.7149334945586457 0.6425823001282599
RD 0.7318621523579202 0.6340316374519025 0.7412333736396615 0.6340316374519025 0.7412333736396615 0.6425823001282599 0.7318621523579202 0.6425823001282599
g 0.5574365175332527 0.6579734929457033 0.5619709794437727 0.6579734929457033 0.5619709794437727 0.6678067550235143 0.5574365175332527 0.6678067550235143
a 0.6714026602176542 0.6541256947413424 0.6786577992744861 0.6541256947413424 0.6786577992744861 0.6643864899529713 0.6714026602176542 0.6643864899529713
a. 0.6949818621523579 0.6592560923471569 0.7025392986698912 0.6592560923471569 0.7025392986698912 0.669089354424968 0.6949818621523579 0.669089354424968
tk 0.685006045949214 0.6733646857631467 0.6925634824667473 0.6733646857631467 0.6925634824667473 0.6836254809747755 0.685006045949214 0.6836254809747755
Pt 0.7088875453446191 0.6780675502351432 0.716142684401451 0.6780675502351432 0.716142684401451 0.6883283454467721 0.7088875453446191 0.6883283454467721
Permeterdammung 0.4307738814993954 0.6896109448482257 0.46463119709794437 0.6896109448482257 0.46463119709794437 0.6960239418554938 0.4307738814993954 0.6960239418554938
und 0.46946795646916567 0.6896109448482257 0.4758162031438936 0.6896109448482257 0.4758162031438936 0.6960239418554938 0.46946795646916567 0.6960239418554938
x 0.6750302297460702 0.6874732791791364 0.6825876662636033 0.6874732791791364 0.6825876662636033 0.6977340743907653 0.6750302297460702 0.6977340743907653
M4 0.6986094316807738 0.685763146643865 0.7061668681983071 0.685763146643865 0.7061668681983071 0.7041470713980333 0.6986094316807738 0.7041470713980333
es 0.7324667472793228 0.6831979478409577 0.7439540507859734 0.6831979478409577 0.7439540507859734 0.6930312099187687 0.7324667472793228 0.6930312099187687
Baukiiper—Abdichfung 0.4307738814993954 0.6977340743907653 0.4727932285368803 0.6977340743907653 0.4727932285368803 0.7071398033347585 0.4307738814993954 0.7071398033347585
s 0.6617291414752116 0.6990166737922189 0.6659613059250302 0.6990166737922189 0.6659613059250302 0.708422402736212 0.6617291414752116 0.708422402736212
Leistung 0.44014510278113667 0.7062847370671227 0.45556227327690446 0.7062847370671227 0.45556227327690446 0.7139803334758443 0.44014510278113667 0.7139803334758443
angrenzendes 0.4579806529625151 0.7062847370671227 0.4830713422007255 0.7062847370671227 0.4830713422007255 0.7139803334758443 0.4579806529625151 0.7139803334758443
| 0.5371825876662636 0.7079948696023942 0.5625755743651754 0.7079948696023942 0.5625755743651754 0.7199657973492946 0.5371825876662636 0.7199657973492946
ye 0.6901451027811366 0.702009405728944 0.6931680773881499 0.702009405728944 0.6931680773881499 0.7191107310816588 0.6901451027811366 0.7191107310816588
J 0.7119105199516325 0.7114151346729372 0.7191656590084643 0.7114151346729372 0.7191656590084643 0.7216759298845661 0.7119105199516325 0.7216759298845661
A 0.6544740024183797 0.7165455322787516 0.662031438935913 0.7165455322787516 0.662031438935913 0.7263787943565626 0.6544740024183797 0.7263787943565626
Wl 0.6629383313180169 0.7148353997434801 0.6771463119709794 0.7148353997434801 0.6771463119709794 0.7332193244976486 0.6629383313180169 0.7332193244976486
yp 0.6783555018137848 0.7208208636169303 0.6856106408706167 0.7208208636169303 0.6856106408706167 0.7315091919623771 0.6783555018137848 0.7315091919623771
x) 0.7354897218863361 0.7165455322787516 0.7439540507859734 0.7165455322787516 0.7439540507859734 0.7263787943565626 0.7354897218863361 0.7263787943565626
a 0.7019347037484885 0.7255237280889268 0.7091898428053204 0.7255237280889268 0.7091898428053204 0.7362120564343737 0.7019347037484885 0.7362120564343737
Sp 0.6680773881499396 0.735356990166738 0.6756348246674728 0.735356990166738 0.6756348246674728 0.7456177853783669 0.6680773881499396 0.7456177853783669
DS 0.6919588875453446 0.7404873877725524 0.6992140266021766 0.7404873877725524 0.6992140266021766 0.7503206498503634 0.6919588875453446 0.7503206498503634
6 0.7255139056831923 0.7306541256947413 0.7327690447400241 0.7306541256947413 0.7327690447400241 0.7409149209063702 0.7255139056831923 0.7409149209063702
=e 0.6714026602176542 0.7447627191107311 0.722490931076179 0.7447627191107311 0.722490931076179 0.7605814450619923 0.6714026602176542 0.7605814450619923
<A 0.7388149939540508 0.7494655835827276 0.7439540507859734 0.7494655835827276 0.7439540507859734 0.7597263787943566 0.7388149939540508 0.7597263787943566
ff 0.7273276904474002 0.7622915775972637 0.7345828295042321 0.7622915775972637 0.7345828295042321 0.7759726378794357 0.7273276904474002 0.7759726378794357
ci 0.6641475211608222 0.7669944420692604 0.6789600967351874 0.7669944420692604 0.6789600967351874 0.7875160324925182 0.6641475211608222 0.7875160324925182
1 0.7433494558645707 0.7793929029499786 0.7439540507859734 0.7793929029499786 0.7439540507859734 0.7836682342881574 0.7433494558645707 0.7836682342881574
Peta 0.6689842805320435 0.787943565626336 0.7297460701330108 0.787943565626336 0.7297460701330108 0.8041898247114151 0.6689842805320435 0.8041898247114151
Dimmung 0.4235187424425635 0.8003420265070543 0.4416565900846433 0.8003420265070543 0.4416565900846433 0.808037622915776 0.4235187424425635 0.808037622915776
und 0.4437726723095526 0.8003420265070543 0.45042321644498184 0.8003420265070543 0.45042321644498184 0.8067550235143224 0.4437726723095526 0.8067550235143224
Folie 0.4528415961305925 0.7999144933732364 0.46130592503022977 0.7999144933732364 0.46130592503022977 0.8067550235143224 0.4528415961305925 0.8067550235143224
Boy 0.6723095525997581 0.8007695596408722 0.6801692865779927 0.8007695596408722 0.6801692865779927 0.8106028217186833 0.6723095525997581 0.8106028217186833
eet 0.6844014510278114 0.8041898247114151 0.694074969770254 0.8041898247114151 0.694074969770254 0.8106028217186833 0.6844014510278114 0.8106028217186833
Todo 0.6964933494558646 0.8037622915775973 0.711608222490931 0.8037622915775973 0.711608222490931 0.8106028217186833 0.6964933494558646 0.8106028217186833
um 0.4235187424425635 0.8106028217186833 0.4286577992744861 0.8106028217186833 0.4286577992744861 0.814450619923044 0.4235187424425635 0.814450619923044
Pfosten 0.43107617896009676 0.8084651560495938 0.4449818621523579 0.8084651560495938 0.4449818621523579 0.814450619923044 0.43107617896009676 0.814450619923044
herumfihren, 0.44740024183796856 0.8084651560495938 0.47218863361547764 0.8084651560495938 0.47218863361547764 0.8157332193244976 0.44740024183796856 0.8157332193244976
zB 0.6689842805320435 0.8058999572466866 0.6720072551390568 0.8058999572466866 0.6720072551390568 0.8106028217186833 0.6689842805320435 0.8106028217186833
2x 0.6804715840386941 0.8058999572466866 0.682285368802902 0.8058999572466866 0.682285368802902 0.8106028217186833 0.6804715840386941 0.8106028217186833
110 0.7119105199516325 0.8041898247114151 0.717956469165659 0.8041898247114151 0.717956469165659 0.8106028217186833 0.7119105199516325 0.8106028217186833
ouf 0.4235187424425635 0.8161607524583155 0.42956469165659006 0.8161607524583155 0.42956469165659006 0.8230012825994014 0.4235187424425635 0.8230012825994014
ausreichende 0.4316807738814994 0.8161607524583155 0.45556227327690446 0.8161607524583155 0.45556227327690446 0.8230012825994014 0.4316807738814994 0.8230012825994014
Darmnung 0.4579806529625151 0.8161607524583155 0.47642079806529625 0.8161607524583155 0.47642079806529625 0.8247114151346729 0.4579806529625151 0.8247114151346729
LI 0.6296856106408706 0.8221462163317658 0.6330108827085853 0.8221462163317658 0.6330108827085853 0.8230012825994014 0.6296856106408706 0.8230012825994014
des 0.4235187424425635 0.8247114151346729 0.42956469165659006 0.8247114151346729 0.42956469165659006 0.8306968790081232 0.4235187424425635 0.8306968790081232
Pfostens 0.4319830713422007 0.8247114151346729 0.4480048367593712 0.8247114151346729 0.4480048367593712 0.8306968790081232 0.4319830713422007 0.8306968790081232
achten 0.4501209189842805 0.8247114151346729 0.4628174123337364 0.8247114151346729 0.4628174123337364 0.8306968790081232 0.4501209189842805 0.8306968790081232
