Detail 0.3612454655380895 0.17443351859769132 0.3824062877871826 0.17443351859769132 0.3824062877871826 0.1838392475416845 0.3612454655380895 0.1838392475416845
Glasfassade 0.3854292623941959 0.17400598546387344 0.43107617896009676 0.17400598546387344 0.43107617896009676 0.1838392475416845 0.3854292623941959 0.1838392475416845
LV-Pos. 0.36094316807738813 0.18896964514749892 0.3905683192261185 0.18896964514749892 0.3905683192261185 0.19837537409149208 0.36094316807738813 0.19837537409149208
1.1.1200 0.3944981862152358 0.18896964514749892 0.42503022974607013 0.18896964514749892 0.42503022974607013 0.19837537409149208 0.3944981862152358 0.19837537409149208
siehe 0.3615477629987908 0.20307823856348867 0.3814993954050786 0.20307823856348867 0.3814993954050786 0.21248396750748183 0.3615477629987908 0.21248396750748183
Blatt 0.3845223700120919 0.20307823856348867 0.4014510278113664 0.20307823856348867 0.4014510278113664 0.21248396750748183 0.3845223700120919 0.21248396750748183
D410a 0.40386940749697703 0.20307823856348867 0.42714631197097946 0.20307823856348867 0.42714631197097946 0.21248396750748183 0.40386940749697703 0.21248396750748183
Detail 0.7533252720677146 0.2039333048311244 0.7741837968561064 0.2039333048311244 0.7741837968561064 0.21333903377511756 0.7533252720677146 0.21333903377511756
Achse 0.7769044740024184 0.2039333048311244 0.8004836759371221 0.2039333048311244 0.8004836759371221 0.21376656690893545 0.7769044740024184 0.21376656690893545
D 0.8029020556227328 0.2039333048311244 0.8083434099153567 0.2039333048311244 0.8083434099153567 0.21333903377511756 0.8029020556227328 0.21333903377511756
- 0.810459492140266 0.20863616930312098 0.8134824667472793 0.20863616930312098 0.8134824667472793 0.21077383497221033 0.810459492140266 0.21077383497221033
H 0.81590084643289 0.2039333048311244 0.8213422007255139 0.2039333048311244 0.8213422007255139 0.21376656690893545 0.81590084643289 0.21376656690893545
Falzgrund 0.36698911729141476 0.22231722958529285 0.4014510278113664 0.22231722958529285 0.4014510278113664 0.23514322359982898 0.36698911729141476 0.23514322359982898
Pfosten 0.4062877871825877 0.22231722958529285 0.43349455864570735 0.22231722958529285 0.43349455864570735 0.2321504916631039 0.4062877871825877 0.2321504916631039
Entwdsserung 0.36698911729141476 0.23557075673364686 0.4165659008464329 0.23557075673364686 0.4165659008464329 0.248396750748183 0.36698911729141476 0.248396750748183
auf 0.42140266021765416 0.23557075673364686 0.4328899637243047 0.23557075673364686 0.4328899637243047 0.24540401881145787 0.42140266021765416 0.24540401881145787
Fremdleistungen 0.7533252720677146 0.23257802479692177 0.814993954050786 0.23257802479692177 0.814993954050786 0.24497648567764002 0.7533252720677146 0.24497648567764002
Fassadenfolie 0.36698911729141476 0.2479692176143651 0.4153567110036276 0.2479692176143651 0.4153567110036276 0.2578024796921761 0.36698911729141476 0.2578024796921761
nur 0.7530229746070133 0.24882428388200087 0.7654171704957679 0.24882428388200087 0.7654171704957679 0.25651988029072254 0.7530229746070133 0.25651988029072254
angedeutet, 0.7675332527206772 0.24711415134672937 0.8110640870616687 0.24711415134672937 0.8110640870616687 0.2586575459598119 0.7675332527206772 0.2586575459598119
siehe 0.7533252720677146 0.261650277896537 0.7732769044740024 0.261650277896537 0.7732769044740024 0.27105600684053016 0.7533252720677146 0.27105600684053016
hierzu 0.7762998790810157 0.261650277896537 0.7989721886336155 0.261650277896537 0.7989721886336155 0.27105600684053016 0.7762998790810157 0.27105600684053016
Arch.Detail 0.8016928657799275 0.261650277896537 0.8412938331318017 0.261650277896537 0.8412938331318017 0.27105600684053016 0.8016928657799275 0.27105600684053016
Blatt 0.7530229746070133 0.27575887131252674 0.7702539298669892 0.27575887131252674 0.7702539298669892 0.2851646002565199 0.7530229746070133 0.2851646002565199
Nr. 0.7729746070133011 0.27575887131252674 0.7835550181378477 0.27575887131252674 0.7835550181378477 0.2851646002565199 0.7729746070133011 0.2851646002565199
1223 0.786577992744861 0.27575887131252674 0.8038089480048367 0.27575887131252674 0.8038089480048367 0.2851646002565199 0.786577992744861 0.2851646002565199
Lospunkt 0.6659613059250302 0.31295425395468146 0.6983071342200725 0.31295425395468146 0.6983071342200725 0.3223599828986746 0.6659613059250302 0.3223599828986746
Rankhilfe 0.7034461910519951 0.31252672082086363 0.7354897218863361 0.31252672082086363 0.7354897218863361 0.3223599828986746 0.7034461910519951 0.3223599828986746
Fassadenfolie 0.532043530834341 0.38991021804189824 0.5804111245465539 0.38991021804189824 0.5804111245465539 0.40017101325352716 0.532043530834341 0.40017101325352716
(Windsperre) 0.5855501813784765 0.38905515177426253 0.6302902055622733 0.38905515177426253 0.6302902055622733 0.4027362120564344 0.5855501813784765 0.4027362120564344
d 0.532043530834341 0.4035912783240701 0.535671100362757 0.4035912783240701 0.535671100362757 0.41299700726806327 0.532043530834341 0.41299700726806327
Folie 0.5819226118500604 0.4031637451902522 0.5982466747279322 0.4031637451902522 0.5982466747279322 0.41299700726806327 0.5819226118500604 0.41299700726806327
1 0.6033857315598549 0.4031637451902522 0.6051995163240629 0.4031637451902522 0.6051995163240629 0.41299700726806327 0.6033857315598549 0.41299700726806327
Festpunkt 0.814993954050786 0.466866182129115 0.8503627569528416 0.466866182129115 0.8503627569528416 0.47926464300983324 0.814993954050786 0.47926464300983324
Rankhilfe 0.814993954050786 0.4796921761436511 0.8476420798065296 0.4796921761436511 0.8476420798065296 0.48952543822146216 0.814993954050786 0.48952543822146216
Parkhaus 0.11094316807738815 0.877297990594271 0.1523579201934704 0.877297990594271 0.1523579201934704 0.8879863189397178 0.11094316807738815 0.8879863189397178
Detail 0.15628778718258768 0.877297990594271 0.1807738814993954 0.877297990594271 0.1807738814993954 0.8879863189397178 0.15628778718258768 0.8879863189397178
Hof 0.1847037484885127 0.877297990594271 0.20012091898428053 0.877297990594271 0.20012091898428053 0.8879863189397178 0.1847037484885127 0.8879863189397178
