Ni 0.4546553808948005 0.2479692176143651 0.4948609431680774 0.2479692176143651 0.4948609431680774 0.31509191962377087 0.4546553808948005 0.31509191962377087
z 0.6085247883917775 0.2932877297990594 0.6130592503022975 0.2932877297990594 0.6130592503022975 0.3039760581445062 0.6085247883917775 0.3039760581445062
g 0.6472188633615478 0.29628046173578454 0.6520556227327691 0.29628046173578454 0.6520556227327691 0.3069687900812313 0.6472188633615478 0.3069687900812313
be 0.4954655380894801 0.3142368533561351 0.5250906892382105 0.3142368533561351 0.5250906892382105 0.3262077811030355 0.4954655380894801 0.3262077811030355
| 0.5205562273276905 0.30440359127832406 0.5262998790810157 0.30440359127832406 0.5262998790810157 0.32791791363830697 0.5205562273276905 0.32791791363830697
L 0.4486094316807739 0.32834544677212485 0.45828295042321643 0.32834544677212485 0.45828295042321643 0.3548525010688328 0.4486094316807739 0.3548525010688328
te 0.4579806529625151 0.32834544677212485 0.47702539298669894 0.32834544677212485 0.47702539298669894 0.3548525010688328 0.4579806529625151 0.3548525010688328
+ 0.5595525997581621 0.334330910645575 0.56590084643289 0.334330910645575 0.56590084643289 0.3467293715262933 0.5595525997581621 0.3467293715262933
f- 0.6478234582829504 0.3232150491663104 0.6692865779927448 0.3232150491663104 0.6692865779927448 0.36169303120991875 0.6478234582829504 0.36169303120991875
Bsc 0.4658403869407497 0.354424967935015 0.4948609431680774 0.354424967935015 0.4948609431680774 0.3702436938862762 0.4658403869407497 0.3702436938862762
| 0.5075574365175333 0.3522873022659256 0.5169286577992744 0.3522873022659256 0.5169286577992744 0.3655408294142796 0.5075574365175333 0.3655408294142796
HA 0.4954655380894801 0.3698161607524583 0.5250906892382105 0.3698161607524583 0.5250906892382105 0.38093202223172296 0.4954655380894801 0.38093202223172296
| 0.5136033857315598 0.3591278324070115 0.5166263603385731 0.3591278324070115 0.5166263603385731 0.3826421547669944 0.5136033857315598 0.3826421547669944
| 0.5205562273276905 0.3591278324070115 0.5262998790810157 0.3591278324070115 0.5262998790810157 0.3826421547669944 0.5205562273276905 0.3826421547669944
| 0.5081620314389359 0.3847798204360838 0.5157194679564692 0.3847798204360838 0.5157194679564692 0.38862761864044465 0.5081620314389359 0.38862761864044465
Heizkbrper-Befestigung 0.5477629987908101 0.3847798204360838 0.6070133010882709 0.3847798204360838 0.6070133010882709 0.39290294997862335 0.5477629987908101 0.39290294997862335
Hi 0.6441958887545345 0.39333048311244123 0.6505441354292624 0.39333048311244123 0.6505441354292624 0.40487387772552375 0.6441958887545345 0.40487387772552375
_ 0.655683192261185 0.3745190252244549 0.6741233373639661 0.3745190252244549 0.6741233373639661 0.4031637451902522 0.655683192261185 0.4031637451902522
ba 0.47642079806529625 0.38905515177426253 0.4870012091898428 0.38905515177426253 0.4870012091898428 0.39717828131680205 0.47642079806529625 0.39717828131680205
ofi 0.49455864570737607 0.39290294997862335 0.5012091898428053 0.39290294997862335 0.5012091898428053 0.4065840102607952 0.49455864570737607 0.4065840102607952
an 0.5477629987908101 0.3963232150491663 0.5535066505441354 0.3963232150491663 0.5535066505441354 0.40059854638734504 0.5477629987908101 0.40059854638734504
Pfdsten 0.555925030229746 0.3946130825138948 0.5755743651753326 0.3946130825138948 0.5755743651753326 0.40059854638734504 0.555925030229746 0.40059854638734504
nach 0.5779927448609432 0.3946130825138948 0.5903869407496977 0.3946130825138948 0.5903869407496977 0.40059854638734504 0.5779927448609432 0.40059854638734504
Abstimmung 0.5922007255139057 0.3946130825138948 0.621825876662636 0.3946130825138948 0.621825876662636 0.4023086789226165 0.5922007255139057 0.4023086789226165
cane 0.4546553808948005 0.40572894399315945 0.5024183796856106 0.40572894399315945 0.5024183796856106 0.4300983326207781 0.4546553808948005 0.4300983326207781
+4 0.5513905683192262 0.4112868747327918 0.5634824667472793 0.4112868747327918 0.5634824667472793 0.4228302693458743 0.5513905683192262 0.4228302693458743
{|} 0.4655380894800484 0.42069260367678496 0.4709794437726723 0.42069260367678496 0.4709794437726723 0.4360837964942283 0.4655380894800484 0.4360837964942283
244101 0.3564087061668682 0.43095339888841383 0.37001209189842804 0.43095339888841383 0.37001209189842804 0.4450619923044036 0.3564087061668682 0.4450619923044036
322420 0.47672309552599756 0.4343736639589568 0.4918379685610641 0.4343736639589568 0.4918379685610641 0.44121419410004276 0.47672309552599756 0.44121419410004276
| 0.49274486094316805 0.4313809320222317 0.496372430471584 0.4313809320222317 0.496372430471584 0.44548952543822146 0.49274486094316805 0.44548952543822146
J 0.49939540507859737 0.4313809320222317 0.5030229746070133 0.4313809320222317 0.5030229746070133 0.44548952543822146 0.49939540507859737 0.44548952543822146
| 0.5 0.43822146216331764 0.5075574365175333 0.43822146216331764 0.5075574365175333 0.44377939290295 0.5 0.44377939290295
=] 0.558645707376058 0.4330910645575032 0.563180169286578 0.4330910645575032 0.563180169286578 0.4365113296280462 0.558645707376058 0.4365113296280462
to 0.5021160822249093 0.44377939290295 0.5075574365175333 0.44377939290295 0.5075574365175333 0.4471996579734929 0.5021160822249093 0.4471996579734929
322190 0.3542926239419589 0.4471996579734929 0.3715235792019347 0.4471996579734929 0.3715235792019347 0.4595981188542112 0.3542926239419589 0.4595981188542112
25 0.4023579201934704 0.44890979050876445 0.40719467956469163 0.44890979050876445 0.40719467956469163 0.4557503206498504 0.4023579201934704 0.4557503206498504
2 0.36698911729141476 0.463445917058572 0.3694074969770254 0.463445917058572 0.3694074969770254 0.47028644719965795 0.36698911729141476 0.47028644719965795
a 0.6472188633615478 0.46130825138948267 0.6520556227327691 0.46130825138948267 0.6520556227327691 0.4711415134672937 0.6472188633615478 0.4711415134672937
———* 0.5447400241837969 0.47840957674219753 0.56590084643289 0.47840957674219753 0.56590084643289 0.483539974348012 0.5447400241837969 0.483539974348012
TAHE 0.31257557436517536 0.49080803762291575 0.32799274486094315 0.49080803762291575 0.32799274486094315 0.49807610089781956 0.31257557436517536 0.49807610089781956
= 0.35368802902055624 0.4882428388200086 0.3558041112454655 0.4882428388200086 0.3558041112454655 0.5053441641727234 0.35368802902055624 0.5053441641727234
Li! 0.44709794437726724 0.4873877725523728 0.46523579201934706 0.4873877725523728 0.46523579201934706 0.5181701581872595 0.44709794437726724 0.5181701581872595
¥ 0.5136033857315598 0.48952543822146216 0.5160217654171705 0.48952543822146216 0.5160217654171705 0.500213766566909 0.5136033857315598 0.500213766566909
Falzbeliiftung 0.31106408706166866 0.5177426250534416 0.33796856106408707 0.5177426250534416 0.33796856106408707 0.5262932877297991 0.31106408706166866 0.5262932877297991
+ 0.34099153567110035 0.5185976913210774 0.343409915356711 0.5185976913210774 0.343409915356711 0.5245831551945276 0.34099153567110035 0.5245831551945276
Entwésserung 0.34673518742442566 0.5177426250534416 0.374546553808948 0.5177426250534416 0.374546553808948 0.5262932877297991 0.34673518742442566 0.5262932877297991
HL. 0.437726723095526 0.5156049593843522 0.44316807738814995 0.5156049593843522 0.44316807738814995 0.5280034202650705 0.437726723095526 0.5280034202650705
ir 0.45223700120918986 0.5121846943138093 0.4579806529625151 0.5121846943138093 0.4579806529625151 0.5280034202650705 0.45223700120918986 0.5280034202650705
ta 0.5096735187424426 0.5160324925181702 0.5117896009673518 0.5160324925181702 0.5117896009673518 0.5245831551945276 0.5096735187424426 0.5245831551945276
liber 0.31106408706166866 0.5250106883283454 0.31983071342200725 0.5250106883283454 0.31983071342200725 0.5374091492090637 0.31106408706166866 0.5374091492090637
Pf 0.32073760580411126 0.5250106883283454 0.32678355501813783 0.5250106883283454 0.32678355501813783 0.5374091492090637 0.32073760580411126 0.5374091492090637
jichtstiick 0.34068923821039904 0.5267208208636169 0.3594316807738815 0.5267208208636169 0.3594316807738815 0.5335613510047028 0.34068923821039904 0.5335613510047028
sa 0.42593712212817414 0.523300555793074 0.4307738814993954 0.523300555793074 0.4307738814993954 0.5356990166737923 0.42593712212817414 0.5356990166737923
elle| 0.48518742442563484 0.5203078238563489 0.496372430471584 0.5203078238563489 0.496372430471584 0.5335613510047028 0.48518742442563484 0.5335613510047028
/ 0.49667472793228534 0.5220179563916203 0.499093107617896 0.5220179563916203 0.499093107617896 0.5318512184694314 0.49667472793228534 0.5318512184694314
Gevi 0.501813784764208 0.5203078238563489 0.5105804111245466 0.5203078238563489 0.5105804111245466 0.5335613510047028 0.501813784764208 0.5335613510047028
a 0.5831318016928658 0.5301410859341599 0.5882708585247884 0.5301410859341599 0.5882708585247884 0.5369816160752459 0.5831318016928658 0.5369816160752459
Sekundirentwaisserung 0.3080411124546554 0.5365540829414279 0.35761789600967353 0.5365540829414279 0.35761789600967353 0.5506626763574177 0.3080411124546554 0.5506626763574177
lc 0.43500604594921405 0.5382642154766994 0.4356106408706167 0.5382642154766994 0.4356106408706167 0.539974348011971 0.43500604594921405 0.539974348011971
7 0.4477025392986699 0.5369816160752459 0.4498186215235792 0.5369816160752459 0.4498186215235792 0.5446772124839675 0.4477025392986699 0.5446772124839675
7 0.46523579201934706 0.5412569474134246 0.4658403869407497 0.5412569474134246 0.4658403869407497 0.5459598118854211 0.46523579201934706 0.5459598118854211
+4.380 0.655683192261185 0.5365540829414279 0.6717049576783555 0.5365540829414279 0.6717049576783555 0.542967079948696 0.655683192261185 0.542967079948696
Basisriegel 0.3083434099153567 0.5476699444206926 0.33222490931076176 0.5476699444206926 0.33222490931076176 0.559640872167593 0.3083434099153567 0.559640872167593
orbs 0.42503022974607013 0.5404018811457888 0.4407496977025393 0.5404018811457888 0.4407496977025393 0.5592133390337751 0.42503022974607013 0.5592133390337751
JT 0.4419588875453446 0.5365540829414279 0.4607013301088271 0.5365540829414279 0.4607013301088271 0.5592133390337751 0.4419588875453446 0.5592133390337751
zw. 0.5063482466747279 0.5528003420265071 0.5123941958887546 0.5528003420265071 0.5123941958887546 0.5575032064985036 0.5063482466747279 0.5575032064985036
Riegel 0.5126964933494559 0.5476699444206926 0.5287182587666264 0.5476699444206926 0.5287182587666264 0.5609234715690466 0.5126964933494559 0.5609234715690466
und 0.529322853688029 0.5476699444206926 0.5368802902055623 0.5476699444206926 0.5368802902055623 0.5609234715690466 0.529322853688029 0.5609234715690466
4 0.558645707376058 0.5378366823428816 0.56590084643289 0.5378366823428816 0.56590084643289 0.5592133390337751 0.558645707376058 0.5592133390337751
ah 0.5828295042321644 0.5476699444206926 0.590689238210399 0.5476699444206926 0.590689238210399 0.5609234715690466 0.5828295042321644 0.5609234715690466
a 0.6505441354292624 0.5532278751603249 0.6544740024183797 0.5532278751603249 0.6544740024183797 0.5592133390337751 0.6505441354292624 0.5592133390337751
by 0.4546553808948005 0.5579307396323215 0.46523579201934706 0.5579307396323215 0.46523579201934706 0.5775972637879435 0.4546553808948005 0.5775972637879435
en_obdichten 0.5051390568319226 0.559640872167593 0.5368802902055623 0.559640872167593 0.5368802902055623 0.5673364685763147 0.5051390568319226 0.5673364685763147
= 0.5909915356711004 0.5690466011115861 0.5937122128174124 0.5690466011115861 0.5937122128174124 0.5724668661821292 0.5909915356711004 0.5724668661821292
— 0.7524183796856106 0.5711842667806755 0.7602781136638452 0.5711842667806755 0.7602781136638452 0.5733219324497648 0.7524183796856106 0.5733219324497648
Ph 0.17926239419588874 0.5711842667806755 0.20918984280532044 0.5711842667806755 0.20918984280532044 0.5887131252672082 0.17926239419588874 0.5887131252672082
eke 0.2327690447400242 0.5711842667806755 0.2569528415961306 0.5711842667806755 0.2569528415961306 0.5887131252672082 0.2327690447400242 0.5887131252672082
te 0.27660217654171704 0.5677640017101325 0.28597339782345826 0.5677640017101325 0.28597339782345826 0.5775972637879435 0.27660217654171704 0.5775972637879435
TA 0.46039903264812576 0.5686190679777683 0.4782345828295042 0.5686190679777683 0.4782345828295042 0.5934159897392048 0.46039903264812576 0.5934159897392048
= 0.5562273276904474 0.572894399315947 0.5601571946795647 0.572894399315947 0.5601571946795647 0.5823001282599402 0.5562273276904474 0.5823001282599402
Se 0.6142684401451027 0.5720393330483112 0.6396614268440145 0.5720393330483112 0.6396614268440145 0.5823001282599402 0.6142684401451027 0.5823001282599402
kaa, 0.6605199516324063 0.5771697306541257 0.6859129383313181 0.5771697306541257 0.6859129383313181 0.5840102607952117 0.6605199516324063 0.5840102607952117
° 0.7911124546553809 0.5690466011115861 0.7941354292623942 0.5690466011115861 0.7941354292623942 0.5818725951261223 0.7911124546553809 0.5818725951261223
J 0.22037484885126965 0.5878580589995724 0.2270253929866989 0.5878580589995724 0.2270253929866989 0.5972637879435656 0.22037484885126965 0.5972637879435656
x 0.26874244256348245 0.5878580589995724 0.2747883917775091 0.5878580589995724 0.2747883917775091 0.5972637879435656 0.26874244256348245 0.5972637879435656
| 0.4283555018137848 0.589568191534844 0.4316807738814994 0.589568191534844 0.4316807738814994 0.5985463873450192 0.4283555018137848 0.5985463873450192
, 0.5084643288996372 0.5946985891406584 0.5099758162031439 0.5946985891406584 0.5099758162031439 0.6019666524155622 0.5084643288996372 0.6019666524155622
i 0.5516928657799275 0.5840102607952117 0.5662031438935913 0.5840102607952117 0.5662031438935913 0.5929884566053869 0.5516928657799275 0.5929884566053869
all 0.5728536880290206 0.5805899957246686 0.5825272067714631 0.5805899957246686 0.5825272067714631 0.6032492518170158 0.5728536880290206 0.6032492518170158
oh 0.5882708585247884 0.5805899957246686 0.5985489721886336 0.5805899957246686 0.5985489721886336 0.6032492518170158 0.5882708585247884 0.6032492518170158
ge 0.6444981862152358 0.5801624625908508 0.6562877871825876 0.5801624625908508 0.6562877871825876 0.5985463873450192 0.6444981862152358 0.5985463873450192
g 0.6596130592503023 0.595981188542112 0.660217654171705 0.595981188542112 0.660217654171705 0.5968362548097478 0.6596130592503023 0.5968362548097478
** 0.6711003627569528 0.5874305258657546 0.6777509068923822 0.5874305258657546 0.6777509068923822 0.5882855921333904 0.6711003627569528 0.5882855921333904
a 0.7064691656590084 0.5835827276613937 0.7091898428053204 0.5835827276613937 0.7091898428053204 0.5870029927319367 0.7064691656590084 0.5870029927319367
ae 0.752720677146312 0.5844377939290295 0.7781136638452237 0.5844377939290295 0.7781136638452237 0.5955536554082942 0.752720677146312 0.5955536554082942
BS 0.7902055622732769 0.5844377939290295 0.7977629987908101 0.5844377939290295 0.7977629987908101 0.5899957246686618 0.7902055622732769 0.5899957246686618
a 0.7992744860943168 0.5878580589995724 0.8134824667472793 0.5878580589995724 0.8134824667472793 0.5985463873450192 0.7992744860943168 0.5985463873450192
§ 0.26541717049576785 0.6006840530141085 0.2660217654171705 0.6006840530141085 0.2660217654171705 0.6015391192817443 0.26541717049576785 0.6015391192817443
is 0.5471584038694075 0.5929884566053869 0.5519951632406288 0.5929884566053869 0.5519951632406288 0.605814450619923 0.5471584038694075 0.605814450619923
en 0.5955259975816203 0.5989739204788371 0.6021765417170496 0.5989739204788371 0.6021765417170496 0.6019666524155622 0.5955259975816203 0.6019666524155622
= 0.6907496977025392 0.5955536554082942 0.6937726723095526 0.5955536554082942 0.6937726723095526 0.5985463873450192 0.6907496977025392 0.5985463873450192
: 0.7094921402660218 0.595981188542112 0.7103990326481258 0.595981188542112 0.7103990326481258 0.6032492518170158 0.7094921402660218 0.6032492518170158
oon 0.17926239419588874 0.5968362548097478 0.19740024183796856 0.5968362548097478 0.19740024183796856 0.6100897819581017 0.17926239419588874 0.6100897819581017
oe 0.20858524788391777 0.5951261222744763 0.21251511487303507 0.5951261222744763 0.21251511487303507 0.6160752458315519 0.20858524788391777 0.6160752458315519
fe 0.23458282950423218 0.5951261222744763 0.24516324062877873 0.5951261222744763 0.24516324062877873 0.6096622488242839 0.23458282950423218 0.6096622488242839
Démmung 0.3304111245465538 0.599401453612655 0.35066505441354295 0.599401453612655 0.35066505441354295 0.6083796494228303 0.3304111245465538 0.6083796494228303
hart 0.35308343409915355 0.599401453612655 0.3615477629987908 0.599401453612655 0.3615477629987908 0.6062419837537409 0.35308343409915355 0.6062419837537409
50. 0.3642684401451028 0.599401453612655 0.3694074969770254 0.599401453612655 0.3694074969770254 0.6062419837537409 0.3642684401451028 0.6062419837537409
men 0.3721281741233374 0.6011115861479265 0.37968561064087064 0.6011115861479265 0.37968561064087064 0.6062419837537409 0.3721281741233374 0.6062419837537409
jl 0.42230955259975816 0.5968362548097478 0.4328899637243047 0.5968362548097478 0.4328899637243047 0.6109448482257375 0.42230955259975816 0.6109448482257375
| 0.4588875453446191 0.6019666524155622 0.45949214026602175 0.6019666524155622 0.45949214026602175 0.6100897819581017 0.4588875453446191 0.6100897819581017
Fk 0.5710399032648126 0.6006840530141085 0.5979443772672309 0.6006840530141085 0.5979443772672309 0.6075245831551945 0.5710399032648126 0.6075245831551945
ae 0.6172914147521161 0.5989739204788371 0.6257557436517533 0.5989739204788371 0.6257557436517533 0.6100897819581017 0.6172914147521161 0.6100897819581017
2 0.6417775090689238 0.6088071825566481 0.6441958887545345 0.6088071825566481 0.6441958887545345 0.6130825138948268 0.6417775090689238 0.6130825138948268
Wh 0.6571946795646917 0.6053869174861052 0.6671704957678356 0.6053869174861052 0.6671704957678356 0.6160752458315519 0.6571946795646917 0.6160752458315519
@ 0.7835550181378477 0.6023941855493801 0.7862756952841596 0.6023941855493801 0.7862756952841596 0.6062419837537409 0.7835550181378477 0.6062419837537409
nicht 0.48155985489721886 0.6152201795639162 0.4915356711003628 0.6152201795639162 0.4915356711003628 0.6216331765711842 0.48155985489721886 0.6216331765711842
Bs 0.652962515114873 0.6160752458315519 0.6605199516324063 0.6160752458315519 0.6605199516324063 0.6216331765711842 0.652962515114873 0.6216331765711842
44 0.687726723095526 0.6139375801624626 0.6952841596130592 0.6139375801624626 0.6952841596130592 0.6194955109020949 0.687726723095526 0.6194955109020949
a 0.7100967351874244 0.6135100470286448 0.7137243047158404 0.6135100470286448 0.7137243047158404 0.6216331765711842 0.7100967351874244 0.6216331765711842
4 0.7563482466747279 0.6169303120991877 0.7590689238210399 0.6169303120991877 0.7590689238210399 0.6212056434373664 0.7563482466747279 0.6212056434373664
Cc 0.24274486094316808 0.6147926464300983 0.248186215235792 0.6147926464300983 0.248186215235792 0.628901239846088 0.24274486094316808 0.628901239846088
2 0.6541717049576784 0.6233433091064557 0.654776299879081 0.6233433091064557 0.654776299879081 0.6241983753740915 0.6541717049576784 0.6241983753740915
a4 0.7258162031438936 0.6203505771697306 0.7366989117291415 0.6203505771697306 0.7366989117291415 0.6267635741769987 0.7258162031438936 0.6267635741769987
¢ 0.8025997581620314 0.6207781103035486 0.8056227327690447 0.6207781103035486 0.8056227327690447 0.6246259085079093 0.8025997581620314 0.6246259085079093
ie 0.1795646916565901 0.6353142368533561 0.21251511487303507 0.6353142368533561 0.21251511487303507 0.6716545532278752 0.1795646916565901 0.6716545532278752
bos 0.22037484885126965 0.6400171013253527 0.24546553808948005 0.6400171013253527 0.24546553808948005 0.6592560923471569 0.22037484885126965 0.6592560923471569
4 0.4398428053204353 0.6306113723813596 0.46432889963724305 0.6306113723813596 0.46432889963724305 0.6558358272766139 0.4398428053204353 0.6558358272766139
L 0.4649334945586457 0.6558358272766139 0.469770253929867 0.6558358272766139 0.469770253929867 0.6584010260795211 0.4649334945586457 0.6584010260795211
§ 0.33796856106408707 0.6682342881573322 0.34280532043530837 0.6682342881573322 0.34280532043530837 0.6733646857631467 0.33796856106408707 0.6733646857631467
# 0.4573760580411125 0.6703719538264216 0.45918984280532044 0.6703719538264216 0.45918984280532044 0.6750748182984181 0.4573760580411125 0.6750748182984181
‘Dye 0.5861547762998791 0.6545532278751603 0.6009673518742442 0.6545532278751603 0.6009673518742442 0.6802052159042326 0.5861547762998791 0.6802052159042326
[AVAVAVAVAVAVAVAVAVAVAVAY: 0.6466142684401451 0.6558358272766139 0.8134824667472793 0.6558358272766139 0.8134824667472793 0.6729371526293287 0.6466142684401451 0.6729371526293287
2 0.34673518742442566 0.6772124839675074 0.34885126964933494 0.6772124839675074 0.34885126964933494 0.6819153484395041 0.34673518742442566 0.6819153484395041
PT 0.4280532043530834 0.6772124839675074 0.4558645707376058 0.6772124839675074 0.4558645707376058 0.6802052159042326 0.4280532043530834 0.6802052159042326
at 0.45102781136638453 0.6707994869602394 0.4558645707376058 0.6707994869602394 0.4558645707376058 0.6844805472424113 0.45102781136638453 0.6844805472424113
‘ 0.1795646916565901 0.6926036767849508 0.18047158403869407 0.6926036767849508 0.18047158403869407 0.6964514749893117 0.1795646916565901 0.6964514749893117
{- 0.19316807738814995 0.6750748182984181 0.20012091898428053 0.6750748182984181 0.20012091898428053 0.6955964087216759 0.19316807738814995 0.6955964087216759
ONY 0.20405078597339782 0.6733646857631467 0.2400241837968561 0.6733646857631467 0.2400241837968561 0.6955964087216759 0.20405078597339782 0.6955964087216759
IA 0.24455864570737607 0.6810602821718683 0.27237001209189843 0.6810602821718683 0.27237001209189843 0.6947413424540402 0.24455864570737607 0.6947413424540402
FAI 0.3899637243047158 0.6831979478409577 0.4198911729141475 0.6831979478409577 0.4198911729141475 0.6904660111158615 0.3899637243047158 0.6904660111158615
| 0.47128174123337363 0.6823428815733219 0.4718863361547763 0.6823428815733219 0.4718863361547763 0.6904660111158615 0.47128174123337363 0.6904660111158615
St 0.3258766626360339 0.7011543394613082 0.3355501813784764 0.7011543394613082 0.3355501813784764 0.718683197947841 0.3258766626360339 0.718683197947841
fi 0.3545949214026602 0.7011543394613082 0.35792019347037485 0.7011543394613082 0.35792019347037485 0.718683197947841 0.3545949214026602 0.718683197947841
= 0.5595525997581621 0.7028644719965798 0.5671100362756953 0.7028644719965798 0.5671100362756953 0.7161179991449337 0.5595525997581621 0.7161179991449337
chit 0.35822249093107617 0.7139803334758443 0.36577992744860943 0.7139803334758443 0.36577992744860943 0.7268063274903805 0.35822249093107617 0.7268063274903805
| 0.5655985489721886 0.7191107310816588 0.5686215235792019 0.7191107310816588 0.5686215235792019 0.7242411286874733 0.5655985489721886 0.7242411286874733
i 0.1967956469165659 0.7575887131252672 0.20344619105199516 0.7575887131252672 0.20344619105199516 0.7669944420692604 0.1967956469165659 0.7669944420692604
~ 0.24455864570737607 0.7575887131252672 0.2512091898428053 0.7575887131252672 0.2512091898428053 0.7669944420692604 0.24455864570737607 0.7669944420692604
7 0.2923216444981862 0.7575887131252672 0.29897218863361547 0.7575887131252672 0.29897218863361547 0.7669944420692604 0.2923216444981862 0.7669944420692604
es 0.33585247883917774 0.7558785805899957 0.34673518742442566 0.7558785805899957 0.34673518742442566 0.7716973065412569 0.33585247883917774 0.7716973065412569
L 0.3854292623941959 0.7545959811885421 0.3899637243047158 0.7545959811885421 0.3899637243047158 0.7661393758016246 0.3854292623941959 0.7661393758016246
Big 0.2418379685610641 0.7699871740059855 0.24244256348246676 0.7699871740059855 0.24244256348246676 0.7708422402736212 0.2418379685610641 0.7708422402736212
ot 0.24425634824667472 0.7592988456605387 0.2578597339782346 0.7592988456605387 0.2578597339782346 0.7819581017528858 0.24425634824667472 0.7819581017528858
fk 0.310459492140266 0.7661393758016246 0.3171100362756953 0.7661393758016246 0.3171100362756953 0.7755451047456178 0.310459492140266 0.7755451047456178
eb 0.3373639661426844 0.7661393758016246 0.3648730350665054 0.7661393758016246 0.3648730350665054 0.7755451047456178 0.3373639661426844 0.7755451047456178
Peis 0.42019347037484883 0.7729799059427106 0.43833131801692865 0.7729799059427106 0.43833131801692865 0.7802479692176144 0.42019347037484883 0.7802479692176144
- 0.5577388149939541 0.7674219752030782 0.5640870616686819 0.7674219752030782 0.5640870616686819 0.7755451047456178 0.5577388149939541 0.7755451047456178
7 0.18500604594921402 0.774690038477982 0.19105199516324062 0.774690038477982 0.19105199516324062 0.7836682342881574 0.18500604594921402 0.7836682342881574
ie 0.23004836759371222 0.768277041470714 0.2379081015719468 0.768277041470714 0.2379081015719468 0.7892261650277896 0.23004836759371222 0.7892261650277896
A 0.28053204353083433 0.774690038477982 0.2871825876662636 0.774690038477982 0.2871825876662636 0.7836682342881574 0.28053204353083433 0.7836682342881574
| 0.402962515114873 0.7789653698161607 0.4035671100362757 0.7789653698161607 0.4035671100362757 0.7798204360837965 0.402962515114873 0.7798204360837965
| 0.49848851269649336 0.7789653698161607 0.499093107617896 0.7789653698161607 0.499093107617896 0.7798204360837965 0.49848851269649336 0.7798204360837965
= 0.5565296251511487 0.7789653698161607 0.5686215235792019 0.7789653698161607 0.5686215235792019 0.7836682342881574 0.5565296251511487 0.7836682342881574
$ 0.1816807738814994 0.7875160324925182 0.18228536880290205 0.7875160324925182 0.18228536880290205 0.7883710987601539 0.1816807738814994 0.7883710987601539
a 0.2028415961305925 0.7828131680205216 0.20918984280532044 0.7828131680205216 0.20918984280532044 0.7922188969645148 0.2028415961305925 0.7922188969645148
Zz 0.25181378476420796 0.7793929029499786 0.2545344619105199 0.7793929029499786 0.2545344619105199 0.7939290294997863 0.25181378476420796 0.7939290294997863
Fassadenbefestiqung 0.28355501813784767 0.7793929029499786 0.32859733978234584 0.7793929029499786 0.32859733978234584 0.7922188969645148 0.28355501813784767 0.7922188969645148
i 0.347037484885127 0.7828131680205216 0.35308343409915355 0.7828131680205216 0.35308343409915355 0.7969217614365113 0.347037484885127 0.7969217614365113
Linieh 0.4144498186215236 0.7823856348867038 0.42563482466747277 0.7823856348867038 0.42563482466747277 0.7887986318939718 0.4144498186215236 0.7887986318939718
aya“ 0.4283555018137848 0.7840957674219752 0.43047158403869407 0.7840957674219752 0.43047158403869407 0.7887986318939718 0.4283555018137848 0.7887986318939718
Detail 0.43833131801692865 0.7823856348867038 0.44316807738814995 0.7823856348867038 0.44316807738814995 0.7887986318939718 0.43833131801692865 0.7887986318939718
FaKleusber 0.4519347037484885 0.7823856348867038 0.4779322853688029 0.7823856348867038 0.4779322853688029 0.7887986318939718 0.4519347037484885 0.7887986318939718
we 0.21735187424425634 0.7887986318939718 0.2270253929866989 0.7887986318939718 0.2270253929866989 0.8029072253099615 0.21735187424425634 0.8029072253099615
es 0.26874244256348245 0.7887986318939718 0.2759975816203144 0.7887986318939718 0.2759975816203144 0.8029072253099615 0.26874244256348245 0.8029072253099615
nach 0.28627569528415964 0.7887986318939718 0.2953446191051995 0.7887986318939718 0.2953446191051995 0.7999144933732364 0.28627569528415964 0.7999144933732364
Statik, 0.2953446191051995 0.7887986318939718 0.31136638452237003 0.7887986318939718 0.31136638452237003 0.8020521590423257 0.2953446191051995 0.8020521590423257
2B. 0.314087061668682 0.7905087644292432 0.3216444981862152 0.7905087644292432 0.3216444981862152 0.7969217614365113 0.314087061668682 0.7969217614365113
St-Platte 0.32436517533252723 0.7905087644292432 0.344316807738815 0.7905087644292432 0.344316807738815 0.7969217614365113 0.32436517533252723 0.7969217614365113
2283: 0.3518742442563482 0.7905087644292432 0.35701330108827084 0.7905087644292432 0.35701330108827084 0.7969217614365113 0.3518742442563482 0.7969217614365113
iF 0.36215235792019346 0.7887986318939718 0.37091898428053205 0.7887986318939718 0.37091898428053205 0.8024796921761437 0.36215235792019346 0.8024796921761437
| 0.3978234582829504 0.7969217614365113 0.40024183796856105 0.7969217614365113 0.40024183796856105 0.797776827704147 0.3978234582829504 0.797776827704147
= 0.5665054413542926 0.7909362975630612 0.5671100362756953 0.7909362975630612 0.5671100362756953 0.7917913638306969 0.5665054413542926 0.7917913638306969
Pa 0.18530834340991537 0.7969217614365113 0.19740024183796856 0.7969217614365113 0.19740024183796856 0.8110303548525011 0.18530834340991537 0.8110303548525011
Y 0.20858524788391777 0.8084651560495938 0.21523579201934703 0.8084651560495938 0.21523579201934703 0.817870884993587 0.20858524788391777 0.817870884993587
# 0.23851269649334947 0.8003420265070543 0.24516324062877873 0.8003420265070543 0.24516324062877873 0.8093202223172296 0.23851269649334947 0.8093202223172296
Y 0.25634824667472794 0.8084651560495938 0.2629987908101572 0.8084651560495938 0.2629987908101572 0.817870884993587 0.25634824667472794 0.817870884993587
und 0.28627569528415964 0.7990594271056007 0.29353083434099153 0.7990594271056007 0.29353083434099153 0.8063274903805044 0.28627569528415964 0.8063274903805044
Einschubprofil 0.2959492140266022 0.7990594271056007 0.32406287787182586 0.7990594271056007 0.32406287787182586 0.808037622915776 0.2959492140266022 0.808037622915776
322730 0.3270858524788392 0.7986318939717828 0.342503022974607 0.7986318939717828 0.342503022974607 0.8063274903805044 0.3270858524788392 0.8063274903805044
a 0.39117291414752114 0.7969217614365113 0.39631197097944376 0.7969217614365113 0.39631197097944376 0.8110303548525011 0.39117291414752114 0.8110303548525011
A 0.4480048367593712 0.8084651560495938 0.4546553808948005 0.8084651560495938 0.4546553808948005 0.817870884993587 0.4480048367593712 0.817870884993587
Z 0.4570737605804111 0.8041898247114151 0.4576783555018138 0.8041898247114151 0.4576783555018138 0.8050448909790509 0.4570737605804111 0.8050448909790509
we 0.47732769044740025 0.7969217614365113 0.4827690447400242 0.7969217614365113 0.4827690447400242 0.8110303548525011 0.47732769044740025 0.8110303548525011
4 0.5048367593712213 0.8041898247114151 0.5054413542926239 0.8041898247114151 0.5054413542926239 0.8050448909790509 0.5048367593712213 0.8050448909790509
A 0.17926239419588874 0.8170158187259513 0.18561064087061668 0.8170158187259513 0.18561064087061668 0.8251389482684908 0.17926239419588874 0.8251389482684908
# 0.2267230955259976 0.8170158187259513 0.23337363966142685 0.8170158187259513 0.23337363966142685 0.8264215476699445 0.2267230955259976 0.8264215476699445
F 0.27448609431680776 0.8170158187259513 0.28083434099153565 0.8170158187259513 0.28083434099153565 0.8264215476699445 0.27448609431680776 0.8264215476699445
Z 0.3222490931076179 0.8170158187259513 0.32889963724304716 0.8170158187259513 0.32889963724304716 0.8264215476699445 0.3222490931076179 0.8264215476699445
£ 0.37031438935912936 0.8170158187259513 0.3766626360338573 0.8170158187259513 0.3766626360338573 0.8264215476699445 0.37031438935912936 0.8264215476699445
- 0.4183796856106409 0.8170158187259513 0.4244256348246675 0.8170158187259513 0.4244256348246675 0.8264215476699445 0.4183796856106409 0.8264215476699445
x 0.466142684401451 0.8170158187259513 0.47249093107617895 0.8170158187259513 0.47249093107617895 0.8264215476699445 0.466142684401451 0.8264215476699445
i 0.5139056831922612 0.8170158187259513 0.5202539298669892 0.8170158187259513 0.5202539298669892 0.8264215476699445 0.5139056831922612 0.8264215476699445
bot 0.2923216444981862 0.8255664814023087 0.29897218863361547 0.8255664814023087 0.29897218863361547 0.8345446772124839 0.2923216444981862 0.8345446772124839
See 0.3192261185006046 0.8255664814023087 0.34673518742442566 0.8255664814023087 0.34673518742442566 0.8392475416844806 0.3192261185006046 0.8392475416844806
Zs 0.3887545344619105 0.814878153056862 0.3987303506650544 0.814878153056862 0.3987303506650544 0.8392475416844806 0.3887545344619105 0.8392475416844806
oat 0.40931076178960096 0.8255664814023087 0.44256348246674726 0.8255664814023087 0.44256348246674726 0.8392475416844806 0.40931076178960096 0.8392475416844806
Vo 0.4921402660217654 0.8298418127404874 0.5114873035066505 0.8298418127404874 0.5114873035066505 0.8388200085506626 0.4921402660217654 0.8388200085506626
LV-Pos. 0.6402660217654171 0.8255664814023087 0.6641475211608222 0.8255664814023087 0.6641475211608222 0.8328345446772125 0.6402660217654171 0.8328345446772125
PRK 0.6668681983071342 0.8255664814023087 0.6807738814993954 0.8255664814023087 0.6807738814993954 0.8328345446772125 0.6668681983071342 0.8328345446772125
2 0.6831922611850061 0.8255664814023087 0.686819830713422 0.8255664814023087 0.686819830713422 0.8328345446772125 0.6831922611850061 0.8328345446772125
eee 0.7681378476420798 0.8204360837964942 0.814993954050786 0.8204360837964942 0.814993954050786 0.837537409149209 0.7681378476420798 0.837537409149209
Detail 0.17261185006045948 0.8777255237280889 0.1967956469165659 0.8777255237280889 0.1967956469165659 0.8879863189397178 0.17261185006045948 0.8879863189397178
Fuf&punkt 0.20133010882708585 0.8777255237280889 0.24274486094316808 0.8777255237280889 0.24274486094316808 0.8905515177426251 0.20133010882708585 0.8905515177426251
PR-Fassade 0.24637243047158403 0.8777255237280889 0.3010882708585248 0.8777255237280889 0.3010882708585248 0.8879863189397178 0.24637243047158403 0.8879863189397178
