“Tee 0.3914752116082225 0.39290294997862335 0.4062877871825877 0.39290294997862335 0.4062877871825877 0.40872167592988456 0.3914752116082225 0.40872167592988456
OES 0.4159613059250302 0.39418554938007694 0.4452841596130592 0.39418554938007694 0.4452841596130592 0.4078666096622488 0.4159613059250302 0.4078666096622488
C——| 0.39721886336154777 0.4082941427960667 0.4452841596130592 0.4082941427960667 0.4452841596130592 0.4202650705429671 0.39721886336154777 0.4202650705429671
Hig) 0.3887545344619105 0.4198375374091492 0.3938935912938331 0.4198375374091492 0.3938935912938331 0.42838820008550665 0.3887545344619105 0.42838820008550665
er 0.40386940749697703 0.4189824711415135 0.4313784764207981 0.4189824711415135 0.4313784764207981 0.4275331338178709 0.40386940749697703 0.4275331338178709
tee, 0.43319226118500603 0.4245404018811458 0.4437726723095526 0.4245404018811458 0.4437726723095526 0.42838820008550665 0.43319226118500603 0.42838820008550665
YS 0.39177750906892383 0.427105600684053 0.4062877871825877 0.427105600684053 0.4062877871825877 0.43736639589568194 0.39177750906892383 0.43736639589568194
un 0.5937122128174124 0.42924326635314236 0.6021765417170496 0.42924326635314236 0.6021765417170496 0.4352287302265926 0.5937122128174124 0.4352287302265926
Fe 0.39721886336154777 0.43693886276186406 0.402962515114873 0.43693886276186406 0.402962515114873 0.43993159469858917 0.39721886336154777 0.43993159469858917
al 0.44014510278113667 0.44121419410004276 0.4452841596130592 0.44121419410004276 0.4452841596130592 0.4471996579734929 0.44014510278113667 0.4471996579734929
sO 0.5937122128174124 0.43822146216331764 0.6021765417170496 0.43822146216331764 0.6021765417170496 0.44420692603676787 0.5937122128174124 0.44420692603676787
‘ 0.39993954050785974 0.44591705857203934 0.4014510278113664 0.44591705857203934 0.4014510278113664 0.4506199230440359 0.39993954050785974 0.4506199230440359
rag 0.43863361547762997 0.44591705857203934 0.4501209189842805 0.44591705857203934 0.4501209189842805 0.4514749893116717 0.43863361547762997 0.4514749893116717
f 0.49758162031438935 0.4493373236425823 0.49939540507859737 0.4493373236425823 0.49939540507859737 0.4514749893116717 0.49758162031438935 0.4514749893116717
i 0.24214026602176542 0.4548952543822146 0.2430471584038694 0.4548952543822146 0.2430471584038694 0.4600256519880291 0.24214026602176542 0.4600256519880291
‘put 0.26934703748488514 0.4514749893116717 0.2790205562273277 0.4514749893116717 0.2790205562273277 0.4638734501923899 0.26934703748488514 0.4638734501923899
zen; 0.280229746070133 0.4514749893116717 0.2880894800483676 0.4514749893116717 0.2880894800483676 0.4638734501923899 0.280229746070133 0.4638734501923899
= 0.3996372430471584 0.45446772124839674 0.4017533252720677 0.45446772124839674 0.4017533252720677 0.45746045318512185 0.3996372430471584 0.45746045318512185
uaa 0.44256348246674726 0.4493373236425823 0.4507255139056832 0.4493373236425823 0.4507255139056832 0.46601111586147925 0.44256348246674726 0.46601111586147925
pt 0.4879081015719468 0.45318512184694315 0.5081620314389359 0.45318512184694315 0.5081620314389359 0.4630183839247542 0.4879081015719468 0.4630183839247542
A 0.4519347037484885 0.46173578452330055 0.4570737605804111 0.46173578452330055 0.4570737605804111 0.4754168448054724 0.4519347037484885 0.4754168448054724
ae 0.5057436517533253 0.46173578452330055 0.5154171704957679 0.46173578452330055 0.5154171704957679 0.4672937152629329 0.5057436517533253 0.4672937152629329
4 0.533857315598549 0.46173578452330055 0.5380894800483675 0.46173578452330055 0.5380894800483675 0.48097477554510476 0.533857315598549 0.48097477554510476
i 0.4068923821039903 0.48567764001710134 0.40900846432889965 0.48567764001710134 0.40900846432889965 0.4925181701581873 0.4068923821039903 0.4925181701581873
WN 0.4068923821039903 0.49123557075673363 0.436819830713422 0.49123557075673363 0.436819830713422 0.5079093629756306 0.4068923821039903 0.5079093629756306
HH 0.5371825876662636 0.49123557075673363 0.5453446191051995 0.49123557075673363 0.5453446191051995 0.5053441641727234 0.5371825876662636 0.5053441641727234
ipa 0.35308343409915355 0.5091919623770842 0.39721886336154777 0.5091919623770842 0.39721886336154777 0.5309961522017956 0.35308343409915355 0.5309961522017956
YZ 0.4068923821039903 0.5053441641727234 0.44135429262394194 0.5053441641727234 0.44135429262394194 0.529713552800342 0.4068923821039903 0.529713552800342
| 0.5374848851269649 0.5061992304403591 0.5441354292623942 0.5061992304403591 0.5441354292623942 0.5271483539974348 0.5374848851269649 0.5271483539974348
Te 0.3183192261185006 0.5267208208636169 0.3385731559854897 0.5267208208636169 0.3385731559854897 0.5412569474134246 0.3183192261185006 0.5412569474134246
: 0.4519347037484885 0.533133817870885 0.45556227327690446 0.533133817870885 0.45556227327690446 0.5404018811457888 0.4519347037484885 0.5404018811457888
| 0.5371825876662636 0.5275758871312527 0.5380894800483675 0.5275758871312527 0.5380894800483675 0.5318512184694314 0.5371825876662636 0.5318512184694314
Us 0.3485489721886336 0.5374091492090637 0.3612454655380895 0.5374091492090637 0.3612454655380895 0.5532278751603249 0.3485489721886336 0.5532278751603249
[= 0.4068923821039903 0.5374091492090637 0.4183796856106409 0.5374091492090637 0.4183796856106409 0.5502351432235998 0.4068923821039903 0.5502351432235998
i 0.3518742442563482 0.5510902094912355 0.40900846432889965 0.5510902094912355 0.40900846432889965 0.5699016673792219 0.3518742442563482 0.5699016673792219
WY 0.39510278113663844 0.5545104745617785 0.40931076178960096 0.5545104745617785 0.40931076178960096 0.5763146643864899 0.39510278113663844 0.5763146643864899
IN 0.5371825876662636 0.5639162035057717 0.5380894800483675 0.5639162035057717 0.5380894800483675 0.572894399315947 0.5371825876662636 0.572894399315947
| 0.3056227327690447 0.5840102607952117 0.31076178960096734 0.5840102607952117 0.31076178960096734 0.5968362548097478 0.3056227327690447 0.5968362548097478
{ee 0.39510278113663844 0.5754595981188542 0.43409915356711004 0.5754595981188542 0.43409915356711004 0.586147926464301 0.39510278113663844 0.586147926464301
SZ 0.34492140266021765 0.5946985891406584 0.3542926239419589 0.5946985891406584 0.3542926239419589 0.6075245831551945 0.34492140266021765 0.6075245831551945
Sr 0.3866384522370012 0.5946985891406584 0.39691656590084645 0.5946985891406584 0.39691656590084645 0.6075245831551945 0.3866384522370012 0.6075245831551945
i 0.4283555018137848 0.5964087216759298 0.437726723095526 0.5964087216759298 0.437726723095526 0.6036767849508337 0.4283555018137848 0.6036767849508337
LN 0.5405078597339782 0.5288584865327063 0.9268440145102781 0.5288584865327063 0.9268440145102781 0.7571611799914494 0.5405078597339782 0.7571611799914494
ox 0.4337968561064087 0.7674219752030782 0.5102781136638452 0.7674219752030782 0.5102781136638452 0.8503634031637451 0.4337968561064087 0.8503634031637451
| 0.5281136638452237 0.6968790081231295 0.5776904474002419 0.6968790081231295 0.5776904474002419 0.8469431380932022 0.5281136638452237 0.8469431380932022
YS 0.6683796856106409 0.9405728943993159 0.6862152357920194 0.9405728943993159 0.6862152357920194 0.9675074818298418 0.6683796856106409 0.9675074818298418
LTS, 0.7521160822249093 0.8905515177426251 0.9268440145102781 0.8905515177426251 0.9268440145102781 0.9675074818298418 0.7521160822249093 0.9675074818298418
