_Aitikablech 0.5538089480048367 0.19794784095767423 0.5807134220072552 0.19794784095767423 0.5807134220072552 0.2056434373663959 0.5538089480048367 0.2056434373663959
Unterkonstrution 0.5084643288996372 0.19067977768277042 0.5432285368802902 0.19067977768277042 0.5432285368802902 0.19623770842240273 0.5084643288996372 0.19623770842240273
Attika 0.5084643288996372 0.19923044035912782 0.5205562273276905 0.19923044035912782 0.5205562273276905 0.20436083796494228 0.5084643288996372 0.20436083796494228
Schleppiolie 0.468863361547763 0.19794784095767423 0.4948609431680774 0.19794784095767423 0.4948609431680774 0.20436083796494228 0.468863361547763 0.20436083796494228
x 0.4628174123337364 0.20607097050021378 0.466142684401451 0.20607097050021378 0.466142684401451 0.2129115006412997 0.4628174123337364 0.2129115006412997
_-Nerbinder 0.4268440145102781 0.19794784095767423 0.45102781136638453 0.19794784095767423 0.45102781136638453 0.20649850363403163 0.4268440145102781 0.20649850363403163
HPL-Leibun, 0.33585247883917774 0.6733646857631467 0.36094316807738813 0.6733646857631467 0.36094316807738813 0.678922616502779 0.33585247883917774 0.678922616502779
Schiebeladen 0.3346432889963724 0.711842667806755 0.3636638452237001 0.711842667806755 0.3636638452237001 0.7169730654125694 0.3346432889963724 0.7169730654125694
4:5 0.6756348246674728 0.8785805899957246 0.685006045949214 0.8785805899957246 0.685006045949214 0.8845660538691749 0.6756348246674728 0.8845660538691749
Datum: 0.664752116082225 0.8482257374946558 0.6804715840386941 0.8482257374946558 0.6804715840386941 0.854211201368106 0.664752116082225 0.854211201368106
01.02.2012 0.664752116082225 0.8563488670371954 0.6898428053204353 0.8563488670371954 0.6898428053204353 0.8619067977768277 0.664752116082225 0.8619067977768277
Hauptgruppe: 0.6324062877871826 0.8054724241128688 0.6623337363966143 0.8054724241128688 0.6623337363966143 0.8127404873877726 0.6324062877871826 0.8127404873877726
Fenster-Tiiren 0.6324062877871826 0.8157332193244976 0.6635429262394196 0.8157332193244976 0.6635429262394196 0.82129115006413 0.6324062877871826 0.82129115006413
Konstruktionen 0.6324062877871826 0.8247114151346729 0.6653567110036276 0.8247114151346729 0.6653567110036276 0.8298418127404874 0.6324062877871826 0.8298418127404874
Vertikal-Schnitte 0.6324062877871826 0.8328345446772125 0.6689842805320435 0.8328345446772125 0.6689842805320435 0.8388200085506626 0.6324062877871826 0.8388200085506626
K. 0.6324062877871826 0.8567764001710133 0.6366384522370012 0.8567764001710133 0.6366384522370012 0.8619067977768277 0.6324062877871826 0.8619067977768277
Dahse 0.6384522370012092 0.8567764001710133 0.6526602176541717 0.8567764001710133 0.6526602176541717 0.8619067977768277 0.6384522370012092 0.8619067977768277
Detail-Nr- 0.6324062877871826 0.8687473279179136 0.6532648125755743 0.8687473279179136 0.6532648125755743 0.8743052586575459 0.6324062877871826 0.8743052586575459
B-05-0012 0.6324062877871826 0.8785805899957246 0.655683192261185 0.8785805899957246 0.655683192261185 0.8845660538691749 0.6324062877871826 0.8845660538691749
Gez.: 0.6324062877871826 0.8482257374946558 0.6438935912938332 0.8482257374946558 0.6438935912938332 0.854211201368106 0.6324062877871826 0.854211201368106
Schnitt 0.439540507859734 0.8362548097477555 0.4610036275695284 0.8362548097477555 0.4610036275695284 0.8439504061564771 0.439540507859734 0.8439504061564771
einer 0.4628174123337364 0.8362548097477555 0.4785368802902056 0.8362548097477555 0.4785368802902056 0.8439504061564771 0.4628174123337364 0.8439504061564771
Holz-Alu-Fensterkonstrutkion 0.48095525997581623 0.8362548097477555 0.5710399032648126 0.8362548097477555 0.5710399032648126 0.8439504061564771 0.48095525997581623 0.8439504061564771
an 0.5734582829504232 0.8383924754168448 0.5807134220072552 0.8383924754168448 0.5807134220072552 0.8439504061564771 0.5734582829504232 0.8439504061564771
Attika 0.5831318016928658 0.8362548097477555 0.6003627569528416 0.8362548097477555 0.6003627569528416 0.8439504061564771 0.5831318016928658 0.8439504061564771
und 0.439540507859734 0.8482257374946558 0.45042321644498184 0.8482257374946558 0.45042321644498184 0.8559213339033775 0.439540507859734 0.8559213339033775
hinterliifteter 0.4531438935912938 0.8482257374946558 0.49244256348246673 0.8482257374946558 0.49244256348246673 0.8559213339033775 0.4531438935912938 0.8559213339033775
Natursteinfassade 0.49455864570737607 0.8482257374946558 0.5504836759371221 0.8482257374946558 0.5504836759371221 0.8559213339033775 0.49455864570737607 0.8559213339033775
Beschreibung 0.439540507859734 0.8076100897819581 0.5238814993954051 0.8076100897819581 0.5238814993954051 0.8264215476699445 0.439540507859734 0.8264215476699445
