0 0.5481 0.7878 0.6750 0.8823 0.6571 0.9294 0.5302 0.8349
0 0.6697 0.3571 0.8336 0.8075 0.6886 0.9109 0.5247 0.4605
0 0.3954 0.8784 0.4033 0.7884 0.5386 0.8116 0.5307 0.9016
0 0.5282 0.4464 0.5549 0.4342 0.6375 0.7900 0.6108 0.8022
1 0.0059 0.9237 0.0039 0.9235 0.0058 0.8851 0.0078 0.8853
1 0.5671 0.2206 0.5699 0.2156 0.6034 0.2510 0.6007 0.2560
1 0.6992 0.7596 0.6961 0.7714 0.6762 0.7612 0.6793 0.7494
1 0.1430 0.2447 0.1584 0.2443 0.1584 0.2473 0.1431 0.2477
2 0.2194 0.3044 0.2211 0.2718 0.2477 0.2744 0.2461 0.3070
2 0.6486 0.5243 0.6307 0.5261 0.6300 0.5125 0.6479 0.5107
2 0.9952 0.4859 0.9549 0.4989 0.9477 0.4553 0.9880 0.4423
2 0.1085 0.3449 0.0937 0.2771 0.1152 0.2679 0.1300 0.3357
3 0.4082 0.9761 0.4042 0.8176 0.4233 0.8167 0.4272 0.9752
3 0.6736 0.6125 0.6804 0.5532 0.6906 0.5555 0.6839 0.6148
3 0.9191 0.2157 0.9400 0.1671 0.9466 0.1727 0.9257 0.2213
3 0.0099 0.5264 0.0472 0.5786 0.0381 0.5912 0.0008 0.5390
4 0.2738 0.3574 0.2608 0.3722 0.2565 0.3646 0.2695 0.3498
4 0.5354 0.0253 0.5425 0.0228 0.5443 0.0331 0.5372 0.0356
4 0.3347 0.7501 0.3263 0.7528 0.3111 0.6607 0.3195 0.6580
4 0.6098 0.8278 0.5958 0.8292 0.5953 0.8198 0.6094 0.8184
6 0.1820 0.9943 0.1691 0.9982 0.1663 0.9797 0.1792 0.9758
6 0.5692 0.1984 0.5870 0.2517 0.5742 0.2600 0.5564 0.2067
6 0.5195 0.2014 0.4950 0.1875 0.5051 0.1526 0.5296 0.1665
6 0.8809 0.9846 0.8642 0.9752 0.8711 0.9514 0.8878 0.9608
7 0.5214 0.5618 0.5384 0.5507 0.5569 0.6062 0.5399 0.6173
7 0.6004 0.9138 0.5839 0.9063 0.6039 0.8202 0.6203 0.8277
7 0.5436 0.7282 0.5495 0.7292 0.5452 0.7782 0.5393 0.7772
7 0.8197 0.5143 0.8284 0.5154 0.8243 0.5805 0.8156 0.5794
9 0.4778 0.8477 0.3314 0.8477 0.3314 0.7639 0.4778 0.7639
9 0.3960 0.1862 0.3765 0.2165 0.2988 0.1186 0.3184 0.0883
9 0.5073 0.8977 0.4725 0.8750 0.4836 0.8419 0.5183 0.8646
9 0.6026 0.3133 0.5598 0.3217 0.5383 0.1075 0.5811 0.0991
12 0.4109 0.6120 0.3496 0.5541 0.3657 0.5208 0.4270 0.5787
12 0.3545 0.4111 0.3967 0.5733 0.3652 0.5893 0.3230 0.4271
12 0.6716 0.3531 0.7295 0.5443 0.7030 0.5601 0.6450 0.3689
12 0.8592 0.0768 0.8328 0.1680 0.8151 0.1580 0.8414 0.0668
13 0.8572 0.8451 0.8881 0.8504 0.8860 0.8745 0.8551 0.8692
13 0.7741 0.5969 0.7559 0.5605 0.7676 0.5491 0.7858 0.5855
13 0.3332 0.4820 0.0851 0.5185 0.0802 0.4528 0.3283 0.4163
13 0.2991 0.7049 0.2185 0.5796 0.2355 0.5583 0.3160 0.6836
15 0.4046 0.4211 0.4046 0.4717 0.3500 0.4717 0.3500 0.4211
15 0.4971 0.4399 0.5299 0.3134 0.5995 0.3489 0.5666 0.4754
15 0.1568 0.8091 0.2152 0.8192 0.2092 0.8873 0.1508 0.8772
15 0.7516 0.8029 0.7073 0.7611 0.7278 0.7187 0.7721 0.7605
