0 0.5055 0.6064 0.3800 0.9108 0.2279 0.7880 0.3535 0.4836
0 0.4733 0.4744 0.5353 0.4668 0.5384 0.5164 0.4764 0.5240
0 0.7310 0.8565 0.6939 0.2636 0.8847 0.2403 0.9218 0.8332
0 0.9243 0.4368 0.7828 0.4541 0.7725 0.2904 0.9141 0.2731
1 0.5195 0.9495 0.5247 0.9555 0.5145 0.9725 0.5093 0.9665
1 0.3382 0.1291 0.3601 0.1441 0.3569 0.1533 0.3350 0.1383
1 0.9533 0.5442 0.9586 0.5584 0.9524 0.5630 0.9471 0.5488
1 0.7000 0.3180 0.7011 0.3068 0.7134 0.3092 0.7123 0.3204
2 0.5514 0.9361 0.5268 0.9313 0.5286 0.9127 0.5532 0.9175
2 0.3980 0.1506 0.3935 0.1664 0.3768 0.1570 0.3814 0.1412
2 0.3527 0.3853 0.3304 0.3408 0.4085 0.2643 0.4307 0.3088
2 0.1523 0.8716 0.0365 0.8575 0.0425 0.7616 0.1583 0.7757
3 0.5148 0.5076 0.5143 0.4998 0.5424 0.4964 0.5429 0.5042
3 0.1932 0.2608 0.0918 0.3300 0.0831 0.3052 0.1845 0.2360
3 0.0902 0.5576 0.1184 0.4802 0.1321 0.4900 0.1039 0.5674
3 0.8192 0.9151 0.8260 0.9430 0.7705 0.9697 0.7637 0.9418
4 0.8701 0.2357 0.8625 0.4386 0.8525 0.4379 0.8601 0.2350
4 0.2507 0.8235 0.2513 0.8168 0.2873 0.8229 0.2867 0.8296
4 0.5979 0.3181 0.6143 0.2864 0.6253 0.2975 0.6088 0.3292
4 0.4035 0.9178 0.3917 0.9294 0.3745 0.8950 0.3863 0.8834
6 0.8221 0.3134 0.8244 0.3358 0.8082 0.3390 0.8059 0.3166
6 0.1168 0.1957 0.1552 0.1438 0.2298 0.2519 0.1914 0.3038
6 0.3976 0.7430 0.4037 0.7059 0.4098 0.7078 0.4037 0.7449
6 0.9263 0.7100 0.8745 0.7075 0.8751 0.6832 0.9269 0.6857
7 0.3249 0.2948 0.3224 0.3013 0.3100 0.2920 0.3124 0.2855
7 0.7976 0.2600 0.7748 0.2561 0.7758 0.2444 0.7986 0.2483
7 0.7907 0.5702 0.7560 0.5443 0.7961 0.4386 0.8309 0.4645
7 0.4981 0.9440 0.4860 0.9582 0.4499 0.8980 0.4620 0.8838
9 0.5921 0.1092 0.5061 0.1845 0.4828 0.1324 0.5688 0.0571
9 0.5701 0.3041 0.5051 0.1253 0.5350 0.1039 0.6001 0.2827
9 0.2751 0.5349 0.2751 0.4063 0.4918 0.4063 0.4918 0.5349
9 0.3811 0.1087 0.4380 0.0843 0.4986 0.3617 0.4417 0.3861
12 0.5718 0.8494 0.6140 0.9008 0.5893 0.9406 0.5471 0.8892
12 0.4614 0.1487 0.4818 0.1210 0.5361 0.1997 0.5156 0.2274
12 0.4357 0.6764 0.4517 0.6467 0.5269 0.7260 0.5109 0.7557
12 0.3123 0.2794 0.2939 0.3081 0.1365 0.1098 0.1550 0.0811
13 0.6471 0.4613 0.6425 0.4537 0.6458 0.4499 0.6503 0.4575
13 0.3913 0.3828 0.3905 0.4133 0.3793 0.4128 0.3801 0.3823
13 0.6146 0.5049 0.5511 0.4304 0.5723 0.3951 0.6357 0.4696
13 0.2758 0.8194 0.2744 0.8217 0.2087 0.7418 0.2102 0.7395
15 0.1601 0.9168 0.1551 0.8358 0.1996 0.8304 0.2047 0.9114
15 0.6288 0.1596 0.6532 0.1382 0.6687 0.1728 0.6442 0.1942
15 0.2564 0.1939 0.2883 0.1135 0.3333 0.1485 0.3015 0.2289
15 0.6673 0.8868 0.7340 0.8835 0.7358 0.9580 0.6692 0.9613
