0 0.3280 0.7841 0.2740 0.6144 0.6015 0.4103 0.6554 0.5800
0 0.2333 0.7098 0.2800 0.6530 0.3230 0.7222 0.2763 0.7790
0 0.7793 0.9469 0.6822 0.9053 0.7250 0.7091 0.8221 0.7507
0 0.5178 0.4801 0.0622 0.2605 0.0899 0.1479 0.5455 0.3675
1 0.7590 0.8165 0.7519 0.8260 0.7342 0.8003 0.7412 0.7908
1 0.1718 0.4466 0.1797 0.4530 0.1448 0.5378 0.1368 0.5314
1 0.9643 0.1600 0.9647 0.1903 0.9257 0.1912 0.9253 0.1609
1 0.3856 0.0341 0.3892 0.0020 0.3924 0.0027 0.3888 0.0348
2 0.0113 0.1517 0.0088 0.1394 0.0444 0.1251 0.0469 0.1374
2 0.4891 0.6071 0.7739 0.2083 0.8238 0.2781 0.5390 0.6769
2 0.5534 0.7354 0.4973 0.7704 0.4408 0.5930 0.4970 0.5580
2 0.1925 0.0226 0.2229 0.0219 0.2235 0.0646 0.1931 0.0653
3 0.4558 0.4797 0.3364 0.4884 0.3354 0.4603 0.4547 0.4516
3 0.9269 0.5423 0.9478 0.5573 0.8937 0.7061 0.8728 0.6911
3 0.4423 0.7534 0.4259 0.7304 0.5092 0.6138 0.5255 0.6368
3 0.3986 0.1694 0.3916 0.1504 0.4603 0.1014 0.4672 0.1204
4 0.5807 0.7070 0.5682 0.6854 0.5939 0.6562 0.6064 0.6778
4 0.5713 0.7358 0.5820 0.6711 0.5927 0.6746 0.5820 0.7393
4 0.1379 0.4571 0.1401 0.4499 0.1538 0.4581 0.1517 0.4653
4 0.2150 0.4838 0.2039 0.4781 0.2078 0.4630 0.2190 0.4687
6 0.7373 0.4821 0.7637 0.4563 0.7761 0.4811 0.7497 0.5069
6 0.2563 0.6301 0.1891 0.6219 0.1911 0.5903 0.2583 0.5985
6 0.2527 0.1979 0.2572 0.3189 0.0833 0.3317 0.0788 0.2107
6 0.5016 0.2745 0.4616 0.2696 0.4686 0.1567 0.5087 0.1616
7 0.7440 0.5348 0.7631 0.5080 0.8423 0.6188 0.8231 0.6456
7 0.1695 0.6941 0.1609 0.7049 0.1448 0.6799 0.1534 0.6691
7 0.2624 0.9581 0.2540 0.9510 0.2673 0.9199 0.2757 0.9270
7 0.0643 0.3148 0.0598 0.3258 0.0442 0.3132 0.0487 0.3022
9 0.5175 0.8652 0.5246 0.9360 0.3985 0.9608 0.3914 0.8900
9 0.4998 0.2334 0.4905 0.2758 0.4151 0.2434 0.4243 0.2010
9 0.4255 0.4607 0.3824 0.4942 0.2990 0.2837 0.3422 0.2502
9 0.4099 0.8347 0.4263 0.9058 0.2999 0.9633 0.2834 0.8922
12 0.4081 0.6339 0.3870 0.6516 0.3233 0.5033 0.3444 0.4856
12 0.7992 0.0647 0.8637 0.0839 0.8594 0.1125 0.7949 0.0933
12 0.5320 0.6959 0.6415 0.7642 0.6320 0.7941 0.5225 0.7258
12 0.6136 0.6025 0.7071 0.1142 0.7627 0.1351 0.6692 0.6234
13 0.4450 0.2684 0.4464 0.2724 0.4388 0.2776 0.4374 0.2736
13 0.6169 0.8040 0.6140 0.8134 0.6085 0.8100 0.6115 0.8006
13 0.2240 0.3221 0.2177 0.3221 0.2177 0.3179 0.2240 0.3179
13 0.3719 0.8651 0.3929 0.8925 0.3804 0.9113 0.3594 0.8839
15 0.0824 0.7897 0.1102 0.7716 0.1467 0.8811 0.1189 0.8992
15 0.1255 0.2814 0.2060 0.3547 0.1757 0.4202 0.0951 0.3469
15 0.3205 0.8482 0.3619 0.8106 0.3843 0.8590 0.3430 0.8966
15 0.0805 0.2396 0.0969 0.2457 0.0909 0.2768 0.0746 0.2707
