0 0.8604 0.9151 0.7533 0.9756 0.6745 0.7025 0.7816 0.6420
0 0.1516 0.6441 0.2041 0.4622 0.5550 0.6607 0.5025 0.8426
0 0.6873 0.5249 0.6285 0.4426 0.7133 0.3239 0.7720 0.4062
0 0.2999 0.2021 0.5089 0.1070 0.6707 0.8039 0.4616 0.8990
1 0.6217 0.7693 0.6240 0.7460 0.6295 0.7471 0.6271 0.7704
1 0.2630 0.5712 0.2765 0.5654 0.3079 0.7092 0.2944 0.7150
1 0.0841 0.4050 0.0938 0.4114 0.0590 0.5158 0.0493 0.5094
1 0.0251 0.4876 0.0366 0.4662 0.0640 0.4952 0.0526 0.5166
2 0.3515 0.6691 0.3533 0.6775 0.3287 0.6873 0.3270 0.6789
2 0.2603 0.4513 0.2179 0.3179 0.2680 0.2867 0.3104 0.4201
2 0.3764 0.2494 0.3707 0.4781 0.3147 0.4754 0.3204 0.2467
2 0.7817 0.8450 0.8829 0.7383 0.9143 0.7966 0.8131 0.9033
3 0.2919 0.1744 0.3009 0.1495 0.3504 0.1848 0.3413 0.2097
3 0.3690 0.1124 0.3712 0.1269 0.3190 0.1424 0.3168 0.1279
3 0.2822 0.6690 0.3078 0.8379 0.2867 0.8442 0.2610 0.6753
3 0.5066 0.0710 0.4977 0.0065 0.5105 0.0030 0.5195 0.0675
4 0.6399 0.1226 0.6567 0.1079 0.6604 0.1162 0.6436 0.1309
4 0.9369 0.0605 0.9495 0.0544 0.9517 0.0635 0.9391 0.0696
4 0.5485 0.1631 0.5563 0.1495 0.5664 0.1609 0.5585 0.1745
4 0.6032 0.8490 0.5993 0.8614 0.5891 0.8550 0.5930 0.8426
6 0.0833 0.3368 0.0743 0.3273 0.0812 0.3144 0.0903 0.3239
6 0.9486 0.2677 0.8986 0.2541 0.9008 0.2379 0.9509 0.2515
6 0.6308 0.5022 0.7007 0.4043 0.8415 0.6014 0.7716 0.6993
6 0.3151 0.9453 0.3274 0.8647 0.3852 0.8819 0.3729 0.9625
7 0.7526 0.0729 0.7488 0.0426 0.8345 0.0215 0.8383 0.0518
7 0.1151 0.0760 0.1282 0.0555 0.1692 0.1072 0.1561 0.1277
7 0.1388 0.2541 0.1614 0.2366 0.1895 0.3075 0.1669 0.3250
7 0.7456 0.7704 0.7555 0.8131 0.7473 0.8168 0.7374 0.7741
9 0.3877 0.2326 0.4264 0.3345 0.3769 0.3714 0.3382 0.2695
9 0.0365 0.2735 0.0674 0.2667 0.0878 0.4473 0.0569 0.4541
9 0.9209 0.1857 0.8933 0.1830 0.9002 0.0447 0.9278 0.0474
9 0.8605 0.6726 0.9525 0.4743 0.9855 0.5042 0.8935 0.7025
12 0.9607 0.3701 0.9671 0.3467 0.9776 0.3523 0.9711 0.3757
12 0.5533 0.7483 0.6250 0.8387 0.5999 0.8777 0.5282 0.7873
12 0.0513 0.5341 0.0381 0.5163 0.1019 0.4239 0.1150 0.4417
12 0.5425 0.5957 0.5425 0.4647 0.5607 0.4647 0.5607 0.5957
13 0.2488 0.6415 0.2614 0.6497 0.2437 0.7029 0.2311 0.6947
13 0.7675 0.4856 0.7592 0.4980 0.7417 0.4752 0.7500 0.4628
13 0.6564 0.1838 0.6517 0.1759 0.6599 0.1662 0.6646 0.1741
13 0.5822 0.2792 0.5912 0.2739 0.5935 0.2816 0.5845 0.2869
15 0.2129 0.8344 0.1462 0.9184 0.0960 0.8404 0.1626 0.7564
15 0.0508 0.5395 0.0884 0.6271 0.0444 0.6641 0.0068 0.5765
15 0.3302 0.0718 0.3205 0.0322 0.3578 0.0142 0.3675 0.0538
15 0.4177 0.8674 0.4335 0.9171 0.3849 0.9474 0.3691 0.8977
