0 0.2488 0.4159 0.4079 0.4354 0.3786 0.9037 0.2196 0.8842
0 0.3799 0.6666 0.2700 0.6395 0.3270 0.1866 0.4369 0.2137
0 0.5763 0.3783 0.7023 0.4569 0.5843 0.8281 0.4582 0.7495
0 0.4556 0.5635 0.4728 0.5263 0.7253 0.7557 0.7080 0.7929
1 0.1967 0.7245 0.1963 0.7221 0.2073 0.7183 0.2077 0.7207
1 0.6446 0.1906 0.6356 0.1740 0.7260 0.0786 0.7349 0.0952
1 0.5343 0.9635 0.5395 0.9665 0.5340 0.9857 0.5287 0.9827
1 0.1237 0.5096 0.1255 0.5142 0.1169 0.5208 0.1151 0.5162
2 0.0213 0.1203 0.1125 0.0634 0.1618 0.2185 0.0706 0.2754
2 0.2533 0.7684 0.4486 0.5624 0.5341 0.7212 0.3388 0.9272
2 0.4524 0.6165 0.4268 0.6364 0.3087 0.3383 0.3344 0.3184
2 0.6978 0.6673 0.6063 0.7638 0.5999 0.7519 0.6914 0.6554
3 0.3007 0.7133 0.2996 0.6919 0.3810 0.6839 0.3821 0.7053
3 0.2805 0.8200 0.2343 0.7676 0.2426 0.7532 0.2889 0.8056
3 0.5488 0.9198 0.5379 0.9123 0.5663 0.8306 0.5773 0.8381
3 0.2666 0.2070 0.1921 0.3313 0.1765 0.3130 0.2510 0.1887
4 0.9225 0.1831 0.9238 0.1903 0.9058 0.1965 0.9045 0.1893
4 0.0794 0.2169 0.0912 0.2140 0.0932 0.2299 0.0814 0.2328
4 0.1425 0.4018 0.1604 0.3246 0.1701 0.3290 0.1522 0.4062
4 0.0644 0.1499 0.0439 0.1693 0.0367 0.1545 0.0573 0.1351
6 0.0907 0.7229 0.0794 0.7744 0.0053 0.7427 0.0166 0.6912
6 0.6351 0.1844 0.6663 0.0319 0.7212 0.0540 0.6900 0.2065
6 0.8582 0.0036 0.8909 0.0249 0.8806 0.0556 0.8480 0.0343
6 0.5290 0.8585 0.7062 0.6974 0.7641 0.8223 0.5870 0.9834
7 0.2902 0.3779 0.3212 0.3946 0.2818 0.5381 0.2508 0.5214
7 0.8422 0.6981 0.8328 0.6639 0.9035 0.6259 0.9129 0.6601
7 0.7877 0.5231 0.8324 0.5075 0.8389 0.5441 0.7942 0.5597
7 0.6877 0.6192 0.6862 0.6241 0.6780 0.6192 0.6795 0.6143
9 0.7919 0.3549 0.7188 0.3369 0.7492 0.0959 0.8223 0.1139
9 0.7677 0.6560 0.7513 0.5811 0.8775 0.5272 0.8938 0.6021
9 0.5697 0.6447 0.6237 0.6816 0.5320 0.9449 0.4780 0.9080
9 0.2385 0.0689 0.2580 0.0044 0.3730 0.0727 0.3534 0.1372
12 0.5342 0.7915 0.6187 0.7998 0.6164 0.8457 0.5319 0.8374
12 0.3745 0.2048 0.3753 0.1836 0.4301 0.1876 0.4293 0.2088
12 0.6481 0.6414 0.6231 0.6420 0.6216 0.5182 0.6466 0.5176
12 0.2223 0.0753 0.2287 0.0506 0.3749 0.1251 0.3684 0.1498
13 0.4413 0.0163 0.4499 0.0159 0.4513 0.0717 0.4427 0.0721
13 0.9800 0.9091 0.9984 0.9185 0.9940 0.9353 0.9756 0.9259
13 0.3637 0.3962 0.3448 0.3646 0.3737 0.3306 0.3926 0.3622
13 0.8062 0.4736 0.7976 0.4659 0.8247 0.4076 0.8332 0.4153
15 0.8459 0.7721 0.8334 0.6474 0.8875 0.6367 0.9001 0.7614
15 0.1854 0.6277 0.2083 0.5999 0.2383 0.6483 0.2154 0.6761
15 0.3639 0.2094 0.3920 0.1728 0.4078 0.1966 0.3798 0.2332
15 0.7133 0.0948 0.7500 0.0876 0.7570 0.1568 0.7203 0.1640
