0 0.1122 0.8701 0.4438 0.5687 0.4818 0.6507 0.1502 0.9521
0 0.1957 0.3395 0.1634 0.3761 0.0820 0.2353 0.1143 0.1987
0 0.4961 0.8299 0.1447 0.8385 0.1419 0.6169 0.4933 0.6083
0 0.9295 0.1171 0.5332 0.5057 0.4842 0.4077 0.8806 0.0191
1 0.8028 0.1954 0.8124 0.1894 0.8234 0.2242 0.8139 0.2302
1 0.9148 0.0599 0.9177 0.0616 0.9103 0.0873 0.9074 0.0856
1 0.5056 0.8505 0.5100 0.8279 0.5152 0.8299 0.5109 0.8525
1 0.4581 0.2837 0.4531 0.2771 0.4962 0.2123 0.5012 0.2189
2 0.7880 0.1529 0.7385 0.1356 0.7437 0.1067 0.7932 0.1240
2 0.7020 0.6274 0.7192 0.6347 0.6748 0.8378 0.6577 0.8305
2 0.7888 0.3271 0.8158 0.3831 0.7949 0.4029 0.7679 0.3469
2 0.3697 0.6905 0.3597 0.5565 0.4100 0.5491 0.4200 0.6831
3 0.4216 0.7524 0.4271 0.6072 0.4498 0.6088 0.4444 0.7540
3 0.9187 0.0834 0.9045 0.1769 0.8899 0.1726 0.9041 0.0791
3 0.3214 0.6639 0.3258 0.6450 0.3940 0.6761 0.3897 0.6950
3 0.9539 0.7410 0.9726 0.7702 0.9676 0.7766 0.9488 0.7474
4 0.3376 0.4481 0.3497 0.4279 0.3507 0.4291 0.3386 0.4493
4 0.2521 0.1322 0.2497 0.1494 0.2468 0.1486 0.2492 0.1314
4 0.0747 0.2274 0.0730 0.2502 0.0650 0.2490 0.0667 0.2262
4 0.6733 0.7456 0.6789 0.7431 0.6830 0.7608 0.6774 0.7633
6 0.1281 0.8191 0.1581 0.8890 0.1079 0.9313 0.0779 0.8614
6 0.9171 0.0245 0.9646 0.0016 0.9701 0.0239 0.9226 0.0468
6 0.8333 0.8035 0.8548 0.7663 0.8727 0.7865 0.8512 0.8237
6 0.3144 0.3640 0.3622 0.2843 0.4004 0.3292 0.3527 0.4089
7 0.7816 0.4486 0.7931 0.4319 0.8430 0.4994 0.8315 0.5161
7 0.4430 0.7980 0.4711 0.8000 0.4684 0.8736 0.4403 0.8716
7 0.3746 0.6636 0.3821 0.6638 0.3820 0.6672 0.3745 0.6670
7 0.1120 0.6284 0.1216 0.5891 0.1783 0.6164 0.1686 0.6557
9 0.9596 0.5714 0.9223 0.5968 0.8464 0.3790 0.8837 0.3536
9 0.7241 0.7870 0.6756 0.7966 0.6596 0.6366 0.7081 0.6270
9 0.3336 0.7629 0.2924 0.7384 0.3541 0.5351 0.3953 0.5596
9 0.4248 0.8513 0.4502 0.8023 0.5721 0.9263 0.5467 0.9753
12 0.3476 0.8384 0.3397 0.8081 0.4624 0.7456 0.4703 0.7759
12 0.5455 0.6983 0.5120 0.7145 0.5051 0.6865 0.5386 0.6703
12 0.3188 0.6055 0.3390 0.7041 0.3341 0.7061 0.3139 0.6075
12 0.1160 0.8057 0.0931 0.7713 0.2817 0.5251 0.3046 0.5595
13 0.3641 0.2471 0.3578 0.2588 0.3487 0.2493 0.3550 0.2376
13 0.6509 0.1498 0.6356 0.1444 0.6374 0.1342 0.6527 0.1396
13 0.1068 0.6786 0.1160 0.6726 0.1221 0.6910 0.1129 0.6970
13 0.2583 0.5157 0.1828 0.4270 0.1868 0.4203 0.2623 0.5090
15 0.8826 0.1490 0.9060 0.2035 0.8668 0.2366 0.8434 0.1821
15 0.9278 0.1131 0.9809 0.1209 0.9750 0.1993 0.9219 0.1915
15 0.3460 0.7481 0.3422 0.6466 0.4000 0.6423 0.4038 0.7438
15 0.7927 0.8542 0.6961 0.9061 0.6665 0.7982 0.7631 0.7463
