0 0.6080 0.6564 0.5523 0.5998 0.5952 0.5172 0.6509 0.5738
0 0.4642 0.4610 0.4839 0.4591 0.4970 0.7214 0.4773 0.7233
0 0.2267 0.1195 0.3044 0.0984 0.3158 0.1805 0.2382 0.2016
0 0.4256 0.7283 0.7070 0.3342 0.8339 0.5117 0.5524 0.9058
1 0.1611 0.8484 0.1587 0.8473 0.1635 0.8268 0.1658 0.8279
1 0.2963 0.6408 0.3030 0.6418 0.3020 0.6552 0.2953 0.6542
1 0.7409 0.8175 0.7406 0.8237 0.7291 0.8225 0.7294 0.8163
1 0.3200 0.1332 0.3190 0.1126 0.3417 0.1104 0.3427 0.1310
2 0.6603 0.5623 0.5470 0.6048 0.4942 0.3293 0.6076 0.2868
2 0.2615 0.2089 0.2160 0.2067 0.2208 0.0115 0.2663 0.0137
2 0.1228 0.7999 0.1298 0.7982 0.1395 0.8749 0.1325 0.8766
2 0.6687 0.5392 0.8397 0.7704 0.7628 0.8820 0.5917 0.6508
3 0.4739 0.3096 0.4514 0.2476 0.4638 0.2388 0.4863 0.3008
3 0.0279 0.5972 0.1504 0.5607 0.1550 0.5908 0.0324 0.6273
3 0.3140 0.1178 0.2134 0.1452 0.2100 0.1206 0.3106 0.0932
3 0.1171 0.3827 0.1191 0.3929 0.0824 0.4077 0.0803 0.3975
4 0.5923 0.8760 0.5914 0.8653 0.5946 0.8648 0.5955 0.8755
4 0.3359 0.8297 0.3067 0.8148 0.3118 0.7951 0.3410 0.8100
4 0.7310 0.2797 0.7257 0.2861 0.7219 0.2799 0.7271 0.2735
4 0.1127 0.2910 0.0786 0.3981 0.0608 0.3870 0.0948 0.2799
6 0.5088 0.1744 0.6563 0.0011 0.7187 0.1052 0.5711 0.2785
6 0.8309 0.9062 0.8074 0.9202 0.8051 0.9126 0.8286 0.8986
6 0.7530 0.5461 0.7520 0.5038 0.7590 0.5035 0.7600 0.5458
6 0.8084 0.1769 0.7856 0.1647 0.7945 0.1323 0.8172 0.1445
7 0.7425 0.9275 0.7452 0.9419 0.7267 0.9489 0.7239 0.9345
7 0.3753 0.3410 0.3689 0.3429 0.3662 0.3250 0.3726 0.3231
7 0.2793 0.8988 0.2886 0.9048 0.2718 0.9552 0.2625 0.9492
7 0.6546 0.1731 0.6624 0.1906 0.6300 0.2189 0.6222 0.2014
9 0.4375 0.6182 0.4056 0.6166 0.4096 0.4570 0.4415 0.4586
9 0.4746 0.6015 0.5398 0.9422 0.4345 0.9817 0.3693 0.6410
9 0.0365 0.5357 0.0637 0.5311 0.0755 0.6655 0.0483 0.6701
9 0.0778 0.8254 0.1183 0.8324 0.1059 0.9738 0.0654 0.9668
12 0.3678 0.2000 0.3177 0.2298 0.3088 0.2004 0.3589 0.1706
12 0.6029 0.8066 0.5671 0.8173 0.5394 0.6350 0.5752 0.6243
12 0.2920 0.5076 0.3243 0.4836 0.3746 0.6160 0.3423 0.6400
12 0.4570 0.1963 0.4603 0.1927 0.5270 0.3165 0.5237 0.3201
13 0.1630 0.3575 0.1706 0.3598 0.1664 0.3873 0.1588 0.3850
13 0.1012 0.6314 0.0772 0.6349 0.0722 0.5690 0.0962 0.5655
13 0.4435 0.1088 0.3762 0.0888 0.3854 0.0288 0.4526 0.0488
13 0.8976 0.6360 0.9135 0.7137 0.8778 0.7280 0.8619 0.6503
15 0.8560 0.3506 0.8010 0.3314 0.8094 0.2842 0.8644 0.3034
15 0.5444 0.5336 0.5188 0.6142 0.4839 0.5924 0.5095 0.5118
15 0.9480 0.6958 0.9099 0.7121 0.8942 0.6402 0.9324 0.6239
15 0.8098 0.9600 0.7351 0.9861 0.7197 0.8992 0.7943 0.8731
