0 0.7622 0.6068 0.8881 0.6068 0.8881 0.7524 0.7622 0.7524
0 0.5403 0.4900 0.6460 0.4419 0.7472 0.8776 0.6414 0.9257
0 0.4786 0.1015 0.4628 0.7373 0.2582 0.7273 0.2741 0.0915
0 0.4666 0.1560 0.4778 0.1969 0.2003 0.3460 0.1890 0.3051
1 0.6172 0.6751 0.6117 0.6773 0.6005 0.6225 0.6060 0.6203
1 0.7923 0.7872 0.7812 0.7909 0.7751 0.7540 0.7863 0.7503
1 0.0601 0.7946 0.0632 0.7786 0.0653 0.7794 0.0622 0.7954
1 0.2881 0.3277 0.2701 0.3513 0.2636 0.3415 0.2816 0.3179
2 0.7319 0.7927 0.7875 0.9332 0.7281 0.9793 0.6725 0.8388
2 0.4298 0.8468 0.3942 0.9021 0.3722 0.8744 0.4078 0.8191
2 0.7586 0.6757 0.9421 0.4002 0.9832 0.4539 0.7996 0.7294
2 0.4320 0.1839 0.5293 0.0775 0.5363 0.0901 0.4390 0.1965
3 0.1837 0.5576 0.1985 0.5006 0.2074 0.5052 0.1926 0.5622
3 0.8037 0.4177 0.7933 0.3864 0.9069 0.3123 0.9173 0.3436
3 0.1169 0.5878 0.0999 0.6085 0.0191 0.4782 0.0361 0.4575
3 0.1289 0.7982 0.1233 0.8622 0.1119 0.8602 0.1176 0.7962
4 0.2087 0.5436 0.1520 0.6317 0.1408 0.6176 0.1974 0.5295
4 0.4413 0.6910 0.4405 0.6823 0.4459 0.6814 0.4466 0.6901
4 0.2234 0.4674 0.2241 0.4479 0.2383 0.4490 0.2376 0.4685
4 0.4431 0.2613 0.4574 0.2544 0.4597 0.2639 0.4455 0.2708
6 0.1424 0.7343 0.1457 0.7506 0.1339 0.7553 0.1305 0.7390
6 0.8837 0.8281 0.8570 0.7851 0.8777 0.7599 0.9044 0.8029
6 0.5058 0.2544 0.5364 0.2559 0.5353 0.2988 0.5048 0.2973
6 0.1651 0.6119 0.2130 0.5515 0.2275 0.5741 0.1796 0.6345
7 0.8690 0.2876 0.8628 0.2824 0.8721 0.2608 0.8783 0.2660
7 0.3894 0.1201 0.3847 0.1062 0.4018 0.0951 0.4064 0.1090
7 0.8958 0.0350 0.9049 0.0473 0.8734 0.0930 0.8643 0.0807
7 0.2220 0.2055 0.2168 0.2061 0.2148 0.1661 0.2200 0.1655
9 0.7548 0.6187 0.7701 0.4143 0.8041 0.4193 0.7887 0.6237
9 0.1545 0.5596 0.2127 0.5126 0.2901 0.7004 0.2319 0.7474
9 0.1068 0.6426 0.1272 0.6202 0.1844 0.7226 0.1639 0.7450
9 0.4554 0.5313 0.3501 0.5390 0.3374 0.1991 0.4427 0.1914
12 0.5195 0.3648 0.5016 0.3526 0.5456 0.2264 0.5635 0.2386
12 0.3181 0.6762 0.2783 0.6559 0.3782 0.2714 0.4180 0.2917
12 0.0921 0.5473 0.0570 0.5682 0.0470 0.5351 0.0821 0.5142
12 0.9600 0.8607 0.9815 0.8760 0.9514 0.9585 0.9300 0.9432
13 0.4810 0.7403 0.4696 0.7841 0.4593 0.7789 0.4707 0.7351
13 0.6971 0.7947 0.7533 0.7780 0.7586 0.8133 0.7025 0.8300
13 0.3638 0.1517 0.3605 0.1475 0.3685 0.1355 0.3718 0.1397
13 0.9692 0.8073 0.9611 0.7966 0.9719 0.7803 0.9801 0.7910
15 0.5023 0.7727 0.6031 0.7503 0.6129 0.8369 0.5121 0.8593
15 0.8671 0.2085 0.8528 0.2012 0.8607 0.1711 0.8749 0.1784
15 0.1699 0.6885 0.2029 0.6607 0.2149 0.6887 0.1819 0.7165
15 0.2654 0.9037 0.2998 0.8802 0.3223 0.9451 0.2880 0.9686
