0 0.1375 0.2278 0.3438 0.3946 0.2605 0.5966 0.0542 0.4298
0 0.4116 0.3280 0.6082 0.2990 0.6253 0.5264 0.4286 0.5554
0 0.2659 0.3213 0.1148 0.2647 0.1256 0.2087 0.2766 0.2653
0 0.5046 0.7527 0.4470 0.8637 0.2331 0.6461 0.2907 0.5351
1 0.8671 0.9458 0.8798 0.9400 0.8812 0.9458 0.8684 0.9516
1 0.8522 0.0241 0.8513 0.0206 0.8670 0.0131 0.8678 0.0166
1 0.2088 0.2018 0.2129 0.2057 0.2057 0.2206 0.2017 0.2167
1 0.6243 0.5951 0.6218 0.5974 0.5997 0.5497 0.6022 0.5474
2 0.7213 0.0661 0.7253 0.0527 0.7401 0.0615 0.7361 0.0749
2 0.0425 0.1334 0.0624 0.0830 0.1727 0.1686 0.1527 0.2190
2 0.3384 0.0930 0.3344 0.4172 0.2265 0.4146 0.2305 0.0904
2 0.3114 0.7641 0.3447 0.7290 0.3729 0.7815 0.3396 0.8166
3 0.4873 0.4651 0.5007 0.4837 0.4295 0.5833 0.4162 0.5647
3 0.6036 0.6418 0.6058 0.6577 0.5482 0.6734 0.5460 0.6575
3 0.0057 0.2127 0.0367 0.2211 0.0352 0.2317 0.0042 0.2233
3 0.3152 0.0460 0.4135 0.1015 0.4065 0.1256 0.3083 0.0701
4 0.6900 0.6881 0.6660 0.6417 0.6737 0.6339 0.6977 0.6803
4 0.2377 0.6378 0.2424 0.6396 0.2338 0.6846 0.2291 0.6828
4 0.1724 0.9050 0.1563 0.9070 0.1534 0.8602 0.1694 0.8582
4 0.5403 0.8357 0.5432 0.7886 0.5760 0.7927 0.5731 0.8398
6 0.4167 0.2050 0.4014 0.1988 0.4059 0.1770 0.4212 0.1832
6 0.3873 0.4110 0.4188 0.3208 0.4835 0.3650 0.4521 0.4552
6 0.4762 0.4908 0.4468 0.4419 0.4549 0.4324 0.4843 0.4813
6 0.3033 0.6542 0.5618 0.6479 0.5641 0.8302 0.3056 0.8365
7 0.1455 0.8001 0.1425 0.7879 0.1705 0.7743 0.1735 0.7865
7 0.1713 0.5013 0.1694 0.4967 0.1756 0.4915 0.1775 0.4961
7 0.0324 0.7826 0.0251 0.7795 0.0385 0.7182 0.0457 0.7213
7 0.7954 0.6016 0.7963 0.5828 0.8295 0.5860 0.8285 0.6048
9 0.8736 0.1582 0.8488 0.0901 0.9479 0.0194 0.9726 0.0875
9 0.4612 0.0387 0.6635 0.2764 0.6237 0.3429 0.4213 0.1052
9 0.7278 0.1701 0.5249 0.2253 0.5157 0.1587 0.7185 0.1035
9 0.2634 0.4368 0.1228 0.3277 0.1443 0.2732 0.2850 0.3823
12 0.0250 0.5240 0.0695 0.5676 0.0485 0.6096 0.0039 0.5660
12 0.8279 0.9178 0.8329 0.8987 0.8704 0.9178 0.8654 0.9369
12 0.0223 0.5645 0.0146 0.5312 0.1969 0.4483 0.2046 0.4816
12 0.8083 0.4612 0.7136 0.3460 0.7360 0.3100 0.8307 0.4252
13 0.7079 0.9547 0.7175 0.9571 0.7163 0.9661 0.7068 0.9637
13 0.3825 0.3275 0.3833 0.3303 0.3383 0.3545 0.3376 0.3517
13 0.5343 0.8853 0.5329 0.9021 0.5297 0.9015 0.5311 0.8847
13 0.5970 0.2597 0.6023 0.2543 0.7119 0.4655 0.7066 0.4709
15 0.8570 0.0615 0.8769 0.1116 0.8278 0.1497 0.8080 0.0996
15 0.5975 0.3663 0.6326 0.3913 0.6179 0.4317 0.5828 0.4067
15 0.2243 0.4613 0.1624 0.4172 0.1846 0.3563 0.2464 0.4004
15 0.7839 0.8646 0.7921 0.9046 0.7621 0.9166 0.7539 0.8766
