0 0.9247 0.9130 0.8670 0.9857 0.7725 0.8386 0.8301 0.7659
0 0.7494 0.5476 0.6505 0.4394 0.7446 0.2708 0.8435 0.3790
0 0.0402 0.3130 0.0600 0.2971 0.1683 0.5598 0.1486 0.5757
0 0.5648 0.3292 0.6068 0.2704 0.7377 0.4536 0.6957 0.5124
1 0.3502 0.5003 0.3519 0.4920 0.4070 0.5141 0.4053 0.5224
1 0.4298 0.8531 0.4112 0.8554 0.4087 0.8153 0.4273 0.8130
1 0.4013 0.7113 0.4118 0.7028 0.4261 0.7375 0.4156 0.7460
1 0.5222 0.9333 0.5485 0.9228 0.5495 0.9279 0.5232 0.9384
2 0.7503 0.0996 0.7600 0.1959 0.6048 0.2264 0.5951 0.1301
2 0.5763 0.9151 0.6164 0.9501 0.6071 0.9709 0.5671 0.9359
2 0.2180 0.7597 0.0571 0.4259 0.0986 0.3867 0.2595 0.7205
2 0.1975 0.9769 0.1074 0.9524 0.1090 0.9407 0.1992 0.9652
3 0.9259 0.4792 0.9626 0.4295 0.9713 0.4420 0.9345 0.4917
3 0.2503 0.5922 0.1999 0.5531 0.2077 0.5334 0.2581 0.5725
3 0.0658 0.1735 0.0769 0.1765 0.0659 0.2553 0.0549 0.2523
3 0.4631 0.8043 0.5635 0.8067 0.5632 0.8313 0.4628 0.8289
4 0.5718 0.7428 0.5767 0.7567 0.5713 0.7604 0.5664 0.7465
4 0.4151 0.1372 0.4306 0.1613 0.4234 0.1704 0.4079 0.1463
4 0.9160 0.5984 0.9126 0.6101 0.8863 0.5952 0.8896 0.5835
4 0.1596 0.1520 0.1683 0.1781 0.1593 0.1840 0.1506 0.1579
6 0.5070 0.3248 0.5379 0.2675 0.5790 0.3108 0.5481 0.3681
6 0.1902 0.4845 0.1543 0.4792 0.1555 0.4623 0.1915 0.4676
6 0.3104 0.3477 0.2934 0.2588 0.3361 0.2427 0.3531 0.3316
6 0.4059 0.5601 0.4369 0.5319 0.4415 0.5419 0.4106 0.5701
7 0.6511 0.4210 0.6783 0.5108 0.5852 0.5662 0.5580 0.4764
7 0.5414 0.8770 0.5511 0.8504 0.6057 0.8894 0.5961 0.9160
7 0.4796 0.6194 0.4871 0.6154 0.4935 0.6390 0.4861 0.6430
7 0.0659 0.5844 0.0729 0.5770 0.0749 0.5808 0.0680 0.5882
9 0.9294 0.4128 0.8746 0.4334 0.8206 0.1508 0.8754 0.1302
9 0.4474 0.1619 0.4962 0.1384 0.5357 0.2993 0.4870 0.3228
9 0.4918 0.2726 0.4288 0.2439 0.4336 0.2234 0.4966 0.2521
9 0.2115 0.6310 0.2054 0.6997 0.0831 0.6786 0.0891 0.6099
12 0.8274 0.1001 0.8496 0.0923 0.8775 0.2487 0.8552 0.2565
12 0.6411 0.0773 0.6237 0.0735 0.6312 0.0067 0.6486 0.0105
12 0.2108 0.6359 0.2315 0.6717 0.1384 0.7773 0.1177 0.7415
12 0.3545 0.0537 0.3997 0.0007 0.6598 0.4347 0.6146 0.4877
13 0.8614 0.2788 0.8531 0.2634 0.8598 0.2564 0.8681 0.2718
13 0.4768 0.8663 0.4895 0.8682 0.4878 0.8913 0.4751 0.8894
13 0.3459 0.0937 0.3459 0.0867 0.3587 0.0871 0.3586 0.0941
13 0.6273 0.3840 0.6328 0.3726 0.6381 0.3776 0.6326 0.3890
15 0.5142 0.9248 0.5176 0.8788 0.5447 0.8828 0.5412 0.9288
15 0.5190 0.1336 0.4740 0.1657 0.4530 0.1080 0.4980 0.0759
15 0.5528 0.8962 0.5944 0.8931 0.5967 0.9538 0.5550 0.9569
15 0.6428 0.9993 0.6060 0.9136 0.6584 0.8695 0.6952 0.9552
