0 0.1548 0.6648 0.2137 0.4107 0.5955 0.5844 0.5365 0.8385
0 0.7166 0.3699 0.6794 0.4417 0.5196 0.2793 0.5569 0.2075
0 0.8907 0.0971 0.9360 0.3519 0.7088 0.4313 0.6634 0.1765
0 0.8708 0.4259 0.9217 0.7611 0.8795 0.7737 0.8286 0.4385
1 0.0789 0.3572 0.0766 0.3557 0.0834 0.3352 0.0857 0.3367
1 0.5528 0.9029 0.5291 0.8729 0.5320 0.8683 0.5558 0.8983
1 0.8824 0.8050 0.8699 0.8201 0.8633 0.8094 0.8758 0.7943
1 0.5989 0.7330 0.6021 0.7470 0.5317 0.7790 0.5285 0.7650
2 0.8769 0.6989 0.8580 0.7341 0.6488 0.5135 0.6678 0.4783
2 0.4195 0.0682 0.3922 0.0479 0.4037 0.0178 0.4309 0.0381
2 0.8267 0.1795 0.8649 0.1347 0.9276 0.2393 0.8894 0.2841
2 0.0760 0.9283 0.0807 0.9303 0.0657 0.9989 0.0610 0.9969
3 0.9325 0.0822 0.9279 0.0778 0.9638 0.0034 0.9684 0.0078
3 0.0674 0.5651 0.0599 0.5749 0.0226 0.5189 0.0301 0.5091
3 0.1968 0.1277 0.2155 0.1231 0.2246 0.1959 0.2060 0.2005
3 0.3721 0.3330 0.3714 0.3601 0.2682 0.3550 0.2689 0.3279
4 0.6728 0.8827 0.6797 0.8767 0.7052 0.9337 0.6983 0.9397
4 0.4763 0.0624 0.4617 0.0297 0.4737 0.0192 0.4883 0.0519
4 0.3553 0.1686 0.3182 0.1650 0.3187 0.1554 0.3558 0.1590
4 0.3283 0.6155 0.3340 0.6206 0.3275 0.6353 0.3217 0.6302
6 0.7095 0.0183 0.6975 0.0201 0.6962 0.0029 0.7083 0.0011
6 0.7580 0.5352 0.7057 0.5114 0.7114 0.4868 0.7638 0.5106
6 0.1497 0.9523 0.1696 0.9375 0.1803 0.9657 0.1604 0.9805
6 0.6309 0.0565 0.5939 0.0464 0.5988 0.0115 0.6358 0.0216
7 0.6173 0.4265 0.6299 0.4259 0.6307 0.4567 0.6181 0.4573
7 0.9397 0.5458 0.9171 0.6952 0.8731 0.6822 0.8958 0.5328
7 0.4560 0.8001 0.4499 0.7722 0.5291 0.7383 0.5352 0.7662
7 0.4347 0.4708 0.4169 0.4870 0.3847 0.4176 0.4025 0.4014
9 0.2106 0.1942 0.3212 0.3786 0.2905 0.4146 0.1800 0.2302
9 0.6018 0.4582 0.6272 0.4704 0.6054 0.5590 0.5800 0.5468
9 0.6836 0.0841 0.6692 0.1029 0.6219 0.0319 0.6363 0.0131
9 0.7715 0.2054 0.7604 0.2373 0.7036 0.1986 0.7147 0.1667
12 0.8653 0.1358 0.6120 0.4441 0.5830 0.3974 0.8363 0.0891
12 0.2792 0.4717 0.1999 0.3717 0.2088 0.3579 0.2881 0.4579
12 0.8324 0.3479 0.7994 0.3909 0.5873 0.0725 0.6203 0.0295
12 0.5942 0.0691 0.6120 0.1690 0.5926 0.1757 0.5748 0.0758
13 0.3635 0.9665 0.3610 0.9954 0.2988 0.9847 0.3013 0.9558
13 0.0943 0.2574 0.0935 0.2645 0.0814 0.2618 0.0822 0.2547
13 0.0301 0.8785 0.0214 0.8776 0.0230 0.8459 0.0317 0.8468
13 0.5839 0.2234 0.5999 0.2040 0.6832 0.3382 0.6672 0.3576
15 0.8968 0.8502 0.9214 0.8423 0.9289 0.8878 0.9043 0.8957
15 0.8964 0.4671 0.9540 0.5373 0.9125 0.6041 0.8548 0.5339
15 0.3239 0.5936 0.3560 0.6126 0.3447 0.6500 0.3126 0.6310
15 0.8005 0.7738 0.7693 0.7534 0.7847 0.7074 0.8158 0.7278
