0 0.3738 0.6392 0.3795 0.7915 0.1656 0.8072 0.1599 0.6549
0 0.4589 0.7620 0.4139 0.6485 0.8625 0.3004 0.9075 0.4139
0 0.1664 0.9612 0.0574 0.6482 0.1444 0.5888 0.2535 0.9018
0 0.7745 0.4741 0.7190 0.3281 0.8295 0.2459 0.8850 0.3919
1 0.2771 0.9302 0.2804 0.9238 0.3083 0.9522 0.3050 0.9586
1 0.4289 0.1032 0.4216 0.1044 0.4134 0.0104 0.4207 0.0092
1 0.1882 0.4261 0.1918 0.4232 0.2210 0.4939 0.2173 0.4968
1 0.3796 0.2399 0.3989 0.2399 0.3989 0.2481 0.3796 0.2481
2 0.7664 0.4124 0.7489 0.4501 0.6828 0.3900 0.7002 0.3523
2 0.2125 0.7742 0.2349 0.8707 0.0795 0.9414 0.0571 0.8449
2 0.4384 0.0176 0.4492 0.1136 0.3051 0.1456 0.2942 0.0496
2 0.6666 0.0967 0.7095 0.2532 0.6563 0.2817 0.6134 0.1252
3 0.8221 0.4077 0.8147 0.4003 0.8419 0.3479 0.8493 0.3553
3 0.4922 0.5519 0.5332 0.5921 0.5284 0.6017 0.4874 0.5615
3 0.1477 0.3987 0.1369 0.4042 0.1260 0.3621 0.1368 0.3566
3 0.1189 0.2089 0.1073 0.2089 0.1073 0.1263 0.1189 0.1263
4 0.5059 0.0763 0.5158 0.0403 0.5281 0.0469 0.5182 0.0829
4 0.1000 0.9188 0.0903 0.9222 0.0891 0.9152 0.0988 0.9118
4 0.2567 0.0985 0.2334 0.0996 0.2330 0.0823 0.2563 0.0812
4 0.2838 0.4849 0.2816 0.4779 0.2990 0.4671 0.3012 0.4741
6 0.6162 0.4744 0.6207 0.5639 0.5992 0.5660 0.5947 0.4765
6 0.0282 0.5477 0.0317 0.2670 0.1327 0.2695 0.1292 0.5502
6 0.8363 0.3358 0.8444 0.3812 0.8369 0.3838 0.8288 0.3384
6 0.9284 0.1476 0.9915 0.2359 0.8645 0.4136 0.8014 0.3253
7 0.4704 0.2659 0.4798 0.3231 0.3293 0.3717 0.3199 0.3145
7 0.9409 0.4322 0.9393 0.4485 0.8931 0.4394 0.8947 0.4231
7 0.1288 0.0840 0.1399 0.0547 0.2035 0.1020 0.1923 0.1313
7 0.8405 0.7823 0.8607 0.7920 0.8195 0.9593 0.7993 0.9496
9 0.3897 0.0713 0.3931 0.0159 0.4200 0.0191 0.4166 0.0745
9 0.3275 0.6741 0.2754 0.7445 0.1568 0.5727 0.2089 0.5023
9 0.1886 0.7231 0.1571 0.8769 0.1314 0.8665 0.1629 0.7127
9 0.1841 0.7269 0.1690 0.6179 0.1870 0.6131 0.2021 0.7221
12 0.3419 0.5087 0.3553 0.5093 0.3536 0.5773 0.3402 0.5767
12 0.8753 0.6230 0.8628 0.6137 0.9004 0.5146 0.9129 0.5239
12 0.2110 0.7509 0.1417 0.7861 0.1370 0.7679 0.2063 0.7327
12 0.8374 0.4257 0.8948 0.3882 0.9052 0.4195 0.8478 0.4570
13 0.2884 0.1714 0.2855 0.2294 0.2690 0.2278 0.2719 0.1698
13 0.1700 0.2626 0.1633 0.2369 0.1757 0.2306 0.1824 0.2563
13 0.4080 0.0645 0.3945 0.0502 0.4054 0.0299 0.4189 0.0442
13 0.6443 0.8215 0.6403 0.8609 0.6277 0.8585 0.6317 0.8191
15 0.3183 0.1151 0.2903 0.2230 0.2288 0.1917 0.2568 0.0838
15 0.2046 0.2958 0.1795 0.3408 0.1354 0.2926 0.1605 0.2476
15 0.2448 0.6672 0.3420 0.7088 0.3240 0.7912 0.2268 0.7496
15 0.0657 0.4248 0.0924 0.5015 0.0354 0.5404 0.0087 0.4637
