0 0.8301 0.8258 0.7871 0.7771 0.8373 0.6902 0.8803 0.7389
0 0.4055 0.3781 0.3942 0.0765 0.4513 0.0723 0.4626 0.3739
0 0.6601 0.6461 0.4916 0.6626 0.4617 0.0631 0.6301 0.0466
0 0.4242 0.7200 0.4793 0.8342 0.3575 0.9492 0.3024 0.8350
1 0.1562 0.6075 0.1596 0.6011 0.1715 0.6137 0.1681 0.6201
1 0.4202 0.6411 0.4253 0.6616 0.4209 0.6637 0.4159 0.6432
1 0.8339 0.5280 0.8378 0.5330 0.8158 0.5660 0.8119 0.5610
1 0.2758 0.6784 0.2829 0.7071 0.2767 0.7100 0.2697 0.6813
2 0.6672 0.6627 0.5279 0.8205 0.4754 0.7297 0.6146 0.5719
2 0.4785 0.9188 0.4839 0.8328 0.4969 0.8344 0.4916 0.9204
2 0.8767 0.2694 0.8145 0.1579 0.9041 0.0598 0.9664 0.1713
2 0.4817 0.7596 0.4522 0.6850 0.5051 0.6440 0.5347 0.7186
3 0.5250 0.1877 0.4196 0.1340 0.4282 0.1011 0.5335 0.1548
3 0.0830 0.4249 0.0762 0.4168 0.1078 0.3639 0.1147 0.3720
3 0.2433 0.6804 0.2320 0.6914 0.2102 0.6476 0.2214 0.6366
3 0.5682 0.1388 0.5336 0.0127 0.5507 0.0036 0.5852 0.1297
4 0.5154 0.9121 0.5036 0.9047 0.5381 0.7963 0.5498 0.8037
4 0.7399 0.9362 0.7337 0.9598 0.7236 0.9546 0.7297 0.9310
4 0.6330 0.8450 0.6300 0.8646 0.6247 0.8630 0.6277 0.8434
4 0.4604 0.6517 0.4580 0.6670 0.4331 0.6595 0.4354 0.6442
6 0.2372 0.2739 0.2477 0.2808 0.2428 0.2957 0.2323 0.2888
6 0.1650 0.2827 0.1616 0.3208 0.1553 0.3197 0.1587 0.2816
6 0.3021 0.8566 0.3164 0.9183 0.2868 0.9318 0.2725 0.8701
6 0.9889 0.8962 0.9400 0.9108 0.9365 0.8878 0.9854 0.8732
7 0.1323 0.8303 0.1344 0.8539 0.1288 0.8549 0.1268 0.8313
7 0.3005 0.1408 0.3059 0.1211 0.3343 0.1364 0.3290 0.1561
7 0.2584 0.7264 0.2457 0.7223 0.2465 0.7176 0.2592 0.7217
7 0.4799 0.4072 0.4719 0.3765 0.5318 0.3460 0.5398 0.3767
9 0.6025 0.5435 0.6540 0.6504 0.6361 0.6673 0.5846 0.5604
9 0.6588 0.6321 0.7111 0.5863 0.7880 0.7587 0.7358 0.8045
9 0.3543 0.4618 0.3278 0.4832 0.2714 0.3466 0.2979 0.3252
9 0.1895 0.6939 0.2460 0.7050 0.2273 0.8913 0.1708 0.8802
12 0.3183 0.8711 0.3575 0.4242 0.4083 0.4329 0.3691 0.8798
12 0.2323 0.3938 0.2011 0.3744 0.2968 0.0734 0.3280 0.0928
12 0.3682 0.8563 0.4111 0.7639 0.4386 0.7889 0.3958 0.8813
12 0.7883 0.1867 0.7631 0.1962 0.7291 0.0185 0.7543 0.0090
13 0.5339 0.3207 0.5457 0.2994 0.5559 0.3105 0.5440 0.3318
13 0.9424 0.9114 0.9384 0.9197 0.9233 0.9054 0.9273 0.8971
13 0.4864 0.8082 0.5364 0.9517 0.5299 0.9562 0.4799 0.8127
13 0.0621 0.9333 0.0517 0.9325 0.0522 0.9191 0.0626 0.9199
15 0.3011 0.1502 0.3030 0.2017 0.2526 0.2054 0.2507 0.1539
15 0.4609 0.2955 0.4998 0.3031 0.4951 0.3497 0.4562 0.3421
15 0.7256 0.8109 0.7336 0.6839 0.8086 0.6931 0.8007 0.8201
15 0.6761 0.5442 0.6620 0.6292 0.5982 0.6086 0.6122 0.5236
