0 0.1177 0.3559 0.2689 0.4126 0.1837 0.8577 0.0326 0.8010
0 0.6362 0.7558 0.5854 0.7163 0.6067 0.6626 0.6574 0.7021
0 0.7989 0.4602 0.4998 0.8372 0.3785 0.6486 0.6776 0.2716
0 0.2613 0.7789 0.1659 0.7456 0.2975 0.0063 0.3930 0.0396
1 0.8803 0.0986 0.8759 0.1065 0.8357 0.0626 0.8401 0.0547
1 0.4315 0.4122 0.4215 0.4194 0.3854 0.3202 0.3954 0.3130
1 0.4729 0.2628 0.4428 0.2673 0.4371 0.1912 0.4672 0.1867
1 0.8170 0.4536 0.7862 0.4452 0.7882 0.4312 0.8189 0.4396
2 0.7364 0.2132 0.7440 0.2311 0.7339 0.2396 0.7262 0.2217
2 0.3793 0.1762 0.4531 0.1427 0.5001 0.3454 0.4264 0.3789
2 0.7636 0.3762 0.7818 0.6675 0.6487 0.6838 0.6305 0.3925
2 0.8127 0.8413 0.7762 0.7208 0.8247 0.6919 0.8613 0.8124
3 0.6480 0.1621 0.5799 0.1274 0.5843 0.1107 0.6524 0.1454
3 0.5617 0.7598 0.5580 0.6859 0.5672 0.6850 0.5709 0.7589
3 0.6446 0.6314 0.6328 0.6272 0.6477 0.5434 0.6595 0.5476
3 0.1429 0.3630 0.1342 0.3681 0.1154 0.3062 0.1241 0.3011
4 0.5448 0.8864 0.5495 0.8893 0.5343 0.9372 0.5296 0.9343
4 0.7158 0.2131 0.7332 0.2329 0.7196 0.2565 0.7022 0.2367
4 0.5952 0.5210 0.5864 0.6622 0.5762 0.6610 0.5851 0.5198
4 0.9486 0.6999 0.9541 0.7061 0.9511 0.7113 0.9456 0.7051
6 0.1437 0.6809 0.1325 0.6179 0.2231 0.5863 0.2344 0.6493
6 0.9327 0.7663 0.9464 0.8093 0.9393 0.8137 0.9256 0.7707
6 0.6328 0.6856 0.5970 0.6684 0.6012 0.6516 0.6370 0.6688
6 0.8558 0.8127 0.8713 0.8836 0.8542 0.8909 0.8387 0.8200
7 0.4606 0.4152 0.4478 0.4217 0.4311 0.3576 0.4440 0.3511
7 0.2837 0.6986 0.2803 0.6883 0.2829 0.6866 0.2863 0.6969
7 0.7926 0.7260 0.7787 0.7309 0.7734 0.7008 0.7873 0.6959
7 0.4739 0.3431 0.4906 0.3595 0.4427 0.4553 0.4260 0.4389
9 0.6573 0.3863 0.6435 0.4772 0.4904 0.4317 0.5043 0.3408
9 0.3923 0.0603 0.3784 0.2450 0.3480 0.2405 0.3618 0.0558
9 0.2552 0.7111 0.1312 0.9181 0.0965 0.8773 0.2205 0.6703
9 0.8113 0.2787 0.9100 0.1586 0.9298 0.1905 0.8311 0.3106
12 0.6556 0.9681 0.6516 0.9486 0.7678 0.9019 0.7718 0.9214
12 0.0672 0.4147 0.0651 0.4717 0.0376 0.4697 0.0398 0.4127
12 0.5303 0.6435 0.5621 0.6735 0.5531 0.6921 0.5214 0.6621
12 0.2597 0.2791 0.2855 0.4650 0.2606 0.4717 0.2348 0.2858
13 0.7197 0.3144 0.7102 0.3040 0.7137 0.2976 0.7233 0.3080
13 0.3185 0.1073 0.3212 0.0858 0.3312 0.0883 0.3285 0.1098
13 0.8969 0.1780 0.8959 0.1763 0.9448 0.1228 0.9458 0.1245
13 0.3353 0.2854 0.3450 0.2854 0.3450 0.3030 0.3353 0.3030
15 0.2791 0.6399 0.2830 0.5776 0.3238 0.5825 0.3199 0.6448
15 0.7151 0.1757 0.7176 0.1258 0.7714 0.1311 0.7690 0.1810
15 0.7987 0.3625 0.7524 0.3534 0.7570 0.3079 0.8033 0.3170
15 0.0136 0.8670 0.0453 0.7515 0.1018 0.7818 0.0701 0.8973
