0 0.2302 0.8593 0.1194 0.7041 0.3832 0.3347 0.4941 0.4899
0 0.1659 0.0939 0.1714 0.0307 0.2055 0.0365 0.2000 0.0997
0 0.0522 0.7855 0.2720 0.8622 0.2507 0.9821 0.0308 0.9054
0 0.2214 0.0067 0.4278 0.2957 0.2835 0.4977 0.0771 0.2087
1 0.9514 0.4476 0.9861 0.4662 0.9817 0.4820 0.9471 0.4634
1 0.0196 0.8138 0.0082 0.7972 0.0361 0.7594 0.0476 0.7760
1 0.6309 0.3292 0.6313 0.3314 0.6114 0.3388 0.6110 0.3366
1 0.0047 0.7665 0.0033 0.7647 0.0105 0.7535 0.0119 0.7553
2 0.2568 0.8813 0.3434 0.4286 0.4109 0.4539 0.3243 0.9066
2 0.6588 0.9681 0.6271 0.9236 0.6300 0.9195 0.6618 0.9640
2 0.4988 0.9856 0.5137 0.7870 0.5961 0.7992 0.5812 0.9978
2 0.0215 0.0888 0.1844 0.2050 0.1739 0.2336 0.0111 0.1174
3 0.7771 0.1977 0.7510 0.1370 0.7618 0.1279 0.7878 0.1886
3 0.1483 0.3603 0.1124 0.4913 0.0960 0.4825 0.1319 0.3515
3 0.1121 0.2639 0.1230 0.3036 0.1159 0.3073 0.1050 0.2676
3 0.2810 0.3131 0.2826 0.3350 0.1993 0.3473 0.1977 0.3254
4 0.6592 0.6474 0.6641 0.6556 0.6602 0.6602 0.6553 0.6520
4 0.5468 0.0329 0.5431 0.0134 0.5515 0.0103 0.5552 0.0298
4 0.7638 0.7608 0.7447 0.7500 0.7767 0.6392 0.7958 0.6500
4 0.0767 0.1843 0.0914 0.1615 0.0998 0.1721 0.0852 0.1949
6 0.1119 0.9384 0.0674 0.9081 0.0747 0.8872 0.1192 0.9175
6 0.3776 0.9833 0.2896 0.9811 0.2927 0.7331 0.3807 0.7353
6 0.1638 0.1173 0.1473 0.1296 0.1453 0.1243 0.1618 0.1120
6 0.6658 0.9108 0.6735 0.9215 0.6657 0.9324 0.6580 0.9217
7 0.1012 0.5275 0.0907 0.5398 0.0677 0.5013 0.0782 0.4890
7 0.2338 0.8383 0.2581 0.8668 0.2516 0.8777 0.2273 0.8492
7 0.3851 0.3101 0.3736 0.2771 0.4286 0.2395 0.4401 0.2725
7 0.2129 0.4368 0.2022 0.4325 0.2122 0.3836 0.2229 0.3879
9 0.8630 0.1625 0.8911 0.0819 0.9147 0.0979 0.8866 0.1785
9 0.0803 0.4955 0.1067 0.4446 0.1923 0.5317 0.1659 0.5826
9 0.1434 0.4440 0.1056 0.4289 0.1443 0.2400 0.1821 0.2551
9 0.2814 0.5822 0.3104 0.5844 0.3066 0.6854 0.2776 0.6832
12 0.9187 0.9076 0.9150 0.8894 0.9804 0.8632 0.9841 0.8814
12 0.1021 0.8660 0.0643 0.7471 0.0885 0.7320 0.1263 0.8509
12 0.7102 0.9009 0.6951 0.8358 0.8435 0.7683 0.8587 0.8334
12 0.8050 0.4238 0.7860 0.4577 0.7759 0.4466 0.7948 0.4127
13 0.9540 0.5452 0.9615 0.5906 0.9509 0.5940 0.9434 0.5486
13 0.7575 0.6145 0.7520 0.6337 0.7319 0.6223 0.7374 0.6031
13 0.2716 0.0948 0.3050 0.0778 0.3138 0.1116 0.2804 0.1286
13 0.3401 0.6559 0.3452 0.6729 0.3365 0.6781 0.3313 0.6611
15 0.7448 0.8502 0.7079 0.7080 0.8009 0.6606 0.8378 0.8028
15 0.5583 0.0034 0.5655 0.1478 0.5046 0.1538 0.4974 0.0094
15 0.3328 0.3098 0.3814 0.3027 0.3849 0.3494 0.3363 0.3565
15 0.2854 0.1734 0.3421 0.2071 0.3243 0.2658 0.2676 0.2321
