0 0.6395 0.5420 0.6972 0.5730 0.6282 0.8244 0.5706 0.7934
0 0.4923 0.3847 0.2972 0.6221 0.2523 0.5497 0.4474 0.3123
0 0.1137 0.8718 0.0497 0.5786 0.3112 0.4666 0.3752 0.7598
0 0.5712 0.3335 0.6643 0.3943 0.5539 0.7257 0.4608 0.6649
1 0.5477 0.2433 0.5482 0.2339 0.5523 0.2343 0.5518 0.2437
1 0.4742 0.7592 0.4877 0.7657 0.4523 0.9096 0.4389 0.9031
1 0.5085 0.0669 0.5119 0.0655 0.5184 0.0955 0.5150 0.0969
1 0.7320 0.9865 0.7544 0.9787 0.7552 0.9831 0.7328 0.9909
2 0.5773 0.4808 0.6026 0.6471 0.3964 0.7084 0.3711 0.5421
2 0.8025 0.2728 0.8185 0.2651 0.8710 0.4784 0.8549 0.4861
2 0.4743 0.2833 0.3764 0.2905 0.3760 0.2779 0.4738 0.2707
2 0.6635 0.0802 0.8416 0.4952 0.7900 0.5386 0.6119 0.1236
3 0.2225 0.7159 0.2252 0.7396 0.1349 0.7597 0.1322 0.7360
3 0.1229 0.5169 0.1193 0.5082 0.1508 0.4827 0.1544 0.4914
3 0.3080 0.4984 0.3130 0.4918 0.3672 0.5732 0.3622 0.5798
3 0.7001 0.7281 0.6934 0.7025 0.7911 0.6527 0.7977 0.6783
4 0.5658 0.3611 0.5556 0.4226 0.5479 0.4201 0.5581 0.3586
4 0.2794 0.9008 0.2597 0.8975 0.2626 0.8644 0.2823 0.8677
4 0.9868 0.6958 0.9947 0.7277 0.9829 0.7334 0.9750 0.7015
4 0.4018 0.3144 0.4077 0.3145 0.4077 0.3212 0.4017 0.3211
6 0.5017 0.8153 0.4450 0.8042 0.4477 0.7775 0.5044 0.7886
6 0.9040 0.4181 0.8337 0.3784 0.8909 0.1803 0.9612 0.2200
6 0.6683 0.5945 0.7334 0.5419 0.8092 0.7255 0.7440 0.7781
6 0.7933 0.2782 0.8245 0.1996 0.8809 0.2434 0.8498 0.3220
7 0.7967 0.1390 0.7919 0.1441 0.7779 0.1182 0.7827 0.1131
7 0.6742 0.8113 0.6811 0.7820 0.7300 0.8043 0.7232 0.8336
7 0.4486 0.5334 0.4316 0.5134 0.4368 0.5046 0.4539 0.5246
7 0.2476 0.6778 0.2615 0.6819 0.2498 0.7590 0.2360 0.7549
9 0.6359 0.7252 0.6285 0.6954 0.7070 0.6576 0.7143 0.6874
9 0.5012 0.3684 0.4743 0.4166 0.3545 0.2856 0.3814 0.2374
9 0.5402 0.8538 0.5142 0.7977 0.6086 0.7118 0.6346 0.7679
9 0.7114 0.6936 0.6848 0.6771 0.7126 0.5896 0.7392 0.6061
12 0.8641 0.5013 0.8570 0.4791 0.9365 0.4295 0.9436 0.4517
12 0.3568 0.3387 0.8230 0.3387 0.8230 0.4245 0.3568 0.4245
12 0.8660 0.5963 0.8850 0.6279 0.6968 0.8489 0.6779 0.8173
12 0.6519 0.3581 0.6451 0.3534 0.7330 0.1011 0.7398 0.1058
13 0.8309 0.3735 0.8358 0.3813 0.8216 0.3985 0.8168 0.3907
13 0.6635 0.3127 0.6684 0.3193 0.6662 0.3225 0.6613 0.3159
13 0.7656 0.6491 0.7730 0.6319 0.7813 0.6389 0.7739 0.6561
13 0.2643 0.7538 0.2843 0.6322 0.3189 0.6434 0.2988 0.7650
15 0.6349 0.4592 0.6291 0.4355 0.6465 0.4272 0.6523 0.4509
15 0.7787 0.4072 0.8255 0.3320 0.8567 0.3700 0.8100 0.4452
15 0.9355 0.3942 0.9159 0.3603 0.9485 0.3234 0.9681 0.3573
15 0.7313 0.5127 0.7730 0.5411 0.7521 0.6009 0.7105 0.5725
