0 0.7596 0.1459 0.8799 0.0236 0.9889 0.2337 0.8687 0.3560
0 0.4021 0.8105 0.3946 0.6102 0.7582 0.5835 0.7657 0.7838
0 0.5909 0.7156 0.5153 0.1715 0.5840 0.1528 0.6595 0.6969
0 0.1271 0.6356 0.3748 0.5930 0.3866 0.7280 0.1389 0.7706
1 0.7743 0.5648 0.7732 0.5673 0.7502 0.5464 0.7514 0.5439
1 0.4618 0.1143 0.4608 0.1189 0.4419 0.1109 0.4429 0.1063
1 0.8171 0.3286 0.8279 0.3254 0.8440 0.4318 0.8333 0.4350
1 0.9648 0.3825 0.9577 0.3796 0.9589 0.3735 0.9660 0.3764
2 0.3704 0.4104 0.3259 0.3902 0.3330 0.3596 0.3775 0.3798
2 0.3650 0.4718 0.3869 0.5720 0.2464 0.6322 0.2245 0.5320
2 0.2888 0.3104 0.4874 0.1687 0.5472 0.3332 0.3486 0.4749
2 0.3027 0.1820 0.2528 0.2020 0.2364 0.1220 0.2863 0.1020
3 0.8963 0.9512 0.8971 0.9383 0.9434 0.9440 0.9426 0.9569
3 0.5364 0.8712 0.5046 0.8949 0.5004 0.8840 0.5323 0.8603
3 0.2527 0.1345 0.2419 0.1072 0.3410 0.0303 0.3518 0.0576
3 0.1874 0.6569 0.2026 0.5871 0.2166 0.5931 0.2014 0.6629
4 0.9947 0.6460 0.9198 0.7140 0.9165 0.7068 0.9913 0.6388
4 0.4401 0.8537 0.4380 0.8865 0.4268 0.8851 0.4288 0.8523
4 0.4511 0.0503 0.4617 0.0809 0.4512 0.0881 0.4406 0.0575
4 0.0197 0.3558 0.0395 0.3440 0.0446 0.3606 0.0247 0.3724
6 0.6199 0.6290 0.6105 0.5833 0.6181 0.5802 0.6275 0.6259
6 0.9477 0.3790 0.9983 0.4077 0.9778 0.4790 0.9271 0.4503
6 0.4861 0.5836 0.4747 0.6162 0.4510 0.6000 0.4624 0.5674
6 0.0714 0.7236 0.0516 0.7832 0.0417 0.7768 0.0616 0.7172
7 0.5414 0.9385 0.5290 0.9322 0.5380 0.8975 0.5504 0.9038
7 0.0117 0.6691 0.0292 0.5427 0.0917 0.5597 0.0742 0.6861
7 0.6381 0.5774 0.6497 0.5754 0.6544 0.6290 0.6428 0.6310
7 0.0267 0.2100 0.0145 0.1940 0.0430 0.1512 0.0552 0.1672
9 0.8513 0.5827 0.8992 0.7088 0.7158 0.8453 0.6679 0.7192
9 0.3443 0.3126 0.3643 0.3612 0.2191 0.4786 0.1991 0.4300
9 0.8652 0.8685 0.8297 0.8205 0.9151 0.6967 0.9506 0.7447
9 0.4051 0.6838 0.3842 0.5987 0.5080 0.5390 0.5289 0.6241
12 0.6024 0.6602 0.5850 0.6837 0.4565 0.4974 0.4738 0.4739
12 0.0996 0.5921 0.0853 0.5754 0.0924 0.5635 0.1067 0.5802
12 0.8238 0.4900 0.7144 0.9616 0.6607 0.9372 0.7702 0.4656
12 0.7529 0.8386 0.7743 0.8656 0.7614 0.8858 0.7399 0.8588
13 0.0071 0.8002 0.0336 0.7631 0.0663 0.8090 0.0399 0.8461
13 0.4306 0.2041 0.4057 0.2017 0.4063 0.1903 0.4311 0.1927
13 0.5187 0.4164 0.5162 0.4205 0.5090 0.4120 0.5115 0.4079
13 0.7714 0.2218 0.7807 0.1936 0.7866 0.1974 0.7773 0.2256
15 0.2520 0.0230 0.2899 0.0184 0.2934 0.0742 0.2555 0.0788
15 0.6768 0.7315 0.7264 0.7767 0.6924 0.8501 0.6427 0.8049
15 0.4616 0.6796 0.4678 0.7142 0.4304 0.7272 0.4242 0.6926
15 0.7333 0.6891 0.7491 0.7070 0.7319 0.7369 0.7160 0.7190
