0 0.5341 0.2032 0.6564 0.2242 0.6347 0.4712 0.5125 0.4502
0 0.2490 0.1840 0.1919 0.2282 0.1585 0.1436 0.2155 0.0994
0 0.2716 0.4821 0.0891 0.5553 0.0459 0.3443 0.2283 0.2711
0 0.9789 0.2878 0.9320 0.3257 0.9165 0.2882 0.9634 0.2503
1 0.2067 0.2453 0.2009 0.2552 0.1508 0.1983 0.1565 0.1884
1 0.5029 0.4674 0.5011 0.4757 0.4462 0.4522 0.4480 0.4439
1 0.3170 0.6288 0.3225 0.6099 0.3544 0.6280 0.3489 0.6469
1 0.4925 0.5835 0.4933 0.5767 0.5232 0.5841 0.5224 0.5909
2 0.0792 0.9111 0.1000 0.9157 0.0982 0.9317 0.0774 0.9271
2 0.7133 0.8426 0.4822 0.9232 0.4487 0.7354 0.6798 0.6548
2 0.1833 0.2937 0.1711 0.2299 0.2158 0.2131 0.2280 0.2769
2 0.5205 0.2178 0.5194 0.1896 0.5490 0.1874 0.5500 0.2156
3 0.4085 0.0537 0.4191 0.0508 0.4295 0.1259 0.4189 0.1288
3 0.0940 0.6013 0.0778 0.6994 0.0608 0.6939 0.0770 0.5958
3 0.8296 0.9452 0.8269 0.9590 0.7773 0.9404 0.7799 0.9266
3 0.9589 0.5628 0.9247 0.5097 0.9331 0.4992 0.9673 0.5523
4 0.5560 0.8402 0.5785 0.8299 0.5820 0.8450 0.5595 0.8553
4 0.3921 0.7240 0.3914 0.7293 0.3879 0.7284 0.3886 0.7231
4 0.3453 0.0861 0.3432 0.0868 0.3427 0.0843 0.3448 0.0836
4 0.1815 0.6667 0.1808 0.6716 0.1708 0.6689 0.1715 0.6640
6 0.1836 0.4352 0.2118 0.3640 0.2289 0.3772 0.2007 0.4484
6 0.7611 0.1207 0.7758 0.0575 0.8666 0.0989 0.8520 0.1621
6 0.1750 0.6279 0.2785 0.4551 0.3407 0.5281 0.2372 0.7009
6 0.9638 0.6030 0.9271 0.6085 0.9262 0.5966 0.9629 0.5911
7 0.2398 0.5387 0.2478 0.5405 0.2453 0.5629 0.2373 0.5611
7 0.5145 0.9097 0.4291 0.8321 0.4667 0.7511 0.5520 0.8287
7 0.7847 0.8912 0.7984 0.8792 0.8104 0.9060 0.7967 0.9180
7 0.1898 0.8753 0.1875 0.8810 0.1748 0.8711 0.1770 0.8654
9 0.0834 0.5775 0.1216 0.5738 0.1283 0.7073 0.0901 0.7110
9 0.4002 0.5295 0.4087 0.6042 0.2180 0.6465 0.2096 0.5718
9 0.8354 0.6656 0.8512 0.5768 0.8661 0.5820 0.8502 0.6708
9 0.4225 0.7549 0.4652 0.7355 0.4972 0.8735 0.4545 0.8929
12 0.8849 0.2519 0.8146 0.2957 0.8086 0.2765 0.8788 0.2327
12 0.2703 0.9444 0.2699 0.9124 0.3846 0.9096 0.3850 0.9416
12 0.8333 0.3062 0.8363 0.2275 0.8516 0.2286 0.8486 0.3073
12 0.9703 0.7635 0.9726 0.9498 0.9477 0.9505 0.9454 0.7642
13 0.2499 0.1757 0.2494 0.1713 0.2575 0.1695 0.2581 0.1739
13 0.6367 0.8536 0.6467 0.8458 0.6504 0.8552 0.6405 0.8630
13 0.8661 0.6110 0.8766 0.6113 0.8765 0.6210 0.8659 0.6207
13 0.8251 0.9869 0.8157 0.9790 0.8172 0.9755 0.8266 0.9834
15 0.6726 0.8258 0.6191 0.7264 0.6723 0.6702 0.7258 0.7696
15 0.1731 0.7680 0.3023 0.7127 0.3266 0.8236 0.1974 0.8789
15 0.6101 0.1741 0.5436 0.1456 0.5610 0.0659 0.6275 0.0944
15 0.3931 0.5913 0.3306 0.5096 0.3743 0.4439 0.4369 0.5256
