0 0.3285 0.6735 0.3447 0.6147 0.5772 0.7397 0.5611 0.7985
0 0.2214 0.5238 0.3140 0.6081 0.2906 0.6586 0.1980 0.5743
0 0.8535 0.7429 0.6711 0.8964 0.5342 0.5775 0.7166 0.4240
0 0.8274 0.6011 0.9455 0.7303 0.8123 0.9689 0.6942 0.8397
1 0.2336 0.8209 0.2225 0.8198 0.2230 0.8103 0.2341 0.8114
1 0.6122 0.9903 0.6348 0.9806 0.6361 0.9865 0.6135 0.9962
1 0.9523 0.1669 0.9505 0.1596 0.9640 0.1531 0.9658 0.1604
1 0.7937 0.9634 0.7953 0.9611 0.8186 0.9926 0.8170 0.9949
2 0.8225 0.7967 0.8432 0.8050 0.8252 0.8925 0.8046 0.8842
2 0.1689 0.1785 0.1181 0.3462 0.0516 0.3067 0.1025 0.1390
2 0.7505 0.7287 0.7623 0.7471 0.7387 0.7769 0.7268 0.7585
2 0.3995 0.8387 0.3539 0.8726 0.3325 0.8161 0.3781 0.7822
3 0.7782 0.9008 0.7950 0.9000 0.7967 0.9656 0.7798 0.9664
3 0.1453 0.1406 0.1351 0.2074 0.1245 0.2042 0.1346 0.1374
3 0.1583 0.6479 0.1456 0.6656 0.0763 0.5685 0.0889 0.5508
3 0.5267 0.4452 0.5286 0.4288 0.5881 0.4420 0.5862 0.4584
4 0.3851 0.9628 0.3708 0.9157 0.3838 0.9080 0.3981 0.9551
4 0.2685 0.8519 0.2989 0.8765 0.2958 0.8841 0.2654 0.8595
4 0.8537 0.1566 0.8570 0.1635 0.8457 0.1738 0.8425 0.1669
4 0.8397 0.7349 0.8391 0.7233 0.8777 0.7195 0.8783 0.7311
6 0.8592 0.0839 0.9078 0.1649 0.7913 0.3017 0.7428 0.2207
6 0.1151 0.5101 0.1228 0.4630 0.1306 0.4655 0.1229 0.5126
6 0.3069 0.7495 0.3433 0.8022 0.3179 0.8365 0.2816 0.7838
6 0.2542 0.4698 0.2142 0.4211 0.2375 0.3834 0.2776 0.4321
7 0.9163 0.7134 0.9107 0.7004 0.9637 0.6558 0.9693 0.6688
7 0.1365 0.5649 0.1390 0.5554 0.1743 0.5735 0.1719 0.5830
7 0.8273 0.8063 0.8281 0.7931 0.8596 0.7969 0.8587 0.8101
7 0.8831 0.6540 0.8986 0.6075 0.9863 0.6648 0.9709 0.7113
9 0.4637 0.5180 0.4097 0.4059 0.4443 0.3732 0.4983 0.4853
9 0.5219 0.7215 0.5843 0.6931 0.6255 0.8709 0.5632 0.8993
9 0.3742 0.6984 0.5223 0.6984 0.5223 0.7832 0.3742 0.7832
9 0.7715 0.8018 0.7548 0.8164 0.7179 0.7338 0.7346 0.7192
12 0.0265 0.0449 0.0188 0.0136 0.0321 0.0071 0.0398 0.0384
12 0.7092 0.6465 0.7047 0.6828 0.6102 0.6595 0.6148 0.6232
12 0.4679 0.2060 0.4851 0.1763 0.5529 0.2532 0.5357 0.2829
12 0.2638 0.4742 0.2956 0.5102 0.2856 0.5274 0.2539 0.4914
13 0.6792 0.6046 0.6717 0.6117 0.6471 0.5606 0.6546 0.5535
13 0.9684 0.2015 0.9649 0.2021 0.9528 0.0633 0.9562 0.0627
13 0.2761 0.2834 0.2753 0.3453 0.2468 0.3446 0.2476 0.2827
13 0.0491 0.1838 0.0360 0.1619 0.0666 0.1258 0.0798 0.1477
15 0.8088 0.0258 0.8672 0.0258 0.8672 0.0742 0.8088 0.0742
15 0.1045 0.4185 0.1262 0.2867 0.1809 0.3043 0.1592 0.4361
15 0.1237 0.4945 0.1718 0.3983 0.2134 0.4391 0.1653 0.5353
15 0.8548 0.3552 0.9385 0.3367 0.9464 0.4060 0.8626 0.4245
