0 0.0526 0.9993 0.0242 0.9659 0.2508 0.5879 0.2792 0.6213
0 0.3961 0.9154 0.3294 0.9513 0.2925 0.8166 0.3592 0.7807
0 0.9307 0.5444 0.9809 0.7611 0.7925 0.8468 0.7422 0.6301
0 0.4548 0.6544 0.5651 0.2908 0.6109 0.3180 0.5007 0.6816
1 0.7855 0.2453 0.7747 0.2508 0.7654 0.2151 0.7762 0.2096
1 0.6400 0.2265 0.6664 0.2123 0.6703 0.2267 0.6439 0.2409
1 0.6966 0.5639 0.7035 0.5586 0.7329 0.6329 0.7260 0.6382
1 0.0435 0.7681 0.0422 0.7662 0.0507 0.7543 0.0521 0.7562
2 0.1662 0.5561 0.2231 0.4335 0.4255 0.6175 0.3686 0.7401
2 0.3516 0.5849 0.3311 0.5670 0.3359 0.5563 0.3563 0.5742
2 0.4597 0.6793 0.5155 0.5676 0.6832 0.7319 0.6273 0.8436
2 0.7780 0.5080 0.7270 0.4502 0.7442 0.4204 0.7953 0.4782
3 0.7983 0.6570 0.7519 0.6420 0.7537 0.6310 0.8001 0.6460
3 0.6058 0.9880 0.5960 0.9104 0.6057 0.9080 0.6155 0.9856
3 0.3231 0.9158 0.2748 0.7985 0.2935 0.7834 0.3418 0.9007
3 0.6539 0.1585 0.5666 0.1067 0.5747 0.0799 0.6620 0.1317
4 0.7915 0.1057 0.7714 0.0960 0.7751 0.0811 0.7952 0.0908
4 0.2215 0.8500 0.2139 0.8330 0.2342 0.8152 0.2418 0.8322
4 0.5062 0.4668 0.5080 0.4877 0.4990 0.4892 0.4971 0.4683
4 0.7580 0.7958 0.7630 0.7676 0.7729 0.7710 0.7678 0.7992
6 0.8795 0.1682 0.8728 0.1481 0.8874 0.1386 0.8940 0.1587
6 0.9585 0.8565 0.9739 0.7758 0.9933 0.7831 0.9778 0.8638
6 0.7938 0.5574 0.8318 0.6424 0.7708 0.6958 0.7328 0.6108
6 0.7987 0.0215 0.7892 0.0970 0.7710 0.0925 0.7805 0.0170
7 0.2426 0.8426 0.2405 0.8301 0.2871 0.8150 0.2892 0.8275
7 0.3299 0.7957 0.3562 0.6823 0.3896 0.6975 0.3632 0.8109
7 0.6069 0.5858 0.6129 0.5923 0.6022 0.6114 0.5963 0.6049
7 0.2662 0.2341 0.2537 0.2278 0.2564 0.2175 0.2689 0.2238
9 0.2431 0.5422 0.2162 0.5018 0.2826 0.4150 0.3095 0.4554
9 0.1343 0.0210 0.2900 0.0595 0.2837 0.1102 0.1280 0.0717
9 0.0293 0.7446 0.0686 0.7359 0.0909 0.9330 0.0516 0.9417
9 0.7068 0.8371 0.9203 0.6503 0.9781 0.7797 0.7645 0.9665
12 0.0976 0.8018 0.0647 0.7188 0.0759 0.7102 0.1087 0.7932
12 0.3905 0.4586 0.3794 0.4109 0.5033 0.3546 0.5143 0.4023
12 0.1917 0.8902 0.1722 0.9252 0.0988 0.8450 0.1184 0.8100
12 0.5560 0.8625 0.5525 0.8481 0.6377 0.8071 0.6412 0.8215
13 0.5574 0.5510 0.5516 0.5437 0.5541 0.5398 0.5598 0.5471
13 0.8570 0.7611 0.8672 0.7693 0.8564 0.7953 0.8463 0.7871
13 0.6457 0.0274 0.6309 0.0384 0.6257 0.0246 0.6405 0.0136
13 0.7008 0.3445 0.6954 0.3429 0.6983 0.3235 0.7038 0.3251
15 0.5967 0.7801 0.5409 0.7996 0.5262 0.7171 0.5820 0.6976
15 0.6831 0.1131 0.7154 0.0680 0.7489 0.1149 0.7166 0.1600
15 0.0562 0.3690 0.0725 0.3352 0.0969 0.3582 0.0806 0.3920
15 0.7398 0.7326 0.7127 0.8314 0.6547 0.8002 0.6818 0.7014
