0 0.8340 0.3294 0.7511 0.1753 0.8677 0.0522 0.9507 0.2063
0 0.9834 0.6830 0.9551 0.6830 0.9551 0.5594 0.9834 0.5594
0 0.7347 0.9371 0.5160 0.9424 0.5091 0.3849 0.7277 0.3796
0 0.3972 0.6669 0.2751 0.8208 0.0748 0.5095 0.1969 0.3556
1 0.6907 0.6486 0.6820 0.6400 0.7253 0.5534 0.7340 0.5620
1 0.3835 0.9287 0.3929 0.9481 0.3887 0.9521 0.3794 0.9327
1 0.6384 0.1096 0.6389 0.1196 0.6345 0.1200 0.6340 0.1100
1 0.6998 0.3701 0.6964 0.3857 0.6922 0.3839 0.6956 0.3683
2 0.1124 0.0681 0.1093 0.0733 0.0707 0.0279 0.0738 0.0227
2 0.8652 0.2811 0.9455 0.3598 0.8156 0.6193 0.7354 0.5406
2 0.2985 0.5969 0.2151 0.5181 0.2478 0.4503 0.3312 0.5291
2 0.2865 0.6072 0.2354 0.5840 0.2641 0.4604 0.3151 0.4836
3 0.8414 0.7973 0.8185 0.7515 0.8266 0.7435 0.8495 0.7893
3 0.2121 0.9050 0.2194 0.9387 0.1525 0.9674 0.1451 0.9337
3 0.8513 0.7449 0.8451 0.7365 0.8778 0.6891 0.8840 0.6975
3 0.1755 0.2371 0.1820 0.2565 0.1116 0.3025 0.1051 0.2831
4 0.8022 0.6067 0.8045 0.5864 0.8089 0.5873 0.8066 0.6076
4 0.3585 0.2776 0.3720 0.2666 0.3772 0.2792 0.3637 0.2902
4 0.8544 0.0937 0.8486 0.1218 0.8410 0.1187 0.8468 0.0906
4 0.1224 0.7448 0.1255 0.7453 0.1242 0.7604 0.1211 0.7599
6 0.8564 0.6975 0.7986 0.7757 0.7799 0.7485 0.8377 0.6703
6 0.2096 0.2700 0.2802 0.2648 0.2827 0.3312 0.2121 0.3364
6 0.6841 0.8921 0.6776 0.9492 0.6682 0.9471 0.6747 0.8900
6 0.5342 0.0470 0.4914 0.0309 0.4940 0.0170 0.5369 0.0331
7 0.6309 0.0915 0.6309 0.1037 0.6002 0.1037 0.6002 0.0915
7 0.2018 0.2449 0.1855 0.2457 0.1837 0.1731 0.1999 0.1723
7 0.5565 0.9607 0.5735 0.9708 0.5720 0.9757 0.5550 0.9656
7 0.3746 0.9185 0.3884 0.8962 0.3980 0.9079 0.3841 0.9302
9 0.5234 0.4326 0.6368 0.4103 0.6412 0.4542 0.5278 0.4765
9 0.3541 0.4490 0.3159 0.7006 0.2744 0.6882 0.3126 0.4366
9 0.1647 0.2504 0.1536 0.3085 0.0053 0.2528 0.0164 0.1947
9 0.8578 0.5954 0.8574 0.6230 0.7751 0.6210 0.7754 0.5934
12 0.0953 0.6374 0.0951 0.6176 0.1661 0.6158 0.1664 0.6356
12 0.4992 0.4679 0.4666 0.5469 0.4557 0.5381 0.4882 0.4591
12 0.5537 0.6257 0.5435 0.6612 0.4626 0.6155 0.4728 0.5800
12 0.9391 0.5582 0.8593 0.5084 0.8694 0.4766 0.9492 0.5264
13 0.6695 0.4632 0.6695 0.4972 0.6519 0.4972 0.6519 0.4632
13 0.2227 0.4029 0.2349 0.3895 0.2427 0.4035 0.2305 0.4169
13 0.5476 0.9321 0.5424 0.9573 0.4342 0.9139 0.4393 0.8887
13 0.2511 0.3417 0.2501 0.3324 0.2669 0.3291 0.2679 0.3384
15 0.4345 0.2929 0.4345 0.2491 0.4666 0.2491 0.4666 0.2929
15 0.2937 0.7066 0.1970 0.6971 0.2026 0.5850 0.2993 0.5945
15 0.3321 0.3181 0.3064 0.3640 0.2734 0.3279 0.2990 0.2820
15 0.6653 0.7814 0.6341 0.7821 0.6336 0.7374 0.6647 0.7367
