0 0.7799 0.6024 0.8940 0.6735 0.8207 0.9040 0.7066 0.8329
0 0.9059 0.5539 0.9774 0.5903 0.9112 0.8449 0.8397 0.8085
0 0.7410 0.1604 0.7314 0.1064 0.9447 0.0320 0.9543 0.0860
0 0.4142 0.6421 0.4438 0.5342 0.4878 0.5579 0.4582 0.6658
1 0.8594 0.6908 0.8607 0.6932 0.8508 0.7032 0.8496 0.7008
1 0.1816 0.7606 0.1780 0.7694 0.1304 0.7310 0.1340 0.7222
1 0.0319 0.4657 0.0188 0.4625 0.0192 0.4591 0.0324 0.4623
1 0.9298 0.1520 0.9070 0.1565 0.9059 0.1460 0.9288 0.1415
2 0.9774 0.9051 0.9607 0.9080 0.9577 0.8737 0.9744 0.8708
2 0.3970 0.8329 0.3945 0.8221 0.4259 0.8079 0.4284 0.8187
2 0.7613 0.1804 0.8135 0.2260 0.7495 0.3692 0.6974 0.3236
2 0.2830 0.5074 0.3484 0.4795 0.3573 0.5202 0.2919 0.5481
3 0.3851 0.4572 0.3990 0.4781 0.3172 0.5848 0.3033 0.5639
3 0.5272 0.9157 0.5257 0.9009 0.5837 0.8895 0.5851 0.9043
3 0.5599 0.6037 0.6285 0.4808 0.6435 0.4971 0.5749 0.6200
3 0.3736 0.2743 0.3952 0.3290 0.3867 0.3357 0.3650 0.2810
4 0.1175 0.2290 0.1098 0.2317 0.1054 0.2070 0.1131 0.2043
4 0.8056 0.7989 0.7874 0.7824 0.8099 0.7339 0.8280 0.7504
4 0.5750 0.9153 0.5833 0.8968 0.5910 0.9035 0.5827 0.9220
4 0.4107 0.8859 0.3820 0.9289 0.3762 0.9213 0.4049 0.8783
6 0.4046 0.3276 0.4967 0.2832 0.5606 0.5428 0.4684 0.5872
6 0.3168 0.6195 0.3798 0.6195 0.3798 0.6789 0.3168 0.6789
6 0.3029 0.2048 0.3558 0.2996 0.2877 0.3740 0.2348 0.2792
6 0.2282 0.6529 0.1922 0.6335 0.2200 0.5319 0.2561 0.5513
7 0.6706 0.3225 0.6756 0.3215 0.6777 0.3431 0.6727 0.3441
7 0.0721 0.3907 0.0689 0.4192 0.0293 0.4105 0.0326 0.3820
7 0.9426 0.5020 0.9406 0.5070 0.9286 0.4976 0.9305 0.4926
7 0.8414 0.3910 0.8872 0.3524 0.9684 0.5414 0.9225 0.5800
9 0.1523 0.8400 0.1547 0.7743 0.2652 0.7824 0.2627 0.8481
9 0.7722 0.5954 0.8204 0.5639 0.9007 0.8050 0.8525 0.8365
9 0.7466 0.7608 0.5956 0.6623 0.6120 0.6132 0.7629 0.7117
9 0.1966 0.3063 0.2356 0.3417 0.1760 0.4701 0.1370 0.4347
12 0.1536 0.9693 0.1433 0.9682 0.1493 0.8491 0.1595 0.8502
12 0.7029 0.7864 0.6420 0.6036 0.6628 0.5900 0.7237 0.7728
12 0.0207 0.9321 0.0031 0.9172 0.0416 0.8275 0.0592 0.8424
12 0.6005 0.9084 0.5748 0.8463 0.8810 0.5988 0.9066 0.6609
13 0.9445 0.0922 0.9478 0.1084 0.9444 0.1098 0.9411 0.0936
13 0.0231 0.2156 0.0371 0.1914 0.0461 0.2016 0.0320 0.2258
13 0.3171 0.1818 0.3215 0.1810 0.3229 0.1974 0.3185 0.1982
13 0.8679 0.7111 0.8702 0.6964 0.8852 0.7009 0.8830 0.7156
15 0.5363 0.1709 0.4439 0.1288 0.4714 0.0103 0.5638 0.0524
15 0.5765 0.5643 0.5955 0.5657 0.5927 0.6405 0.5737 0.6391
15 0.1535 0.5704 0.0986 0.6305 0.0570 0.5560 0.1120 0.4959
15 0.7165 0.8136 0.7815 0.8797 0.7529 0.9348 0.6879 0.8687
