0 0.8852 0.2725 0.7624 0.3185 0.7214 0.1039 0.8441 0.0579
0 0.2113 0.8329 0.1695 0.9196 0.1227 0.8755 0.1645 0.7888
0 0.9170 0.8072 0.8845 0.8065 0.8899 0.3744 0.9224 0.3751
0 0.7872 0.3572 0.9072 0.6258 0.5576 0.9316 0.4377 0.6630
1 0.3913 0.7309 0.3864 0.7297 0.3930 0.6775 0.3979 0.6787
1 0.3249 0.6909 0.3206 0.6928 0.3099 0.6467 0.3142 0.6448
1 0.4847 0.2352 0.4877 0.2311 0.4953 0.2420 0.4923 0.2461
1 0.6496 0.8814 0.6547 0.8735 0.7067 0.9390 0.7016 0.9469
2 0.5816 0.7420 0.6522 0.6323 0.7335 0.7348 0.6630 0.8445
2 0.5949 0.8452 0.4697 0.9590 0.4363 0.8868 0.5614 0.7730
2 0.6583 0.8669 0.6142 0.8970 0.6091 0.8823 0.6532 0.8522
2 0.5422 0.2010 0.5977 0.1466 0.6181 0.1874 0.5626 0.2418
3 0.4494 0.8577 0.3564 0.8179 0.3614 0.7951 0.4544 0.8349
3 0.8297 0.8989 0.8259 0.8906 0.8574 0.8619 0.8612 0.8702
3 0.8113 0.6553 0.8071 0.6379 0.8701 0.6075 0.8744 0.6249
3 0.4383 0.5205 0.4408 0.5080 0.4886 0.5271 0.4860 0.5396
4 0.6788 0.3895 0.6886 0.3683 0.7175 0.3945 0.7076 0.4157
4 0.6228 0.8677 0.6303 0.8503 0.6575 0.8731 0.6499 0.8905
4 0.9623 0.8185 0.9602 0.8248 0.9563 0.8223 0.9584 0.8160
4 0.2984 0.9147 0.3060 0.9239 0.2910 0.9481 0.2834 0.9389
6 0.1224 0.3548 0.1304 0.3394 0.1416 0.3508 0.1336 0.3662
6 0.3055 0.4231 0.3212 0.4774 0.3122 0.4825 0.2965 0.4282
6 0.5338 0.5328 0.4805 0.5042 0.4874 0.4792 0.5406 0.5078
6 0.6553 0.2585 0.7453 0.2076 0.7575 0.2499 0.6676 0.3008
7 0.2384 0.5350 0.2427 0.5422 0.2130 0.5770 0.2087 0.5698
7 0.2151 0.4489 0.2085 0.4339 0.2560 0.3923 0.2627 0.4073
7 0.7555 0.7517 0.7427 0.7585 0.7245 0.6923 0.7373 0.6855
7 0.8570 0.1785 0.8665 0.1616 0.8938 0.1915 0.8844 0.2084
9 0.6080 0.3520 0.6483 0.2956 0.7926 0.4976 0.7523 0.5540
9 0.3660 0.2969 0.4229 0.2755 0.4760 0.5531 0.4191 0.5745
9 0.9215 0.3959 0.9657 0.4035 0.9468 0.6193 0.9026 0.6117
9 0.7054 0.6034 0.7370 0.6204 0.6943 0.7762 0.6627 0.7592
12 0.5142 0.6325 0.5199 0.6279 0.6075 0.8403 0.6018 0.8449
12 0.4488 0.5384 0.3639 0.4670 0.3675 0.4588 0.4524 0.5302
12 0.2736 0.1716 0.3007 0.1479 0.3967 0.3628 0.3696 0.3865
12 0.5764 0.3340 0.5906 0.3389 0.5728 0.4392 0.5585 0.4343
13 0.9680 0.8587 0.9738 0.8866 0.9651 0.8901 0.9594 0.8622
13 0.2390 0.7333 0.2385 0.7191 0.2495 0.7183 0.2501 0.7325
13 0.4083 0.0929 0.3745 0.0896 0.3759 0.0611 0.4098 0.0644
13 0.9593 0.2926 0.9681 0.3033 0.9618 0.3134 0.9531 0.3027
15 0.7264 0.9636 0.6471 0.9318 0.6710 0.8152 0.7503 0.8470
15 0.5141 0.6170 0.5380 0.6599 0.5136 0.6866 0.4897 0.6437
15 0.9037 0.6203 0.9391 0.5228 0.9938 0.5617 0.9583 0.6592
15 0.9929 0.2414 0.9793 0.2574 0.9471 0.2038 0.9607 0.1878
