0 0.7348 0.7008 0.7524 0.9011 0.4118 0.9596 0.3942 0.7593
0 0.2362 0.8860 0.2601 0.5034 0.4512 0.5268 0.4273 0.9094
0 0.3768 0.5264 0.7643 0.1322 0.8140 0.2280 0.4265 0.6222
0 0.2189 0.5738 0.2540 0.7090 0.0508 0.8126 0.0157 0.6774
1 0.2235 0.1985 0.2178 0.2077 0.1673 0.1463 0.1730 0.1371
1 0.2063 0.9958 0.1976 0.9981 0.1966 0.9906 0.2053 0.9883
1 0.2045 0.4526 0.2109 0.4424 0.2672 0.5110 0.2609 0.5212
1 0.1870 0.1205 0.1894 0.1195 0.1935 0.1399 0.1912 0.1409
2 0.6987 0.4102 0.6411 0.4550 0.6233 0.4102 0.6809 0.3654
2 0.9376 0.8087 0.9584 0.7919 0.9690 0.8177 0.9482 0.8345
2 0.7874 0.8847 0.7880 0.9380 0.7672 0.9385 0.7666 0.8852
2 0.2924 0.5518 0.1146 0.7261 0.0622 0.6214 0.2400 0.4471
3 0.4828 0.6046 0.4900 0.5838 0.5655 0.6354 0.5583 0.6562
3 0.9810 0.9722 0.9723 0.9828 0.9339 0.9210 0.9426 0.9104
3 0.6428 0.2250 0.6635 0.2386 0.6366 0.3194 0.6159 0.3058
3 0.3542 0.0855 0.3650 0.0199 0.3767 0.0237 0.3658 0.0893
4 0.6250 0.2600 0.6331 0.2912 0.6064 0.3048 0.5983 0.2736
4 0.7221 0.1240 0.7147 0.1393 0.7090 0.1340 0.7164 0.1187
4 0.2139 0.1307 0.2152 0.1842 0.2095 0.1845 0.2082 0.1310
4 0.3119 0.5364 0.3147 0.5122 0.3246 0.5144 0.3219 0.5386
6 0.2773 0.9429 0.2530 0.9051 0.3073 0.8367 0.3316 0.8745
6 0.6806 0.1980 0.7047 0.1099 0.8314 0.1780 0.8073 0.2661
6 0.9450 0.3855 0.9769 0.4204 0.9602 0.4505 0.9282 0.4156
6 0.3370 0.5866 0.3370 0.5634 0.3538 0.5634 0.3538 0.5866
7 0.2989 0.5400 0.2621 0.5817 0.1371 0.3656 0.1739 0.3239
7 0.3014 0.1092 0.2968 0.0560 0.4274 0.0336 0.4321 0.0868
7 0.7962 0.3268 0.8045 0.3251 0.8075 0.3556 0.7992 0.3573
7 0.7253 0.6130 0.7272 0.6066 0.7475 0.6182 0.7457 0.6246
9 0.6669 0.6554 0.6923 0.7796 0.4877 0.8618 0.4623 0.7376
9 0.4609 0.5036 0.5666 0.4694 0.5766 0.5300 0.4708 0.5642
9 0.0319 0.5073 0.1585 0.4463 0.1687 0.4879 0.0421 0.5489
9 0.8815 0.0841 0.8793 0.1745 0.7270 0.1671 0.7293 0.0767
12 0.1071 0.2349 0.1228 0.1528 0.1269 0.1543 0.1112 0.2364
12 0.8822 0.7702 0.9018 0.8659 0.8801 0.8746 0.8605 0.7789
12 0.1609 0.2447 0.1467 0.2893 0.1268 0.2769 0.1410 0.2323
12 0.4359 0.5899 0.5724 0.3066 0.5990 0.3317 0.4625 0.6150
13 0.1943 0.1853 0.1905 0.1821 0.1966 0.1679 0.2004 0.1711
13 0.6486 0.7790 0.5674 0.8250 0.5654 0.8178 0.6466 0.7718
13 0.6189 0.8641 0.6122 0.8649 0.6108 0.8419 0.6175 0.8411
13 0.7377 0.1761 0.7310 0.1175 0.7563 0.1119 0.7630 0.1705
15 0.0813 0.3110 0.1583 0.3320 0.1458 0.4222 0.0688 0.4012
15 0.7295 0.7506 0.6269 0.7838 0.6079 0.6690 0.7106 0.6358
15 0.6205 0.3845 0.6570 0.3315 0.6872 0.3723 0.6507 0.4253
15 0.1392 0.9889 0.1022 0.8954 0.1593 0.8511 0.1964 0.9446
