0 0.5228 0.6799 0.5670 0.4639 0.7549 0.5393 0.7107 0.7553
0 0.3112 0.1750 0.2259 0.1141 0.2508 0.0458 0.3361 0.1067
0 0.6225 0.3611 0.6515 0.3675 0.6372 0.4937 0.6083 0.4873
0 0.0687 0.2892 0.1047 0.0871 0.1430 0.1004 0.1070 0.3025
1 0.7375 0.4005 0.7286 0.3844 0.7462 0.3651 0.7552 0.3812
1 0.4275 0.9312 0.4245 0.9277 0.4405 0.9020 0.4435 0.9055
1 0.2151 0.8952 0.2114 0.8845 0.2655 0.8476 0.2692 0.8583
1 0.1857 0.6592 0.1878 0.6538 0.2097 0.6708 0.2076 0.6762
2 0.6386 0.8977 0.6459 0.7803 0.7403 0.7919 0.7330 0.9093
2 0.6547 0.3181 0.6225 0.2402 0.6556 0.2135 0.6877 0.2914
2 0.2245 0.1040 0.2387 0.1060 0.2261 0.2740 0.2119 0.2720
2 0.1868 0.9254 0.2019 0.9100 0.2352 0.9742 0.2201 0.9896
3 0.6672 0.3395 0.7172 0.3569 0.7148 0.3701 0.6648 0.3527
3 0.9884 0.1032 0.8611 0.0383 0.8690 0.0080 0.9963 0.0729
3 0.6940 0.3645 0.6782 0.3149 0.6868 0.3095 0.7026 0.3591
3 0.2160 0.1991 0.2359 0.1931 0.2592 0.3461 0.2392 0.3521
4 0.7273 0.5060 0.7335 0.5205 0.6850 0.5612 0.6788 0.5467
4 0.3774 0.1332 0.3843 0.1194 0.3877 0.1228 0.3809 0.1366
4 0.2932 0.6432 0.2745 0.6450 0.2739 0.6324 0.2926 0.6306
4 0.5299 0.7177 0.5246 0.7118 0.5281 0.7055 0.5334 0.7114
6 0.6632 0.2295 0.6387 0.2913 0.6285 0.2833 0.6530 0.2215
6 0.8431 0.2742 0.9195 0.3311 0.8787 0.4386 0.8022 0.3817
6 0.7075 0.6059 0.7160 0.6115 0.7120 0.6237 0.7034 0.6181
6 0.4892 0.3262 0.4995 0.3371 0.4916 0.3518 0.4813 0.3409
7 0.3849 0.1442 0.3864 0.1745 0.3780 0.1754 0.3765 0.1451
7 0.3337 0.3015 0.3353 0.2992 0.3417 0.3081 0.3401 0.3104
7 0.5414 0.4398 0.5441 0.4597 0.5069 0.4698 0.5042 0.4499
7 0.1635 0.3127 0.1940 0.3345 0.1873 0.3529 0.1568 0.3311
9 0.1380 0.2482 0.2325 0.1947 0.3103 0.4642 0.2158 0.5177
9 0.1157 0.4374 0.0869 0.5485 0.0683 0.5390 0.0971 0.4279
9 0.4446 0.1636 0.3577 0.3509 0.3268 0.3228 0.4137 0.1355
9 0.7579 0.6931 0.7712 0.6606 0.8290 0.7073 0.8156 0.7398
12 0.3781 0.8255 0.3662 0.8582 0.3504 0.8469 0.3624 0.8142
12 0.0214 0.6463 0.3810 0.5114 0.3964 0.5917 0.0367 0.7266
12 0.2810 0.2816 0.2792 0.3017 0.1693 0.2828 0.1711 0.2627
12 0.7182 0.9837 0.7156 0.9585 0.7796 0.9459 0.7821 0.9711
13 0.6171 0.5650 0.6145 0.5587 0.6364 0.5410 0.6389 0.5473
13 0.2165 0.4163 0.2167 0.4204 0.0629 0.4317 0.0628 0.4276
13 0.5600 0.2739 0.5574 0.2824 0.5420 0.2733 0.5446 0.2648
13 0.2669 0.5021 0.2630 0.4981 0.2762 0.4727 0.2801 0.4767
15 0.1543 0.2703 0.1543 0.2973 0.1349 0.2973 0.1349 0.2703
15 0.3785 0.2323 0.4737 0.2112 0.4841 0.3025 0.3888 0.3236
15 0.2506 0.5300 0.2468 0.5569 0.2214 0.5500 0.2252 0.5231
15 0.2988 0.2102 0.3193 0.1562 0.3509 0.1798 0.3304 0.2338
