0 0.7320 0.5062 0.6948 0.2612 0.7412 0.2474 0.7783 0.4924
0 0.8572 0.3588 0.7945 0.2334 0.8571 0.1720 0.9198 0.2974
0 0.1185 0.3662 0.2944 0.1199 0.3629 0.2158 0.1870 0.4621
0 0.3812 0.1921 0.3563 0.2744 0.2685 0.2223 0.2935 0.1400
1 0.5482 0.7186 0.5615 0.7096 0.5715 0.7382 0.5582 0.7472
1 0.6486 0.3483 0.6435 0.3562 0.6000 0.3013 0.6051 0.2934
1 0.3078 0.2712 0.3011 0.2861 0.2759 0.2640 0.2826 0.2491
1 0.4428 0.4061 0.4447 0.4056 0.4472 0.4223 0.4453 0.4228
2 0.8424 0.1600 0.9258 0.1681 0.9225 0.2352 0.8390 0.2271
2 0.0588 0.1992 0.0483 0.1301 0.0770 0.1216 0.0874 0.1907
2 0.7168 0.1666 0.7216 0.1607 0.7390 0.1886 0.7341 0.1945
2 0.1786 0.6487 0.2017 0.7122 0.1234 0.7681 0.1003 0.7046
3 0.3678 0.7941 0.3663 0.7989 0.3262 0.7739 0.3277 0.7691
3 0.1854 0.8563 0.1891 0.8530 0.2160 0.9133 0.2123 0.9166
3 0.4303 0.0846 0.4239 0.1008 0.3649 0.0550 0.3713 0.0388
3 0.8005 0.1776 0.8201 0.1707 0.8461 0.3168 0.8265 0.3237
4 0.9072 0.9006 0.9144 0.9168 0.9096 0.9210 0.9024 0.9048
4 0.5758 0.8600 0.5648 0.8309 0.5730 0.8248 0.5841 0.8539
4 0.3291 0.9018 0.3509 0.8992 0.3518 0.9138 0.3300 0.9164
4 0.1880 0.6304 0.2006 0.5998 0.2137 0.6104 0.2011 0.6410
6 0.4810 0.5779 0.4527 0.6930 0.4250 0.6797 0.4533 0.5646
6 0.1172 0.3463 0.1532 0.5015 0.0974 0.5269 0.0613 0.3717
6 0.2132 0.4705 0.1548 0.5104 0.0974 0.3459 0.1558 0.3060
6 0.1603 0.5815 0.2169 0.5076 0.2700 0.5873 0.2134 0.6612
7 0.8841 0.7874 0.8836 0.7799 0.8979 0.7782 0.8984 0.7857
7 0.7775 0.1720 0.7768 0.1809 0.7568 0.1780 0.7574 0.1691
7 0.9511 0.1175 0.9517 0.1244 0.9420 0.1261 0.9414 0.1192
7 0.2486 0.6834 0.2393 0.6684 0.2868 0.6106 0.2961 0.6256
9 0.0754 0.3031 0.1366 0.1546 0.1800 0.1897 0.1188 0.3382
9 0.3404 0.8703 0.2691 0.9602 0.2541 0.9369 0.3255 0.8470
9 0.8032 0.4870 0.7976 0.4469 0.8691 0.4274 0.8746 0.4675
9 0.7601 0.0691 0.8204 0.2154 0.7959 0.2353 0.7356 0.0890
12 0.1804 0.2172 0.1909 0.1690 0.3007 0.2160 0.2902 0.2642
12 0.1817 0.5431 0.1161 0.6489 0.1108 0.6425 0.1765 0.5367
12 0.6847 0.0661 0.5989 0.0916 0.5953 0.0683 0.6811 0.0428
12 0.3949 0.2262 0.1066 0.2332 0.1059 0.1830 0.3943 0.1760
13 0.2580 0.4732 0.2703 0.4539 0.3529 0.5580 0.3405 0.5773
13 0.5660 0.7336 0.5666 0.7820 0.5474 0.7824 0.5468 0.7340
13 0.4815 0.0553 0.4753 0.0469 0.4793 0.0411 0.4855 0.0495
13 0.5808 0.6025 0.5808 0.5919 0.7961 0.5919 0.7961 0.6025
15 0.4079 0.7082 0.4418 0.7402 0.4247 0.7758 0.3908 0.7438
15 0.6868 0.7843 0.7369 0.8596 0.6924 0.9177 0.6422 0.8424
15 0.2259 0.0515 0.2385 0.0196 0.2618 0.0377 0.2492 0.0696
15 0.2114 0.0437 0.2462 0.0306 0.2583 0.0943 0.2236 0.1074
