0 0.2485 0.0454 0.2861 0.1365 0.2172 0.1922 0.1796 0.1011
0 0.2563 0.1932 0.4009 0.3457 0.1717 0.7716 0.0271 0.6191
0 0.4523 0.0676 0.4981 0.2346 0.4665 0.2516 0.4207 0.0846
0 0.2578 0.3869 0.1259 0.7200 0.0628 0.6711 0.1947 0.3380
1 0.2019 0.8988 0.2189 0.8946 0.2198 0.9024 0.2029 0.9066
1 0.4197 0.1383 0.4249 0.1449 0.3958 0.1901 0.3905 0.1835
1 0.3710 0.8298 0.3627 0.8190 0.4213 0.7310 0.4296 0.7418
1 0.4575 0.1329 0.4496 0.1492 0.4317 0.1323 0.4395 0.1160
2 0.3583 0.7065 0.0543 0.3365 0.1005 0.2619 0.4046 0.6319
2 0.9415 0.1665 0.9075 0.2176 0.8810 0.1831 0.9151 0.1320
2 0.6290 0.9063 0.5855 0.9238 0.5573 0.7865 0.6008 0.7690
2 0.4781 0.0664 0.4771 0.1473 0.2787 0.1424 0.2797 0.0615
3 0.8102 0.9477 0.7750 0.9226 0.7795 0.9103 0.8147 0.9354
3 0.5305 0.8779 0.5378 0.8793 0.5258 0.9985 0.5185 0.9971
3 0.4080 0.6576 0.4076 0.6512 0.4606 0.6448 0.4610 0.6512
3 0.8702 0.8792 0.8850 0.8840 0.8678 0.9884 0.8530 0.9836
4 0.7789 0.9419 0.7926 0.9597 0.7857 0.9701 0.7720 0.9523
4 0.6498 0.5525 0.6487 0.5245 0.6522 0.5243 0.6533 0.5523
4 0.0399 0.0611 0.0464 0.0712 0.0424 0.0761 0.0359 0.0660
4 0.6110 0.0803 0.6429 0.0819 0.6427 0.0901 0.6108 0.0885
6 0.3889 0.5256 0.3138 0.5460 0.2991 0.4404 0.3742 0.4200
6 0.1554 0.4627 0.2078 0.3943 0.2569 0.4681 0.2045 0.5365
6 0.5904 0.0726 0.5854 0.0594 0.5950 0.0522 0.6000 0.0654
6 0.3232 0.9576 0.3176 0.7351 0.3977 0.7312 0.4032 0.9537
7 0.7428 0.6387 0.7775 0.6429 0.7641 0.8569 0.7294 0.8527
7 0.0883 0.0307 0.0931 0.0035 0.2323 0.0521 0.2275 0.0793
7 0.6232 0.0244 0.6355 0.0554 0.5682 0.1076 0.5559 0.0766
7 0.4117 0.8244 0.3750 0.8553 0.3243 0.7372 0.3610 0.7063
9 0.1977 0.5146 0.3456 0.4744 0.3523 0.5230 0.2044 0.5632
9 0.6591 0.5464 0.5562 0.4120 0.5783 0.3788 0.6813 0.5132
9 0.6895 0.4920 0.6737 0.4278 0.7819 0.3756 0.7977 0.4398
9 0.6728 0.5185 0.7234 0.4707 0.8492 0.7319 0.7986 0.7797
12 0.5388 0.4670 0.5527 0.4684 0.5492 0.5386 0.5353 0.5372
12 0.2628 0.5362 0.2777 0.5211 0.3092 0.5818 0.2943 0.5969
12 0.3838 0.0623 0.2856 0.1736 0.2702 0.1469 0.3684 0.0356
12 0.5652 0.7216 0.5479 0.7178 0.5705 0.5176 0.5878 0.5214
13 0.3063 0.4475 0.3200 0.4485 0.3197 0.4577 0.3060 0.4567
13 0.7499 0.3001 0.7466 0.2956 0.7552 0.2831 0.7586 0.2876
13 0.8820 0.2999 0.8820 0.3081 0.8754 0.3081 0.8754 0.2999
13 0.4648 0.5596 0.4603 0.5438 0.4706 0.5380 0.4752 0.5538
15 0.1971 0.4638 0.2106 0.4428 0.2260 0.4622 0.2125 0.4832
15 0.7771 0.6135 0.8259 0.5708 0.8509 0.6269 0.8021 0.6696
15 0.9024 0.2310 0.9258 0.2410 0.9184 0.2746 0.8951 0.2646
15 0.6852 0.0344 0.7137 0.0371 0.7116 0.0792 0.6831 0.0765
