0 0.2164 0.1724 0.3098 0.2026 0.2787 0.3912 0.1853 0.3610
0 0.5440 0.1355 0.5603 0.1609 0.3877 0.3785 0.3714 0.3531
0 0.1855 0.7960 0.1304 0.9149 0.0036 0.7996 0.0587 0.6807
0 0.2484 0.3412 0.3135 0.3981 0.0887 0.9016 0.0237 0.8447
1 0.6992 0.2777 0.6965 0.2775 0.6985 0.2255 0.7012 0.2257
1 0.9684 0.5242 0.9620 0.5264 0.9496 0.4570 0.9560 0.4548
1 0.2461 0.2883 0.2353 0.2953 0.2276 0.2721 0.2384 0.2651
1 0.1377 0.7300 0.1465 0.7243 0.1572 0.7564 0.1484 0.7621
2 0.1047 0.7794 0.0577 0.7958 0.0348 0.6670 0.0817 0.6506
2 0.6857 0.4194 0.7620 0.4176 0.7666 0.7846 0.6902 0.7864
2 0.5306 0.7588 0.5286 0.7032 0.5391 0.7024 0.5411 0.7580
2 0.5326 0.8236 0.2820 0.8605 0.2705 0.7084 0.5212 0.6715
3 0.2451 0.6607 0.3390 0.5879 0.3481 0.6109 0.2542 0.6837
3 0.3749 0.3888 0.3693 0.3964 0.3417 0.3564 0.3473 0.3488
3 0.3832 0.7035 0.3983 0.7253 0.3190 0.8325 0.3040 0.8107
3 0.3043 0.5067 0.3278 0.6147 0.3143 0.6205 0.2907 0.5125
4 0.7822 0.3982 0.8000 0.4049 0.7686 0.5690 0.7508 0.5623
4 0.5140 0.8919 0.5189 0.8848 0.5332 0.9041 0.5282 0.9112
4 0.1294 0.7226 0.1376 0.6968 0.1669 0.7150 0.1587 0.7408
4 0.7966 0.1686 0.7931 0.1777 0.7900 0.1754 0.7934 0.1663
6 0.7438 0.7430 0.6816 0.7836 0.6525 0.6962 0.7147 0.6556
6 0.3360 0.1976 0.2700 0.1505 0.2926 0.0884 0.3586 0.1355
6 0.2811 0.1161 0.2750 0.0927 0.2789 0.0907 0.2850 0.1141
6 0.2980 0.5719 0.3444 0.4887 0.3643 0.5105 0.3179 0.5937
7 0.0766 0.4348 0.0678 0.4441 0.0511 0.4132 0.0599 0.4039
7 0.8853 0.6897 0.8701 0.7117 0.8264 0.6527 0.8416 0.6307
7 0.9740 0.7300 0.9744 0.7381 0.9549 0.7400 0.9544 0.7319
7 0.0944 0.3303 0.0984 0.3498 0.0519 0.3685 0.0479 0.3490
9 0.3708 0.6601 0.2368 0.5646 0.2664 0.4835 0.4003 0.5790
9 0.5228 0.5747 0.5403 0.5112 0.6983 0.5961 0.6809 0.6596
9 0.3795 0.7751 0.4223 0.9841 0.3873 0.9981 0.3445 0.7891
9 0.2118 0.2480 0.2626 0.2697 0.2085 0.5176 0.1576 0.4959
12 0.8252 0.3289 0.8159 0.3534 0.7526 0.3063 0.7619 0.2818
12 0.4436 0.9343 0.5422 0.8947 0.5512 0.9385 0.4526 0.9781
12 0.7689 0.2267 0.7496 0.2310 0.7342 0.0953 0.7536 0.0910
12 0.8444 0.3597 0.8252 0.4378 0.8147 0.4327 0.8339 0.3546
13 0.5104 0.8030 0.5089 0.8106 0.4979 0.8062 0.4994 0.7986
13 0.7503 0.1118 0.7464 0.1510 0.7285 0.1474 0.7325 0.1082
13 0.8867 0.2742 0.8895 0.3178 0.8670 0.3206 0.8642 0.2770
13 0.2590 0.9196 0.2576 0.9336 0.2273 0.9276 0.2287 0.9136
15 0.2216 0.7385 0.1888 0.7629 0.1704 0.7147 0.2032 0.6903
15 0.7145 0.5974 0.7727 0.5382 0.8132 0.6162 0.7550 0.6754
15 0.2774 0.2064 0.2739 0.2281 0.2303 0.2140 0.2339 0.1923
15 0.7675 0.5021 0.6999 0.4638 0.7213 0.3895 0.7890 0.4278
