7 0.9309 0.3267 0.9229 0.3364 0.8959 0.2929 0.9039 0.2832
4 0.6828 0.9519 0.6860 0.9594 0.6815 0.9633 0.6782 0.9558
7 0.7797 0.1115 0.7957 0.0427 0.9763 0.1249 0.9603 0.1937
7 0.3249 0.5048 0.3192 0.5070 0.3143 0.4812 0.3199 0.4790
7 0.3829 0.6462 0.3740 0.6741 0.3671 0.6698 0.3760 0.6419
4 0.6835 0.5722 0.6711 0.5682 0.6728 0.5578 0.6852 0.5618
13 0.1153 0.4439 0.1200 0.4456 0.0841 0.6333 0.0794 0.6316
12 0.5984 0.7906 0.5401 0.8020 0.4836 0.2394 0.5419 0.2280
7 0.1370 0.2172 0.1427 0.2039 0.1675 0.2248 0.1619 0.2381
9 0.2273 0.4855 0.2817 0.4451 0.3498 0.6245 0.2954 0.6649
7 0.3762 0.9640 0.3756 0.9515 0.4038 0.9488 0.4044 0.9613
7 0.1916 0.9574 0.1998 0.9631 0.1893 0.9934 0.1810 0.9877
7 0.6764 0.5607 0.6955 0.5640 0.6865 0.6665 0.6674 0.6632
7 0.4359 0.6717 0.4362 0.6642 0.4533 0.6659 0.4529 0.6734
7 0.7705 0.8834 0.7785 0.8786 0.7849 0.8998 0.7770 0.9046
4 0.3816 0.8551 0.3930 0.8460 0.4361 0.9505 0.4247 0.9596
2 0.7857 0.3417 0.8177 0.2308 0.8572 0.2531 0.8252 0.3640
12 0.9460 0.6207 0.9494 0.6224 0.9165 0.7489 0.9131 0.7472
7 0.4238 0.4981 0.4020 0.5978 0.3322 0.5679 0.3540 0.4682
7 0.6398 0.9509 0.6291 0.9404 0.6528 0.8931 0.6634 0.9036
4 0.0604 0.4547 0.0673 0.4557 0.0656 0.4777 0.0587 0.4767
13 0.1505 0.1574 0.2424 0.0738 0.2661 0.1250 0.1742 0.2086
7 0.5542 0.2436 0.5658 0.2514 0.5512 0.2932 0.5397 0.2854
4 0.5171 0.9530 0.5245 0.9451 0.5266 0.9490 0.5192 0.9569
7 0.6499 0.7469 0.6514 0.7423 0.6624 0.7495 0.6609 0.7541
4 0.5861 0.5604 0.5819 0.5741 0.5771 0.5712 0.5813 0.5575
7 0.1246 0.3396 0.1239 0.3514 0.1197 0.3508 0.1204 0.3390
7 0.4156 0.8116 0.4180 0.8309 0.3487 0.8480 0.3463 0.8287
2 0.8553 0.8373 0.8620 0.6587 0.9173 0.6627 0.9106 0.8413
9 0.3483 0.9616 0.2634 0.9450 0.2683 0.8964 0.3531 0.9130
7 0.1542 0.6225 0.1542 0.5903 0.2290 0.5903 0.2290 0.6225
13 0.3216 0.5973 0.3054 0.5826 0.3684 0.4467 0.3846 0.4614
13 0.4422 0.1950 0.4833 0.2171 0.4732 0.2538 0.4322 0.2317
7 0.2823 0.6715 0.2826 0.6837 0.2585 0.6849 0.2582 0.6727
4 0.4572 0.6728 0.4485 0.6889 0.4328 0.6724 0.4415 0.6563
0 0.4950 0.4614 0.6861 0.3367 0.7484 0.5238 0.5573 0.6485
7 0.1152 0.4386 0.1215 0.4691 0.0679 0.4906 0.0617 0.4601
4 0.7553 0.6877 0.7508 0.6773 0.7544 0.6743 0.7589 0.6847
2 0.6454 0.3128 0.6635 0.3723 0.6317 0.3912 0.6136 0.3317
7 0.1451 0.8415 0.1454 0.8291 0.1749 0.8305 0.1746 0.8429
4 0.4455 0.2989 0.4377 0.2812 0.4442 0.2755 0.4521 0.2932
7 0.3278 0.8170 0.3250 0.8248 0.3162 0.8186 0.3190 0.8108
7 0.3245 0.2277 0.3119 0.2195 0.3343 0.1523 0.3469 0.1605
2 0.3305 0.6847 0.3601 0.7106 0.3467 0.7405 0.3171 0.7146
1 0.5633 0.2346 0.5738 0.2351 0.5736 0.2442 0.5631 0.2437
