2 0.6481 0.7197 0.5972 0.8077 0.5737 0.7811 0.6245 0.6931
7 0.5139 0.9431 0.5189 0.9300 0.5373 0.9437 0.5323 0.9568
13 0.1403 0.8380 0.1493 0.8519 0.1428 0.8600 0.1339 0.8461
7 0.3352 0.6765 0.3225 0.6183 0.3402 0.6107 0.3530 0.6689
7 0.1089 0.8003 0.0994 0.8029 0.0956 0.7761 0.1052 0.7735
4 0.3987 0.4588 0.3818 0.4901 0.3711 0.4788 0.3879 0.4475
7 0.6161 0.7568 0.6104 0.7710 0.5519 0.7256 0.5576 0.7114
7 0.8003 0.4124 0.8061 0.4154 0.8002 0.4368 0.7945 0.4338
7 0.7835 0.6172 0.7670 0.6328 0.7413 0.5796 0.7579 0.5640
7 0.0980 0.3329 0.0963 0.3609 0.0228 0.3519 0.0246 0.3239
15 0.3019 0.1265 0.2602 0.0886 0.2861 0.0327 0.3278 0.0706
7 0.8883 0.2473 0.8854 0.2761 0.7642 0.2523 0.7671 0.2235
7 0.1689 0.7282 0.1643 0.7175 0.1763 0.7074 0.1809 0.7181
7 0.0734 0.2867 0.0881 0.3059 0.0832 0.3133 0.0685 0.2941
2 0.1686 0.8716 0.1454 0.8315 0.1845 0.7872 0.2077 0.8273
13 0.4025 0.2119 0.4033 0.2019 0.4215 0.2045 0.4207 0.2145
2 0.3082 0.5467 0.3584 0.7765 0.0735 0.8985 0.0233 0.6687
7 0.3112 0.4826 0.3330 0.5110 0.2699 0.6058 0.2481 0.5774
2 0.2698 0.8055 0.2298 0.8405 0.2039 0.7825 0.2439 0.7475
7 0.2660 0.7500 0.2630 0.7334 0.2923 0.7232 0.2953 0.7398
3 0.1475 0.3573 0.1105 0.1979 0.1299 0.1891 0.1669 0.3485
2 0.0557 0.5584 0.0447 0.4715 0.0912 0.4600 0.1021 0.5469
7 0.2081 0.1599 0.2032 0.1990 0.1104 0.1761 0.1154 0.1370
7 0.4292 0.6377 0.4045 0.6237 0.4248 0.5535 0.4495 0.5675
9 0.0368 0.9613 0.0094 0.9188 0.0301 0.8927 0.0574 0.9352
7 0.5208 0.7677 0.5011 0.7518 0.5189 0.7087 0.5386 0.7246
7 0.3525 0.9622 0.3467 0.9388 0.3795 0.9230 0.3853 0.9464
7 0.9006 0.0861 0.8797 0.0815 0.8811 0.0687 0.9020 0.0733
3 0.6122 0.1354 0.6496 0.1087 0.6530 0.1178 0.6155 0.1445
7 0.4812 0.7719 0.4916 0.7886 0.4693 0.8157 0.4590 0.7990
7 0.6487 0.6989 0.6050 0.6591 0.6167 0.6339 0.6604 0.6737
7 0.1342 0.6356 0.1492 0.6244 0.1547 0.6388 0.1396 0.6500
4 0.5952 0.8633 0.5877 0.8958 0.5739 0.8895 0.5815 0.8570
7 0.3687 0.6010 0.3767 0.6012 0.3758 0.6698 0.3679 0.6696
7 0.3483 0.8609 0.3609 0.8427 0.4026 0.8991 0.3900 0.9173
7 0.1671 0.4310 0.1513 0.4574 0.1429 0.4474 0.1587 0.4210
15 0.8333 0.4067 0.8827 0.4347 0.8636 0.5009 0.8142 0.4729
7 0.8578 0.9854 0.8506 0.9941 0.8385 0.9746 0.8456 0.9659
2 0.4817 0.6697 0.3443 0.6764 0.3423 0.5931 0.4797 0.5864
12 0.0359 0.4882 0.0403 0.5100 0.0310 0.5138 0.0265 0.4920
4 0.6194 0.2061 0.6160 0.1720 0.6452 0.1663 0.6486 0.2004
7 0.9290 0.2404 0.9404 0.2308 0.9878 0.3412 0.9764 0.3508
4 0.0887 0.8079 0.0528 0.8394 0.0476 0.8277 0.0835 0.7962
2 0.0663 0.2136 0.0938 0.2594 0.0394 0.3232 0.0120 0.2774
2 0.8660 0.6555 0.8441 0.6813 0.8377 0.6705 0.8596 0.6447
