13 0.1591 0.2659 0.1638 0.2681 0.1620 0.2757 0.1573 0.2735
3 0.8882 0.0905 0.8765 0.0717 0.9138 0.0263 0.9255 0.0451
7 0.2620 0.7723 0.2685 0.7508 0.3098 0.7753 0.3032 0.7968
13 0.5269 0.3351 0.5289 0.3436 0.5174 0.3489 0.5154 0.3404
15 0.9572 0.4998 0.8935 0.5453 0.8665 0.4710 0.9302 0.4255
7 0.4307 0.1645 0.4287 0.1725 0.4067 0.1619 0.4087 0.1539
7 0.3989 0.0974 0.3840 0.0482 0.4654 -0.0002 0.4803 0.0490
15 0.3463 0.1399 0.3669 0.1668 0.3509 0.1909 0.3302 0.1640
7 0.5141 0.1185 0.5085 0.1441 0.5005 0.1407 0.5061 0.1151
2 0.0271 0.4839 0.0586 0.4506 0.1315 0.5861 0.1000 0.6194
0 0.8983 0.8700 0.7849 0.9897 0.5540 0.5608 0.6674 0.4411
7 0.7060 0.2248 0.7058 0.2348 0.6634 0.2328 0.6637 0.2228
15 0.2174 0.8149 0.2610 0.7599 0.3029 0.8251 0.2593 0.8801
4 0.9282 0.6503 0.9322 0.6499 0.9330 0.6665 0.9290 0.6669
7 0.3565 0.5931 0.3675 0.5811 0.3826 0.6081 0.3716 0.6201
1 0.2382 0.7099 0.2393 0.7043 0.2498 0.7085 0.2487 0.7141
4 0.4380 0.2332 0.4316 0.2255 0.4360 0.2184 0.4424 0.2261
2 0.3302 0.3521 0.2443 0.2186 0.3378 0.1007 0.4237 0.2342
2 0.3331 0.5890 0.3529 0.5370 0.6617 0.7670 0.6420 0.8190
7 0.6109 0.4213 0.5961 0.4545 0.5173 0.3855 0.5321 0.3523
2 0.7895 0.9202 0.7591 0.7809 0.8456 0.7438 0.8760 0.8831
4 0.5706 0.9257 0.5679 0.8839 0.6037 0.8795 0.6063 0.9213
2 0.8162 0.1277 0.6994 0.0514 0.7052 0.0339 0.8220 0.1102
2 0.9998 0.8646 0.8775 0.9169 0.8647 0.8582 0.9870 0.8059
7 0.0446 0.0359 0.0801 0.0761 0.0394 0.1465 0.0039 0.1063
7 0.7837 0.5109 0.7811 0.5220 0.7783 0.5207 0.7809 0.5096
15 0.5735 0.0915 0.5870 0.1133 0.5657 0.1393 0.5522 0.1175
7 0.9101 0.4750 0.9435 0.5288 0.8650 0.6242 0.8317 0.5704
7 0.0778 0.2361 0.0776 0.2316 0.0945 0.2303 0.0947 0.2348
7 0.6835 0.4945 0.6811 0.4304 0.7976 0.4219 0.8000 0.4860
7 0.2395 0.8910 0.2367 0.9029 0.1816 0.8778 0.1844 0.8659
4 0.8245 0.3588 0.8470 0.3555 0.8495 0.3884 0.8270 0.3917
13 0.0557 0.2992 0.0534 0.3200 0.0426 0.3176 0.0449 0.2968
9 0.1909 0.8924 0.1184 0.9084 0.0913 0.6692 0.1639 0.6532
4 0.3194 0.9680 0.2926 0.9713 0.2917 0.9564 0.3185 0.9531
7 0.8532 0.1922 0.8458 0.2153 0.8031 0.1886 0.8105 0.1655
4 0.5699 0.6555 0.5802 0.6476 0.5829 0.6545 0.5726 0.6624
4 0.2073 0.4277 0.2017 0.4245 0.2078 0.4031 0.2135 0.4063
4 0.4851 0.2352 0.4737 0.2324 0.4746 0.2248 0.4860 0.2276
13 0.2128 0.2606 0.2166 0.2491 0.2195 0.2510 0.2157 0.2625
1 0.4699 0.9494 0.4692 0.9513 0.4510 0.9378 0.4517 0.9359
7 0.0558 0.8321 0.0496 0.8264 0.0619 0.7999 0.0681 0.8056
4 0.7801 0.8923 0.7738 0.8992 0.7624 0.8789 0.7688 0.8720
4 0.7212 0.4617 0.7114 0.4510 0.7154 0.4439 0.7252 0.4546
15 0.2722 0.7770 0.2964 0.7782 0.2955 0.8130 0.2713 0.8118
