4 0.6293 0.0626 0.6093 0.0586 0.6107 0.0442 0.6307 0.0482
4 0.1220 0.5710 0.1281 0.5796 0.1260 0.5826 0.1199 0.5740
13 0.1222 0.9640 0.0991 0.8878 0.1338 0.8672 0.1569 0.9434
12 0.2901 0.0897 0.2896 0.0523 0.3056 0.0519 0.3061 0.0893
7 0.4465 0.4028 0.4494 0.3927 0.4715 0.4052 0.4686 0.4153
7 0.5687 0.3630 0.5726 0.3535 0.6141 0.3870 0.6102 0.3965
7 0.1455 0.8164 0.1331 0.7825 0.2185 0.7216 0.2309 0.7555
7 0.1893 0.6220 0.2061 0.6199 0.2104 0.6892 0.1937 0.6913
4 0.6533 0.8574 0.6828 0.8274 0.6867 0.8350 0.6572 0.8650
2 0.3792 0.9636 0.3756 0.9463 0.3854 0.9424 0.3889 0.9597
7 0.1327 0.5838 0.1487 0.5803 0.1541 0.6286 0.1382 0.6321
1 0.1318 0.9682 0.0948 0.9493 0.1191 0.8558 0.1561 0.8747
4 0.0481 0.8051 0.0518 0.8106 0.0485 0.8149 0.0448 0.8094
4 0.1829 0.1723 0.1867 0.1907 0.1742 0.1957 0.1704 0.1773
12 0.0849 0.9890 0.0723 0.9973 0.0271 0.8618 0.0397 0.8535
1 0.2762 0.7468 0.2764 0.7501 0.2441 0.7548 0.2439 0.7515
4 0.6425 0.5472 0.6411 0.5408 0.6450 0.5392 0.6464 0.5456
3 0.5432 0.3824 0.5385 0.3537 0.5956 0.3352 0.6004 0.3639
2 0.0646 0.2668 0.0751 0.0987 0.1417 0.1068 0.1312 0.2749
7 0.2936 0.1019 0.2976 0.1473 0.2347 0.1581 0.2307 0.1127
7 0.5074 0.7696 0.5043 0.7339 0.5597 0.7244 0.5629 0.7601
7 0.5701 0.1880 0.5649 0.1970 0.5467 0.1764 0.5520 0.1674
7 0.6628 0.9141 0.6554 0.8821 0.7498 0.8391 0.7572 0.8711
4 0.5604 0.4534 0.5553 0.4588 0.5513 0.4514 0.5564 0.4460
13 0.7367 0.2950 0.6968 0.2920 0.6976 0.2698 0.7375 0.2728
13 0.7619 0.7906 0.7101 0.9533 0.7039 0.9494 0.7556 0.7867
7 0.8937 0.5373 0.8925 0.4899 0.9257 0.4883 0.9269 0.5357
7 0.7912 0.1527 0.7960 0.1735 0.7614 0.1893 0.7565 0.1685
7 0.5000 0.3379 0.5044 0.3459 0.4920 0.3589 0.4876 0.3509
4 0.3639 0.7573 0.3582 0.7553 0.3624 0.7319 0.3681 0.7339
7 0.7771 0.6914 0.7714 0.6823 0.7886 0.6606 0.7944 0.6697
7 0.1469 0.6502 0.1316 0.6479 0.1322 0.6402 0.1475 0.6425
9 0.2838 0.5499 0.2179 0.6169 0.1853 0.5541 0.2513 0.4871
15 0.4546 0.4731 0.2788 0.5077 0.2643 0.3625 0.4400 0.3279
7 0.6418 0.6484 0.6207 0.6334 0.6627 0.5180 0.6839 0.5330
7 0.3292 0.4544 0.3323 0.4564 0.3294 0.4652 0.3263 0.4632
7 0.0297 0.7468 0.0145 0.7446 0.0178 0.7016 0.0329 0.7038
7 0.2327 0.3367 0.2589 0.3515 0.1965 0.5677 0.1703 0.5529
7 0.5886 0.1225 0.5585 0.1354 0.5325 0.0163 0.5626 0.0034
7 0.8673 0.2386 0.8786 0.2263 0.8995 0.2638 0.8883 0.2761
7 0.4799 0.6281 0.4779 0.6105 0.5150 0.6023 0.5170 0.6199
2 0.3488 0.3329 0.4151 0.2991 0.4258 0.3403 0.3595 0.3741
7 0.3823 0.7670 0.3897 0.8121 0.3708 0.8182 0.3634 0.7731
7 0.0578 0.1696 0.0437 0.1591 0.0625 0.1096 0.0766 0.1201
12 0.6400 0.0414 0.6541 0.0612 0.5832 0.1606 0.5690 0.1408
