7 0.0557 0.7550 0.0511 0.7351 0.0549 0.7334 0.0595 0.7533
13 0.4998 0.3856 0.4898 0.3918 0.4862 0.3804 0.4962 0.3742
7 0.8438 0.7027 0.8389 0.7085 0.8307 0.6949 0.8357 0.6891
7 0.7902 0.0107 0.8124 0.0113 0.8115 0.0809 0.7894 0.0803
4 0.7501 0.0838 0.7555 0.0879 0.7545 0.0906 0.7490 0.0865
7 0.4416 0.2090 0.4481 0.2135 0.4253 0.2790 0.4188 0.2745
7 0.9709 0.0312 0.9686 0.0417 0.9366 0.0280 0.9389 0.0175
7 0.5426 0.7029 0.5207 0.7369 0.4377 0.6323 0.4596 0.5983
7 0.7806 0.7918 0.7884 0.7987 0.7731 0.8330 0.7653 0.8261
2 0.8142 0.2507 0.8291 0.2431 0.8375 0.2753 0.8226 0.2829
7 0.9524 0.4899 0.9247 0.4953 0.9190 0.4389 0.9467 0.4335
13 0.4029 0.1397 0.3992 0.1509 0.3940 0.1475 0.3977 0.1363
4 0.8038 0.5472 0.7909 0.5749 0.7542 0.5416 0.7671 0.5139
9 0.8853 0.9206 0.8554 0.9349 0.8176 0.7810 0.8474 0.7667
2 0.2126 0.4909 0.1705 0.4583 0.2180 0.3383 0.2601 0.3709
2 0.4241 0.3193 0.3611 0.2940 0.3716 0.2427 0.4346 0.2680
4 0.8658 0.2797 0.8627 0.3114 0.8207 0.3031 0.8239 0.2714
13 0.1497 0.3417 0.1454 0.3267 0.1517 0.3231 0.1561 0.3381
7 0.2791 0.3753 0.2782 0.4001 0.2157 0.3955 0.2166 0.3707
7 0.0980 0.2014 0.1438 0.2162 0.1171 0.3778 0.0714 0.3630
4 0.8380 0.9205 0.8365 0.9077 0.8575 0.9031 0.8589 0.9159
7 0.8832 0.4945 0.8763 0.4992 0.8673 0.4735 0.8743 0.4688
4 0.9947 0.5430 0.9851 0.5433 0.9847 0.5126 0.9943 0.5123
7 0.3927 0.6773 0.3842 0.6707 0.3999 0.6311 0.4083 0.6377
4 0.9016 0.8583 0.9034 0.8534 0.9189 0.8645 0.9172 0.8694
13 0.4568 0.8000 0.4559 0.7966 0.5529 0.7472 0.5538 0.7506
7 0.0676 0.4412 0.0758 0.4320 0.0890 0.4548 0.0808 0.4640
7 0.8327 0.3690 0.8509 0.3821 0.8127 0.4870 0.7945 0.4739
7 0.7210 0.0724 0.7085 0.0612 0.7362 0.0016 0.7486 0.0128
7 0.3144 0.8782 0.3247 0.8738 0.3307 0.9014 0.3205 0.9058
7 0.6087 0.6516 0.6204 0.6459 0.6370 0.7132 0.6253 0.7189
13 0.2468 0.8968 0.2498 0.8991 0.2455 0.9100 0.2425 0.9077
4 0.6139 0.5642 0.6178 0.5656 0.6149 0.5806 0.6111 0.5792
12 0.0611 0.7671 0.0435 0.7724 0.0331 0.7045 0.0508 0.6992
7 0.6672 0.2121 0.6519 0.2245 0.6488 0.2171 0.6641 0.2047
4 0.0813 0.6804 0.0832 0.7113 0.0741 0.7124 0.0722 0.6815
7 0.1234 0.8619 0.1351 0.8495 0.1581 0.8921 0.1463 0.9045
7 0.3805 0.1967 0.3947 0.1878 0.3963 0.1929 0.3822 0.2018
2 0.4363 0.1563 0.4764 0.1631 0.4737 0.1937 0.4336 0.1869
7 0.5602 0.3482 0.5880 0.2836 0.6823 0.3630 0.6546 0.4276
7 0.7948 0.1949 0.7919 0.1179 0.9941 0.1031 0.9970 0.1801
7 0.1705 0.0663 0.1932 0.0367 0.2458 0.1157 0.2231 0.1453
7 0.3139 0.9845 0.3041 0.9368 0.3095 0.9347 0.3193 0.9824
7 0.7927 0.6822 0.7859 0.6657 0.8116 0.6450 0.8183 0.6615
4 0.2889 0.6492 0.2921 0.6591 0.2854 0.6632 0.2822 0.6533
