13 0.1892 0.8314 0.1881 0.8364 0.1786 0.8326 0.1796 0.8276
7 0.8048 0.6440 0.8137 0.6486 0.8072 0.6736 0.7983 0.6690
7 0.3309 0.5865 0.3047 0.6077 0.2997 0.5955 0.3259 0.5743
7 0.3758 0.7470 0.3838 0.8381 0.3602 0.8422 0.3522 0.7511
4 0.8522 0.0962 0.8600 0.0578 0.8650 0.0598 0.8571 0.0982
7 0.0986 0.3629 0.0839 0.3857 0.0569 0.3515 0.0715 0.3287
7 0.3890 0.9714 0.3912 0.9463 0.4253 0.9522 0.4230 0.9773
3 0.8296 0.7121 0.8196 0.6126 0.8373 0.6091 0.8473 0.7086
1 0.2603 0.7955 0.2694 0.8088 0.2549 0.8285 0.2457 0.8152
7 0.2250 0.3468 0.1936 0.3273 0.2139 0.2636 0.2452 0.2831
7 0.5518 0.0554 0.5403 0.0537 0.5442 0.0018 0.5557 0.0035
7 0.5862 0.6428 0.5980 0.6702 0.5598 0.7024 0.5480 0.6750
7 0.4813 0.4382 0.4834 0.4196 0.5278 0.4294 0.5257 0.4480
7 0.0293 0.0656 0.0262 0.0577 0.0516 0.0380 0.0547 0.0459
12 0.7259 0.2712 0.7297 0.2282 0.9404 0.2644 0.9366 0.3074
7 0.2213 0.5538 0.2208 0.5319 0.2298 0.5314 0.2304 0.5533
7 0.5156 0.6850 0.5258 0.7264 0.4567 0.7598 0.4465 0.7184
7 0.4100 0.8487 0.4200 0.8263 0.4563 0.8581 0.4463 0.8805
7 0.9160 0.3484 0.9277 0.3718 0.8757 0.4228 0.8640 0.3994
7 0.5285 0.1316 0.5716 0.1295 0.5761 0.3080 0.5329 0.3101
15 0.5224 0.1250 0.5444 0.2260 0.4879 0.2502 0.4659 0.1492
7 0.5874 0.5686 0.6049 0.5572 0.6278 0.6258 0.6102 0.6372
7 0.2586 0.9029 0.2479 0.8932 0.2654 0.8555 0.2761 0.8652
3 0.0002 0.5121 0.0120 0.5047 0.0386 0.5883 0.0268 0.5957
4 0.7590 0.2825 0.7482 0.2669 0.7527 0.2607 0.7635 0.2763
2 0.4867 0.2108 0.4628 0.0768 0.4730 0.0732 0.4969 0.2072
7 0.1203 0.0889 0.1120 0.0998 0.0940 0.0727 0.1023 0.0618
13 0.9665 0.7769 0.9643 0.7709 0.9672 0.7687 0.9695 0.7747
13 0.7275 0.2373 0.7196 0.2413 0.7179 0.2347 0.7258 0.2307
13 0.1028 0.8271 0.1071 0.8252 0.1389 0.9625 0.1346 0.9644
7 0.8550 0.0903 0.8547 0.1013 0.8393 0.1005 0.8396 0.0895
7 0.4529 0.0219 0.4547 0.0400 0.3954 0.0517 0.3936 0.0336
15 0.7362 0.0521 0.8085 0.0451 0.8127 0.1283 0.7403 0.1353
2 0.8261 0.1226 0.7756 0.3402 0.7590 0.3326 0.8095 0.1150
7 0.8815 0.7982 0.8769 0.8038 0.8628 0.7810 0.8673 0.7754
15 0.2925 0.8393 0.2730 0.8374 0.2749 0.7999 0.2944 0.8018
4 0.4130 0.9113 0.4099 0.8840 0.4302 0.8795 0.4332 0.9068
15 0.4162 0.2741 0.4140 0.2150 0.4501 0.2123 0.4523 0.2714
7 0.0734 0.4931 0.0867 0.5066 0.0674 0.5437 0.0542 0.5302
4 0.6846 0.2531 0.6419 0.2877 0.6394 0.2817 0.6821 0.2471
7 0.3732 0.9044 0.3659 0.9150 0.3351 0.8732 0.3424 0.8626
4 0.3838 0.6141 0.3657 0.5663 0.3736 0.5603 0.3918 0.6081
1 0.0821 0.5195 0.0918 0.5450 0.0893 0.5469 0.0796 0.5214
1 0.4372 0.5082 0.4322 0.5161 0.3923 0.4674 0.3972 0.4595
4 0.3256 0.5899 0.3405 0.5896 0.3407 0.6017 0.3257 0.6020
