4 0.4422 0.0656 0.4302 0.0280 0.4464 0.0180 0.4584 0.0556
7 0.2573 0.6735 0.2584 0.6859 0.2407 0.6889 0.2396 0.6765
15 0.3325 0.4399 0.4354 0.3056 0.5093 0.4165 0.4063 0.5508
4 0.8593 0.8516 0.8448 0.8462 0.8467 0.8364 0.8612 0.8418
1 0.2854 0.6016 0.2788 0.5899 0.3006 0.5660 0.3072 0.5777
13 0.1448 0.1565 0.1379 0.1326 0.1435 0.1295 0.1504 0.1534
7 0.2351 0.2217 0.2630 0.2210 0.2632 0.2347 0.2352 0.2354
7 0.6358 0.1859 0.6197 0.1969 0.5982 0.1353 0.6143 0.1243
1 0.6621 0.7671 0.6581 0.7985 0.6550 0.7977 0.6590 0.7663
12 0.8143 0.1556 0.7817 0.1173 0.7923 0.0996 0.8249 0.1379
7 0.5815 0.5459 0.5782 0.5489 0.5736 0.5389 0.5769 0.5359
7 0.2899 0.3380 0.3326 0.3799 0.2901 0.4648 0.2474 0.4229
7 0.0949 0.7924 0.0714 0.8056 0.0397 0.6956 0.0631 0.6824
9 0.6531 0.6795 0.6682 0.6567 0.7263 0.7325 0.7112 0.7553
4 0.5847 0.5577 0.5645 0.5323 0.5679 0.5271 0.5880 0.5525
7 0.0968 0.5767 0.1004 0.5602 0.1469 0.5801 0.1433 0.5966
7 0.8150 0.7788 0.8104 0.7868 0.8079 0.7840 0.8125 0.7760
7 0.5665 0.3161 0.5657 0.2991 0.5700 0.2987 0.5709 0.3157
7 0.4565 0.1773 0.4570 0.1676 0.5046 0.1723 0.5041 0.1820
7 0.1987 0.6447 0.2007 0.6581 0.1790 0.6645 0.1770 0.6511
1 0.6134 0.2713 0.6114 0.2689 0.6214 0.2527 0.6235 0.2551
7 0.2069 0.0950 0.2261 0.1308 0.1763 0.1834 0.1570 0.1476
7 0.0416 0.4143 0.0504 0.3991 0.0809 0.4337 0.0722 0.4489
7 0.5854 0.7278 0.5791 0.7162 0.5958 0.6986 0.6020 0.7102
7 0.6691 0.8182 0.7099 0.8091 0.7180 0.8814 0.6773 0.8905
4 0.7494 0.8386 0.7174 0.7851 0.7263 0.7746 0.7583 0.8281
6 0.8687 0.1282 0.7406 0.1729 0.7245 0.0826 0.8526 0.0379
15 0.8673 0.9224 0.8459 0.8610 0.8884 0.8320 0.9098 0.8934
7 0.2791 0.1037 0.2898 0.0882 0.3189 0.1275 0.3082 0.1430
7 0.5681 0.8488 0.5543 0.8717 0.5485 0.8648 0.5622 0.8419
7 0.6496 0.1622 0.6612 0.1566 0.6709 0.1962 0.6594 0.2018
13 0.3321 0.1960 0.3318 0.2081 0.3224 0.2076 0.3227 0.1955
13 0.8474 0.4781 0.8459 0.4571 0.8620 0.4547 0.8636 0.4757
7 0.6577 0.4726 0.6618 0.4861 0.6246 0.5082 0.6205 0.4947
3 0.2234 0.7747 0.2678 0.8024 0.2643 0.8133 0.2199 0.7856
7 0.3505 0.1840 0.3568 0.1799 0.3701 0.2196 0.3637 0.2237
7 0.5837 0.6786 0.5776 0.5972 0.5897 0.5954 0.5958 0.6768
13 0.0192 0.0294 0.0091 0.0271 0.0097 0.0222 0.0197 0.0245
7 0.4449 0.9670 0.4382 0.9411 0.4462 0.9370 0.4529 0.9629
13 0.8383 0.2043 0.8452 0.2226 0.8260 0.2369 0.8190 0.2186
9 0.2886 0.1046 0.3499 0.2226 0.3302 0.2426 0.2690 0.1246
13 0.0594 0.5499 0.0681 0.5578 0.0620 0.5709 0.0534 0.5630
2 0.0854 0.8548 0.0875 0.8972 0.0712 0.8988 0.0691 0.8564
7 0.3903 0.0279 0.4052 0.0339 0.3969 0.0745 0.3819 0.0685
4 0.5590 0.0424 0.5748 0.0194 0.5836 0.0312 0.5677 0.0542
