15 0.1668 0.5995 0.1842 0.5784 0.2046 0.6113 0.1873 0.6324
7 0.2744 0.7817 0.2656 0.7661 0.2936 0.7355 0.3024 0.7511
15 0.6711 0.3442 0.7087 0.2314 0.8140 0.3002 0.7764 0.4130
7 0.2018 0.7203 0.1931 0.7216 0.1928 0.7173 0.2015 0.7160
7 0.8654 0.2546 0.8363 0.2060 0.8521 0.1874 0.8812 0.2360
7 0.3378 0.9774 0.3334 0.9626 0.3536 0.9506 0.3581 0.9654
13 0.1552 0.6189 0.0962 0.6146 0.0982 0.5619 0.1572 0.5662
7 0.0725 0.6739 0.0764 0.6720 0.0846 0.7053 0.0807 0.7072
7 0.8261 0.0742 0.7847 0.0953 0.7785 0.0714 0.8199 0.0503
7 0.2110 0.4450 0.2221 0.4436 0.2264 0.5118 0.2153 0.5132
7 0.8661 0.3165 0.8582 0.3373 0.8133 0.3039 0.8212 0.2831
13 0.1657 0.6004 0.1600 0.6084 0.1563 0.6032 0.1620 0.5952
7 0.4702 0.6512 0.4767 0.6551 0.4613 0.7060 0.4547 0.7021
7 0.5449 0.6606 0.5285 0.6618 0.5271 0.6258 0.5435 0.6246
7 0.5016 0.6402 0.5067 0.6399 0.5070 0.6526 0.5019 0.6529
15 0.1822 0.7896 0.2543 0.8773 0.2052 0.9564 0.1331 0.8687
4 0.7627 0.5059 0.7575 0.5106 0.7445 0.4825 0.7497 0.4778
7 0.3351 0.0482 0.3358 0.0343 0.3757 0.0382 0.3750 0.0521
2 0.7731 0.8638 0.6670 0.6517 0.7317 0.5882 0.8378 0.8003
7 0.1641 0.4191 0.1755 0.4273 0.1519 0.4921 0.1405 0.4839
2 0.5099 0.3678 0.5834 0.2362 0.6792 0.3410 0.6058 0.4726
7 0.9100 0.4656 0.9446 0.4892 0.9169 0.5688 0.8822 0.5452
4 0.7709 0.4695 0.7435 0.4742 0.7428 0.4669 0.7702 0.4622
7 0.9596 0.9717 0.9440 0.9526 0.9501 0.9427 0.9657 0.9618
7 0.0088 0.1161 0.0111 0.1047 0.0449 0.1183 0.0426 0.1297
4 0.1171 0.4633 0.0997 0.4581 0.1015 0.4463 0.1189 0.4515
7 0.5543 0.5160 0.5734 0.5046 0.5952 0.5764 0.5760 0.5878
7 0.0140 0.4366 0.0148 0.4198 0.1009 0.4282 0.1000 0.4450
7 0.6866 0.7846 0.6907 0.7975 0.6666 0.8126 0.6625 0.7997
15 0.2160 0.4748 0.1808 0.3527 0.2480 0.3148 0.2832 0.4369
13 0.2876 0.1115 0.2476 0.1265 0.2399 0.0861 0.2798 0.0711
7 0.4285 0.7563 0.4563 0.8119 0.3395 0.9265 0.3117 0.8709
7 0.1940 0.9782 0.1930 0.9681 0.2066 0.9654 0.2076 0.9755
7 0.1543 0.0646 0.1730 0.0882 0.1383 0.1422 0.1196 0.1186
4 0.5361 0.4873 0.5103 0.5057 0.5039 0.4879 0.5297 0.4695
2 0.1029 0.8020 0.0869 0.8637 0.0436 0.8416 0.0597 0.7799
4 0.3058 0.7243 0.2989 0.7468 0.2896 0.7413 0.2965 0.7188
2 0.5097 0.7867 0.5411 0.7867 0.5411 0.8645 0.5097 0.8645
7 0.2022 0.2469 0.1980 0.2316 0.2458 0.2059 0.2500 0.2212
4 0.8899 0.6614 0.8991 0.6859 0.8907 0.6922 0.8814 0.6677
13 0.6040 0.9294 0.5976 0.9259 0.6097 0.8818 0.6161 0.8853
4 0.8097 0.9338 0.7989 0.9254 0.8083 0.9014 0.8191 0.9098
7 0.6027 0.7332 0.6035 0.7228 0.6284 0.7264 0.6276 0.7368
1 0.8660 0.3120 0.8796 0.3279 0.8752 0.3352 0.8616 0.3193
4 0.1935 0.6040 0.2126 0.6127 0.2094 0.6264 0.1903 0.6177
