3 0.5305 0.6604 0.4579 0.6152 0.4670 0.5868 0.5395 0.6320
1 0.2121 0.3899 0.2166 0.3985 0.1605 0.4577 0.1559 0.4491
7 0.8558 0.7480 0.8519 0.7566 0.8402 0.7460 0.8441 0.7374
2 0.4743 0.3860 0.4571 0.3652 0.4775 0.3324 0.4946 0.3532
7 0.7799 0.3071 0.7837 0.3142 0.7546 0.3449 0.7508 0.3378
7 0.1201 0.5187 0.1481 0.5354 0.0982 0.7001 0.0702 0.6834
15 0.8594 0.2242 0.8749 0.2564 0.8552 0.2750 0.8397 0.2428
4 0.8278 0.8061 0.8219 0.7962 0.8627 0.7483 0.8687 0.7582
7 0.5276 0.2353 0.5496 0.1459 0.6424 0.1907 0.6204 0.2801
7 0.8392 0.5387 0.8293 0.5484 0.8251 0.5401 0.8350 0.5304
7 0.7884 0.2085 0.7833 0.2060 0.7936 0.1639 0.7987 0.1664
7 0.7133 0.9533 0.7212 0.9411 0.7441 0.9699 0.7362 0.9821
7 0.9607 0.1244 0.8048 0.1244 0.8048 0.1072 0.9607 0.1072
7 0.7706 0.7016 0.7628 0.6800 0.7976 0.6552 0.8055 0.6768
4 0.3639 0.2796 0.3460 0.2621 0.3504 0.2532 0.3683 0.2707
2 0.2851 0.9499 0.4714 0.9039 0.4749 0.9317 0.2886 0.9777
4 0.0579 0.4799 0.0611 0.4720 0.0741 0.4821 0.0709 0.4900
12 0.0951 0.3931 0.1083 0.4092 0.0675 0.4749 0.0543 0.4588
2 0.3007 0.3852 0.2014 0.4530 0.0996 0.1608 0.1989 0.0930
7 0.1951 0.3581 0.1682 0.3397 0.1738 0.3235 0.2007 0.3419
3 0.2165 0.5196 0.2370 0.3572 0.2629 0.3636 0.2424 0.5260
13 0.4003 0.7872 0.3937 0.7904 0.3922 0.7844 0.3988 0.7812
4 0.4255 0.4536 0.4008 0.5244 0.3919 0.5184 0.4166 0.4476
9 0.1686 0.6236 0.1362 0.6909 0.0382 0.5984 0.0707 0.5311
4 0.6499 0.9153 0.6614 0.9070 0.6890 0.9827 0.6774 0.9910
7 0.8214 0.3595 0.8222 0.3264 0.8666 0.3285 0.8658 0.3616
4 0.6349 0.1938 0.6513 0.2243 0.6408 0.2354 0.6244 0.2049
7 0.0668 0.1466 0.0502 0.1257 0.0787 0.0814 0.0952 0.1023
7 0.5290 0.3264 0.5397 0.3274 0.5353 0.4160 0.5246 0.4150
7 0.6102 0.4444 0.6190 0.4468 0.6092 0.5172 0.6005 0.5148
7 0.3065 0.4780 0.3028 0.4587 0.3412 0.4444 0.3449 0.4637
4 0.6815 0.3048 0.6617 0.3196 0.6491 0.2864 0.6689 0.2716
4 0.5492 0.2617 0.5451 0.2634 0.5408 0.2435 0.5449 0.2418
7 0.5729 0.5778 0.5549 0.5845 0.5388 0.5002 0.5568 0.4935
7 0.2942 0.7261 0.2891 0.7191 0.3021 0.7003 0.3072 0.7073
2 0.1125 0.5809 0.1152 0.4723 0.1553 0.4743 0.1525 0.5829
2 0.7791 0.7861 0.7674 0.7667 0.8852 0.6283 0.8969 0.6477
2 0.3494 0.4943 0.3950 0.1659 0.5043 0.1957 0.4587 0.5241
13 0.7719 0.2684 0.7725 0.2523 0.8004 0.2544 0.7998 0.2705
9 0.3452 0.3176 0.3333 0.1992 0.5328 0.1600 0.5447 0.2784
7 0.4303 0.7311 0.4401 0.7417 0.4211 0.7757 0.4114 0.7651
0 0.5207 0.9004 0.4884 0.9892 0.3936 0.9216 0.4259 0.8328
4 0.6886 0.0729 0.6689 0.0778 0.6682 0.0727 0.6880 0.0678
7 0.5369 0.7553 0.5242 0.7354 0.5596 0.6907 0.5724 0.7106
15 0.1291 0.8424 0.1718 0.8618 0.1578 0.9220 0.1151 0.9026
