1 0.8264 0.3999 0.8403 0.4094 0.8299 0.4393 0.8160 0.4298
7 0.1563 0.3088 0.1601 0.3274 0.1326 0.3384 0.1288 0.3198
7 0.4909 0.4711 0.4914 0.4770 0.4831 0.4785 0.4826 0.4726
13 0.9377 0.9022 0.9474 0.9114 0.9380 0.9310 0.9283 0.9218
7 0.2799 0.5889 0.2716 0.5486 0.3510 0.5167 0.3593 0.5570
7 0.0906 0.1738 0.0905 0.1845 0.0780 0.1842 0.0781 0.1735
7 0.0612 0.9480 0.0568 0.9425 0.0683 0.9248 0.0726 0.9303
7 0.0625 0.5860 0.0751 0.5796 0.0855 0.6196 0.0729 0.6260
7 0.4591 0.7027 0.4707 0.7053 0.4652 0.7541 0.4536 0.7515
7 0.0515 0.4012 0.0486 0.4117 0.0282 0.4008 0.0311 0.3903
7 0.6912 0.0032 0.7083 0.1986 0.6883 0.2020 0.6711 0.0066
2 0.9298 0.1129 0.8935 0.1200 0.8916 0.1011 0.9279 0.0940
2 0.1694 0.4223 0.1699 0.4031 0.1912 0.4041 0.1907 0.4233
7 0.4944 0.9108 0.5193 0.8247 0.5796 0.8588 0.5547 0.9449
7 0.2389 0.9934 0.2374 0.9829 0.2502 0.9790 0.2518 0.9895
7 0.7222 0.3895 0.7237 0.3827 0.7373 0.3889 0.7357 0.3957
3 0.2752 0.9148 0.1915 0.9461 0.1865 0.9200 0.2702 0.8887
2 0.6669 0.4125 0.5122 0.3337 0.5193 0.3063 0.6741 0.3851
7 0.6184 0.3370 0.6088 0.3389 0.6053 0.3042 0.6149 0.3023
7 0.8732 0.3925 0.8700 0.3873 0.9083 0.3407 0.9114 0.3459
13 0.9402 0.9702 0.9171 0.8180 0.9229 0.8162 0.9460 0.9684
15 0.4185 0.0573 0.3979 0.0502 0.4049 0.0111 0.4255 0.0182
4 0.1428 0.9591 0.1429 0.9666 0.1306 0.9669 0.1305 0.9594
2 0.5890 0.7288 0.5271 0.7520 0.5236 0.7336 0.5855 0.7104
2 0.7749 0.1352 0.7947 0.1593 0.7694 0.2000 0.7496 0.1759
7 0.7220 0.8358 0.7448 0.8195 0.7495 0.8322 0.7266 0.8485
7 0.8992 0.2631 0.8948 0.2797 0.8594 0.2617 0.8637 0.2451
7 0.7019 0.2840 0.7092 0.2838 0.7095 0.3052 0.7022 0.3054
3 0.5606 0.8459 0.6184 0.8676 0.6145 0.8877 0.5567 0.8660
7 0.7656 0.2305 0.7486 0.2183 0.7675 0.1663 0.7846 0.1785
7 0.8194 0.5841 0.7994 0.5651 0.8389 0.4831 0.8589 0.5021
4 0.3702 0.7052 0.3700 0.6941 0.3900 0.6932 0.3903 0.7043
2 0.0119 0.3295 0.0494 0.2955 0.0669 0.3333 0.0295 0.3673
13 0.4439 0.7050 0.4475 0.7066 0.4418 0.7310 0.4382 0.7294
13 0.4058 0.2455 0.4016 0.2569 0.3819 0.2429 0.3861 0.2315
4 0.5374 0.8306 0.5414 0.8275 0.5566 0.8658 0.5526 0.8689
15 0.4419 0.5647 0.4598 0.6730 0.4129 0.6881 0.3951 0.5798
13 0.4427 0.1643 0.4463 0.1679 0.4433 0.1737 0.4397 0.1701
13 0.7326 0.9198 0.7324 0.9268 0.7191 0.9262 0.7193 0.9192
7 0.5449 0.4891 0.5437 0.5052 0.4929 0.4977 0.4941 0.4816
2 0.2829 0.5467 0.3081 0.6009 0.1894 0.7089 0.1642 0.6547
7 0.8014 0.1293 0.8108 0.1171 0.8140 0.1219 0.8046 0.1341
7 0.8193 0.8583 0.8101 0.8641 0.7999 0.8321 0.8091 0.8263
13 0.4908 0.7396 0.5037 0.7371 0.5081 0.7808 0.4952 0.7833
7 0.6579 0.7960 0.6850 0.9200 0.6250 0.9456 0.5979 0.8216
