15 0.3766 0.2416 0.3476 0.2481 0.3428 0.2064 0.3719 0.1999
7 0.8595 0.0734 0.8267 0.0718 0.8271 0.0578 0.8598 0.0594
7 0.8253 0.5417 0.8114 0.5300 0.8382 0.4675 0.8521 0.4792
12 0.5673 0.3472 0.5727 0.3443 0.6275 0.5444 0.6222 0.5473
7 0.6781 0.5992 0.6539 0.6045 0.6436 0.5136 0.6678 0.5083
9 0.4655 0.5250 0.4259 0.4889 0.5167 0.2930 0.5564 0.3291
7 0.5278 0.8844 0.5383 0.9080 0.4870 0.9528 0.4765 0.9292
13 0.0588 0.5021 0.0439 0.4743 0.0492 0.4687 0.0641 0.4965
7 0.5086 0.4801 0.4771 0.4801 0.4771 0.3723 0.5086 0.3723
7 0.0837 0.0599 0.1007 0.0168 0.1092 0.0233 0.0921 0.0664
4 0.9694 0.6210 0.9701 0.6006 0.9761 0.6010 0.9753 0.6214
7 0.9990 0.8243 0.9947 0.8249 0.9936 0.8093 0.9978 0.8087
2 0.5874 0.8272 0.4894 0.7905 0.5006 0.7320 0.5986 0.7687
3 0.4662 0.8931 0.5274 0.8374 0.5350 0.8537 0.4737 0.9094
4 0.4795 0.4251 0.4824 0.4436 0.4753 0.4457 0.4725 0.4272
4 0.1564 0.7880 0.1510 0.7961 0.1114 0.7444 0.1168 0.7363
7 0.2831 0.7370 0.2871 0.7239 0.2903 0.7258 0.2864 0.7389
13 0.1957 0.3790 0.0938 0.4752 0.0808 0.4482 0.1827 0.3520
7 0.4000 0.7864 0.4164 0.7921 0.4146 0.8024 0.3982 0.7967
2 0.6556 0.8230 0.8878 0.5691 0.9641 0.7058 0.7319 0.9597
7 0.0558 0.9596 0.0405 0.9383 0.0845 0.8768 0.0997 0.8981
13 0.5963 0.4796 0.5999 0.4071 0.6663 0.4136 0.6627 0.4861
4 0.7628 0.0381 0.7717 0.0287 0.7741 0.0331 0.7652 0.0425
13 0.0526 0.6399 0.0550 0.6555 0.0517 0.6565 0.0493 0.6409
7 0.4098 0.8907 0.4064 0.9245 0.3070 0.9049 0.3104 0.8711
7 0.0848 0.6514 0.0810 0.6246 0.1175 0.6146 0.1212 0.6414
15 0.8237 0.9932 0.7853 0.9192 0.8494 0.8540 0.8878 0.9280
7 0.2529 0.5269 0.1997 0.4163 0.2356 0.3823 0.2889 0.4929
7 0.3955 0.4282 0.3886 0.4894 0.3273 0.4758 0.3342 0.4146
7 0.5993 0.7503 0.5762 0.7590 0.5490 0.6169 0.5721 0.6082
7 0.4864 0.5444 0.4876 0.5529 0.4556 0.5616 0.4544 0.5531
7 0.7268 0.2527 0.7400 0.2330 0.7429 0.2369 0.7298 0.2566
6 0.1154 0.9072 0.0781 0.9145 0.0728 0.8620 0.1102 0.8547
13 0.4613 0.5459 0.4560 0.5649 0.4479 0.5605 0.4531 0.5415
7 0.5179 0.0115 0.5187 0.0756 0.4978 0.0761 0.4970 0.0120
13 0.1427 0.1847 0.1398 0.2036 0.1308 0.2009 0.1336 0.1820
7 0.6170 0.1241 0.6080 0.0526 0.7582 0.0155 0.7672 0.0870
4 0.3994 0.6213 0.4056 0.6036 0.4260 0.6175 0.4198 0.6352
7 0.6588 0.2412 0.6643 0.2232 0.6960 0.2420 0.6906 0.2600
7 0.8478 0.7841 0.8433 0.7788 0.8505 0.7667 0.8550 0.7720
7 0.8420 0.5909 0.8459 0.5515 0.9272 0.5675 0.9232 0.6069
7 0.8017 0.1909 0.7962 0.1857 0.8058 0.1659 0.8112 0.1711
13 0.8373 0.4877 0.8373 0.4699 0.8624 0.4699 0.8624 0.4877
7 0.9459 0.3307 0.9603 0.3286 0.9650 0.3917 0.9506 0.3938
7 0.1213 0.7327 0.1758 0.7945 0.1453 0.8473 0.0908 0.7855
