7 0.3498 0.6247 0.3408 0.6249 0.3405 0.5989 0.3495 0.5987
7 0.7943 0.8131 0.7984 0.8308 0.7631 0.8469 0.7590 0.8292
15 0.9620 0.7547 0.9028 0.8293 0.8331 0.7209 0.8923 0.6463
2 0.1308 0.6522 0.1575 0.6340 0.1587 0.6374 0.1320 0.6556
7 0.7909 0.1189 0.7797 0.1129 0.7937 0.0619 0.8049 0.0679
4 0.1901 0.0780 0.1867 0.0854 0.1636 0.0644 0.1670 0.0570
7 0.8246 0.4329 0.8184 0.4413 0.8068 0.4247 0.8131 0.4163
3 0.4244 0.6827 0.4756 0.7849 0.4596 0.8005 0.4084 0.6983
4 0.0448 0.7473 0.0374 0.7082 0.0489 0.7039 0.0564 0.7430
4 0.5685 0.6913 0.5596 0.6605 0.6003 0.6375 0.6092 0.6683
4 0.8138 0.8125 0.8133 0.8169 0.8045 0.8147 0.8050 0.8103
7 0.4549 0.3619 0.4251 0.3805 0.3685 0.2025 0.3983 0.1839
4 0.8532 0.6593 0.8478 0.6680 0.8302 0.6467 0.8357 0.6380
7 0.3560 0.2856 0.3552 0.2961 0.3408 0.2940 0.3416 0.2835
4 0.1815 0.0257 0.1654 0.0233 0.1670 0.0015 0.1832 0.0039
7 0.0300 0.8791 0.0441 0.8798 0.0434 0.9073 0.0293 0.9066
7 0.8236 0.6051 0.8509 0.6098 0.8419 0.7125 0.8145 0.7078
4 0.5207 0.1729 0.5108 0.1812 0.5091 0.1771 0.5189 0.1688
6 0.4779 0.8739 0.4916 0.8070 0.5878 0.8457 0.5741 0.9126
4 0.2325 0.6630 0.2387 0.6488 0.2432 0.6526 0.2371 0.6668
4 0.0410 0.3782 0.0391 0.3678 0.0539 0.3626 0.0557 0.3730
6 0.2711 0.5966 0.3323 0.5830 0.3355 0.6118 0.2743 0.6254
7 0.7713 0.5083 0.7801 0.5085 0.7798 0.5321 0.7710 0.5319
13 0.5018 0.8114 0.4934 0.8103 0.4939 0.8026 0.5023 0.8037
4 0.7146 0.1149 0.7109 0.0955 0.7929 0.0647 0.7966 0.0841
13 0.3551 0.6584 0.3497 0.6494 0.3567 0.6412 0.3621 0.6502
2 0.0788 0.6768 0.0938 0.6590 0.1007 0.6704 0.0856 0.6882
13 0.1066 0.1235 0.1427 0.1526 0.1160 0.2173 0.0799 0.1882
7 0.5311 0.6339 0.5403 0.6191 0.6135 0.7081 0.6043 0.7229
7 0.2480 0.3561 0.2402 0.3469 0.2566 0.3195 0.2644 0.3287
13 0.5145 0.1704 0.5142 0.1443 0.5266 0.1439 0.5270 0.1701
7 0.5728 0.9340 0.5204 0.8435 0.5652 0.7928 0.6176 0.8833
7 0.5128 0.3715 0.5224 0.3698 0.5255 0.4049 0.5159 0.4066
7 0.5175 0.8924 0.4986 0.8919 0.4997 0.8032 0.5186 0.8037
7 0.7187 0.5508 0.7130 0.5685 0.6776 0.5464 0.6833 0.5287
4 0.2569 0.2660 0.2516 0.2684 0.2468 0.2476 0.2521 0.2452
0 0.3584 0.3974 0.2170 0.5756 0.1119 0.4122 0.2532 0.2340
4 0.1042 0.1932 0.1109 0.2025 0.0861 0.2372 0.0794 0.2279
13 0.4607 0.7733 0.4565 0.7794 0.4453 0.7643 0.4495 0.7582
12 0.6033 0.2448 0.8347 0.0262 0.8553 0.0688 0.6238 0.2874
0 0.8076 0.1848 0.8429 0.2415 0.7824 0.3152 0.7471 0.2585
7 0.5203 0.5191 0.5208 0.5059 0.5392 0.5073 0.5387 0.5205
7 0.5320 0.4129 0.5253 0.4109 0.5280 0.3931 0.5347 0.3951
13 0.6442 0.6567 0.6487 0.6567 0.6487 0.6725 0.6442 0.6725
13 0.0437 0.1407 0.0449 0.1485 0.0314 0.1525 0.0303 0.1447
