2 0.4779 0.1530 0.4593 0.0306 0.4687 0.0278 0.4872 0.1502
2 0.2836 0.6029 0.1108 0.4517 0.1735 0.3111 0.3463 0.4623
7 0.6160 0.5438 0.6169 0.5494 0.6095 0.5518 0.6085 0.5462
15 0.9361 0.4028 0.9119 0.2558 0.9756 0.2352 0.9998 0.3822
7 0.6109 0.3852 0.6436 0.3771 0.6597 0.5048 0.6269 0.5129
7 0.2292 0.7156 0.1831 0.7737 0.1660 0.7472 0.2121 0.6891
2 0.4059 0.2279 0.4075 0.2925 0.3823 0.2937 0.3807 0.2291
2 0.6083 0.2863 0.6850 0.5521 0.6363 0.5797 0.5596 0.3139
13 0.7067 0.4360 0.6617 0.4327 0.6627 0.4044 0.7078 0.4077
4 0.3258 0.6817 0.3220 0.6744 0.3365 0.6595 0.3403 0.6668
7 0.6025 0.8810 0.6089 0.9010 0.5332 0.9482 0.5268 0.9282
7 0.0818 0.1033 0.0676 0.0969 0.0822 0.0339 0.0964 0.0403
7 0.4411 0.1069 0.4560 0.1047 0.4638 0.2087 0.4489 0.2109
7 0.5239 0.1303 0.5246 0.1231 0.5326 0.1245 0.5320 0.1317
7 0.1438 0.6276 0.1238 0.6648 0.0676 0.6056 0.0876 0.5684
7 0.8420 0.2020 0.8604 0.1956 0.8738 0.2704 0.8553 0.2768
7 0.1162 0.4760 0.0885 0.4671 0.1006 0.3936 0.1283 0.4025
4 0.6767 0.1735 0.6556 0.2030 0.6447 0.1877 0.6658 0.1582
7 0.1649 0.2892 0.1790 0.3025 0.1526 0.3572 0.1385 0.3439
7 0.7649 0.4965 0.7749 0.4771 0.8040 0.5067 0.7939 0.5261
4 0.6851 0.5406 0.6931 0.5204 0.7000 0.5258 0.6920 0.5460
2 0.2497 0.2140 0.3112 0.2488 0.2926 0.3132 0.2311 0.2784
7 0.4328 0.7104 0.4381 0.7173 0.3963 0.7800 0.3910 0.7731
7 0.2678 0.4290 0.2486 0.4362 0.2402 0.3922 0.2594 0.3850
7 0.4606 0.8478 0.4077 0.8334 0.4106 0.8126 0.4635 0.8270
7 0.5684 0.5636 0.5526 0.5881 0.5144 0.5400 0.5302 0.5155
7 0.7885 0.3526 0.7865 0.3289 0.8326 0.3210 0.8347 0.3447
4 0.6474 0.4754 0.6503 0.4867 0.6192 0.5026 0.6162 0.4913
7 0.8282 0.9249 0.8368 0.9198 0.8464 0.9515 0.8378 0.9566
6 0.2369 0.4523 0.1863 0.4560 0.1857 0.4397 0.2363 0.4360
13 0.2235 0.2297 0.2210 0.2405 0.2125 0.2367 0.2150 0.2259
7 0.0743 0.8912 0.0997 0.8182 0.1135 0.8276 0.0880 0.9006
0 0.1800 0.2646 0.1431 0.2673 0.1420 0.2378 0.1789 0.2351
4 0.6183 0.2392 0.6340 0.2275 0.6380 0.2380 0.6223 0.2497
7 0.7958 0.1988 0.7857 0.1721 0.7896 0.1692 0.7998 0.1959
7 0.9564 0.8399 0.9607 0.8463 0.9476 0.8633 0.9433 0.8569
7 0.8559 0.5642 0.8604 0.5850 0.8147 0.6046 0.8102 0.5838
4 0.6669 0.4952 0.6773 0.5057 0.6734 0.5132 0.6630 0.5027
13 0.1021 0.7157 0.0895 0.7732 0.0713 0.7655 0.0839 0.7080
7 0.2766 0.7128 0.2656 0.7249 0.2374 0.6744 0.2484 0.6623
7 0.1961 0.5602 0.1836 0.5789 0.1491 0.5338 0.1615 0.5151
13 0.0418 0.7265 0.0365 0.7334 0.0265 0.7183 0.0318 0.7114
12 0.1079 0.7037 0.0940 0.6874 0.1261 0.6339 0.1400 0.6502
1 0.2745 0.7563 0.2921 0.7447 0.2933 0.7481 0.2756 0.7597
13 0.7328 0.1442 0.7407 0.1375 0.7498 0.1586 0.7418 0.1653
