0 0.6237 0.4019 0.6843 0.2971 0.7134 0.3301 0.6528 0.4349
4 0.9428 0.9565 0.9337 0.9290 0.9372 0.9267 0.9463 0.9542
7 0.3907 0.3941 0.3884 0.4210 0.2587 0.3987 0.2611 0.3718
7 0.8177 0.1833 0.8017 0.1738 0.8226 0.1047 0.8386 0.1142
0 0.5162 0.6556 0.5938 0.7681 0.4247 0.9968 0.3470 0.8843
2 0.1159 0.7904 0.0940 0.7673 0.1061 0.7448 0.1280 0.7679
7 0.4798 0.4895 0.4720 0.4989 0.4479 0.4601 0.4557 0.4507
15 0.1820 0.6459 0.1608 0.7745 0.1065 0.7569 0.1278 0.6283
7 0.8610 0.4980 0.8629 0.4847 0.8850 0.4908 0.8831 0.5041
0 0.6437 0.5005 0.5102 0.4287 0.5726 0.2011 0.7061 0.2729
7 0.3893 0.6510 0.3915 0.6643 0.3732 0.6702 0.3711 0.6569
7 0.4600 0.9417 0.4449 0.9466 0.4394 0.9131 0.4545 0.9082
7 0.1403 0.0923 0.1512 0.1097 0.1200 0.1477 0.1091 0.1303
13 0.1777 0.8560 0.1751 0.8797 0.1531 0.8748 0.1558 0.8511
3 0.4688 0.5426 0.4780 0.5507 0.4620 0.5866 0.4528 0.5785
4 0.2879 0.6810 0.3278 0.8006 0.3192 0.8062 0.2794 0.6866
12 0.9324 0.9427 0.9199 0.9708 0.8467 0.9069 0.8593 0.8788
2 0.7683 0.3144 0.7677 0.3398 0.7231 0.3376 0.7238 0.3122
7 0.3456 0.7228 0.3483 0.7104 0.3690 0.7192 0.3663 0.7316
3 0.1975 0.0985 0.1899 0.0822 0.2488 0.0287 0.2564 0.0450
2 0.5702 0.8775 0.6150 0.8455 0.6292 0.8845 0.5844 0.9165
13 0.2375 0.6528 0.2270 0.6548 0.2254 0.6380 0.2358 0.6360
7 0.2786 0.9639 0.2909 0.9793 0.2891 0.9821 0.2768 0.9667
2 0.2841 0.4074 0.2571 0.5308 0.2334 0.5206 0.2603 0.3972
4 0.4996 0.8420 0.4979 0.8457 0.4956 0.8436 0.4973 0.8399
13 0.8316 0.1848 0.8334 0.1671 0.8418 0.1688 0.8400 0.1865
7 0.7145 0.6381 0.7048 0.6245 0.7106 0.6163 0.7204 0.6299
12 0.6730 0.7586 0.6769 0.7658 0.5416 0.9138 0.5376 0.9066
7 0.8377 0.8226 0.8320 0.8190 0.8494 0.7642 0.8551 0.7678
7 0.1647 0.7219 0.1838 0.7428 0.1342 0.8317 0.1150 0.8108
7 0.6226 0.3561 0.6059 0.2982 0.6339 0.2823 0.6506 0.3402
7 0.6630 0.4627 0.6726 0.4860 0.6285 0.5217 0.6188 0.4984
7 0.9334 0.7887 0.9698 0.8806 0.9277 0.9133 0.8914 0.8214
2 0.2205 0.2694 0.2472 0.2902 0.2018 0.4050 0.1750 0.3842
7 0.3638 0.9116 0.3623 0.9245 0.3077 0.9124 0.3091 0.8995
15 0.2523 0.8977 0.2097 0.9125 0.1951 0.8307 0.2377 0.8159
1 0.0275 0.7333 0.0102 0.7091 0.0414 0.6655 0.0586 0.6897
15 0.3443 0.8169 0.4005 0.6860 0.4646 0.7399 0.4084 0.8708
7 0.4120 0.3670 0.4167 0.3683 0.4134 0.3918 0.4088 0.3905
7 0.3502 0.8382 0.3454 0.8255 0.3486 0.8230 0.3535 0.8357
4 0.1385 0.5910 0.1439 0.5899 0.1446 0.5966 0.1393 0.5977
2 0.4728 0.2742 0.4713 0.1580 0.7561 0.1510 0.7575 0.2672
7 0.0818 0.5410 0.0761 0.5528 0.0462 0.5246 0.0519 0.5128
3 0.0528 0.2957 0.0437 0.2811 0.0966 0.2167 0.1057 0.2313
7 0.7778 0.6613 0.7560 0.6374 0.8133 0.5347 0.8352 0.5586
