7 0.8718 0.1256 0.8800 0.1527 0.8731 0.1568 0.8648 0.1297
7 0.0843 0.1058 0.0790 0.0943 0.1060 0.0698 0.1113 0.0813
4 0.4576 0.8305 0.4405 0.8132 0.4602 0.7755 0.4772 0.7928
1 0.5002 0.9708 0.4965 0.9619 0.5004 0.9588 0.5041 0.9677
2 0.5166 0.2061 0.5033 0.2105 0.4985 0.1815 0.5119 0.1771
2 0.2196 0.2826 0.3146 0.3690 0.2541 0.4994 0.1591 0.4130
7 0.6744 0.0996 0.6662 0.1453 0.5388 0.1008 0.5469 0.0551
7 0.2320 0.6017 0.2061 0.6252 0.1354 0.4727 0.1613 0.4492
2 0.5399 0.1501 0.5462 0.0492 0.7087 0.0691 0.7024 0.1700
7 0.4401 0.5596 0.4469 0.5552 0.4519 0.5700 0.4451 0.5744
15 0.4157 0.0998 0.4192 0.1463 0.3846 0.1514 0.3811 0.1049
13 0.4445 0.8298 0.4536 0.6832 0.4592 0.6838 0.4501 0.8304
13 0.2492 0.3029 0.2413 0.3169 0.2331 0.3079 0.2410 0.2939
4 0.2585 0.7705 0.2596 0.7390 0.2653 0.7395 0.2641 0.7710
7 0.3497 0.9838 0.3484 0.9968 0.3451 0.9962 0.3464 0.9832
7 0.6673 0.4415 0.6961 0.4913 0.6118 0.5869 0.5830 0.5371
3 0.9638 0.2745 0.9435 0.2750 0.9416 0.1195 0.9619 0.1190
7 0.2530 0.8474 0.2535 0.8539 0.2439 0.8554 0.2434 0.8489
7 0.8007 0.4296 0.7836 0.4317 0.7808 0.3868 0.7979 0.3847
1 0.7072 0.4249 0.7003 0.4517 0.6968 0.4499 0.7037 0.4231
7 0.0980 0.7855 0.1122 0.7775 0.1320 0.8461 0.1178 0.8541
7 0.9350 0.8195 0.9356 0.8432 0.9090 0.8445 0.9084 0.8208
4 0.2737 0.9437 0.2707 0.9377 0.2857 0.9231 0.2887 0.9291
15 0.4800 0.0827 0.4938 0.1035 0.4786 0.1233 0.4647 0.1025
7 0.6055 0.2499 0.5835 0.2564 0.5827 0.2513 0.6048 0.2448
2 0.5676 0.7407 0.6012 0.7533 0.5978 0.7709 0.5643 0.7583
4 0.6479 0.9732 0.6466 0.9832 0.6336 0.9800 0.6348 0.9700
7 0.3790 0.4961 0.3907 0.4727 0.3964 0.4783 0.3847 0.5017
4 0.5195 0.1254 0.5130 0.1258 0.5125 0.1050 0.5190 0.1046
7 0.6375 0.7154 0.6280 0.7538 0.6197 0.7498 0.6291 0.7114
4 0.3389 0.8600 0.3249 0.8701 0.3231 0.8652 0.3371 0.8551
7 0.6493 0.2644 0.6696 0.2379 0.7233 0.3184 0.7029 0.3449
4 0.3594 0.3124 0.3682 0.3075 0.3700 0.3140 0.3613 0.3189
7 0.5738 0.5092 0.5640 0.5142 0.5427 0.4324 0.5526 0.4274
7 0.4581 0.2223 0.4148 0.2234 0.4145 0.2005 0.4578 0.1994
7 0.8629 0.2467 0.8667 0.2494 0.8548 0.2821 0.8510 0.2794
4 0.1410 0.8394 0.1239 0.8178 0.1424 0.7890 0.1595 0.8106
7 0.0460 0.5587 0.0761 0.5291 0.0820 0.5409 0.0519 0.5705
7 0.7745 0.0702 0.8178 0.0947 0.8115 0.1166 0.7682 0.0921
7 0.0373 0.5263 0.0409 0.5283 0.0370 0.5421 0.0334 0.5401
4 0.2330 0.4657 0.2330 0.4555 0.2810 0.4555 0.2810 0.4657
2 0.2834 0.4474 0.3301 0.4837 0.2872 0.5922 0.2405 0.5559
4 0.5019 0.5561 0.5145 0.5463 0.5550 0.6483 0.5423 0.6581
7 0.0894 0.9716 0.0969 0.9787 0.0889 0.9952 0.0814 0.9881
13 0.0356 0.9095 0.0365 0.8863 0.0501 0.8873 0.0492 0.9105
