7 0.8701 0.2302 0.8491 0.2212 0.8619 0.1626 0.8829 0.1716
7 0.2521 0.3760 0.2381 0.4113 0.2268 0.4024 0.2407 0.3671
7 0.0072 0.1153 0.0031 0.1166 0.0010 0.1031 0.0052 0.1018
15 0.2259 0.3789 0.2636 0.3771 0.2644 0.4083 0.2267 0.4101
2 0.4865 0.6208 0.4009 0.5597 0.4267 0.4888 0.5123 0.5499
0 0.5844 0.7230 0.5823 0.8921 0.2268 0.8834 0.2289 0.7143
0 0.5510 0.5050 0.4744 0.6984 0.3019 0.5646 0.3785 0.3712
7 0.1085 0.7077 0.1179 0.6939 0.1227 0.7003 0.1132 0.7141
7 0.6562 0.2374 0.6686 0.2334 0.6698 0.2402 0.6574 0.2442
7 0.6686 0.4563 0.6403 0.4604 0.6308 0.3341 0.6591 0.3300
4 0.0897 0.5978 0.0799 0.5997 0.0791 0.5918 0.0889 0.5899
7 0.3547 0.8316 0.3445 0.8386 0.3410 0.8288 0.3513 0.8218
7 0.4057 0.3714 0.4047 0.3593 0.4283 0.3558 0.4293 0.3679
7 0.5204 0.0632 0.5097 0.0597 0.5176 0.0120 0.5283 0.0155
7 0.2758 0.8310 0.2643 0.8590 0.1822 0.7926 0.1937 0.7646
4 0.7044 0.9757 0.6882 0.9872 0.6802 0.9651 0.6964 0.9536
7 0.4032 0.4100 0.4323 0.4374 0.4002 0.5040 0.3711 0.4766
0 0.5318 0.8341 0.4650 0.7823 0.6697 0.2655 0.7364 0.3173
4 0.8780 0.2743 0.8789 0.2587 0.9032 0.2617 0.9022 0.2773
7 0.2471 0.5140 0.2538 0.5181 0.2380 0.5676 0.2314 0.5635
7 0.6694 0.6555 0.6896 0.6600 0.6846 0.7037 0.6644 0.6992
7 0.8567 0.6541 0.8402 0.6397 0.8836 0.5427 0.9001 0.5571
4 0.3196 0.6918 0.3276 0.6688 0.3344 0.6734 0.3264 0.6964
2 0.0804 0.8073 0.0708 0.6969 0.1116 0.6899 0.1212 0.8003
7 0.5091 0.4141 0.5536 0.4042 0.5629 0.4867 0.5184 0.4966
7 0.1658 0.3866 0.1529 0.3924 0.1388 0.3314 0.1516 0.3256
12 0.1680 0.8228 0.1581 0.8480 0.1054 0.8072 0.1154 0.7820
7 0.1390 0.8609 0.1565 0.8548 0.1716 0.9391 0.1540 0.9452
15 0.0282 0.3457 0.0466 0.3303 0.0632 0.3691 0.0449 0.3845
4 0.4269 0.7662 0.4237 0.7493 0.4296 0.7470 0.4329 0.7639
13 0.9114 0.3890 0.9039 0.3691 0.9223 0.3554 0.9299 0.3753
3 0.9316 0.7652 0.9984 0.7800 0.9958 0.8032 0.9290 0.7884
7 0.9474 0.3776 0.9302 0.3720 0.9400 0.3128 0.9572 0.3184
2 0.1631 0.4095 0.1889 0.4012 0.1926 0.4237 0.1668 0.4320
13 0.0351 0.0911 0.0412 0.0947 0.0346 0.1165 0.0285 0.1129
7 0.7572 0.9120 0.7657 0.9364 0.6942 0.9852 0.6857 0.9608
7 0.7913 0.2929 0.7915 0.2862 0.8010 0.2867 0.8008 0.2934
4 0.2819 0.4910 0.2734 0.4900 0.2744 0.4738 0.2829 0.4748
7 0.5231 0.1701 0.4939 0.1607 0.4969 0.1427 0.5261 0.1521
7 0.9309 0.1452 0.9260 0.1406 0.9428 0.1056 0.9477 0.1102
7 0.4336 0.1169 0.4549 0.1042 0.4804 0.1883 0.4591 0.2010
7 0.8306 0.4015 0.8324 0.4101 0.8165 0.4165 0.8148 0.4079
7 0.4668 0.7399 0.4763 0.7933 0.4040 0.8185 0.3945 0.7651
1 0.2512 0.5949 0.2493 0.5567 0.2582 0.5559 0.2601 0.5941
15 0.1317 0.7845 0.1269 0.7978 0.1003 0.7787 0.1051 0.7654
