7 0.3976 0.5317 0.3836 0.5289 0.3887 0.4783 0.4027 0.4811
4 0.2552 0.4005 0.2456 0.3814 0.2528 0.3743 0.2624 0.3934
7 0.3716 0.7643 0.3855 0.7760 0.3650 0.8237 0.3511 0.8120
15 0.7466 0.4563 0.8530 0.4079 0.8740 0.4985 0.7676 0.5469
7 0.7194 0.5954 0.7274 0.5924 0.7329 0.6214 0.7249 0.6244
7 0.1228 0.5498 0.1162 0.5417 0.1312 0.5174 0.1378 0.5255
15 0.6823 0.1571 0.7196 0.1771 0.7051 0.2297 0.6679 0.2097
7 0.1061 0.9501 0.1030 0.9198 0.1108 0.9183 0.1138 0.9486
7 0.3786 0.9589 0.3717 0.9789 0.3245 0.9467 0.3315 0.9267
4 0.2371 0.6695 0.2450 0.6819 0.2398 0.6885 0.2319 0.6761
2 0.4103 0.5708 0.3971 0.5764 0.3628 0.4196 0.3761 0.4140
7 0.9203 0.9623 0.9153 0.9678 0.9054 0.9501 0.9104 0.9446
7 0.7396 0.1803 0.7611 0.1675 0.7664 0.1849 0.7449 0.1977
2 0.6992 0.8221 0.6965 0.8577 0.6331 0.8483 0.6358 0.8127
7 0.4871 0.4597 0.4894 0.4474 0.5066 0.4539 0.5043 0.4662
4 0.7671 0.7837 0.7867 0.7499 0.8254 0.7939 0.8059 0.8277
7 0.9043 0.7956 0.9085 0.7808 0.9709 0.8160 0.9666 0.8308
7 0.7876 0.7490 0.8038 0.7398 0.8307 0.8330 0.8145 0.8422
7 0.2470 0.6209 0.2774 0.5624 0.3587 0.6451 0.3283 0.7036
13 0.6227 0.7210 0.6126 0.8357 0.6082 0.8350 0.6183 0.7203
7 0.6099 0.6880 0.6105 0.6751 0.6324 0.6772 0.6318 0.6901
7 0.6435 0.4552 0.6428 0.4411 0.6828 0.4372 0.6835 0.4513
7 0.6720 0.0520 0.6786 0.0557 0.6743 0.0708 0.6677 0.0671
4 0.9152 0.9827 0.9152 0.9917 0.8648 0.9917 0.8648 0.9827
7 0.2331 0.4314 0.2291 0.4253 0.2389 0.4126 0.2429 0.4187
7 0.1446 0.7885 0.1702 0.7652 0.2091 0.8491 0.1835 0.8724
7 0.7856 0.3681 0.7943 0.3531 0.8384 0.4031 0.8297 0.4181
7 0.5141 0.3483 0.5093 0.3518 0.5024 0.3329 0.5073 0.3294
7 0.6588 0.8566 0.6859 0.8063 0.7692 0.8942 0.7421 0.9445
7 0.2929 0.1441 0.2774 0.1316 0.2997 0.0775 0.3151 0.0900
7 0.6366 0.0709 0.6361 0.0849 0.6163 0.0835 0.6168 0.0695
7 0.1449 0.6290 0.1130 0.6022 0.1189 0.5886 0.1507 0.6154
13 0.1684 0.4805 0.1619 0.4842 0.1590 0.4743 0.1655 0.4706
7 0.5028 0.7654 0.5100 0.7988 0.4581 0.8210 0.4508 0.7876
15 0.6655 0.1349 0.6429 0.2133 0.5696 0.1719 0.5923 0.0935
7 0.8586 0.1126 0.8672 0.1193 0.8577 0.1434 0.8491 0.1367
7 0.9214 0.1603 0.9364 0.1820 0.8851 0.2513 0.8702 0.2296
13 0.3214 0.8839 0.3375 0.8912 0.3332 0.9097 0.3171 0.9024
7 0.7289 0.6856 0.7222 0.6756 0.7265 0.6700 0.7332 0.6800
13 0.3607 0.1614 0.3506 0.1560 0.3548 0.1406 0.3649 0.1460
0 0.6404 0.6876 0.4885 0.5027 0.6534 0.2372 0.8052 0.4221
0 0.2810 0.9360 0.1447 0.8990 0.2227 0.3376 0.3590 0.3746
3 0.4930 0.1871 0.5050 0.1952 0.4753 0.2805 0.4633 0.2724
4 0.2012 0.5351 0.2043 0.5362 0.2020 0.5493 0.1988 0.5482
13 0.2481 0.6945 0.2393 0.6891 0.2425 0.6791 0.2512 0.6845
