4 0.4236 0.8108 0.4676 0.8227 0.4638 0.8496 0.4199 0.8377
7 0.9062 0.3085 0.8965 0.2924 0.9538 0.2251 0.9635 0.2412
7 0.6895 0.6057 0.6857 0.6008 0.6951 0.5867 0.6989 0.5916
7 0.4211 0.4029 0.4242 0.3894 0.4472 0.3999 0.4441 0.4134
13 0.4552 0.8224 0.4533 0.8280 0.4337 0.8152 0.4355 0.8096
4 0.7384 0.4203 0.7558 0.4464 0.7462 0.4589 0.7288 0.4328
7 0.5729 0.4836 0.5376 0.3673 0.6429 0.3048 0.6781 0.4211
2 0.2195 0.2621 0.2068 0.3888 0.1128 0.3703 0.1255 0.2436
3 0.8978 0.3994 0.8490 0.2709 0.8645 0.2594 0.9132 0.3879
7 0.0804 0.7273 0.0760 0.7486 0.0705 0.7463 0.0748 0.7250
7 0.4244 0.5830 0.4112 0.6193 0.3407 0.5690 0.3539 0.5327
7 0.1147 0.4015 0.1201 0.4151 0.0941 0.4353 0.0887 0.4217
7 0.0319 0.3909 0.0433 0.3784 0.0810 0.4459 0.0696 0.4584
2 0.1252 0.3587 0.1717 0.3963 0.1190 0.5241 0.0726 0.4865
7 0.4475 0.9226 0.4370 0.9258 0.4362 0.9210 0.4468 0.9178
7 0.8444 0.1213 0.8405 0.1008 0.8462 0.0987 0.8501 0.1192
1 0.7981 0.8250 0.7895 0.8388 0.7877 0.8366 0.7962 0.8228
4 0.4332 0.2564 0.4287 0.2617 0.4116 0.2332 0.4162 0.2279
13 0.3962 0.0565 0.4088 0.0490 0.4132 0.0635 0.4006 0.0710
13 0.5564 0.1978 0.5652 0.2192 0.5428 0.2374 0.5339 0.2160
7 0.7362 0.1589 0.7531 0.1555 0.7580 0.2043 0.7411 0.2077
12 0.2064 0.1268 0.1967 0.0931 0.3176 0.0248 0.3273 0.0585
2 0.7072 0.5037 0.6985 0.5113 0.6763 0.4615 0.6849 0.4539
9 0.8118 0.6409 0.7747 0.6109 0.8502 0.4279 0.8873 0.4579
7 0.1663 0.3597 0.1260 0.3558 0.1297 0.2811 0.1700 0.2850
0 0.6357 0.2660 0.6409 0.1824 0.9712 0.2228 0.9660 0.3064
7 0.6295 0.2405 0.6036 0.2251 0.6242 0.1571 0.6501 0.1725
7 0.3192 0.3676 0.2985 0.4033 0.2540 0.3528 0.2746 0.3171
13 0.3496 0.4697 0.3573 0.4563 0.3601 0.4595 0.3524 0.4729
13 0.7428 0.2680 0.7435 0.2858 0.7349 0.2864 0.7342 0.2686
0 0.0351 0.2975 0.1038 0.0332 0.3395 0.1533 0.2708 0.4176
12 0.1524 0.2879 0.1332 0.2889 0.1307 0.1913 0.1500 0.1903
4 0.4120 0.7381 0.3147 0.7116 0.3160 0.7023 0.4133 0.7288
7 0.9468 0.8901 0.9488 0.8759 0.9898 0.8871 0.9878 0.9013
2 0.7852 0.6393 0.7494 0.6358 0.7522 0.5783 0.7881 0.5818
4 0.5956 0.4554 0.6012 0.4623 0.5956 0.4714 0.5899 0.4645
4 0.6385 0.4097 0.6477 0.3999 0.6735 0.4479 0.6643 0.4577
7 0.5282 0.6193 0.5256 0.6038 0.5476 0.5967 0.5501 0.6122
4 0.1413 0.4007 0.1461 0.4112 0.1390 0.4177 0.1342 0.4072
7 0.9219 0.3644 0.9244 0.3767 0.9073 0.3836 0.9047 0.3713
7 0.4602 0.1636 0.4722 0.1456 0.5038 0.1868 0.4918 0.2048
7 0.7621 0.6617 0.7440 0.6539 0.7567 0.5955 0.7749 0.6033
7 0.3037 0.0090 0.3070 0.0071 0.3097 0.0166 0.3064 0.0185
4 0.6924 0.1674 0.6958 0.1754 0.6567 0.2070 0.6534 0.1990
7 0.6276 0.9179 0.6310 0.9512 0.6167 0.9541 0.6133 0.9208
