7 0.8444 0.8374 0.8337 0.8265 0.8876 0.7226 0.8983 0.7335
4 0.4134 0.5460 0.4117 0.5238 0.4215 0.5224 0.4231 0.5446
7 0.5773 0.1407 0.5826 0.1343 0.5904 0.1469 0.5851 0.1533
13 0.4242 0.7097 0.4288 0.7047 0.4313 0.7091 0.4266 0.7141
7 0.4261 0.3784 0.4248 0.3652 0.4510 0.3600 0.4524 0.3732
4 0.9654 0.8236 0.9396 0.8211 0.9401 0.8120 0.9658 0.8145
7 0.6158 0.7646 0.6157 0.7489 0.6450 0.7482 0.6452 0.7639
7 0.7159 0.3612 0.7463 0.3619 0.7450 0.4660 0.7146 0.4653
0 0.2754 0.3679 0.3307 0.5500 0.2800 0.5801 0.2248 0.3980
7 0.1489 0.0578 0.1486 0.0754 0.1157 0.0746 0.1159 0.0570
15 0.0308 0.4892 0.0550 0.4164 0.0869 0.4372 0.0627 0.5100
7 0.7065 0.6711 0.7106 0.6443 0.7192 0.6469 0.7151 0.6737
3 0.3644 0.2974 0.2846 0.1774 0.2996 0.1578 0.3794 0.2778
12 0.6318 0.7851 0.6271 0.7933 0.4733 0.6189 0.4780 0.6107
2 0.2889 0.1384 0.2399 0.1035 0.2580 0.0540 0.3069 0.0889
7 0.4754 0.5224 0.4836 0.4999 0.5274 0.5312 0.5193 0.5537
7 0.4671 0.4210 0.4982 0.4202 0.4984 0.4346 0.4672 0.4354
15 0.6893 0.0262 0.7925 0.0059 0.8027 0.1074 0.6995 0.1277
13 0.1168 0.3604 0.1398 0.3847 0.1175 0.4260 0.0945 0.4017
7 0.7402 0.1439 0.7571 0.1292 0.8035 0.2333 0.7867 0.2480
13 0.4785 0.0450 0.4926 0.0583 0.4858 0.0726 0.4717 0.0593
7 0.2259 0.8027 0.2354 0.7490 0.2456 0.7525 0.2360 0.8062
0 0.1696 0.1641 0.1213 0.1219 0.1533 0.0503 0.2015 0.0925
0 0.1261 0.3272 0.1225 0.4220 0.0508 0.4168 0.0543 0.3220
7 0.3005 0.3877 0.2923 0.3830 0.3009 0.3531 0.3092 0.3578
2 0.0119 0.6338 0.0754 0.5278 0.2344 0.7146 0.1709 0.8206
15 0.5795 0.5006 0.5709 0.5573 0.5470 0.5502 0.5556 0.4935
7 0.2424 0.6657 0.2342 0.6914 0.1733 0.6535 0.1815 0.6278
13 0.2439 0.7167 0.2601 0.7051 0.2764 0.7497 0.2601 0.7613
0 0.0684 0.3035 0.1352 0.3183 0.1144 0.5021 0.0476 0.4873
2 0.4670 0.4551 0.7869 0.2651 0.8501 0.4737 0.5303 0.6637
7 0.4804 0.6451 0.4901 0.6706 0.4193 0.7233 0.4096 0.6978
7 0.0645 0.6782 0.1020 0.6670 0.1132 0.7410 0.0757 0.7522
4 0.8629 0.4546 0.8534 0.4272 0.8736 0.4134 0.8832 0.4408
7 0.7684 0.8601 0.7906 0.8563 0.7916 0.8675 0.7694 0.8713
4 0.1438 0.6214 0.1384 0.6518 0.1293 0.6486 0.1347 0.6182
7 0.5203 0.9076 0.5475 0.8778 0.5543 0.8900 0.5271 0.9198
7 0.1384 0.8438 0.1524 0.8596 0.1153 0.9238 0.1013 0.9080
2 0.3409 0.6190 0.2789 0.6868 0.2623 0.6570 0.3243 0.5892
12 0.5174 0.3538 0.5300 0.3276 0.5980 0.3918 0.5854 0.4180
7 0.2741 0.9383 0.2873 0.9549 0.2616 0.9949 0.2484 0.9783
13 0.3273 0.6150 0.3332 0.5966 0.3452 0.6042 0.3394 0.6226
7 0.8496 0.5500 0.8576 0.5372 0.8901 0.5768 0.8822 0.5896
3 0.3610 0.6522 0.3563 0.6596 0.3279 0.6250 0.3325 0.6176
7 0.9577 0.7037 0.9263 0.7461 0.9068 0.7179 0.9383 0.6755
