12 0.4435 0.2096 0.4480 0.2279 0.3391 0.2804 0.3345 0.2621
7 0.8928 0.1124 0.9089 0.0935 0.9137 0.1016 0.8977 0.1205
7 0.7124 0.8580 0.7473 0.8275 0.7930 0.9300 0.7582 0.9605
7 0.6792 0.7870 0.6676 0.8022 0.6391 0.7594 0.6507 0.7442
9 0.9198 0.4561 0.8785 0.4417 0.9216 0.1995 0.9630 0.2139
2 0.2522 0.4706 0.2866 0.4952 0.2435 0.6138 0.2091 0.5892
15 0.7508 0.8941 0.7937 0.8698 0.8109 0.9295 0.7680 0.9538
7 0.3678 0.2580 0.3574 0.2597 0.3510 0.1868 0.3614 0.1851
4 0.0866 0.1599 0.1009 0.1697 0.0983 0.1773 0.0839 0.1675
2 0.2399 0.2326 0.2477 0.2950 0.1604 0.3166 0.1526 0.2542
13 0.4989 0.3116 0.4822 0.2537 0.5008 0.2432 0.5175 0.3011
9 0.9521 0.7594 0.9122 0.8154 0.7650 0.6094 0.8050 0.5534
2 0.2673 0.6657 0.4127 0.6035 0.4338 0.7003 0.2885 0.7625
13 0.6697 0.7713 0.6596 0.7865 0.6540 0.7791 0.6641 0.7639
7 0.2147 0.9316 0.2175 0.9280 0.2247 0.9388 0.2219 0.9424
4 0.7984 0.4690 0.8035 0.4755 0.7696 0.5282 0.7645 0.5217
7 0.9007 0.9132 0.8683 0.9333 0.8379 0.8376 0.8702 0.8175
12 0.4589 0.0448 0.4818 0.1325 0.0511 0.3520 0.0282 0.2643
7 0.1671 0.3214 0.1681 0.3123 0.1814 0.3150 0.1805 0.3241
4 0.0185 0.5702 0.0189 0.5532 0.0329 0.5538 0.0325 0.5708
13 0.6508 0.8409 0.6224 0.8368 0.6243 0.8115 0.6527 0.8156
7 0.8365 0.2630 0.8717 0.2595 0.8727 0.2790 0.8375 0.2825
7 0.3903 0.4224 0.3759 0.4589 0.2840 0.3876 0.2984 0.3511
4 0.9680 0.0893 0.9602 0.0808 0.9657 0.0711 0.9735 0.0796
7 0.6134 0.7470 0.6208 0.7450 0.6263 0.7850 0.6190 0.7870
2 0.2737 0.2618 0.2853 0.2535 0.2937 0.2766 0.2821 0.2849
4 0.4350 0.3400 0.4469 0.3435 0.4444 0.3596 0.4325 0.3561
13 0.5864 0.5598 0.5850 0.5632 0.4605 0.4626 0.4619 0.4592
7 0.3516 0.7499 0.3536 0.7239 0.3604 0.7249 0.3584 0.7509
2 0.1112 0.7508 0.0105 0.6325 0.0945 0.4924 0.1952 0.6107
7 0.5183 0.1405 0.5105 0.1171 0.6263 0.0415 0.6341 0.0649
4 0.7340 0.1766 0.7319 0.1726 0.7346 0.1698 0.7367 0.1738
2 0.3109 0.3837 0.2919 0.2771 0.3319 0.2631 0.3509 0.3697
9 0.3298 0.4831 0.3271 0.5104 0.2785 0.5009 0.2812 0.4736
7 0.5705 0.4022 0.5729 0.3712 0.6475 0.3822 0.6451 0.4132
7 0.7040 0.4839 0.7113 0.5480 0.7017 0.5501 0.6945 0.4860
2 0.6516 0.8800 0.6552 0.8851 0.6169 0.9368 0.6134 0.9317
7 0.3149 0.6636 0.2685 0.6925 0.2411 0.6064 0.2875 0.5775
1 0.7588 0.3650 0.7146 0.3472 0.7375 0.2354 0.7817 0.2532
7 0.4502 0.1665 0.4396 0.1660 0.4409 0.1115 0.4516 0.1120
3 0.5149 0.2278 0.5149 0.2450 0.4528 0.2450 0.4528 0.2278
1 0.7002 0.0958 0.6745 0.0820 0.6758 0.0770 0.7015 0.0908
7 0.3377 0.5342 0.3264 0.5184 0.3503 0.4850 0.3616 0.5008
9 0.5520 0.9554 0.5299 0.9441 0.5500 0.8670 0.5721 0.8783
7 0.5217 0.4184 0.5048 0.4163 0.5106 0.3232 0.5275 0.3253
