7 0.5961 0.4419 0.6033 0.4543 0.5893 0.4701 0.5822 0.4577
4 0.2217 0.7414 0.2156 0.7337 0.2326 0.7074 0.2386 0.7151
7 0.6136 0.9358 0.6013 0.9262 0.6038 0.9198 0.6161 0.9294
2 0.9424 0.7237 0.8751 0.6736 0.8938 0.6243 0.9612 0.6744
7 0.6900 0.8257 0.7044 0.8087 0.7346 0.8591 0.7202 0.8761
12 0.3559 0.3121 0.3851 0.2634 0.6238 0.5439 0.5947 0.5926
7 0.0826 0.2157 0.0809 0.1930 0.1323 0.1855 0.1340 0.2082
7 0.3493 0.3083 0.3653 0.3427 0.2916 0.4097 0.2756 0.3753
7 0.2494 0.0136 0.2362 0.0349 0.2311 0.0288 0.2444 0.0075
9 0.9578 0.7728 0.9185 0.7929 0.8828 0.6556 0.9221 0.6355
7 0.2725 0.0124 0.2757 0.0092 0.2901 0.0368 0.2869 0.0400
7 0.7631 0.8453 0.7608 0.8372 0.7963 0.8171 0.7986 0.8252
7 0.6070 0.6147 0.6256 0.6447 0.5305 0.7605 0.5119 0.7305
12 0.6202 0.7876 0.6309 0.7933 0.6101 0.8692 0.5993 0.8635
0 0.4544 0.0502 0.5717 0.1199 0.5096 0.3250 0.3923 0.2553
7 0.1196 0.3902 0.1254 0.3783 0.1646 0.4154 0.1589 0.4273
7 0.9497 0.1111 0.9581 0.1246 0.9305 0.1581 0.9222 0.1446
7 0.5603 0.1481 0.5459 0.0676 0.6503 0.0311 0.6646 0.1116
7 0.4084 0.4184 0.4020 0.4145 0.4214 0.3536 0.4277 0.3575
7 0.6245 0.8325 0.6309 0.8255 0.6432 0.8475 0.6368 0.8545
13 0.4870 0.8610 0.4728 0.8345 0.4855 0.8210 0.4998 0.8475
15 0.6253 0.3082 0.6606 0.2968 0.6675 0.3390 0.6323 0.3504
1 0.7157 0.4464 0.7199 0.4582 0.6603 0.4988 0.6561 0.4870
4 0.2892 0.5526 0.2616 0.5415 0.2694 0.5038 0.2969 0.5149
7 0.4159 0.8645 0.4210 0.8564 0.4389 0.8783 0.4339 0.8864
7 0.7452 0.1958 0.7426 0.1849 0.7656 0.1738 0.7683 0.1847
4 0.2376 0.7856 0.2383 0.7750 0.2427 0.7756 0.2420 0.7862
7 0.6304 0.5543 0.6466 0.5855 0.6370 0.5953 0.6208 0.5641
4 0.4614 0.8355 0.4616 0.8287 0.4803 0.8301 0.4801 0.8369
9 0.4600 0.9418 0.4025 0.8833 0.4309 0.8286 0.4884 0.8871
7 0.8566 0.3108 0.8224 0.3245 0.8128 0.2776 0.8470 0.2639
9 0.7556 0.1139 0.7766 0.1716 0.6290 0.2769 0.6080 0.2192
13 0.9005 0.1807 0.9092 0.1881 0.8955 0.2201 0.8868 0.2127
4 0.9301 0.8264 0.9254 0.8186 0.9576 0.7808 0.9623 0.7886
1 0.2049 0.5178 0.2042 0.5138 0.2203 0.5086 0.2209 0.5126
2 0.9680 0.4379 0.9941 0.5240 0.8734 0.5957 0.8474 0.5096
2 0.8936 0.0178 0.9709 0.0778 0.9655 0.0914 0.8882 0.0314
9 0.8702 0.2702 0.8640 0.2323 0.9595 0.2014 0.9657 0.2393
0 0.7735 0.6397 0.7082 0.5417 0.7482 0.4895 0.8135 0.5875
7 0.7791 0.4406 0.7630 0.4173 0.8144 0.3478 0.8304 0.3711
4 0.1232 0.8967 0.1289 0.9198 0.1099 0.9289 0.1042 0.9058
7 0.8942 0.3026 0.9144 0.3240 0.9078 0.3362 0.8876 0.3148
7 0.1930 0.8958 0.2138 0.8600 0.2538 0.9054 0.2331 0.9412
7 0.1751 0.8981 0.1479 0.8941 0.1566 0.7787 0.1838 0.7827
4 0.8549 0.9106 0.8379 0.8222 0.8443 0.8198 0.8612 0.9082
