7 0.0653 0.2272 0.0968 0.2211 0.0987 0.2400 0.0672 0.2461
2 0.5481 0.5152 0.4962 0.6049 0.4499 0.5524 0.5018 0.4627
1 0.6165 0.8919 0.6375 0.9223 0.5983 0.9753 0.5774 0.9449
3 0.3712 0.7678 0.3459 0.8269 0.3365 0.8190 0.3618 0.7599
7 0.8475 0.2591 0.8426 0.2625 0.8350 0.2409 0.8400 0.2375
9 0.1754 0.2061 0.1228 0.1984 0.1266 0.1483 0.1792 0.1560
7 0.5071 0.1158 0.4962 0.1005 0.5247 0.0606 0.5355 0.0759
7 0.7096 0.7060 0.7238 0.7200 0.6904 0.7868 0.6762 0.7728
7 0.9375 0.0360 0.9289 0.0469 0.9088 0.0156 0.9174 0.0047
7 0.7976 0.1447 0.8063 0.1573 0.7669 0.2105 0.7583 0.1979
7 0.4159 0.6714 0.4368 0.6247 0.4915 0.6726 0.4706 0.7193
7 0.3139 0.6460 0.3196 0.6423 0.3335 0.6840 0.3278 0.6877
4 0.3532 0.6234 0.3304 0.6183 0.3322 0.6026 0.3550 0.6077
7 0.5215 0.8056 0.5361 0.8441 0.4551 0.9044 0.4405 0.8659
7 0.7585 0.8467 0.7667 0.8581 0.7507 0.8805 0.7425 0.8691
15 0.5062 0.7006 0.5155 0.7239 0.4929 0.7414 0.4837 0.7181
12 0.8691 0.2842 0.7750 0.2610 0.7815 0.2098 0.8755 0.2330
7 0.6654 0.5921 0.6702 0.5651 0.7298 0.5859 0.7249 0.6129
7 0.1251 0.5195 0.1303 0.5090 0.1600 0.5381 0.1548 0.5486
1 0.6105 0.7198 0.6096 0.7177 0.6286 0.7010 0.6296 0.7031
4 0.5846 0.3883 0.5892 0.4034 0.5834 0.4069 0.5788 0.3918
12 0.3964 0.6149 0.0525 0.8192 0.0333 0.7559 0.3772 0.5516
4 0.0627 0.5854 0.0603 0.4882 0.0764 0.4874 0.0789 0.5846
7 0.7920 0.6922 0.8269 0.7464 0.7725 0.8150 0.7377 0.7608
7 0.9877 0.7059 0.9935 0.7841 0.8652 0.8029 0.8593 0.7247
6 0.7028 0.1476 0.7444 0.2407 0.6775 0.2992 0.6359 0.2061
7 0.4946 0.1524 0.4540 0.1564 0.4499 0.0756 0.4906 0.0716
4 0.1738 0.9107 0.1664 0.9129 0.1631 0.8913 0.1705 0.8891
7 0.5565 0.3077 0.5633 0.2912 0.5989 0.3199 0.5921 0.3364
1 0.1821 0.1474 0.1932 0.2017 0.1233 0.2298 0.1122 0.1755
7 0.3819 0.1455 0.3697 0.1717 0.3067 0.1145 0.3189 0.0883
0 0.7355 0.8070 0.9432 0.9489 0.9254 1.0002 0.7176 0.8583
7 0.6038 0.6959 0.6052 0.7138 0.5730 0.7185 0.5717 0.7006
7 0.0476 0.5042 0.0557 0.4880 0.0792 0.5110 0.0711 0.5272
7 0.8281 0.9195 0.8201 0.9205 0.8182 0.8893 0.8262 0.8883
15 0.5446 0.7299 0.6206 0.7318 0.6194 0.8337 0.5434 0.8318
7 0.6833 0.8485 0.6800 0.8332 0.7278 0.8127 0.7312 0.8280
7 0.8287 0.2862 0.8597 0.2678 0.9095 0.4322 0.8786 0.4506
15 0.3255 0.6483 0.2505 0.6594 0.2456 0.5949 0.3207 0.5838
7 0.8132 0.0314 0.8252 0.0488 0.8002 0.0826 0.7882 0.0652
7 0.6327 0.3576 0.6322 0.3766 0.6039 0.3752 0.6044 0.3562
2 0.8409 0.7889 0.7162 0.4308 0.8271 0.3551 0.9518 0.7132
7 0.2462 0.5887 0.2719 0.5719 0.2981 0.6505 0.2724 0.6673
7 0.7573 0.5387 0.7723 0.5406 0.7719 0.5477 0.7568 0.5458
7 0.2861 0.7008 0.2613 0.7393 0.2504 0.7256 0.2752 0.6871
