2 0.5778 0.2541 0.5629 0.2790 0.5344 0.2455 0.5494 0.2206
4 0.2714 0.3820 0.2706 0.3913 0.2397 0.3860 0.2405 0.3767
13 0.8524 0.8659 0.8640 0.8715 0.8613 0.8825 0.8497 0.8769
7 0.4236 0.9897 0.4233 0.9631 0.4567 0.9623 0.4570 0.9889
7 0.4173 0.6419 0.4312 0.6219 0.4358 0.6281 0.4220 0.6481
2 0.4518 0.3138 0.4535 0.3239 0.4242 0.3334 0.4225 0.3233
7 0.8396 0.7573 0.8339 0.7568 0.8347 0.7415 0.8404 0.7420
7 0.9081 0.8572 0.8973 0.8492 0.9216 0.7852 0.9324 0.7932
13 0.8568 0.5409 0.8808 0.5300 0.8861 0.5527 0.8620 0.5636
1 0.2179 0.4732 0.2300 0.4562 0.2487 0.4824 0.2366 0.4994
13 0.4144 0.8531 0.3848 0.8821 0.3742 0.8609 0.4037 0.8319
15 0.5022 0.7387 0.5092 0.8185 0.4624 0.8265 0.4554 0.7467
7 0.7335 0.0952 0.7240 0.0819 0.7508 0.0444 0.7603 0.0577
2 0.8923 0.3130 0.8533 0.4716 0.8428 0.4666 0.8818 0.3080
4 0.2185 0.8202 0.2395 0.7938 0.2423 0.7982 0.2214 0.8246
7 0.4937 0.6524 0.5037 0.6758 0.4977 0.6808 0.4877 0.6574
2 0.7790 0.9255 0.7960 0.8479 0.8235 0.8597 0.8066 0.9373
12 0.1673 0.5536 0.1331 0.5528 0.1350 0.4000 0.1692 0.4008
2 0.1539 0.8362 0.2695 0.7004 0.2898 0.7342 0.1742 0.8700
4 0.8659 0.9598 0.8727 0.9801 0.8701 0.9818 0.8633 0.9615
7 0.6699 0.6602 0.6775 0.6340 0.7069 0.6506 0.6994 0.6768
7 0.5295 0.3500 0.5360 0.3518 0.5328 0.3752 0.5263 0.3734
15 0.6711 0.6743 0.7026 0.6547 0.7141 0.6909 0.6826 0.7105
7 0.1277 0.2669 0.1233 0.2645 0.1303 0.2391 0.1347 0.2415
13 0.1628 0.2856 0.1753 0.2203 0.2352 0.2428 0.2227 0.3081
7 0.9241 0.3174 0.9215 0.3340 0.9005 0.3278 0.9030 0.3112
7 0.5207 0.7227 0.5315 0.7229 0.5311 0.7621 0.5202 0.7619
4 0.8751 0.3875 0.8873 0.4101 0.8206 0.4805 0.8084 0.4579
7 0.6683 0.3296 0.6634 0.3505 0.6280 0.3344 0.6328 0.3135
2 0.8949 0.2261 0.8780 0.2329 0.8634 0.1615 0.8803 0.1547
4 0.9612 0.8977 0.9456 0.9354 0.9354 0.9271 0.9509 0.8894
4 0.6737 0.0864 0.6693 0.0922 0.6617 0.0808 0.6662 0.0750
7 0.8782 0.6045 0.8849 0.5804 0.9532 0.6171 0.9466 0.6412
4 0.1775 0.4280 0.1628 0.4430 0.1588 0.4352 0.1735 0.4202
7 0.8561 0.9856 0.8467 0.9710 0.8539 0.9620 0.8633 0.9766
13 0.5290 0.2408 0.5292 0.2451 0.4404 0.2516 0.4402 0.2473
7 0.8297 0.3394 0.8427 0.3331 0.8498 0.3618 0.8367 0.3681
15 0.4611 0.8014 0.4831 0.7167 0.5198 0.7354 0.4978 0.8201
4 0.8470 0.1931 0.8506 0.1953 0.8379 0.2353 0.8342 0.2331
7 0.2596 0.2656 0.2243 0.2770 0.2230 0.2688 0.2582 0.2574
7 0.5365 0.2196 0.6560 0.1748 0.6630 0.2112 0.5434 0.2560
15 0.7402 0.2422 0.7738 0.2531 0.7658 0.3014 0.7322 0.2905
1 0.5113 0.6733 0.5127 0.6598 0.5861 0.6743 0.5847 0.6878
4 0.9694 0.1453 0.9624 0.1314 0.9729 0.1211 0.9799 0.1350
4 0.6154 0.6233 0.6204 0.6231 0.6206 0.6291 0.6156 0.6293
