2 0.4811 0.4225 0.4807 0.3958 0.5275 0.3947 0.5279 0.4214
3 0.6592 0.8783 0.6513 0.8990 0.5760 0.8429 0.5839 0.8222
7 0.0510 0.6985 0.0527 0.6931 0.0650 0.7007 0.0633 0.7061
7 0.7669 0.3121 0.7571 0.2670 0.7674 0.2627 0.7772 0.3078
7 0.8390 0.2598 0.8400 0.2880 0.8322 0.2886 0.8311 0.2604
7 0.7386 0.5517 0.7584 0.5220 0.7709 0.5383 0.7510 0.5680
4 0.4374 0.7369 0.3828 0.9360 0.3529 0.9199 0.4075 0.7208
6 0.8575 0.2537 0.7924 0.1773 0.8108 0.1467 0.8759 0.2231
7 0.6177 0.1398 0.6106 0.1488 0.5786 0.0990 0.5857 0.0900
7 0.0925 0.1318 0.1040 0.1380 0.1023 0.1442 0.0909 0.1380
7 0.2277 0.1703 0.2496 0.2043 0.1632 0.3133 0.1413 0.2793
7 0.6647 0.5528 0.6470 0.5385 0.6807 0.4568 0.6984 0.4711
0 0.0365 0.6414 0.1298 0.6040 0.1500 0.7026 0.0567 0.7400
7 0.0387 0.3185 0.0222 0.3189 0.0211 0.2307 0.0376 0.2303
12 0.1077 0.9562 0.1161 0.9406 0.1486 0.9750 0.1402 0.9906
4 0.4172 0.8765 0.4166 0.8874 0.3879 0.8839 0.3886 0.8730
0 0.5273 0.5312 0.5246 0.3112 0.6544 0.3080 0.6571 0.5280
7 0.4097 0.8873 0.4221 0.8464 0.4314 0.8519 0.4190 0.8928
7 0.9507 0.3779 0.9569 0.3660 0.9818 0.3913 0.9756 0.4032
7 0.7814 0.6348 0.8335 0.7388 0.7266 0.8436 0.6745 0.7396
7 0.7166 0.4392 0.7153 0.4490 0.6968 0.4440 0.6982 0.4342
7 0.5892 0.0640 0.5793 0.0769 0.5760 0.0720 0.5859 0.0591
7 0.9190 0.9582 0.9261 0.9714 0.9227 0.9750 0.9156 0.9618
7 0.3352 0.1359 0.3256 0.1546 0.2968 0.1253 0.3064 0.1066
2 0.6295 0.6675 0.6057 0.7009 0.5471 0.6189 0.5709 0.5855
4 0.6750 0.8495 0.7218 0.9335 0.6956 0.9621 0.6487 0.8781
4 0.8138 0.3659 0.8266 0.3996 0.7879 0.4285 0.7751 0.3948
4 0.0164 0.2087 0.0154 0.2186 0.0087 0.2173 0.0097 0.2074
2 0.1954 0.5186 0.2032 0.5262 0.1808 0.5710 0.1731 0.5634
7 0.3657 0.2886 0.3630 0.3197 0.3003 0.3090 0.3030 0.2779
7 0.5886 0.4164 0.5874 0.4209 0.5705 0.4124 0.5717 0.4079
0 0.5596 0.2650 0.6082 0.1256 0.8452 0.2874 0.7967 0.4268
2 0.6950 0.1075 0.6040 0.1697 0.5850 0.1153 0.6760 0.0531
0 0.3274 0.5102 0.3420 0.7048 0.0688 0.7450 0.0542 0.5504
2 0.9187 0.1664 0.8230 0.0415 0.8459 0.0072 0.9416 0.1321
2 0.5059 0.1460 0.5483 0.2412 0.5181 0.2676 0.4757 0.1724
7 0.4600 0.6596 0.3980 0.6764 0.3903 0.6208 0.4523 0.6040
7 0.4506 0.0911 0.4381 0.0968 0.4274 0.0509 0.4399 0.0452
7 0.4170 0.2350 0.4086 0.2452 0.3796 0.1986 0.3880 0.1884
7 0.3406 0.7814 0.3487 0.7836 0.3457 0.8054 0.3376 0.8032
7 0.9829 0.5082 0.9764 0.5150 0.9622 0.4886 0.9687 0.4818
7 0.9168 0.9087 0.9223 0.9289 0.9186 0.9309 0.9131 0.9107
9 0.8714 0.2196 0.8327 0.1884 0.8883 0.0536 0.9270 0.0848
2 0.1912 0.2770 0.1840 0.2969 0.1802 0.2942 0.1875 0.2743
2 0.6619 0.6192 0.6720 0.5903 0.8432 0.7072 0.8332 0.7361
