2 0.1044 0.1811 0.1599 0.2510 0.1321 0.2941 0.0767 0.2242
4 0.2423 0.2034 0.2233 0.2048 0.2228 0.1918 0.2418 0.1904
7 0.8669 0.3215 0.8781 0.3232 0.8722 0.4021 0.8610 0.4004
12 0.4079 0.3729 0.3956 0.3258 0.5030 0.2711 0.5152 0.3182
7 0.8501 0.6229 0.8385 0.6308 0.8242 0.5899 0.8358 0.5820
2 0.7143 0.2522 0.7025 0.2513 0.7077 0.1114 0.7195 0.1123
2 0.5393 0.7881 0.5262 0.7698 0.5333 0.7599 0.5464 0.7782
15 0.5092 0.6062 0.5555 0.6248 0.5445 0.6786 0.4982 0.6600
3 0.3948 0.7801 0.3945 0.7678 0.4426 0.7655 0.4429 0.7778
13 0.1852 0.5008 0.1691 0.5060 0.1580 0.4384 0.1740 0.4332
7 0.7573 0.6298 0.7699 0.6422 0.7479 0.6862 0.7353 0.6738
7 0.6957 0.1934 0.6954 0.2056 0.6740 0.2046 0.6743 0.1924
4 0.3440 0.6456 0.3405 0.6330 0.3611 0.6220 0.3646 0.6346
13 0.5545 0.1838 0.5527 0.1487 0.5615 0.1478 0.5633 0.1829
7 0.8882 0.3337 0.9132 0.3188 0.9370 0.3971 0.9119 0.4120
13 0.2470 0.2522 0.2420 0.2800 0.2367 0.2782 0.2417 0.2504
7 0.7008 0.3662 0.7204 0.3423 0.7921 0.4578 0.7725 0.4817
15 0.4154 0.5577 0.4154 0.4935 0.4534 0.4935 0.4534 0.5577
7 0.8217 0.5400 0.8278 0.5279 0.8466 0.5464 0.8405 0.5585
0 0.7230 0.6308 0.6251 0.6188 0.6341 0.4736 0.7321 0.4856
4 0.0862 0.2300 0.0426 0.1730 0.0520 0.1588 0.0957 0.2158
13 0.4112 0.3195 0.4247 0.3245 0.4222 0.3373 0.4088 0.3323
2 0.5174 0.2148 0.5118 0.2172 0.5048 0.1852 0.5105 0.1828
1 0.4476 0.0535 0.4490 0.0713 0.4441 0.0721 0.4427 0.0543
12 0.4188 0.4662 0.4379 0.4250 0.5241 0.5034 0.5049 0.5446
15 0.3081 0.7020 0.2873 0.6931 0.2965 0.6512 0.3172 0.6601
7 0.3908 0.0770 0.4089 0.0962 0.3792 0.1514 0.3611 0.1322
2 0.6616 0.4935 0.6717 0.5111 0.6338 0.5541 0.6237 0.5365
13 0.0562 0.1292 0.0671 0.0432 0.0704 0.0440 0.0595 0.1300
7 0.0931 0.5430 0.0429 0.5592 0.0394 0.5382 0.0897 0.5220
7 0.5018 0.5665 0.4967 0.5696 0.4833 0.5275 0.4884 0.5244
2 0.6718 0.5277 0.5885 0.6365 0.5388 0.5619 0.6221 0.4531
7 0.3641 0.4165 0.3599 0.4284 0.3322 0.4095 0.3364 0.3976
7 0.5070 0.1737 0.4930 0.2157 0.4799 0.2071 0.4939 0.1651
7 0.9140 0.4990 0.9102 0.4943 0.9157 0.4854 0.9195 0.4901
7 0.5746 0.2997 0.5682 0.3220 0.5631 0.3191 0.5695 0.2968
7 0.1214 0.1813 0.1047 0.1746 0.1060 0.1683 0.1227 0.1750
4 0.0316 0.7725 0.0454 0.7503 0.0618 0.7703 0.0480 0.7925
2 0.6137 0.1861 0.6016 0.1725 0.6149 0.1495 0.6269 0.1631
2 0.9231 0.8373 0.8662 0.7875 0.8872 0.7403 0.9441 0.7901
13 0.9601 0.3593 0.9539 0.3610 0.9510 0.3399 0.9572 0.3382
7 0.5298 0.3960 0.4566 0.4789 0.4520 0.4708 0.5251 0.3879
7 0.8910 0.6821 0.8791 0.6154 0.9799 0.5803 0.9917 0.6470
4 0.5881 0.3951 0.5926 0.3969 0.5913 0.4033 0.5868 0.4015
4 0.7864 0.2872 0.7866 0.3043 0.7662 0.3048 0.7660 0.2877
