15 0.7203 0.9012 0.7230 0.8295 0.7737 0.8332 0.7710 0.9049
15 0.6823 0.4573 0.6791 0.3696 0.7291 0.3659 0.7324 0.4536
7 0.4724 0.7891 0.4661 0.8348 0.3987 0.8165 0.4051 0.7708
7 0.2696 0.8438 0.2821 0.8407 0.2870 0.8794 0.2745 0.8825
4 0.7182 0.3616 0.7321 0.3571 0.7338 0.3672 0.7199 0.3717
4 0.1325 0.2920 0.1447 0.2999 0.1409 0.3112 0.1288 0.3033
7 0.1572 0.2213 0.1414 0.1992 0.1740 0.1535 0.1898 0.1756
7 0.2504 0.2676 0.2451 0.3024 0.2370 0.3000 0.2423 0.2652
7 0.2477 0.4987 0.2593 0.4562 0.3863 0.5245 0.3747 0.5670
7 0.1575 0.3518 0.1537 0.3736 0.0419 0.3346 0.0458 0.3128
7 0.3952 0.3595 0.4154 0.3816 0.3870 0.4325 0.3668 0.4104
7 0.5762 0.3976 0.5775 0.3800 0.6101 0.3848 0.6088 0.4024
7 0.4909 0.3938 0.4858 0.3968 0.4820 0.3842 0.4870 0.3812
7 0.0299 0.6259 0.0410 0.6300 0.0341 0.6661 0.0230 0.6620
7 0.3806 0.2778 0.3730 0.3028 0.3283 0.2762 0.3359 0.2512
4 0.6479 0.5260 0.6419 0.5117 0.6450 0.5092 0.6509 0.5235
7 0.4046 0.3049 0.3968 0.2853 0.4311 0.2587 0.4389 0.2783
4 0.5546 0.1265 0.5347 0.1325 0.5340 0.1275 0.5538 0.1215
7 0.9211 0.3455 0.9275 0.3243 0.9621 0.3449 0.9556 0.3661
2 0.4170 0.5825 0.4019 0.5565 0.4084 0.5491 0.4235 0.5751
4 0.7267 0.3938 0.7265 0.4012 0.7216 0.4010 0.7218 0.3936
7 0.4779 0.5061 0.4860 0.5015 0.5050 0.5675 0.4969 0.5721
7 0.0889 0.1531 0.1203 0.1700 0.0828 0.3069 0.0514 0.2900
2 0.6626 0.3816 0.7702 0.3267 0.7889 0.3984 0.6812 0.4533
4 0.4805 0.4918 0.4818 0.5027 0.4752 0.5042 0.4739 0.4933
4 0.4557 0.5276 0.4832 0.5448 0.4803 0.5540 0.4528 0.5368
7 0.6009 0.7000 0.5828 0.6987 0.5882 0.5540 0.6063 0.5553
7 0.1812 0.7435 0.1949 0.7719 0.1099 0.8521 0.0962 0.8237
2 0.3125 0.1638 0.2885 0.1277 0.3306 0.0726 0.3547 0.1087
15 0.9106 0.8149 0.7854 0.7294 0.8228 0.6219 0.9480 0.7074
7 0.5645 0.7387 0.6213 0.7601 0.5933 0.9065 0.5364 0.8851
7 0.9963 0.2340 0.9592 0.2842 0.9439 0.2620 0.9811 0.2118
7 0.0738 0.4820 0.0719 0.4308 0.1651 0.4240 0.1670 0.4752
7 0.5762 0.2039 0.5842 0.2031 0.5852 0.2233 0.5772 0.2241
2 0.1973 0.7231 0.2916 0.4642 0.3990 0.5409 0.3047 0.7998
15 0.3280 0.7828 0.3724 0.8495 0.3263 0.9096 0.2819 0.8429
7 0.7215 0.7173 0.7042 0.7482 0.6502 0.6891 0.6675 0.6582
7 0.8826 0.5288 0.6988 0.6434 0.6342 0.4404 0.8181 0.3258
7 0.7842 0.2407 0.7872 0.2288 0.8007 0.2353 0.7977 0.2472
2 0.2727 0.2645 0.2214 0.2569 0.2270 0.1823 0.2783 0.1899
13 0.1265 0.6672 0.1030 0.6546 0.1146 0.6124 0.1381 0.6250
4 0.0546 0.5724 0.0547 0.5631 0.0731 0.5636 0.0730 0.5729
4 0.2638 0.9277 0.2536 0.9350 0.2482 0.9199 0.2584 0.9126
7 0.7922 0.0767 0.8546 0.0060 0.9273 0.1317 0.8649 0.2024
4 0.4794 0.7707 0.4748 0.7878 0.4523 0.7757 0.4569 0.7586
