7 0.8889 0.2398 0.8882 0.2653 0.7917 0.2606 0.7923 0.2351
15 0.0782 0.6085 0.0970 0.5822 0.1218 0.6171 0.1030 0.6434
7 0.1779 0.9704 0.1585 0.9485 0.2033 0.8712 0.2226 0.8931
12 0.8150 0.4505 0.7984 0.5974 0.7685 0.5907 0.7851 0.4438
7 0.8540 0.0337 0.8474 0.0284 0.8554 0.0091 0.8620 0.0144
15 0.2397 0.7093 0.1798 0.7932 0.1320 0.7263 0.1919 0.6424
4 0.3495 0.7584 0.3436 0.7467 0.3648 0.7260 0.3706 0.7377
3 0.4086 0.7884 0.3670 0.8390 0.3582 0.8248 0.3998 0.7742
7 0.6093 0.5174 0.6079 0.4614 0.6887 0.4574 0.6901 0.5134
12 0.3605 0.3603 0.4304 0.4367 0.4155 0.4633 0.3456 0.3869
4 0.5208 0.3924 0.5191 0.3651 0.5284 0.3640 0.5301 0.3913
7 0.7541 0.8569 0.7515 0.8728 0.7127 0.8603 0.7154 0.8444
13 0.5211 0.1990 0.5111 0.2077 0.5069 0.1982 0.5169 0.1895
7 0.6835 0.0518 0.6864 0.0749 0.6505 0.0838 0.6476 0.0607
7 0.5029 0.8546 0.4791 0.8267 0.5628 0.6870 0.5866 0.7149
7 0.8153 0.5245 0.8117 0.5170 0.8336 0.4963 0.8372 0.5038
4 0.8995 0.3958 0.9061 0.4065 0.9028 0.4106 0.8961 0.3999
3 0.1292 0.6933 0.0606 0.6950 0.0603 0.6711 0.1289 0.6694
2 0.7600 0.5269 0.7508 0.4351 0.8886 0.4079 0.8978 0.4997
4 0.6281 0.6473 0.6196 0.6490 0.6170 0.6231 0.6255 0.6214
7 0.4290 0.9978 0.4199 0.9766 0.4798 0.9262 0.4889 0.9474
7 0.1112 0.6056 0.1046 0.6165 0.0654 0.5704 0.0719 0.5595
7 0.4050 0.4436 0.4106 0.4143 0.4181 0.4172 0.4125 0.4465
7 0.2932 0.0946 0.2607 0.1400 0.2011 0.0566 0.2336 0.0112
12 0.5461 0.4182 0.5109 0.6500 0.4845 0.6422 0.5197 0.4104
7 0.7604 0.4972 0.7387 0.5177 0.7001 0.4376 0.7219 0.4171
7 0.9384 0.8664 0.9469 0.8822 0.9099 0.9212 0.9014 0.9054
7 0.6804 0.9017 0.6785 0.8847 0.7036 0.8791 0.7055 0.8961
15 0.7487 0.7046 0.6882 0.8054 0.6308 0.7378 0.6912 0.6370
7 0.3156 0.5496 0.3192 0.5682 0.3144 0.5700 0.3108 0.5514
2 0.9578 0.2121 0.8554 0.0472 0.8759 0.0223 0.9783 0.1872
7 0.4618 0.5404 0.4403 0.5484 0.4382 0.5376 0.4597 0.5296
7 0.4062 0.4611 0.4087 0.4523 0.4218 0.4597 0.4193 0.4685
7 0.5689 0.1477 0.5391 0.1662 0.5023 0.0503 0.5320 0.0318
4 0.4209 0.4871 0.4149 0.4880 0.4142 0.4793 0.4203 0.4784
13 0.8440 0.4070 0.8547 0.4231 0.8472 0.4330 0.8364 0.4169
12 0.2662 0.4330 0.2736 0.4126 0.3161 0.4430 0.3087 0.4634
7 0.2857 0.3462 0.2074 0.3385 0.2111 0.2642 0.2895 0.2719
2 0.8866 0.4860 0.7796 0.8225 0.6754 0.7576 0.7824 0.4211
4 0.6334 0.2384 0.6234 0.2223 0.6346 0.2088 0.6446 0.2249
7 0.5936 0.1544 0.5910 0.1316 0.7012 0.1072 0.7038 0.1300
7 0.7133 0.9353 0.7558 0.9291 0.7573 0.9495 0.7148 0.9557
4 0.9336 0.4709 0.9346 0.4644 0.9478 0.4683 0.9468 0.4748
7 0.4003 0.1856 0.3851 0.1738 0.4151 0.0980 0.4303 0.1098
13 0.0179 0.3773 0.0875 0.3359 0.0993 0.3747 0.0296 0.4161
