7 0.0827 0.5261 0.0790 0.5082 0.1148 0.4939 0.1184 0.5118
13 0.7658 0.8367 0.7806 0.8938 0.7597 0.9045 0.7448 0.8474
7 0.5014 0.2025 0.4809 0.1969 0.4823 0.1863 0.5029 0.1919
7 0.2268 0.5913 0.2486 0.5700 0.2789 0.6307 0.2572 0.6520
4 0.0776 0.9843 0.0829 0.9953 0.0781 0.9997 0.0729 0.9887
2 0.3117 0.6938 0.2711 0.6237 0.3694 0.5122 0.4100 0.5823
7 0.7289 0.7621 0.7213 0.7574 0.7334 0.7195 0.7409 0.7242
7 0.9605 0.6470 0.9560 0.6465 0.9570 0.6266 0.9615 0.6271
7 0.9671 0.6772 0.9767 0.6687 0.9992 0.7192 0.9896 0.7277
1 0.8323 0.5350 0.8361 0.5395 0.8134 0.5774 0.8096 0.5729
7 0.9382 0.8997 0.9233 0.8891 0.9432 0.8343 0.9581 0.8449
2 0.4006 0.3287 0.4212 0.3655 0.4074 0.3805 0.3868 0.3437
4 0.2969 0.3369 0.2923 0.3457 0.2497 0.3023 0.2542 0.2935
2 0.9505 0.5677 0.9380 0.4852 0.9601 0.4787 0.9726 0.5612
7 0.0611 0.6339 0.0715 0.6352 0.0680 0.6913 0.0576 0.6900
7 0.8833 0.0954 0.8786 0.0942 0.8812 0.0730 0.8860 0.0742
15 0.3066 0.5430 0.3643 0.5916 0.3406 0.6470 0.2828 0.5984
13 0.6448 0.1512 0.6485 0.1342 0.6518 0.1356 0.6480 0.1526
13 0.3005 0.5789 0.3002 0.5516 0.3243 0.5511 0.3247 0.5784
15 0.8265 0.4264 0.8571 0.3834 0.8801 0.4156 0.8495 0.4586
2 0.4067 0.3198 0.4184 0.3909 0.3996 0.3970 0.3879 0.3259
3 0.3802 0.1988 0.3829 0.1835 0.4429 0.2044 0.4402 0.2197
7 0.6273 0.0235 0.6332 0.0829 0.6187 0.0857 0.6128 0.0263
7 0.9832 0.5894 0.9733 0.5846 0.9822 0.5482 0.9921 0.5530
13 0.1406 0.6663 0.1444 0.6796 0.1160 0.6957 0.1121 0.6824
7 0.9435 0.4683 0.9624 0.5160 0.8922 0.5705 0.8733 0.5228
4 0.4224 0.9580 0.4400 0.9722 0.4350 0.9844 0.4174 0.9702
13 0.4905 0.9413 0.4877 0.9224 0.4958 0.9199 0.4986 0.9388
7 0.9094 0.6406 0.9181 0.6602 0.8821 0.6918 0.8733 0.6722
2 0.6263 0.9365 0.6199 0.8901 0.6323 0.8867 0.6387 0.9331
2 0.5945 0.2622 0.6726 0.3679 0.6330 0.4254 0.5548 0.3197
12 0.3291 0.9490 0.4270 0.9683 0.4260 0.9778 0.3282 0.9585
13 0.1262 0.2180 0.1311 0.2059 0.1352 0.2092 0.1303 0.2213
13 0.8217 0.2290 0.8270 0.2123 0.8986 0.2570 0.8933 0.2737
15 0.1272 0.7814 0.0980 0.7605 0.1136 0.7174 0.1429 0.7383
0 0.1935 0.6289 0.1476 0.8390 0.0237 0.7859 0.0695 0.5758
7 0.1165 0.7273 0.1500 0.7054 0.1970 0.8463 0.1634 0.8682
2 0.0645 0.4217 0.0594 0.4181 0.0864 0.3439 0.0915 0.3475
7 0.3770 0.0911 0.3843 0.0748 0.4430 0.1261 0.4357 0.1424
2 0.3548 0.1811 0.3904 0.1954 0.3861 0.2161 0.3505 0.2018
7 0.3200 0.7896 0.3323 0.7843 0.3577 0.9008 0.3454 0.9061
7 0.1528 0.1453 0.1700 0.1419 0.1755 0.1967 0.1583 0.2001
7 0.2262 0.3337 0.2174 0.3097 0.2558 0.2823 0.2646 0.3063
7 0.1341 0.0578 0.1267 0.0641 0.1121 0.0302 0.1196 0.0239
7 0.3694 0.7358 0.3810 0.7282 0.3958 0.7726 0.3842 0.7802
