7 0.9261 0.2263 0.9457 0.2214 0.9510 0.2637 0.9315 0.2686
7 0.1784 0.1559 0.1913 0.2004 0.1224 0.2393 0.1096 0.1948
7 0.2623 0.1883 0.2686 0.2234 0.2620 0.2257 0.2557 0.1906
3 0.3584 0.8324 0.3621 0.9307 0.3498 0.9316 0.3462 0.8333
4 0.5313 0.0606 0.5252 0.0685 0.5122 0.0490 0.5183 0.0411
7 0.1314 0.0381 0.1225 0.0313 0.1349 -0.0001 0.1438 0.0067
4 0.5042 0.3519 0.5064 0.3553 0.4995 0.3637 0.4973 0.3603
7 0.4057 0.6068 0.4073 0.5882 0.4338 0.5928 0.4321 0.6114
4 0.3393 0.2480 0.3285 0.2550 0.3273 0.2512 0.3380 0.2442
4 0.3785 0.0572 0.3548 0.0357 0.3601 0.0244 0.3838 0.0459
2 0.2658 0.1714 0.2658 0.2894 0.2299 0.2894 0.2299 0.1714
4 0.2445 0.5177 0.2445 0.5027 0.2501 0.5027 0.2501 0.5177
0 0.0940 0.5787 0.1424 0.6961 0.1097 0.7225 0.0613 0.6051
4 0.4683 0.6756 0.4662 0.6657 0.4706 0.6640 0.4726 0.6739
7 0.4568 0.7342 0.4425 0.7126 0.4912 0.6490 0.5055 0.6706
2 0.6645 0.8940 0.6799 0.8476 0.6915 0.8552 0.6761 0.9016
4 0.8843 0.3609 0.8729 0.3664 0.8502 0.2743 0.8617 0.2688
6 0.7377 0.6710 0.7855 0.7782 0.6315 0.9130 0.5836 0.8058
7 0.6975 0.4129 0.6908 0.4129 0.6908 0.3635 0.6975 0.3635
0 0.5422 0.8883 0.5829 0.8687 0.6038 0.9537 0.5631 0.9733
7 0.2338 0.4444 0.2068 0.4350 0.2210 0.3552 0.2481 0.3646
7 0.2351 0.6778 0.2319 0.6740 0.2378 0.6642 0.2409 0.6680
7 0.8955 0.1633 0.8160 0.0439 0.8282 0.0279 0.9077 0.1473
9 0.1728 0.7969 0.2949 0.7347 0.3141 0.8087 0.1920 0.8709
7 0.6719 0.9666 0.6662 0.9455 0.7118 0.9210 0.7175 0.9421
7 0.7725 0.5353 0.7804 0.5227 0.8083 0.5567 0.8005 0.5693
3 0.7953 0.7461 0.8078 0.7411 0.8269 0.8343 0.8144 0.8393
7 0.3002 0.8264 0.3276 0.8043 0.3749 0.9192 0.3476 0.9413
7 0.7304 0.5418 0.6754 0.5540 0.6730 0.5326 0.7280 0.5204
7 0.7400 0.2863 0.7638 0.2922 0.7580 0.3389 0.7342 0.3330
7 0.5616 0.9649 0.5367 0.9441 0.5413 0.9335 0.5661 0.9543
2 0.4013 0.2943 0.4114 0.1795 0.4707 0.1897 0.4606 0.3045
7 0.2109 0.1910 0.1947 0.2016 0.1922 0.1942 0.2084 0.1836
7 0.9446 0.4396 0.9527 0.4600 0.9474 0.4640 0.9393 0.4436
7 0.1032 0.0244 0.0995 0.0577 0.0919 0.0560 0.0957 0.0227
7 0.1984 0.1044 0.1938 0.1140 0.1530 0.0756 0.1577 0.0660
2 0.9350 1.0002 0.8983 0.9628 0.9444 0.8738 0.9812 0.9112
15 0.2127 0.2866 0.2053 0.3204 0.1805 0.3098 0.1879 0.2760
2 0.3979 0.6634 0.2863 0.6244 0.2921 0.5918 0.4037 0.6308
4 0.7830 0.4778 0.7636 0.4627 0.7656 0.4578 0.7849 0.4729
7 0.5826 0.7776 0.5861 0.8026 0.5131 0.8224 0.5096 0.7974
7 0.8376 0.5509 0.8498 0.5414 0.8967 0.6599 0.8845 0.6694
7 0.7287 0.0802 0.7389 0.1070 0.6756 0.1542 0.6654 0.1274
2 0.9582 0.8666 0.9494 0.8085 0.9678 0.8030 0.9766 0.8611
0 0.4420 0.1508 0.4713 0.3615 0.1754 0.4420 0.1462 0.2313
