7 0.6567 0.1238 0.6793 0.1260 0.6787 0.1374 0.6561 0.1352
7 0.8293 0.1079 0.8373 0.1004 0.8512 0.1293 0.8433 0.1368
7 0.6699 0.2879 0.6910 0.2879 0.6910 0.3581 0.6699 0.3581
13 0.8534 0.0154 0.8985 0.0043 0.9020 0.0326 0.8570 0.0437
4 0.7634 0.5830 0.7664 0.6169 0.7426 0.6210 0.7396 0.5871
7 0.7457 0.2863 0.7398 0.2905 0.7331 0.2721 0.7390 0.2679
7 0.1839 0.5555 0.1979 0.5893 0.1578 0.6217 0.1439 0.5879
3 0.6889 0.9696 0.6752 0.9841 0.6200 0.8816 0.6337 0.8671
13 0.4010 0.0561 0.3808 0.0384 0.3873 0.0239 0.4075 0.0416
13 0.4797 0.5709 0.4702 0.5678 0.4715 0.5599 0.4810 0.5630
7 0.7546 0.7718 0.7433 0.7785 0.7357 0.7534 0.7470 0.7467
12 0.4960 0.4733 0.4648 0.4810 0.4337 0.2335 0.4649 0.2258
4 0.7519 0.7978 0.8044 0.8017 0.8032 0.8338 0.7507 0.8299
7 0.5760 0.9266 0.5815 0.9127 0.6072 0.9326 0.6017 0.9465
13 0.8324 0.4112 0.8599 0.2927 0.8936 0.3080 0.8661 0.4265
7 0.0631 0.3919 0.0674 0.3608 0.1092 0.3721 0.1048 0.4032
4 0.5916 0.3885 0.5803 0.3448 0.5875 0.3411 0.5989 0.3848
13 0.1356 0.3966 0.1297 0.3950 0.1629 0.1554 0.1689 0.1570
7 0.3279 0.8595 0.3321 0.8711 0.3095 0.8873 0.3053 0.8757
13 0.3276 0.4474 0.3187 0.4665 0.3096 0.4582 0.3185 0.4391
15 0.7637 0.7693 0.7713 0.7090 0.8155 0.7199 0.8079 0.7802
13 0.5516 0.9165 0.5478 0.9412 0.5219 0.9335 0.5256 0.9088
2 0.3741 0.1199 0.3457 0.1557 0.3368 0.1417 0.3651 0.1059
0 0.1879 0.2718 0.6246 0.2932 0.6178 0.5686 0.1811 0.5472
2 0.6726 0.2813 0.4799 0.2289 0.5017 0.0723 0.6944 0.1247
7 0.2529 0.8733 0.2256 0.8610 0.2397 0.8003 0.2669 0.8126
2 0.4469 0.6581 0.3641 0.7520 0.3365 0.7043 0.4193 0.6104
2 0.9702 0.3964 0.9322 0.3890 0.9427 0.2848 0.9807 0.2922
4 0.1002 0.2856 0.0988 0.2477 0.1118 0.2468 0.1132 0.2847
7 0.2247 0.3373 0.2340 0.3207 0.2636 0.3531 0.2543 0.3697
7 0.5310 0.6487 0.5450 0.6187 0.5575 0.6301 0.5436 0.6601
4 0.3864 0.1558 0.3608 0.1765 0.3371 0.1190 0.3626 0.0983
12 0.5889 0.9901 0.5619 0.9988 0.5100 0.6839 0.5370 0.6752
13 0.5509 0.6715 0.5609 0.6895 0.5531 0.6981 0.5431 0.6801
7 0.0045 0.9162 0.0140 0.9094 0.0158 0.9142 0.0063 0.9210
7 0.3518 0.4944 0.3450 0.5037 0.3347 0.4888 0.3416 0.4795
7 0.2110 0.0593 0.1977 0.0868 0.1442 0.0363 0.1575 0.0088
7 0.0141 0.6002 0.0071 0.5993 0.0096 0.5594 0.0166 0.5603
7 0.3007 0.4604 0.2931 0.4600 0.2947 0.3968 0.3023 0.3972
7 0.7734 0.6022 0.7828 0.5930 0.7852 0.5978 0.7758 0.6070
4 0.5815 0.1215 0.5863 0.1246 0.5762 0.1549 0.5714 0.1518
2 0.6622 0.7470 0.4797 0.6223 0.4892 0.5950 0.6717 0.7197
7 0.7143 0.5775 0.7152 0.5888 0.6877 0.5929 0.6868 0.5816
7 0.7005 0.2404 0.7036 0.2378 0.7087 0.2500 0.7055 0.2526
7 0.1372 0.9844 0.1300 0.9956 0.1185 0.9812 0.1257 0.9700
