6 0.8128 0.7471 0.8445 0.6703 0.8997 0.7149 0.8680 0.7917
4 0.6379 0.2400 0.6463 0.2179 0.6538 0.2236 0.6454 0.2457
13 0.3435 0.4712 0.3297 0.5129 0.2713 0.4748 0.2852 0.4331
4 0.2053 0.2813 0.2042 0.2390 0.2187 0.2383 0.2198 0.2806
7 0.8152 0.6614 0.8064 0.6892 0.7462 0.6518 0.7551 0.6240
7 0.5588 0.3365 0.5638 0.3363 0.5644 0.3599 0.5594 0.3601
7 0.0629 0.6597 0.0445 0.6280 0.1451 0.5139 0.1635 0.5456
9 0.6975 0.5824 0.6351 0.3133 0.6802 0.2928 0.7426 0.5619
7 0.3753 0.4695 0.3964 0.4902 0.3924 0.4981 0.3713 0.4774
0 0.0379 0.2475 0.1672 0.1111 0.3587 0.4669 0.2294 0.6033
7 0.3929 0.9033 0.3866 0.9041 0.3851 0.8799 0.3914 0.8791
9 0.9061 0.6990 0.8354 0.6668 0.8510 0.5994 0.9218 0.6316
4 0.6554 0.7399 0.6573 0.6886 0.6661 0.6893 0.6642 0.7406
7 0.5061 0.3975 0.5163 0.4283 0.4714 0.4577 0.4611 0.4269
1 0.5010 0.0438 0.5093 0.0135 0.5159 0.0170 0.5075 0.0473
2 0.5605 0.1274 0.5606 0.1379 0.5018 0.1394 0.5016 0.1289
9 0.6190 0.2159 0.7353 0.3138 0.7190 0.3517 0.6027 0.2538
7 0.1737 0.8784 0.1807 0.9068 0.1135 0.9392 0.1065 0.9108
7 0.0400 0.8227 0.0456 0.8321 0.0149 0.8681 0.0093 0.8587
7 0.6912 0.7971 0.6843 0.8000 0.6802 0.7813 0.6871 0.7784
15 0.3346 0.7545 0.3336 0.7150 0.3634 0.7135 0.3644 0.7530
2 0.7584 0.8418 0.7649 0.8467 0.7376 0.9186 0.7311 0.9137
3 0.7748 0.7225 0.6694 0.6441 0.6792 0.6183 0.7846 0.6967
2 0.9515 0.4797 0.8708 0.4797 0.8708 0.4655 0.9515 0.4655
7 0.8856 0.9413 0.8614 0.9360 0.8741 0.8235 0.8983 0.8288
13 0.2525 0.5394 0.2580 0.5424 0.2566 0.5474 0.2511 0.5444
3 0.3039 0.7621 0.3002 0.7568 0.3195 0.7307 0.3232 0.7360
4 0.2246 0.1703 0.2074 0.1990 0.1951 0.1845 0.2123 0.1558
4 0.9084 0.2822 0.9048 0.2624 0.9134 0.2594 0.9169 0.2792
7 0.6237 0.7757 0.6142 0.7593 0.6446 0.7247 0.6541 0.7411
4 0.1211 0.8611 0.1086 0.8780 0.0960 0.8597 0.1085 0.8428
7 0.2431 0.4168 0.2498 0.4246 0.2343 0.4504 0.2277 0.4426
13 0.0365 0.3375 0.0444 0.3271 0.0512 0.3373 0.0433 0.3477
15 0.1081 0.6803 0.1067 0.7181 0.0676 0.7153 0.0690 0.6775
15 0.8525 0.7551 0.9804 0.8424 0.9323 0.9801 0.8045 0.8928
7 0.6429 0.0791 0.6446 0.0939 0.6131 0.1009 0.6114 0.0861
2 0.0482 0.3797 0.0984 0.2626 0.1470 0.3035 0.0967 0.4206
7 0.7126 0.7304 0.7261 0.7337 0.7171 0.8052 0.7036 0.8019
4 0.2414 0.5168 0.2614 0.5438 0.2566 0.5508 0.2366 0.5238
7 0.6942 0.4250 0.7173 0.4355 0.7049 0.4886 0.6819 0.4781
4 0.2739 0.8169 0.2668 0.8042 0.3264 0.7391 0.3335 0.7518
0 0.5013 0.2008 0.4926 0.2492 0.1639 0.1344 0.1725 0.0860
7 0.4450 0.0617 0.4510 0.0615 0.4512 0.0795 0.4453 0.0797
0 0.9120 0.4629 0.8870 0.5592 0.7877 0.5087 0.8127 0.4124
7 0.5569 0.1506 0.6029 0.1518 0.6017 0.2526 0.5556 0.2514
