4 0.7924 0.0371 0.7966 0.0475 0.7933 0.0501 0.7891 0.0397
7 0.8928 0.5412 0.8868 0.5301 0.9101 0.5056 0.9160 0.5167
7 0.2083 0.5365 0.2062 0.5238 0.2317 0.5155 0.2338 0.5282
7 0.7889 0.2053 0.7873 0.2098 0.7791 0.2039 0.7807 0.1994
12 0.9392 0.1623 0.9325 0.1880 0.8283 0.1349 0.8349 0.1092
12 0.0331 0.1871 0.0486 0.1479 0.0675 0.1625 0.0520 0.2017
0 0.0675 0.0492 0.0810 0.1245 0.0502 0.1352 0.0368 0.0599
7 0.7714 0.5811 0.7740 0.5758 0.7898 0.5913 0.7871 0.5966
4 0.5964 0.1341 0.5910 0.1306 0.6105 0.0723 0.6158 0.0758
0 0.7352 0.5276 0.6145 0.7290 0.5585 0.6632 0.6792 0.4618
9 0.2970 0.0386 0.2182 0.0900 0.2096 0.0642 0.2884 0.0128
13 0.1725 0.2697 0.1647 0.2365 0.1941 0.2231 0.2018 0.2563
7 0.0359 0.9417 0.0151 0.9322 0.0338 0.8515 0.0546 0.8610
12 0.3493 0.3639 0.6322 0.3432 0.6341 0.3953 0.3513 0.4160
15 0.2688 0.4689 0.3214 0.4650 0.3243 0.5435 0.2717 0.5474
7 0.1203 0.1273 0.1040 0.1074 0.1543 0.0263 0.1706 0.0462
7 0.8684 0.2302 0.8637 0.2249 0.8710 0.2122 0.8757 0.2175
4 0.1178 0.7667 0.1120 0.7764 0.1053 0.7685 0.1111 0.7588
7 0.4544 0.5712 0.4729 0.5781 0.4613 0.6388 0.4428 0.6319
7 0.5483 0.7651 0.5498 0.7891 0.5126 0.7937 0.5111 0.7697
0 0.5541 0.7303 0.3613 0.7876 0.3505 0.7161 0.5432 0.6588
7 0.1083 0.9116 0.1117 0.8970 0.1323 0.9064 0.1289 0.9210
4 0.4333 0.6247 0.4315 0.6337 0.4136 0.6269 0.4153 0.6179
4 0.6109 0.7601 0.6010 0.7701 0.5746 0.7191 0.5844 0.7091
15 0.7131 0.8500 0.7158 0.7407 0.7906 0.7444 0.7879 0.8537
2 0.4468 0.7983 0.4500 0.8107 0.4363 0.8177 0.4331 0.8053
0 0.4159 0.2315 0.4728 0.1491 0.6318 0.3641 0.5749 0.4465
7 0.4170 0.3828 0.4346 0.4111 0.3790 0.4788 0.3614 0.4505
15 0.2530 0.0716 0.2604 0.1033 0.2261 0.1188 0.2188 0.0871
7 0.4020 0.6071 0.4143 0.6211 0.3863 0.6697 0.3739 0.6557
9 0.5890 0.1727 0.5975 0.5145 0.5402 0.5173 0.5316 0.1755
1 0.5111 0.1640 0.5062 0.1604 0.5263 0.1076 0.5312 0.1112
7 0.6800 0.8106 0.6693 0.7967 0.6915 0.7634 0.7021 0.7773
4 0.1379 0.7407 0.1829 0.6998 0.1873 0.7093 0.1423 0.7502
7 0.0656 0.9038 0.0706 0.8955 0.0858 0.9134 0.0809 0.9217
7 0.4716 0.8480 0.4762 0.8376 0.4950 0.8540 0.4903 0.8644
4 0.4265 0.4540 0.4498 0.4107 0.4624 0.4240 0.4391 0.4673
0 0.5780 0.2639 0.7469 0.3951 0.6815 0.5605 0.5125 0.4293
7 0.5043 0.6899 0.5127 0.7130 0.4657 0.7465 0.4573 0.7234
7 0.7210 0.4652 0.7506 0.5112 0.7313 0.5356 0.7017 0.4896
7 0.1526 0.3085 0.1731 0.2898 0.2000 0.3479 0.1795 0.3666
4 0.4374 0.6159 0.4378 0.5986 0.4437 0.5989 0.4433 0.6162
2 0.8131 0.5664 0.8573 0.6050 0.8292 0.6680 0.7850 0.6294
4 0.4968 0.8700 0.4985 0.8644 0.5092 0.8708 0.5075 0.8764
7 0.3329 0.9070 0.3288 0.8981 0.3502 0.8787 0.3543 0.8875
