7 0.2336 0.7954 0.2438 0.8024 0.2310 0.8394 0.2208 0.8324
7 0.5618 0.3682 0.5559 0.3733 0.5473 0.3534 0.5533 0.3483
2 0.8919 0.2221 0.8842 0.1185 0.9395 0.1103 0.9473 0.2139
7 0.4038 0.0223 0.4184 0.0318 0.3919 0.1113 0.3773 0.1018
7 0.7104 0.9124 0.7036 0.9153 0.6973 0.8864 0.7041 0.8835
2 0.7452 0.4003 0.8149 0.5049 0.7756 0.5561 0.7060 0.4515
15 0.6192 0.3209 0.5690 0.3493 0.5531 0.2943 0.6033 0.2659
4 0.1829 0.4506 0.1742 0.4403 0.1785 0.4330 0.1873 0.4433
4 0.3253 0.7303 0.3307 0.7499 0.3281 0.7513 0.3228 0.7317
12 0.8880 0.7141 0.8622 0.6740 0.8800 0.6515 0.9058 0.6916
7 0.4832 0.9051 0.4886 0.9183 0.4691 0.9341 0.4637 0.9209
4 0.4701 0.5789 0.4742 0.5736 0.4790 0.5807 0.4749 0.5860
13 0.9459 0.4597 0.9411 0.4327 0.9790 0.4195 0.9838 0.4465
7 0.7891 0.1047 0.7974 0.1057 0.7932 0.1737 0.7849 0.1727
7 0.4223 0.6880 0.4307 0.6692 0.4372 0.6748 0.4287 0.6936
7 0.4952 0.5885 0.3928 0.6216 0.3879 0.5919 0.4903 0.5588
4 0.5600 0.2508 0.5385 0.2282 0.5446 0.2168 0.5661 0.2394
4 0.6084 0.2383 0.6244 0.2507 0.6096 0.2881 0.5936 0.2757
7 0.4441 0.8891 0.4415 0.9005 0.4188 0.8901 0.4214 0.8787
3 0.8891 0.1686 0.9620 0.2947 0.9463 0.3126 0.8734 0.1865
7 0.7071 0.0303 0.7206 0.0691 0.6623 0.1089 0.6488 0.0701
1 0.5768 0.8577 0.5459 0.8356 0.5743 0.7575 0.6052 0.7796
2 0.7380 0.1729 0.6880 0.2625 0.6546 0.2259 0.7045 0.1363
2 0.0262 0.9304 0.0534 0.9142 0.0738 0.9816 0.0466 0.9978
7 0.3073 0.6205 0.2991 0.6036 0.3442 0.5611 0.3523 0.5780
13 0.1473 0.9388 0.1404 0.9548 0.1299 0.9460 0.1368 0.9300
7 0.1343 0.5854 0.2069 0.6265 0.1963 0.6634 0.1237 0.6223
7 0.8350 0.3090 0.8364 0.2816 0.9164 0.2894 0.9150 0.3168
2 0.7771 0.0748 0.7918 0.0588 0.7958 0.0660 0.7811 0.0820
12 0.5569 0.0171 0.6129 0.1073 0.5860 0.1401 0.5299 0.0499
7 0.1799 0.2585 0.1509 0.2664 0.1427 0.2075 0.1717 0.1996
7 0.8820 0.7274 0.8930 0.7226 0.9069 0.7862 0.8959 0.7910
9 0.4701 0.3076 0.3715 0.3605 0.2945 0.0796 0.3930 0.0267
7 0.8654 0.3624 0.8654 0.3372 0.8723 0.3372 0.8723 0.3624
7 0.1379 0.8367 0.1461 0.8363 0.1467 0.8577 0.1384 0.8581
4 0.0308 0.7963 0.0386 0.7963 0.0386 0.8101 0.0308 0.8101
4 0.2420 0.3697 0.2315 0.3885 0.2174 0.3731 0.2279 0.3543
13 0.9613 0.1289 0.9401 0.1289 0.9401 0.1211 0.9613 0.1211
7 0.3258 0.7136 0.3123 0.7237 0.2965 0.6820 0.3100 0.6719
7 0.4852 0.2887 0.4791 0.2973 0.4673 0.2809 0.4735 0.2723
13 0.4968 0.8054 0.5020 0.8166 0.4955 0.8226 0.4903 0.8114
7 0.5351 0.2356 0.5293 0.2298 0.5458 0.1980 0.5516 0.2038
7 0.5659 0.3377 0.5834 0.3347 0.5906 0.4171 0.5732 0.4201
3 0.7310 0.9232 0.7818 0.8959 0.7867 0.9136 0.7359 0.9409
7 0.0736 0.9258 0.0655 0.9392 0.0259 0.8926 0.0339 0.8792
