6 0.1477 0.5792 0.0730 0.4406 0.1229 0.3880 0.1975 0.5266
7 0.6267 0.2591 0.6449 0.3541 0.5341 0.3957 0.5159 0.3007
4 0.4872 0.3736 0.4746 0.3745 0.4742 0.3660 0.4869 0.3651
4 0.1869 0.4539 0.1927 0.4697 0.1276 0.5161 0.1219 0.5003
7 0.6408 0.1205 0.6480 0.1139 0.6766 0.1755 0.6694 0.1821
4 0.7439 0.5026 0.7672 0.4867 0.7710 0.4974 0.7476 0.5133
2 0.4929 0.7341 0.4708 0.7472 0.4543 0.6927 0.4763 0.6796
15 0.2201 0.7591 0.2564 0.9489 0.1733 0.9801 0.1370 0.7903
9 0.6722 0.8895 0.6926 0.8222 0.8695 0.9273 0.8491 0.9946
7 0.6655 0.3663 0.6645 0.3714 0.6574 0.3685 0.6584 0.3634
7 0.9424 0.4543 0.9593 0.5159 0.9433 0.5245 0.9264 0.4629
7 0.0355 0.4870 0.0333 0.4725 0.0370 0.4714 0.0392 0.4859
7 0.9175 0.6806 0.9212 0.6988 0.9148 0.7014 0.9110 0.6832
4 0.7536 0.0918 0.7647 0.0879 0.7829 0.1902 0.7718 0.1941
2 0.9078 0.7115 0.8056 0.8193 0.7270 0.6733 0.8293 0.5655
7 0.0356 0.1612 0.0351 0.1521 0.0621 0.1488 0.0627 0.1579
7 0.3814 0.8559 0.3895 0.8636 0.3609 0.9229 0.3528 0.9152
4 0.6026 0.5357 0.6041 0.5315 0.6069 0.5335 0.6053 0.5377
4 0.0103 0.2853 0.0071 0.2812 0.0094 0.2775 0.0126 0.2816
1 0.6759 0.8894 0.6771 0.8879 0.6909 0.9094 0.6897 0.9109
13 0.2543 0.6758 0.1232 0.7734 0.1100 0.7386 0.2411 0.6410
4 0.0971 0.3545 0.1076 0.3336 0.1157 0.3415 0.1053 0.3624
12 0.6112 0.7941 0.6020 0.8996 0.5805 0.8959 0.5897 0.7904
4 0.9500 0.7328 0.9335 0.7361 0.9326 0.7264 0.9490 0.7231
1 0.1282 0.2078 0.1312 0.1935 0.1578 0.2042 0.1548 0.2185
7 0.1457 0.2364 0.1678 0.2342 0.1703 0.2852 0.1482 0.2874
4 0.8706 0.8467 0.8818 0.8251 0.8894 0.8329 0.8782 0.8545
15 0.8634 0.2608 0.9208 0.2284 0.9349 0.2772 0.8775 0.3096
7 0.1843 0.8719 0.1897 0.8719 0.1897 0.9125 0.1843 0.9125
4 0.9142 0.6371 0.9255 0.6445 0.9167 0.6709 0.9053 0.6635
7 0.1361 0.0814 0.1273 0.0857 0.1213 0.0614 0.1302 0.0571
7 0.6358 0.7249 0.6157 0.7087 0.6634 0.5931 0.6834 0.6093
13 0.2276 0.3126 0.2332 0.3079 0.2418 0.3278 0.2362 0.3325
13 0.4497 0.6744 0.4518 0.7022 0.4448 0.7032 0.4428 0.6754
4 0.2396 0.4363 0.2497 0.4680 0.2361 0.4765 0.2260 0.4448
7 0.2746 0.2022 0.2522 0.2022 0.2522 0.0910 0.2746 0.0910
0 0.6419 0.3375 0.8164 0.6185 0.6761 0.7893 0.5016 0.5083
7 0.3483 0.3089 0.3457 0.3001 0.3594 0.2919 0.3621 0.3007
6 0.8708 0.6874 0.9025 0.6363 0.9392 0.6810 0.9075 0.7321
2 0.6854 0.6522 0.7033 0.6435 0.7558 0.8566 0.7378 0.8653
2 0.9006 0.5214 0.8190 0.4030 0.8634 0.3430 0.9450 0.4614
7 0.3711 0.7284 0.3540 0.7044 0.4046 0.6336 0.4217 0.6576
7 0.9166 0.3663 0.9206 0.3677 0.9186 0.3793 0.9145 0.3779
6 0.5786 0.3213 0.5329 0.3338 0.5299 0.3123 0.5756 0.2998
15 0.2548 0.3237 0.2297 0.1925 0.3155 0.1603 0.3406 0.2915
