7 0.7974 0.6798 0.7827 0.5637 0.8389 0.5498 0.8535 0.6659
2 0.7756 0.8788 0.8249 0.8603 0.8398 0.9380 0.7905 0.9565
4 0.4814 0.9771 0.4928 0.9574 0.5001 0.9657 0.4887 0.9854
4 0.0906 0.5899 0.0760 0.6065 0.0688 0.5941 0.0834 0.5775
7 0.8099 0.7456 0.8235 0.7561 0.7972 0.8224 0.7836 0.8119
2 0.8185 0.4231 0.8523 0.4837 0.7675 0.5765 0.7337 0.5159
4 0.7851 0.6845 0.7958 0.6507 0.8087 0.6587 0.7979 0.6925
3 0.6013 0.4919 0.6034 0.4804 0.6990 0.5137 0.6969 0.5252
13 0.8140 0.5634 0.8203 0.5688 0.8106 0.5914 0.8043 0.5860
7 0.2337 0.5729 0.2286 0.5864 0.1957 0.5619 0.2009 0.5484
7 0.3164 0.7487 0.2803 0.7681 0.2464 0.6445 0.2825 0.6251
4 0.6043 0.7892 0.6201 0.8106 0.6026 0.8360 0.5867 0.8146
7 0.3109 0.8557 0.2913 0.8358 0.2977 0.8235 0.3173 0.8434
3 0.1433 0.3221 0.1382 0.2885 0.2049 0.2687 0.2100 0.3023
3 0.8275 0.4230 0.7577 0.4349 0.7562 0.4178 0.8260 0.4059
13 0.5029 0.1826 0.4923 0.2176 0.4602 0.1986 0.4708 0.1636
12 0.2029 0.4415 0.1708 0.4644 0.1185 0.3209 0.1507 0.2980
7 0.2056 0.3356 0.2235 0.3360 0.2227 0.3972 0.2048 0.3968
2 0.5706 0.3206 0.7258 0.3789 0.7206 0.4062 0.5654 0.3479
7 0.4297 0.2555 0.4376 0.2395 0.4709 0.2721 0.4629 0.2881
7 0.1067 0.1246 0.1120 0.1273 0.1078 0.1434 0.1026 0.1407
7 0.3709 0.2484 0.3642 0.2441 0.3743 0.2140 0.3809 0.2183
7 0.7913 0.5237 0.7913 0.5095 0.8156 0.5095 0.8156 0.5237
3 0.3765 0.2930 0.4105 0.2343 0.4206 0.2458 0.3867 0.3045
13 0.1895 0.2040 0.1974 0.2151 0.1936 0.2204 0.1857 0.2093
2 0.4790 0.4561 0.4637 0.2101 0.5761 0.1963 0.5915 0.4423
7 0.1843 0.1811 0.1863 0.1876 0.1771 0.1933 0.1751 0.1868
7 0.5001 0.9218 0.4936 0.9170 0.5030 0.8922 0.5095 0.8970
7 0.2902 0.3688 0.2999 0.3463 0.3638 0.4000 0.3541 0.4225
7 0.6759 0.9755 0.7120 0.8804 0.7310 0.8945 0.6949 0.9896
2 0.4133 0.4954 0.2671 0.3723 0.2781 0.3466 0.4244 0.4697
7 0.0759 0.5901 0.0253 0.5615 0.0855 0.3531 0.1361 0.3817
7 0.0867 0.1067 0.0932 0.1219 0.0350 0.1709 0.0285 0.1557
7 0.3578 0.9657 0.3561 0.9853 0.3059 0.9767 0.3076 0.9571
7 0.4183 0.6579 0.4255 0.6640 0.4152 0.6881 0.4079 0.6820
12 0.8594 0.0354 0.8345 0.4341 0.7991 0.4298 0.8240 0.0311
1 0.6923 0.0215 0.7066 0.0317 0.6954 0.0625 0.6811 0.0523
2 0.6066 0.9461 0.5307 0.9406 0.5397 0.7011 0.6156 0.7066
7 0.5024 0.7666 0.5029 0.7771 0.4636 0.7810 0.4631 0.7705
7 0.5333 0.9324 0.5507 0.8846 0.6250 0.9376 0.6076 0.9854
4 0.7123 0.8628 0.7247 0.8895 0.7131 0.9000 0.7007 0.8733
1 0.2860 0.4672 0.2916 0.4720 0.2894 0.4768 0.2839 0.4720
7 0.8933 0.1645 0.8868 0.1419 0.9327 0.1159 0.9392 0.1385
2 0.7835 0.1302 0.6959 0.0996 0.7088 0.0270 0.7964 0.0576
7 0.1499 0.5590 0.1629 0.5551 0.1678 0.5870 0.1548 0.5909
