7 0.2684 0.2767 0.2608 0.2892 0.2459 0.2717 0.2535 0.2592
7 0.1752 0.0506 0.1650 0.0460 0.1737 0.0086 0.1838 0.0132
1 0.9226 0.5272 0.9226 0.5231 0.9592 0.5240 0.9591 0.5281
9 0.3881 0.5949 0.3287 0.6066 0.2979 0.3003 0.3573 0.2886
7 0.6773 0.7633 0.6794 0.7448 0.7261 0.7551 0.7240 0.7736
13 0.9513 0.1354 0.9543 0.1472 0.9039 0.1730 0.9008 0.1612
7 0.8585 0.1940 0.8579 0.1841 0.8952 0.1796 0.8958 0.1895
2 0.0760 0.7739 0.1107 0.7287 0.1294 0.7569 0.0948 0.8021
13 0.8302 0.5842 0.8657 0.5727 0.8758 0.6342 0.8403 0.6457
7 0.8173 0.9969 0.8114 0.9963 0.8124 0.9759 0.8183 0.9765
12 0.8480 0.1906 0.8370 0.1786 0.9028 0.0606 0.9138 0.0726
6 0.5641 0.6732 0.5556 0.8086 0.3610 0.7848 0.3695 0.6494
15 0.0649 0.4878 0.0504 0.5020 0.0365 0.4742 0.0510 0.4600
1 0.0651 0.3788 0.0691 0.3783 0.0701 0.3932 0.0660 0.3937
12 0.4621 0.9327 0.4420 0.9510 0.3682 0.7917 0.3882 0.7734
7 0.7044 0.4718 0.6933 0.4949 0.6527 0.4566 0.6639 0.4335
7 0.3207 0.0249 0.3309 0.0179 0.3438 0.0551 0.3337 0.0621
4 0.5133 0.8348 0.5218 0.8170 0.5250 0.8200 0.5165 0.8378
7 0.9076 0.4607 0.9495 0.4919 0.9016 0.6181 0.8597 0.5869
2 0.1009 0.3595 0.1412 0.3634 0.1366 0.4557 0.0962 0.4518
4 0.6333 0.4574 0.6389 0.4588 0.6353 0.4878 0.6297 0.4864
7 0.3341 0.7658 0.3467 0.7535 0.3519 0.7638 0.3393 0.7761
0 0.5282 0.2186 0.6115 0.1807 0.6846 0.4958 0.6013 0.5337
2 0.4833 0.1602 0.4354 0.0392 0.4650 0.0162 0.5129 0.1372
7 0.7323 0.2558 0.7015 0.3681 0.6460 0.3382 0.6768 0.2259
7 0.9972 0.6037 0.9936 0.6113 0.9819 0.6003 0.9855 0.5927
7 0.2903 0.9091 0.3027 0.9322 0.2394 0.9989 0.2270 0.9758
7 0.4517 0.9694 0.4765 0.8483 0.5192 0.8654 0.4943 0.9865
9 0.7789 0.8207 0.8069 0.8502 0.7925 0.8769 0.7645 0.8474
13 0.7860 0.0312 0.7858 0.0510 0.7766 0.0508 0.7768 0.0310
7 0.4928 0.7592 0.4998 0.7736 0.4743 0.7976 0.4674 0.7832
13 0.3087 0.9282 0.3115 0.9350 0.3070 0.9386 0.3042 0.9318
0 0.8944 0.5431 0.9790 0.7482 0.6707 0.9973 0.5861 0.7922
2 0.9477 0.2165 0.8925 0.1603 0.9020 0.1419 0.9572 0.1981
7 0.2122 0.3619 0.2126 0.3530 0.2538 0.3561 0.2534 0.3650
4 0.4023 0.3946 0.3940 0.4025 0.3923 0.3990 0.4006 0.3911
7 0.7655 0.6309 0.7559 0.6417 0.7116 0.5651 0.7212 0.5543
2 0.3028 0.3657 0.3482 0.3579 0.3509 0.3891 0.3055 0.3969
7 0.3605 0.0347 0.3607 0.0287 0.3853 0.0305 0.3850 0.0365
7 0.0886 0.4966 0.0766 0.4750 0.1065 0.4422 0.1186 0.4638
13 0.1777 0.1220 0.1570 0.1293 0.1505 0.0932 0.1713 0.0859
7 0.4803 0.1860 0.4776 0.1759 0.4940 0.1676 0.4967 0.1777
7 0.8798 0.7919 0.8567 0.8265 0.8208 0.7797 0.8439 0.7451
13 0.0864 0.0589 0.0702 0.0565 0.0736 0.0119 0.0898 0.0143
15 0.0481 0.8527 0.0636 0.9121 0.0282 0.9301 0.0127 0.8707
