7 0.7182 0.6236 0.7836 0.5990 0.7873 0.6180 0.7218 0.6426
9 0.2973 0.0515 0.3307 0.0723 0.2936 0.1889 0.2602 0.1681
7 0.2798 0.3469 0.2708 0.3728 0.2073 0.3295 0.2163 0.3036
7 0.9701 0.2699 0.9505 0.2921 0.8799 0.1701 0.8995 0.1479
13 0.0632 0.2471 0.0666 0.2602 0.0605 0.2633 0.0571 0.2502
7 0.6016 0.3303 0.6023 0.3401 0.5673 0.3453 0.5665 0.3355
7 0.0302 0.1561 0.0202 0.1421 0.0543 0.0943 0.0644 0.1083
7 0.7992 0.9186 0.7980 0.9437 0.7291 0.9370 0.7303 0.9119
4 0.8456 0.7204 0.8678 0.6994 0.8727 0.7096 0.8505 0.7306
4 0.5439 0.0359 0.5495 0.0459 0.5007 0.0993 0.4951 0.0893
13 0.4327 0.6595 0.4340 0.6642 0.3381 0.7157 0.3368 0.7110
1 0.5614 0.7738 0.5618 0.7723 0.5757 0.7802 0.5753 0.7817
7 0.5844 0.5057 0.5788 0.5010 0.5868 0.4823 0.5924 0.4870
4 0.1158 0.2732 0.1128 0.3032 0.1045 0.3016 0.1075 0.2716
7 0.9070 0.6420 0.8966 0.6565 0.8693 0.6184 0.8797 0.6039
4 0.8759 0.3423 0.8881 0.3642 0.8630 0.3917 0.8507 0.3698
7 0.1021 0.4958 0.0885 0.5201 0.0557 0.4842 0.0692 0.4599
12 0.4331 0.8154 0.4418 0.8385 0.3589 0.9002 0.3502 0.8771
7 0.6747 0.3663 0.6794 0.4290 0.5821 0.4433 0.5774 0.3806
9 0.6322 0.4439 0.6823 0.5191 0.6603 0.5477 0.6103 0.4725
7 0.3538 0.4092 0.3512 0.4281 0.3259 0.4212 0.3285 0.4023
4 0.3353 0.7569 0.3130 0.7613 0.3127 0.7591 0.3350 0.7547
13 0.5740 0.1053 0.5583 0.0998 0.5640 0.0675 0.5797 0.0730
4 0.9599 0.8884 0.9819 0.8460 0.9875 0.8516 0.9655 0.8940
7 0.6938 0.1994 0.6813 0.2169 0.6482 0.1706 0.6607 0.1531
12 0.2902 0.2429 0.3520 0.1778 0.6715 0.7715 0.6098 0.8366
1 0.8050 0.9226 0.8042 0.9272 0.7739 0.9174 0.7746 0.9128
7 0.3003 0.4868 0.2907 0.4884 0.2865 0.4408 0.2962 0.4392
7 0.9669 0.0375 0.9780 0.0472 0.9505 0.1089 0.9394 0.0992
13 0.1399 0.2756 0.1478 0.2051 0.1701 0.2100 0.1622 0.2805
7 0.0313 0.2047 0.0409 0.1926 0.0627 0.2265 0.0531 0.2386
1 0.1301 0.2706 0.0994 0.2558 0.1185 0.1782 0.1492 0.1930
7 0.8988 0.8097 0.8977 0.7915 0.9012 0.7911 0.9023 0.8093
4 0.1713 0.7396 0.1713 0.7472 0.1587 0.7472 0.1587 0.7396
7 0.8618 0.8478 0.8692 0.8489 0.8676 0.8706 0.8602 0.8695
7 0.7398 0.5654 0.7338 0.5690 0.7279 0.5494 0.7339 0.5458
2 0.5071 0.9882 0.3679 0.9677 0.4181 0.2990 0.5573 0.3195
4 0.1845 0.9025 0.1856 0.8948 0.2029 0.8995 0.2018 0.9072
7 0.6843 0.4627 0.6892 0.4640 0.6837 0.5033 0.6788 0.5020
7 0.1051 0.3659 0.1090 0.3816 0.0506 0.4097 0.0467 0.3940
4 0.0879 0.0613 0.0728 0.0370 0.0833 0.0243 0.0984 0.0486
4 0.3623 0.6558 0.3567 0.6754 0.3334 0.6622 0.3390 0.6426
7 0.3070 0.8466 0.2996 0.8594 0.2756 0.8322 0.2830 0.8194
2 0.9159 0.1983 0.9372 0.2760 0.9141 0.2885 0.8928 0.2108
7 0.5385 0.8532 0.5459 0.8379 0.5498 0.8416 0.5424 0.8569
