7 0.3985 0.9183 0.4083 0.9282 0.3789 0.9849 0.3691 0.9750
7 0.9274 0.2725 0.9701 0.2715 0.9714 0.3759 0.9287 0.3769
7 0.3123 0.6711 0.3149 0.6948 0.2606 0.7069 0.2579 0.6832
7 0.6130 0.4213 0.6088 0.4033 0.6550 0.3823 0.6592 0.4003
15 0.2703 0.6806 0.3070 0.6235 0.3500 0.6778 0.3133 0.7349
2 0.3265 0.1859 0.3385 0.1580 0.3658 0.1809 0.3538 0.2088
2 0.8074 0.2340 0.8266 0.2214 0.8423 0.2688 0.8232 0.2814
4 0.2757 0.1850 0.2813 0.1779 0.2872 0.1870 0.2815 0.1941
4 0.8575 0.6713 0.8306 0.7029 0.8196 0.6847 0.8466 0.6531
3 0.7590 0.4678 0.7543 0.4669 0.7619 0.3906 0.7666 0.3915
15 0.4506 0.6593 0.4383 0.6165 0.4691 0.5991 0.4815 0.6419
7 0.3607 0.7704 0.3557 0.7512 0.4036 0.7268 0.4086 0.7460
3 0.7054 0.4802 0.7362 0.4022 0.7501 0.4130 0.7192 0.4910
13 0.2799 0.0286 0.2739 0.0280 0.2747 0.0122 0.2806 0.0128
7 0.9608 0.6633 0.9479 0.6492 0.9681 0.6131 0.9809 0.6272
0 0.7641 0.6438 0.7016 0.6084 0.7393 0.4778 0.8018 0.5132
7 0.7210 0.0759 0.7441 0.1295 0.6635 0.1973 0.6405 0.1437
7 0.4856 0.9114 0.4594 0.8502 0.4727 0.8390 0.4989 0.9002
7 0.8718 0.1095 0.8973 0.1107 0.8950 0.1997 0.8696 0.1985
9 0.4272 0.3533 0.3883 0.4205 0.3557 0.3835 0.3945 0.3163
7 0.0633 0.9530 0.0179 0.9519 0.0190 0.8622 0.0644 0.8633
15 0.3190 0.5401 0.2623 0.5957 0.2142 0.4995 0.2709 0.4439
13 0.3869 0.3806 0.3748 0.3858 0.3694 0.3610 0.3815 0.3558
2 0.5544 0.6825 0.5517 0.6695 0.5648 0.6643 0.5674 0.6773
2 0.8395 0.8973 0.8366 0.9309 0.7933 0.9235 0.7963 0.8899
7 0.3380 0.4411 0.3393 0.4259 0.3800 0.4329 0.3787 0.4481
4 0.6885 0.9776 0.6986 0.9691 0.7015 0.9760 0.6914 0.9845
7 0.4677 0.7207 0.4829 0.7320 0.4800 0.7397 0.4648 0.7284
4 0.6741 0.4710 0.7209 0.5059 0.7165 0.5174 0.6697 0.4825
7 0.6988 0.6221 0.7010 0.6146 0.7152 0.6231 0.7130 0.6306
7 0.2231 0.3083 0.2287 0.2915 0.2983 0.3369 0.2927 0.3537
2 0.8321 0.7737 0.8274 0.7521 0.8513 0.7419 0.8560 0.7635
4 0.7243 0.8465 0.7091 0.8212 0.7123 0.8175 0.7274 0.8428
7 0.1085 0.6199 0.1206 0.6131 0.1410 0.6837 0.1288 0.6905
12 0.1427 0.2808 0.0422 0.2759 0.0433 0.2312 0.1438 0.2361
7 0.5058 0.2443 0.4995 0.2829 0.3819 0.2449 0.3882 0.2063
9 0.5668 0.5028 0.6220 0.3015 0.6558 0.3196 0.6006 0.5209
12 0.5311 0.0324 0.6652 0.6101 0.6109 0.6348 0.4768 0.0571
13 0.8840 0.7987 0.9077 0.7771 0.9275 0.8197 0.9037 0.8413
7 0.2962 0.2088 0.3149 0.1931 0.3186 0.2020 0.3000 0.2177
12 0.7121 0.0067 0.7121 0.0369 0.6976 0.0369 0.6976 0.0067
6 0.6528 0.9733 0.6062 0.9594 0.6129 0.9155 0.6595 0.9294
4 0.6660 0.1618 0.6559 0.1952 0.6285 0.1790 0.6387 0.1456
7 0.5353 0.0252 0.5172 0.0709 0.5067 0.0628 0.5248 0.0171
7 0.1221 0.3957 0.1010 0.4142 0.0933 0.3971 0.1145 0.3786
