2 0.4637 0.5462 0.4444 0.6294 0.4103 0.6138 0.4296 0.5306
2 0.6372 0.9512 0.6013 0.8767 0.6139 0.8648 0.6499 0.9393
7 0.8828 0.4294 0.8693 0.3889 0.9721 0.3218 0.9856 0.3623
12 0.5711 0.1588 0.6678 0.0187 0.6963 0.0572 0.5996 0.1973
7 0.7139 0.3186 0.7087 0.2997 0.7427 0.2814 0.7479 0.3003
15 0.4654 0.7578 0.4931 0.7064 0.5206 0.7354 0.4929 0.7868
2 0.4598 0.6635 0.3661 0.6681 0.3653 0.6345 0.4590 0.6299
2 0.6636 0.2506 0.6293 0.2130 0.6447 0.1854 0.6790 0.2230
7 0.8537 0.7697 0.8351 0.5217 0.9748 0.5011 0.9935 0.7491
4 0.7664 0.8450 0.7510 0.8457 0.7504 0.8246 0.7659 0.8239
9 0.2555 0.8266 0.2735 0.8888 0.1628 0.9514 0.1448 0.8892
7 0.7728 0.1325 0.7579 0.0990 0.8369 0.0299 0.8518 0.0634
15 0.6051 0.2139 0.6138 0.1863 0.6341 0.1989 0.6253 0.2265
2 0.3134 0.1154 0.3278 0.0531 0.3398 0.0586 0.3253 0.1209
7 0.9462 0.0451 0.9530 0.0247 0.9889 0.0481 0.9821 0.0685
7 0.4006 0.8848 0.4182 0.8087 0.6180 0.8996 0.6004 0.9757
4 0.2927 0.2578 0.2895 0.2701 0.2804 0.2654 0.2836 0.2531
4 0.7680 0.6176 0.7499 0.6194 0.7491 0.6040 0.7672 0.6022
7 0.3823 0.7016 0.3787 0.7300 0.3334 0.7188 0.3370 0.6904
2 0.3857 0.6268 0.3304 0.4446 0.5563 0.3104 0.6116 0.4926
13 0.4674 0.2318 0.5181 0.2591 0.5095 0.2906 0.4587 0.2633
1 0.8047 0.3271 0.8072 0.3280 0.7979 0.3765 0.7954 0.3756
4 0.5542 0.6161 0.5608 0.6104 0.5647 0.6191 0.5581 0.6248
7 0.1603 0.2898 0.1609 0.2959 0.1534 0.2974 0.1528 0.2913
4 0.5935 0.6956 0.5978 0.7163 0.5916 0.7188 0.5873 0.6981
0 0.7167 0.2269 0.8231 0.1842 0.8687 0.4067 0.7623 0.4494
2 0.7385 0.4914 0.6850 0.4427 0.7023 0.4054 0.7558 0.4541
7 0.6795 0.9103 0.6849 0.9289 0.6525 0.9473 0.6471 0.9287
4 0.3259 0.2372 0.3279 0.2263 0.3327 0.2280 0.3307 0.2389
7 0.4263 0.5389 0.4154 0.5357 0.4215 0.4959 0.4323 0.4991
15 0.6422 0.1254 0.7033 0.1653 0.6867 0.2150 0.6256 0.1751
12 0.4945 0.2499 0.5095 0.3111 0.4801 0.3253 0.4650 0.2641
7 0.3198 0.1947 0.3046 0.1977 0.3033 0.1849 0.3186 0.1819
2 0.0179 0.2732 0.0929 0.1820 0.1495 0.2732 0.0746 0.3644
4 0.3721 0.6569 0.3225 0.6849 0.3190 0.6727 0.3686 0.6447
0 0.5018 0.8318 0.2634 0.5711 0.3128 0.4826 0.5512 0.7433
7 0.3515 0.6186 0.3523 0.6298 0.3468 0.6306 0.3460 0.6194
2 0.5185 0.8880 0.5859 0.5591 0.6878 0.6000 0.6204 0.9289
13 0.3649 0.3017 0.3601 0.3126 0.3442 0.2987 0.3491 0.2878
7 0.5862 0.0897 0.6685 0.0091 0.7075 0.0871 0.6252 0.1677
4 0.7346 0.5922 0.7113 0.5899 0.7120 0.5770 0.7352 0.5793
13 0.6606 0.6622 0.6596 0.6649 0.6168 0.6330 0.6178 0.6303
7 0.4986 0.7210 0.4768 0.7210 0.4768 0.6194 0.4986 0.6194
7 0.9734 0.1942 0.9792 0.1979 0.9712 0.2230 0.9654 0.2193
4 0.9649 0.3789 0.9578 0.3805 0.9568 0.3715 0.9639 0.3699
