7 0.2149 0.5091 0.2490 0.5099 0.2471 0.6585 0.2130 0.6577
4 0.0683 0.2040 0.0716 0.2082 0.0639 0.2196 0.0607 0.2154
7 0.7879 0.8098 0.7745 0.7730 0.7829 0.7670 0.7963 0.8038
7 0.2645 0.3631 0.2656 0.2723 0.3383 0.2741 0.3372 0.3649
7 0.5522 0.6911 0.5580 0.7065 0.5338 0.7245 0.5280 0.7091
15 0.4370 0.6718 0.3457 0.7084 0.3273 0.6186 0.4186 0.5820
7 0.4518 0.2533 0.3791 0.2806 0.3474 0.1147 0.4200 0.0874
12 0.0598 0.6956 0.0499 0.6082 0.0760 0.6024 0.0859 0.6898
4 0.0169 0.7189 0.0031 0.7111 0.0060 0.7011 0.0198 0.7089
2 0.6721 0.4167 0.6627 0.4212 0.6493 0.3669 0.6588 0.3624
7 0.2730 0.1550 0.2792 0.1386 0.2835 0.1418 0.2773 0.1582
13 0.3351 0.0850 0.3303 0.0825 0.3389 0.0494 0.3437 0.0519
7 0.7891 0.9149 0.7915 0.9050 0.8041 0.9111 0.8017 0.9210
15 0.8731 0.5793 0.9073 0.5084 0.9495 0.5483 0.9153 0.6192
13 0.0834 0.5441 0.3071 0.4483 0.3200 0.5075 0.0964 0.6033
2 0.3609 0.2397 0.3012 0.3232 0.2360 0.2319 0.2956 0.1484
7 0.0176 0.5559 0.0227 0.5111 0.1572 0.5409 0.1522 0.5857
4 0.4660 0.8816 0.4525 0.8694 0.4617 0.8496 0.4752 0.8618
13 0.7231 0.2428 0.7247 0.2367 0.7366 0.2428 0.7350 0.2489
4 0.5773 0.7644 0.5824 0.8043 0.5755 0.8060 0.5705 0.7661
7 0.8664 0.4900 0.8651 0.5102 0.8339 0.5064 0.8352 0.4862
7 0.1521 0.3964 0.1656 0.4091 0.1505 0.4404 0.1370 0.4277
7 0.3135 0.6706 0.3125 0.6532 0.3465 0.6490 0.3475 0.6664
7 0.5648 0.1597 0.5636 0.1407 0.5998 0.1363 0.6010 0.1553
7 0.6733 0.5480 0.6895 0.5545 0.6741 0.6296 0.6579 0.6231
7 0.6872 0.4539 0.6810 0.4553 0.6790 0.4381 0.6853 0.4367
1 0.5297 0.2336 0.5290 0.2409 0.4923 0.2336 0.4930 0.2263
7 0.8009 0.2019 0.8027 0.2262 0.7923 0.2277 0.7905 0.2034
2 0.4745 0.5300 0.4755 0.5024 0.5141 0.5052 0.5131 0.5328
7 0.6235 0.8245 0.5860 0.7336 0.6054 0.7179 0.6429 0.8088
7 0.2508 0.9551 0.2596 0.9455 0.2829 0.9873 0.2741 0.9969
2 0.8197 0.8567 0.8230 0.8120 0.8483 0.8157 0.8450 0.8604
13 0.7432 0.0675 0.7365 0.1117 0.6746 0.0933 0.6813 0.0491
7 0.9550 0.4683 0.9632 0.4794 0.9279 0.5305 0.9197 0.5194
7 0.3138 0.9905 0.3070 0.9810 0.3250 0.9559 0.3318 0.9654
7 0.9753 0.2529 0.9659 0.2342 0.9870 0.2135 0.9964 0.2322
7 0.4953 0.8342 0.5035 0.8484 0.4730 0.8830 0.4648 0.8688
7 0.5173 0.1203 0.5215 0.1300 0.4909 0.1557 0.4868 0.1460
7 0.0921 0.2116 0.0845 0.1933 0.1302 0.1564 0.1378 0.1747
7 0.2932 0.0849 0.2808 0.0861 0.2788 0.0455 0.2912 0.0443
7 0.4209 0.6151 0.4460 0.6252 0.4331 0.6885 0.4080 0.6784
15 0.4805 0.7821 0.4434 0.6466 0.5020 0.6151 0.5392 0.7506
4 0.1381 0.4366 0.1469 0.4135 0.1784 0.4370 0.1696 0.4601
4 0.1707 0.7587 0.1848 0.7555 0.1859 0.7649 0.1718 0.7681
7 0.8545 0.9368 0.8618 0.9184 0.8886 0.9392 0.8813 0.9576
