2 0.7099 0.1324 0.7169 0.1720 0.7064 0.1756 0.6994 0.1360
4 0.5879 0.0140 0.5957 0.0019 0.5998 0.0072 0.5920 0.0193
12 0.8519 0.5763 0.8629 0.5475 0.9378 0.6033 0.9269 0.6321
4 0.1925 0.6289 0.1963 0.6264 0.1978 0.6307 0.1939 0.6332
7 0.3534 0.6304 0.3663 0.5778 0.4555 0.6208 0.4425 0.6734
7 0.5224 0.2352 0.5148 0.2316 0.5299 0.1704 0.5375 0.1740
13 0.3380 0.3866 0.3311 0.3758 0.3457 0.3574 0.3526 0.3682
7 0.8354 0.5780 0.8433 0.5763 0.8506 0.6408 0.8427 0.6425
7 0.2182 0.7493 0.2174 0.7280 0.2684 0.7243 0.2692 0.7456
7 0.9358 0.6827 0.9416 0.7027 0.9136 0.7185 0.9079 0.6985
0 0.3207 0.4434 0.2109 0.6081 0.0676 0.4210 0.1774 0.2563
7 0.2778 0.5203 0.2760 0.5284 0.2631 0.5229 0.2648 0.5148
7 0.1717 0.3264 0.1821 0.3231 0.1949 0.4004 0.1845 0.4037
15 0.6068 0.2467 0.6489 0.3487 0.5783 0.4057 0.5363 0.3037
2 0.1238 0.5926 0.1464 0.6211 0.1388 0.6330 0.1162 0.6045
1 0.0839 0.9804 0.0742 0.9588 0.0793 0.9544 0.0889 0.9760
12 0.6365 0.7038 0.6803 0.6851 0.6887 0.7234 0.6448 0.7421
7 0.3044 0.7749 0.2864 0.7861 0.2739 0.7467 0.2918 0.7355
7 0.5403 0.4574 0.5869 0.4725 0.5660 0.5994 0.5194 0.5843
7 0.7366 0.6630 0.7394 0.6685 0.7291 0.6790 0.7263 0.6735
7 0.7994 0.6387 0.8098 0.6630 0.7586 0.7061 0.7482 0.6818
7 0.1332 0.0741 0.1227 0.0924 0.0650 0.0271 0.0756 0.0088
7 0.6852 0.2799 0.6696 0.2901 0.6268 0.1617 0.6424 0.1515
12 0.5737 0.3656 0.5469 0.4584 0.0914 0.2008 0.1182 0.1080
7 0.9016 0.8193 0.9381 0.7898 0.9461 0.8091 0.9096 0.8386
7 0.1401 0.8193 0.1305 0.8385 0.1245 0.8327 0.1341 0.8135
13 0.1062 0.8784 0.1126 0.6199 0.1475 0.6216 0.1411 0.8801
7 0.9581 0.8790 0.9494 0.8627 0.9536 0.8582 0.9624 0.8745
7 0.6381 0.5719 0.6236 0.5766 0.6170 0.5365 0.6315 0.5318
2 0.0584 0.5613 0.0579 0.5810 0.0439 0.5803 0.0444 0.5606
7 0.3577 0.9456 0.3596 0.9672 0.3155 0.9748 0.3136 0.9532
2 0.5773 0.7994 0.6121 0.7244 0.7958 0.8914 0.7611 0.9664
7 0.6782 0.8945 0.6880 0.8911 0.6918 0.9123 0.6820 0.9157
4 0.8326 0.3016 0.8172 0.3361 0.8079 0.3280 0.8234 0.2935
7 0.1747 0.5272 0.1622 0.5145 0.1921 0.4568 0.2047 0.4695
7 0.9111 0.9786 0.8948 0.9685 0.9086 0.9250 0.9249 0.9351
4 0.5242 0.3885 0.5348 0.3795 0.5647 0.4491 0.5541 0.4581
7 0.7154 0.0938 0.7198 0.1117 0.6815 0.1302 0.6771 0.1123
15 0.8873 0.6731 0.9792 0.7415 0.9387 0.8481 0.8468 0.7797
4 0.9807 0.6784 0.9852 0.6643 0.9913 0.6680 0.9868 0.6821
7 0.3920 0.8348 0.3949 0.8172 0.4012 0.8192 0.3983 0.8368
13 0.9517 0.5901 0.9394 0.5861 0.9417 0.5719 0.9541 0.5759
7 0.0515 0.2849 0.0368 0.2794 0.0425 0.2499 0.0572 0.2554
7 0.8925 0.4573 0.9267 0.4463 0.9466 0.5671 0.9124 0.5781
7 0.8134 0.1932 0.7889 0.2057 0.7711 0.1372 0.7957 0.1247
