0 0.5006 0.2447 0.4713 0.2490 0.4617 0.1209 0.4910 0.1166
7 0.0162 0.2621 0.0076 0.2594 0.0198 0.1851 0.0284 0.1878
2 0.4546 0.6277 0.3870 0.5816 0.4631 0.3631 0.5307 0.4092
7 0.4715 0.6567 0.4462 0.6898 0.3422 0.5337 0.3675 0.5006
9 0.3214 0.9309 0.2860 0.8847 0.3683 0.7611 0.4037 0.8073
7 0.2818 0.0624 0.2302 0.1149 0.2117 0.0792 0.2633 0.0267
7 0.7827 0.5470 0.7860 0.5387 0.8018 0.5510 0.7985 0.5593
4 0.9848 0.2416 0.9946 0.2039 0.9995 0.2064 0.9897 0.2441
7 0.3387 0.8136 0.3474 0.8144 0.3459 0.8460 0.3371 0.8452
12 0.2525 0.7592 0.2962 0.7570 0.2972 0.7952 0.2535 0.7974
15 0.9394 0.4860 0.9256 0.4229 0.9632 0.4068 0.9770 0.4699
7 0.1213 0.4809 0.1186 0.4592 0.1693 0.4467 0.1720 0.4684
7 0.0879 0.4872 0.0955 0.4818 0.1104 0.5228 0.1028 0.5282
2 0.5962 0.3737 0.5423 0.3301 0.5735 0.2543 0.6274 0.2979
12 0.9546 0.6134 0.9181 0.6233 0.8954 0.4602 0.9319 0.4503
7 0.8069 0.3473 0.7976 0.3398 0.8126 0.3035 0.8218 0.3110
7 0.8266 0.4543 0.8303 0.4583 0.8105 0.4937 0.8068 0.4897
7 0.5172 0.5528 0.5096 0.5426 0.5288 0.5148 0.5364 0.5250
7 0.1805 0.1570 0.1823 0.1551 0.1900 0.1690 0.1883 0.1709
7 0.4336 0.3393 0.4193 0.3162 0.4715 0.2527 0.4858 0.2758
7 0.5259 0.2990 0.5130 0.2968 0.5187 0.2318 0.5316 0.2340
7 0.7878 0.1314 0.7841 0.1428 0.7548 0.1246 0.7584 0.1132
7 0.6849 0.1002 0.6752 0.1021 0.6748 0.0986 0.6845 0.0967
7 0.6709 0.1764 0.6597 0.1654 0.6622 0.1604 0.6735 0.1714
13 0.7670 0.0228 0.7703 0.0417 0.7639 0.0440 0.7605 0.0251
7 0.1363 0.0968 0.1233 0.1021 0.1163 0.0680 0.1293 0.0627
7 0.2667 0.9599 0.2692 0.9696 0.2384 0.9853 0.2359 0.9756
12 0.8964 0.2537 0.8769 0.2610 0.8579 0.1615 0.8774 0.1542
1 0.7997 0.2297 0.8077 0.2086 0.8309 0.2259 0.8229 0.2470
2 0.1446 0.8811 0.0943 0.9745 0.0548 0.9329 0.1051 0.8395
12 0.7034 0.6854 0.7076 0.5735 0.7386 0.5758 0.7344 0.6877
13 0.9288 0.0441 0.9377 0.0419 0.9387 0.0495 0.9297 0.0517
7 0.5641 0.5281 0.5610 0.5010 0.5985 0.4927 0.6015 0.5198
7 0.5470 0.3067 0.6104 0.3390 0.5779 0.4641 0.5145 0.4318
7 0.9695 0.3502 0.9585 0.3325 0.9831 0.3026 0.9940 0.3203
2 0.9724 0.3163 0.9783 0.3841 0.8945 0.3985 0.8885 0.3307
13 0.1250 0.5377 0.1127 0.5417 0.1110 0.5315 0.1233 0.5275
7 0.0774 0.3852 0.0725 0.3707 0.1098 0.3464 0.1146 0.3609
15 0.9007 0.8420 0.8685 0.8171 0.8856 0.7740 0.9177 0.7989
2 0.1404 0.8060 0.2277 0.8039 0.2281 0.8368 0.1408 0.8389
7 0.9515 0.6178 0.9604 0.6394 0.9194 0.6726 0.9105 0.6510
7 0.2248 0.9294 0.2273 0.9211 0.2458 0.9322 0.2433 0.9405
2 0.1757 0.7337 0.1402 0.6599 0.1868 0.6159 0.2224 0.6897
7 0.2538 0.3871 0.2606 0.3887 0.2576 0.4125 0.2508 0.4109
7 0.7058 0.7638 0.6832 0.8385 0.6471 0.8170 0.6697 0.7423
