0 0.2865 0.5979 0.3175 0.5979 0.3175 0.7329 0.2865 0.7329
0 0.7014 0.2980 0.8320 0.2980 0.8320 0.3692 0.7014 0.3692
0 0.0605 0.4543 0.2926 0.4543 0.2926 0.5809 0.0605 0.5809
0 0.5500 0.5924 0.6343 0.5924 0.6343 0.8244 0.5500 0.8244
1 0.0428 0.7407 0.0446 0.7407 0.0446 0.7561 0.0428 0.7561
1 0.7531 0.2595 0.7717 0.2595 0.7717 0.2969 0.7531 0.2969
1 0.4488 0.7678 0.4627 0.7678 0.4627 0.7714 0.4488 0.7714
1 0.9505 0.7420 0.9935 0.7420 0.9935 0.8504 0.9505 0.8504
2 0.4862 0.4554 0.5018 0.4554 0.5018 0.5098 0.4862 0.5098
2 0.9131 0.3783 0.9983 0.3783 0.9983 0.4281 0.9131 0.4281
2 0.4894 0.0258 0.7518 0.0258 0.7518 0.0902 0.4894 0.0902
2 0.6380 0.6203 0.7435 0.6203 0.7435 0.6709 0.6380 0.6709
3 0.0136 0.1614 0.1141 0.1614 0.1141 0.1854 0.0136 0.1854
3 0.8882 0.4759 0.9118 0.4759 0.9118 0.6437 0.8882 0.6437
3 0.3136 0.4359 0.3289 0.4359 0.3289 0.5529 0.3136 0.5529
3 0.6943 0.0998 0.7086 0.0998 0.7086 0.2066 0.6943 0.2066
4 0.9574 0.3646 0.9615 0.3646 0.9615 0.3750 0.9574 0.3750
4 0.3127 0.2187 0.3293 0.2187 0.3293 0.2329 0.3127 0.2329
4 0.7474 0.6203 0.7643 0.6203 0.7643 0.6301 0.7474 0.6301
4 0.5528 0.2650 0.5726 0.2650 0.5726 0.3098 0.5528 0.3098
6 0.1042 0.1055 0.1255 0.1055 0.1255 0.1125 0.1042 0.1125
6 0.9099 0.0587 1.0001 0.0587 1.0001 0.3129 0.9099 0.3129
6 0.7028 0.4283 0.7218 0.4283 0.7218 0.4345 0.7028 0.4345
6 0.6560 0.6856 0.7689 0.6856 0.7689 0.7652 0.6560 0.7652
7 0.3250 0.8650 0.3444 0.8650 0.3444 0.9222 0.3250 0.9222
7 0.7783 0.6975 0.7857 0.6975 0.7857 0.7349 0.7783 0.7349
7 0.8970 0.7040 0.9030 0.7040 0.9030 0.7204 0.8970 0.7204
7 0.7857 0.7039 0.8214 0.7039 0.8214 0.8189 0.7857 0.8189
9 0.7736 0.0787 0.8561 0.0787 0.8561 0.1573 0.7736 0.1573
9 0.1768 0.0967 0.2029 0.0967 0.2029 0.2493 0.1768 0.2493
9 0.5797 0.1834 0.6160 0.1834 0.6160 0.3606 0.5797 0.3606
9 0.2646 0.2427 0.3872 0.2427 0.3872 0.2901 0.2646 0.2901
12 0.9376 0.5392 0.9413 0.5392 0.9413 0.6748 0.9376 0.6748
12 0.5362 0.3130 0.5566 0.3130 0.5566 0.4566 0.5362 0.4566
12 0.7003 0.4470 0.7232 0.4470 0.7232 0.5606 0.7003 0.5606
12 0.2731 0.0330 0.3009 0.0330 0.3009 0.1706 0.2731 0.1706
13 0.5037 0.8822 0.5121 0.8822 0.5121 0.8990 0.5037 0.8990
13 0.1008 0.9372 0.1104 0.9372 0.1104 0.9452 0.1008 0.9452
13 0.7407 0.4300 0.7450 0.4300 0.7450 0.4444 0.7407 0.4444
13 0.9693 0.6138 0.9744 0.6138 0.9744 0.6466 0.9693 0.6466
15 0.4168 0.5988 0.5067 0.5988 0.5067 0.6752 0.4168 0.6752
15 0.4166 0.1930 0.4537 0.1930 0.4537 0.2358 0.4166 0.2358
15 0.8993 0.8660 0.9441 0.8660 0.9441 0.9304 0.8993 0.9304
15 0.1251 0.2840 0.2183 0.2840 0.2183 0.3804 0.1251 0.3804
