0 0.2765 0.2620 0.3212 0.2620 0.3212 0.3092 0.2765 0.3092
0 0.6928 0.0975 0.8372 0.0975 0.8372 0.6925 0.6928 0.6925
0 0.5137 0.1211 0.6883 0.1211 0.6883 0.6353 0.5137 0.6353
0 0.4059 0.7163 0.5452 0.7163 0.5452 0.9977 0.4059 0.9977
1 0.7697 0.8292 0.7886 0.8292 0.7886 0.8672 0.7697 0.8672
1 0.0088 0.1724 0.0149 0.1724 0.0149 0.2248 0.0088 0.2248
1 0.0800 0.9207 0.0974 0.9207 0.0974 0.9357 0.0800 0.9357
1 0.0454 0.6016 0.0469 0.6016 0.0469 0.6284 0.0454 0.6284
2 0.3291 0.2227 0.4886 0.2227 0.4886 0.6101 0.3291 0.6101
2 0.1870 0.9431 0.2332 0.9431 0.2332 0.9749 0.1870 0.9749
2 0.1683 0.4722 0.1760 0.4722 0.1760 0.5758 0.1683 0.5758
2 0.5566 0.8263 0.7172 0.8263 0.7172 0.9333 0.5566 0.9333
3 0.1059 0.8182 0.1146 0.8182 0.1146 0.8798 0.1059 0.8798
3 0.8277 0.7642 0.8774 0.7642 0.8774 0.7774 0.8277 0.7774
3 0.8694 0.3946 0.9643 0.3946 0.9643 0.4198 0.8694 0.4198
3 0.8522 0.2559 0.8581 0.2559 0.8581 0.2977 0.8522 0.2977
4 0.8019 0.8636 0.8324 0.8636 0.8324 0.8800 0.8019 0.8800
4 0.0027 0.5803 0.0181 0.5803 0.0181 0.5933 0.0027 0.5933
4 0.8963 0.4270 0.9052 0.4270 0.9052 0.4606 0.8963 0.4606
4 0.1442 0.3083 0.1643 0.3083 0.1643 0.3133 0.1442 0.3133
6 0.1104 0.0379 0.1696 0.0379 0.1696 0.2045 0.1104 0.2045
6 0.1883 0.6771 0.2603 0.6771 0.2603 0.8801 0.1883 0.8801
6 0.0725 0.2456 0.1269 0.2456 0.1269 0.3220 0.0725 0.3220
6 0.8808 0.1538 0.9615 0.1538 0.9615 0.2674 0.8808 0.2674
7 0.0322 0.9595 0.0412 0.9595 0.0412 0.9793 0.0322 0.9793
7 0.3405 0.6959 0.3666 0.6959 0.3666 0.7617 0.3405 0.7617
7 0.9350 0.3315 0.9418 0.3315 0.9418 0.3501 0.9350 0.3501
7 0.0668 0.7306 0.0826 0.7306 0.0826 0.7418 0.0668 0.7418
9 0.9191 0.5527 0.9620 0.5527 0.9620 0.6941 0.9191 0.6941
9 0.3888 0.0211 0.4963 0.0211 0.4963 0.0565 0.3888 0.0565
9 0.2017 0.5072 0.3135 0.5072 0.3135 0.5712 0.2017 0.5712
9 0.0765 0.4326 0.1475 0.4326 0.1475 0.6618 0.0765 0.6618
12 0.7213 0.7091 0.7581 0.7091 0.7581 0.8965 0.7213 0.8965
12 0.9720 0.0251 0.9946 0.0251 0.9946 0.2869 0.9720 0.2869
12 0.4105 0.0566 0.4652 0.0566 0.4652 0.1082 0.4105 0.1082
13 0.2651 0.1803 0.2832 0.1803 0.2832 0.1957 0.2651 0.1957
13 0.8088 0.9578 0.8429 0.9578 0.8429 0.9886 0.8088 0.9886
13 0.1226 0.8111 0.1397 0.8111 0.1397 0.8269 0.1226 0.8269
13 0.0005 0.6447 0.0375 0.6447 0.0375 0.6821 0.0005 0.6821
15 0.3002 0.9339 0.3664 0.9339 0.3664 0.9885 0.3002 0.9885
15 0.0862 0.6986 0.1038 0.6986 0.1038 0.7322 0.0862 0.7322
15 0.5887 0.0150 0.6584 0.0150 0.6584 0.0818 0.5887 0.0818
15 0.0046 0.7892 0.0529 0.7892 0.0529 0.8540 0.0046 0.8540
