0 0.4154 0.7415 0.4843 0.7415 0.4843 0.8437 0.4154 0.8437
0 0.2547 0.0383 0.3244 0.0383 0.3244 0.1417 0.2547 0.1417
0 0.1827 0.7635 0.2478 0.7635 0.2478 0.8601 0.1827 0.8601
0 0.6717 0.6355 0.9289 0.6355 0.9289 0.8873 0.6717 0.8873
1 0.0631 0.0731 0.0658 0.0731 0.0658 0.0973 0.0631 0.0973
1 0.8803 0.0084 0.8903 0.0084 0.8903 0.0448 0.8803 0.0448
1 0.0482 0.0483 0.0563 0.0483 0.0563 0.0749 0.0482 0.0749
1 0.0419 0.5203 0.0601 0.5203 0.0601 0.5593 0.0419 0.5593
2 0.1640 0.5511 0.2655 0.5511 0.2655 0.5893 0.1640 0.5893
2 0.6445 0.3120 0.9972 0.3120 0.9972 0.5420 0.6445 0.5420
2 0.4834 0.6807 0.5600 0.6807 0.5600 0.7209 0.4834 0.7209
2 0.7493 0.5562 0.7781 0.5562 0.7781 0.5814 0.7493 0.5814
3 0.4248 0.3375 0.4387 0.3375 0.4387 0.4357 0.4248 0.4357
3 0.1239 0.0476 0.2175 0.0476 0.2175 0.0696 0.1239 0.0696
3 0.4533 0.0583 0.5355 0.0583 0.5355 0.0801 0.4533 0.0801
3 0.4930 0.4992 0.5658 0.4992 0.5658 0.5184 0.4930 0.5184
4 0.4120 0.6231 0.4232 0.6231 0.4232 0.6305 0.4120 0.6305
4 0.8954 0.5783 0.9103 0.5783 0.9103 0.5885 0.8954 0.5885
4 0.0568 0.4822 0.0704 0.4822 0.0704 0.4938 0.0568 0.4938
4 0.3171 0.8407 0.3355 0.8407 0.3355 0.8469 0.3171 0.8469
6 0.1799 0.1599 0.2112 0.1599 0.2112 0.1701 0.1799 0.1701
6 0.2288 0.0988 0.2477 0.0988 0.2477 0.1256 0.2288 0.1256
6 0.2730 0.1535 0.3327 0.1535 0.3327 0.3217 0.2730 0.3217
6 0.7931 0.2102 0.8815 0.2102 0.8815 0.2518 0.7931 0.2518
7 0.7482 0.0264 0.7921 0.0264 0.7921 0.1672 0.7482 0.1672
7 0.3970 0.0339 0.4187 0.0339 0.4187 0.0421 0.3970 0.0421
7 0.5336 0.2819 0.5544 0.2819 0.5544 0.2949 0.5336 0.2949
7 0.5762 0.4516 0.5864 0.4516 0.5864 0.4924 0.5762 0.4924
9 0.5988 0.6032 0.6669 0.6032 0.6669 0.8276 0.5988 0.8276
9 0.5213 0.0859 0.7210 0.0859 0.7210 0.2069 0.5213 0.2069
9 0.3854 0.2338 0.4072 0.2338 0.4072 0.3614 0.3854 0.3614
9 0.5788 0.2676 0.6206 0.2676 0.6206 0.3868 0.5788 0.3868
12 0.1657 0.8735 0.1863 0.8735 0.1863 0.9785 0.1657 0.9785
12 0.4693 0.4422 0.4764 0.4422 0.4764 0.7074 0.4693 0.7074
12 0.8233 0.2606 1.0001 0.2606 1.0001 0.2914 0.8233 0.2914
12 0.6053 0.9438 0.6587 0.9438 0.6587 0.9750 0.6053 0.9750
13 0.5125 0.3366 0.5409 0.3366 0.5409 0.3606 0.5125 0.3606
13 0.0563 0.9568 0.0697 0.9568 0.0697 0.9680 0.0563 0.9680
13 0.0281 0.3236 0.0496 0.3236 0.0496 0.3676 0.0281 0.3676
13 0.0790 0.3143 0.0858 0.3143 0.0858 0.5889 0.0790 0.5889
15 0.4468 0.2652 0.5310 0.2652 0.5310 0.3348 0.4468 0.3348
15 0.8522 0.0947 0.9661 0.0947 0.9661 0.1917 0.8522 0.1917
15 0.4737 0.1907 0.4989 0.1907 0.4989 0.2269 0.4737 0.2269
15 0.3460 0.4951 0.4043 0.4951 0.4043 0.5525 0.3460 0.5525
