0 0.0539 0.4503 0.1389 0.4503 0.1389 0.5401 0.0539 0.5401
0 0.4042 0.1727 0.7278 0.1727 0.7278 0.3769 0.4042 0.3769
0 0.1088 0.7610 0.4064 0.7610 0.4064 0.8346 0.1088 0.8346
0 0.6322 0.5296 0.7224 0.5296 0.7224 0.7952 0.6322 0.7952
1 0.7325 0.7439 0.7350 0.7439 0.7350 0.7921 0.7325 0.7921
1 0.8391 0.7166 0.8581 0.7166 0.8581 0.7646 0.8391 0.7646
1 0.0634 0.8031 0.0734 0.8031 0.0734 0.8397 0.0634 0.8397
1 0.5474 0.3776 0.5489 0.3776 0.5489 0.4080 0.5474 0.4080
2 0.6169 0.8956 0.6771 0.8956 0.6771 0.9392 0.6169 0.9392
2 0.1527 0.2483 0.1761 0.2483 0.1761 0.2569 0.1527 0.2569
2 0.3576 0.5043 0.3730 0.5043 0.3730 0.5389 0.3576 0.5389
2 0.5843 0.6991 0.6032 0.6991 0.6032 0.9233 0.5843 0.9233
3 0.0016 0.1988 0.0224 0.1988 0.0224 0.2796 0.0016 0.2796
3 0.8968 0.6979 0.9132 0.6979 0.9132 0.8209 0.8968 0.8209
3 0.9379 0.3907 0.9432 0.3907 0.9432 0.4769 0.9379 0.4769
3 0.6065 0.4944 0.6172 0.4944 0.6172 0.5748 0.6065 0.5748
4 0.8016 0.0779 0.8158 0.0779 0.8158 0.0857 0.8016 0.0857
4 0.9811 0.1471 0.9901 0.1471 0.9901 0.1617 0.9811 0.1617
4 0.2210 0.3447 0.2267 0.3447 0.2267 0.3661 0.2210 0.3661
4 0.5719 0.9379 0.5898 0.9379 0.5898 0.9477 0.5719 0.9477
6 0.8153 0.1519 0.8650 0.1519 0.8650 0.1753 0.8153 0.1753
6 0.1222 0.0371 0.1898 0.0371 0.1898 0.0689 0.1222 0.0689
6 0.2287 0.4583 0.2538 0.4583 0.2538 0.4941 0.2287 0.4941
6 0.7405 0.9404 0.8206 0.9404 0.8206 0.9780 0.7405 0.9780
7 0.5404 0.8664 0.5573 0.8664 0.5573 0.9196 0.5404 0.9196
7 0.8862 0.3588 0.8946 0.3588 0.8946 0.3952 0.8862 0.3952
7 0.7553 0.3635 0.7707 0.3635 0.7707 0.4201 0.7553 0.4201
7 0.8328 0.8067 0.8757 0.8067 0.8757 0.9373 0.8328 0.9373
9 0.1968 0.1411 0.3912 0.1411 0.3912 0.2049 0.1968 0.2049
9 0.0571 0.8692 0.1034 0.8692 0.1034 0.9132 0.0571 0.9132
9 0.7985 0.2799 0.8738 0.2799 0.8738 0.5281 0.7985 0.5281
9 0.2014 0.5286 0.2600 0.5286 0.2600 0.7218 0.2014 0.7218
12 0.2820 0.2880 0.3109 0.2880 0.3109 0.4064 0.2820 0.4064
12 0.2565 0.0839 0.3066 0.0839 0.3066 0.1061 0.2565 0.1061
12 0.4245 0.7024 0.4535 0.7024 0.4535 0.9812 0.4245 0.9812
12 0.3559 0.5707 0.4609 0.5707 0.4609 0.6125 0.3559 0.6125
13 0.1726 0.3918 0.1797 0.3918 0.1797 0.4034 0.1726 0.4034
13 0.8647 0.1162 0.9298 0.1162 0.9298 0.1750 0.8647 0.1750
13 0.3614 0.3143 0.3678 0.3143 0.3678 0.3185 0.3614 0.3185
13 0.7479 0.1739 0.7538 0.1739 0.7538 0.2141 0.7479 0.2141
15 0.9263 0.3227 0.9612 0.3227 0.9612 0.3885 0.9263 0.3885
15 0.4642 0.0504 0.5504 0.0504 0.5504 0.1216 0.4642 0.1216
15 0.2729 0.6736 0.3074 0.6736 0.3074 0.7224 0.2729 0.7224
15 0.9762 0.7807 0.9981 0.7807 0.9981 0.8125 0.9762 0.8125
