0 0.2113 0.1811 0.4521 0.1811 0.4521 0.4169 0.2113 0.4169
0 0.5096 0.0607 0.6624 0.0607 0.6624 0.6901 0.5096 0.6901
0 0.7776 0.3566 0.8915 0.3566 0.8915 0.6922 0.7776 0.6922
0 0.0657 0.5335 0.1843 0.5335 0.1843 0.9557 0.0657 0.9557
1 0.7371 0.1607 0.7809 0.1607 0.7809 0.2713 0.7371 0.2713
1 0.0394 0.7171 0.0443 0.7171 0.0443 0.7353 0.0394 0.7353
1 0.2314 0.6798 0.2503 0.6798 0.2503 0.7178 0.2314 0.7178
1 0.4374 0.9295 0.4595 0.9295 0.4595 0.9853 0.4374 0.9853
2 0.6383 0.8911 0.7146 0.8911 0.7146 0.9357 0.6383 0.9357
2 0.2519 0.0083 0.3612 0.0083 0.3612 0.0989 0.2519 0.0989
2 0.7236 0.7714 0.7421 0.7714 0.7421 0.8358 0.7236 0.8358
2 0.0151 0.6330 0.0309 0.6330 0.0309 0.6654 0.0151 0.6654
3 0.7700 0.3158 0.7772 0.3158 0.7772 0.3694 0.7700 0.3694
3 0.1939 0.5247 0.3058 0.5247 0.3058 0.5513 0.1939 0.5513
3 0.3922 0.0926 0.4146 0.0926 0.4146 0.1798 0.3922 0.1798
3 0.9173 0.7067 0.9687 0.7067 0.9687 0.7225 0.9173 0.7225
4 0.7262 0.6632 0.7344 0.6632 0.7344 0.7416 0.7262 0.7416
4 0.3008 0.9582 0.3081 0.9582 0.3081 0.9842 0.3008 0.9842
4 0.2022 0.5667 0.2224 0.5667 0.2224 0.5945 0.2022 0.5945
4 0.3713 0.6451 0.4835 0.6451 0.4835 0.6781 0.3713 0.6781
6 0.2556 0.4860 0.2784 0.4860 0.2784 0.5184 0.2556 0.5184
6 0.3279 0.1559 0.3666 0.1559 0.3666 0.1685 0.3279 0.1685
6 0.2691 0.0990 0.2817 0.0990 0.2817 0.1170 0.2691 0.1170
6 0.8377 0.8039 0.8615 0.8039 0.8615 0.8377 0.8377 0.8377
7 0.3896 0.7187 0.4221 0.7187 0.4221 0.7453 0.3896 0.7453
7 0.6808 0.2734 0.6904 0.2734 0.6904 0.3330 0.6808 0.3330
7 0.2033 0.7876 0.2804 0.7876 0.2804 0.8100 0.2033 0.8100
7 0.1548 0.0882 0.1735 0.0882 0.1735 0.2430 0.1548 0.2430
9 0.8739 0.1223 0.9995 0.1223 0.9995 0.1633 0.8739 0.1633
9 0.3868 0.4311 0.5092 0.4311 0.5092 0.4713 0.3868 0.4713
9 0.9296 0.1958 0.9595 0.1958 0.9595 0.3706 0.9296 0.3706
12 0.7433 0.8235 0.8307 0.8235 0.8307 0.8709 0.7433 0.8709
12 0.1544 0.2583 0.1750 0.2583 0.1750 0.4793 0.1544 0.4793
12 0.0027 0.1092 0.0364 0.1092 0.0364 0.3764 0.0027 0.3764
13 0.8122 0.8871 0.8195 0.8871 0.8195 0.9017 0.8122 0.9017
13 0.3405 0.9648 0.3464 0.9648 0.3464 0.9724 0.3405 0.9724
13 0.4765 0.4776 0.4792 0.4776 0.4792 0.6220 0.4765 0.6220
13 0.8667 0.8707 0.9395 0.8707 0.9395 0.9113 0.8667 0.9113
15 0.4890 0.8803 0.5684 0.8803 0.5684 0.9637 0.4890 0.9637
15 0.5359 0.6951 0.5989 0.6951 0.5989 0.7705 0.5359 0.7705
15 0.6099 0.7563 0.7107 0.7563 0.7107 0.8669 0.6099 0.8669
15 0.8748 0.0100 0.9546 0.0100 0.9546 0.0960 0.8748 0.0960
