0 0.2422 0.7758 0.2984 0.7758 0.2984 0.8894 0.2422 0.8894
0 0.8407 0.8812 0.8793 0.8812 0.8793 0.9120 0.8407 0.9120
0 0.4339 0.2414 0.5178 0.2414 0.5178 0.3846 0.4339 0.3846
0 0.0185 0.2486 0.1149 0.2486 0.1149 0.6458 0.0185 0.6458
1 0.2563 0.2571 0.2606 0.2571 0.2606 0.2729 0.2563 0.2729
1 0.0887 0.7152 0.1195 0.7152 0.1195 0.7292 0.0887 0.7292
1 0.0817 0.1050 0.0863 0.1050 0.0863 0.1546 0.0817 0.1546
1 0.3537 0.0055 0.3666 0.0055 0.3666 0.1433 0.3537 0.1433
2 0.4648 0.6290 0.5383 0.6290 0.5383 0.7358 0.4648 0.7358
2 0.7199 0.4868 0.7893 0.4868 0.7893 0.6152 0.7199 0.6152
2 0.1533 0.4908 0.2129 0.4908 0.2129 0.5344 0.1533 0.5344
2 0.1291 0.9447 0.1349 0.9447 0.1349 0.9777 0.1291 0.9777
3 0.1859 0.8627 0.1984 0.8627 0.1984 0.9589 0.1859 0.9589
3 0.4314 0.7566 0.5112 0.7566 0.5112 0.7754 0.4314 0.7754
3 0.3422 0.5487 0.3547 0.5487 0.3547 0.6369 0.3422 0.6369
3 0.5717 0.5239 0.6472 0.5239 0.6472 0.5417 0.5717 0.5417
4 0.6525 0.0695 0.6635 0.0695 0.6635 0.0905 0.6525 0.0905
4 0.5693 0.3832 0.5815 0.3832 0.5815 0.4116 0.5693 0.4116
4 0.7525 0.2232 0.7601 0.2232 0.7601 0.2476 0.7525 0.2476
4 0.2947 0.2910 0.3178 0.2910 0.3178 0.3246 0.2947 0.3246
6 0.2665 0.6799 0.3144 0.6799 0.3144 0.7025 0.2665 0.7025
6 0.3213 0.4356 0.4073 0.4356 0.4073 0.4760 0.3213 0.4760
6 0.3374 0.3884 0.3795 0.3884 0.3795 0.4280 0.3374 0.4280
6 0.4819 0.1274 0.5421 0.1274 0.5421 0.2122 0.4819 0.2122
7 0.4456 0.0027 0.4933 0.0027 0.4933 0.0357 0.4456 0.0357
7 0.3551 0.6276 0.3627 0.6276 0.3627 0.6496 0.3551 0.6496
7 0.9719 0.5572 0.9807 0.5572 0.9807 0.5808 0.9719 0.5808
7 0.6736 0.9435 0.6836 0.9435 0.6836 0.9789 0.6736 0.9789
9 0.8648 0.4663 0.9669 0.4663 0.9669 0.7957 0.8648 0.7957
9 0.1382 0.2667 0.1618 0.2667 0.1618 0.3829 0.1382 0.3829
9 0.0825 0.8087 0.1800 0.8087 0.1800 0.8465 0.0825 0.8465
9 0.5356 0.2451 0.5704 0.2451 0.5704 0.3597 0.5356 0.3597
12 0.3411 0.7155 0.4186 0.7155 0.4186 0.7465 0.3411 0.7465
12 0.0037 0.1643 0.0432 0.1643 0.0432 0.1989 0.0037 0.1989
12 0.5113 0.7390 0.5450 0.7390 0.5450 0.9106 0.5113 0.9106
12 0.6659 0.0564 0.6727 0.0564 0.6727 0.3092 0.6659 0.3092
13 0.2262 0.4694 0.2678 0.4694 0.2678 0.5114 0.2262 0.5114
13 0.3183 0.1511 0.3223 0.1511 0.3223 0.1649 0.3183 0.1649
13 0.6540 0.6328 0.6823 0.6328 0.6823 0.6548 0.6540 0.6548
13 0.3825 0.0079 0.3929 0.0079 0.3929 0.0165 0.3825 0.0165
15 0.1956 0.3220 0.2104 0.3220 0.2104 0.3804 0.1956 0.3804
15 0.9045 0.2332 0.9687 0.2332 0.9687 0.3280 0.9045 0.3280
15 0.9697 0.8863 0.9963 0.8863 0.9963 0.9369 0.9697 0.9369
15 0.2102 0.1043 0.2958 0.1043 0.2958 0.1749 0.2102 0.1749
