0 0.4600 0.3247 0.5886 0.3247 0.5886 0.3949 0.4600 0.3949
0 0.8191 0.4007 0.8658 0.4007 0.8658 0.4501 0.8191 0.4501
0 0.6879 0.1588 0.7084 0.1588 0.7084 0.4312 0.6879 0.4312
0 0.8319 0.7739 0.9229 0.7739 0.9229 0.8701 0.8319 0.8701
1 0.3908 0.6950 0.4000 0.6950 0.4000 0.7930 0.3908 0.7930
1 0.6268 0.3323 0.6303 0.3323 0.6303 0.3601 0.6268 0.3601
1 0.2099 0.3199 0.2247 0.3199 0.2247 0.3497 0.2099 0.3497
1 0.6922 0.6487 0.7092 0.6487 0.7092 0.6853 0.6922 0.6853
2 0.2179 0.3942 0.2323 0.3942 0.2323 0.5858 0.2179 0.5858
2 0.0505 0.1548 0.1850 0.1548 0.1850 0.2352 0.0505 0.2352
2 0.8671 0.0554 0.9329 0.0554 0.9329 0.1458 0.8671 0.1458
2 0.7476 0.6352 0.8070 0.6352 0.8070 0.6844 0.7476 0.6844
3 0.4111 0.5027 0.4809 0.5027 0.4809 0.5197 0.4111 0.5197
3 0.7036 0.8275 0.7579 0.8275 0.7579 0.8409 0.7036 0.8409
3 0.9348 0.7947 0.9478 0.7947 0.9478 0.8865 0.9348 0.8865
3 0.5194 0.7780 0.5646 0.7780 0.5646 0.7956 0.5194 0.7956
4 0.4610 0.5831 0.4681 0.5831 0.4681 0.5925 0.4610 0.5925
4 0.9725 0.6267 0.9927 0.6267 0.9927 0.6737 0.9725 0.6737
4 0.8199 0.7347 0.8235 0.7347 0.8235 0.7437 0.8199 0.7437
4 0.1682 0.5360 0.1855 0.5360 0.1855 0.5476 0.1682 0.5476
6 0.7390 0.7016 0.7638 0.7016 0.7638 0.7368 0.7390 0.7368
6 0.5208 0.4283 0.5838 0.4283 0.5838 0.6057 0.5208 0.6057
6 0.0228 0.2691 0.0412 0.2691 0.0412 0.2953 0.0228 0.2953
6 0.3483 0.5687 0.3826 0.5687 0.3826 0.5849 0.3483 0.5849
7 0.8324 0.2203 0.8379 0.2203 0.8379 0.2717 0.8324 0.2717
7 0.1103 0.3227 0.1246 0.3227 0.1246 0.3661 0.1103 0.3661
7 0.7185 0.9342 0.7307 0.9342 0.7307 0.9802 0.7185 0.9802
7 0.1179 0.0439 0.1227 0.0439 0.1227 0.0573 0.1179 0.0573
9 0.2596 0.2015 0.4384 0.2015 0.4384 0.2593 0.2596 0.2593
9 0.4425 0.7651 0.4907 0.7651 0.4907 0.9333 0.4425 0.9333
9 0.0313 0.7163 0.1001 0.7163 0.1001 0.9125 0.0313 0.9125
9 0.3100 0.8492 0.3660 0.8492 0.3660 0.8812 0.3100 0.8812
12 0.0140 0.3767 0.0983 0.3767 0.0983 0.4261 0.0140 0.4261
12 0.1963 0.1584 0.2326 0.1584 0.2326 0.1888 0.1963 0.1888
12 0.6388 0.0166 0.6718 0.0166 0.6718 0.3346 0.6388 0.3346
12 0.9114 0.3976 0.9674 0.3976 0.9674 0.4504 0.9114 0.4504
13 0.8720 0.1927 0.8966 0.1927 0.8966 0.2077 0.8720 0.2077
13 0.7256 0.4315 0.7790 0.4315 0.7790 0.4797 0.7256 0.4797
13 0.9725 0.5298 0.9958 0.5298 0.9958 0.5466 0.9725 0.5466
13 0.9226 0.5494 0.9483 0.5494 0.9483 0.5654 0.9226 0.5654
15 0.0773 0.5728 0.1175 0.5728 0.1175 0.6144 0.0773 0.6144
15 0.5799 0.7188 0.6401 0.7188 0.6401 0.8076 0.5799 0.8076
15 0.1631 0.4283 0.1841 0.4283 0.1841 0.4585 0.1631 0.4585
15 0.1379 0.7812 0.2155 0.7812 0.2155 0.8576 0.1379 0.8576
