0 0.6279 0.5080 0.6641 0.5080 0.6641 0.7880 0.6279 0.7880
0 0.5059 0.0215 0.5284 0.0215 0.5284 0.3205 0.5059 0.3205
0 0.8345 0.4102 0.8592 0.4102 0.8592 0.7398 0.8345 0.7398
0 0.3617 0.6630 0.5280 0.6630 0.5280 0.8258 0.3617 0.8258
1 0.1776 0.1902 0.1833 0.1902 0.1833 0.2518 0.1776 0.2518
1 0.9279 0.9724 0.9495 0.9724 0.9495 0.9840 0.9279 0.9840
1 0.6813 0.8943 0.6932 0.8943 0.6932 0.8993 0.6813 0.8993
1 0.5887 0.2051 0.5941 0.2051 0.5941 0.2625 0.5887 0.2625
2 0.2896 0.1787 0.3175 0.1787 0.3175 0.2413 0.2896 0.2413
2 0.0074 0.3972 0.0997 0.3972 0.0997 0.4736 0.0074 0.4736
2 0.4562 0.1860 0.4607 0.1860 0.4607 0.2116 0.4562 0.2116
2 0.4391 0.0150 0.4575 0.0150 0.4575 0.0218 0.4391 0.0218
3 0.7580 0.6679 0.7732 0.6679 0.7732 0.7753 0.7580 0.7753
3 0.6876 0.5614 0.7981 0.5614 0.7981 0.5954 0.6876 0.5954
3 0.9328 0.4747 0.9792 0.4747 0.9792 0.4929 0.9328 0.4929
3 0.8077 0.9590 0.8935 0.9590 0.8935 0.9854 0.8077 0.9854
4 0.3497 0.4368 0.3680 0.4368 0.3680 0.4464 0.3497 0.4464
4 0.1528 0.5806 0.1801 0.5806 0.1801 0.5958 0.1528 0.5958
4 0.6840 0.2280 0.7034 0.2280 0.7034 0.4072 0.6840 0.4072
4 0.8525 0.3262 0.8686 0.3262 0.8686 0.3330 0.8525 0.3330
6 0.8811 0.4183 0.9023 0.4183 0.9023 0.4485 0.8811 0.4485
6 0.1840 0.4815 0.2666 0.4815 0.2666 0.5977 0.1840 0.5977
6 0.1428 0.6138 0.1589 0.6138 0.1589 0.6366 0.1428 0.6366
6 0.1343 0.7779 0.1657 0.7779 0.1657 0.8221 0.1343 0.8221
7 0.0636 0.9004 0.0824 0.9004 0.0824 0.9788 0.0636 0.9788
7 0.0916 0.6335 0.1184 0.6335 0.1184 0.7437 0.0916 0.7437
7 0.8831 0.3087 0.9097 0.3087 0.9097 0.4085 0.8831 0.4085
7 0.3325 0.2940 0.3440 0.2940 0.3440 0.3240 0.3325 0.3240
9 0.4071 0.0695 0.4292 0.0695 0.4292 0.1785 0.4071 0.1785
9 0.2511 0.7355 0.3247 0.7355 0.3247 0.9781 0.2511 0.9781
9 0.0290 0.0922 0.0773 0.0922 0.0773 0.1382 0.0290 0.1382
9 0.9203 0.7234 0.9586 0.7234 0.9586 0.9210 0.9203 0.9210
12 0.1502 0.1515 0.1684 0.1515 0.1684 0.2417 0.1502 0.2417
12 0.7130 0.1347 0.8816 0.1347 0.8816 0.1641 0.7130 0.1641
12 0.8685 0.7134 0.8943 0.7134 0.8943 0.8450 0.8685 0.8450
12 0.1113 0.0527 0.1484 0.0527 0.1484 0.4513 0.1113 0.4513
13 0.6764 0.5671 0.6861 0.5671 0.6861 0.5761 0.6764 0.5761
13 0.1688 0.0191 0.1715 0.0191 0.1715 0.2145 0.1688 0.2145
13 0.8759 0.3987 0.8809 0.3987 0.8809 0.5993 0.8759 0.5993
13 0.3825 0.0139 0.3886 0.0139 0.3886 0.0313 0.3825 0.0313
15 0.7303 0.2636 0.7614 0.2636 0.7614 0.3096 0.7303 0.3096
15 0.9600 0.1352 0.9926 0.1352 0.9926 0.1812 0.9600 0.1812
15 0.2129 0.6026 0.3074 0.6026 0.3074 0.6958 0.2129 0.6958
15 0.1034 0.7966 0.1261 0.7966 0.1261 0.8402 0.1034 0.8402
