0 0.3365 0.0638 0.7295 0.0638 0.7295 0.1610 0.3365 0.1610
0 0.8208 0.0867 0.9946 0.0867 0.9946 0.6661 0.8208 0.6661
0 0.4677 0.4858 0.6343 0.4858 0.6343 0.9446 0.4677 0.9446
0 0.1977 0.8078 0.2314 0.8078 0.2314 0.9550 0.1977 0.9550
1 0.0182 0.3502 0.0204 0.3502 0.0204 0.3674 0.0182 0.3674
1 0.5034 0.2850 0.5134 0.2850 0.5134 0.3930 0.5034 0.3930
1 0.5193 0.2071 0.5361 0.2071 0.5361 0.2409 0.5193 0.2409
1 0.2090 0.5971 0.2210 0.5971 0.2210 0.6365 0.2090 0.6365
2 0.5599 0.2243 0.6855 0.2243 0.6855 0.3265 0.5599 0.3265
2 0.3376 0.5763 0.4676 0.5763 0.4676 0.6821 0.3376 0.6821
2 0.1891 0.5471 0.2138 0.5471 0.2138 0.5593 0.1891 0.5593
2 0.0996 0.3248 0.1736 0.3248 0.1736 0.4288 0.0996 0.4288
3 0.9125 0.7410 0.9252 0.7410 0.9252 0.8314 0.9125 0.8314
3 0.6768 0.6351 0.7063 0.6351 0.7063 0.6453 0.6768 0.6453
3 0.0362 0.5994 0.0455 0.5994 0.0455 0.6650 0.0362 0.6650
3 0.0745 0.0092 0.0941 0.0092 0.0941 0.1560 0.0745 0.1560
4 0.1965 0.0903 0.2060 0.0903 0.2060 0.0969 0.1965 0.0969
4 0.2696 0.5664 0.2770 0.5664 0.2770 0.5716 0.2696 0.5716
4 0.8928 0.0276 0.9186 0.0276 0.9186 0.0468 0.8928 0.0468
4 0.7357 0.7287 0.7429 0.7287 0.7429 0.7425 0.7357 0.7425
6 0.2026 0.3992 0.3677 0.3992 0.3677 0.5156 0.2026 0.5156
6 0.6466 0.7962 0.6852 0.7962 0.6852 0.8326 0.6466 0.8326
6 0.1599 0.3014 0.2004 0.3014 0.2004 0.3146 0.1599 0.3146
6 0.7028 0.3576 0.7423 0.3576 0.7423 0.3704 0.7028 0.3704
7 0.8431 0.7644 0.8474 0.7644 0.8474 0.7972 0.8431 0.7972
7 0.7717 0.5278 0.8032 0.5278 0.8032 0.6602 0.7717 0.6602
7 0.4836 0.4487 0.4866 0.4487 0.4866 0.4717 0.4836 0.4717
7 0.2828 0.2824 0.3089 0.2824 0.3089 0.3640 0.2828 0.3640
9 0.8367 0.8536 0.8758 0.8536 0.8758 0.9900 0.8367 0.9900
9 0.3962 0.3575 0.4166 0.3575 0.4166 0.4289 0.3962 0.4289
9 0.6211 0.4204 0.8172 0.4204 0.8172 0.4848 0.6211 0.4848
9 0.1763 0.6578 0.2126 0.6578 0.2126 0.7778 0.1763 0.7778
12 0.3745 0.7571 0.4050 0.7571 0.4050 0.9989 0.3745 0.9989
12 0.5360 0.4327 0.5709 0.4327 0.5709 0.4657 0.5360 0.4657
12 0.2409 0.1774 0.3363 0.1774 0.3363 0.2294 0.2409 0.2294
12 0.8026 0.7015 0.8860 0.7015 0.8860 0.7333 0.8026 0.7333
13 0.0288 0.2479 0.0355 0.2479 0.0355 0.2733 0.0288 0.2733
13 0.3224 0.5416 0.3287 0.5416 0.3287 0.5644 0.3224 0.5644
13 0.0523 0.1846 0.1472 0.1846 0.1472 0.1918 0.0523 0.1918
13 0.0022 0.6299 0.0238 0.6299 0.0238 0.6741 0.0022 0.6741
15 0.2677 0.8023 0.3583 0.8023 0.3583 0.9085 0.2677 0.9085
15 0.3728 0.1643 0.4560 0.1643 0.4560 0.3165 0.3728 0.3165
15 0.0985 0.2476 0.1464 0.2476 0.1464 0.3140 0.0985 0.3140
15 0.6585 0.8375 0.6880 0.8375 0.6880 0.8937 0.6585 0.8937
