0 0.0496 0.4331 0.2215 0.4331 0.2215 0.8713 0.0496 0.8713
0 0.9587 0.4147 0.9913 0.4147 0.9913 0.8473 0.9587 0.8473
0 0.8345 0.9066 0.8855 0.9066 0.8855 0.9606 0.8345 0.9606
0 0.3780 0.1095 0.6080 0.1095 0.6080 0.5117 0.3780 0.5117
1 0.4725 0.9903 0.4963 0.9903 0.4963 0.9949 0.4725 0.9949
1 0.1314 0.1151 0.1492 0.1151 0.1492 0.1197 0.1314 0.1197
1 0.2214 0.3660 0.2257 0.3660 0.2257 0.4004 0.2214 0.4004
1 0.2651 0.3906 0.2709 0.3906 0.2709 0.4402 0.2651 0.4402
2 0.7545 0.1791 0.8144 0.1791 0.8144 0.1869 0.7545 0.1869
2 0.6331 0.0312 0.7269 0.0312 0.7269 0.3348 0.6331 0.3348
2 0.4583 0.6574 0.4743 0.6574 0.4743 0.8706 0.4583 0.8706
2 0.7285 0.8744 0.7610 0.8744 0.7610 0.8864 0.7285 0.8864
3 0.3319 0.7904 0.3472 0.7904 0.3472 0.8988 0.3319 0.8988
3 0.5296 0.5216 0.6104 0.5216 0.6104 0.5532 0.5296 0.5532
3 0.2813 0.4919 0.3024 0.4919 0.3024 0.5741 0.2813 0.5741
3 0.7439 0.0988 0.7519 0.0988 0.7519 0.1556 0.7439 0.1556
4 0.7356 0.7655 0.7452 0.7655 0.7452 0.8713 0.7356 0.8713
4 0.0784 0.1166 0.0876 0.1166 0.0876 0.1398 0.0784 0.1398
4 0.6920 0.5656 0.7609 0.5656 0.7609 0.5880 0.6920 0.5880
4 0.1262 0.1312 0.1435 0.1312 0.1435 0.1412 0.1262 0.1412
6 0.5231 0.5632 0.6006 0.5632 0.6006 0.5996 0.5231 0.5996
6 0.0877 0.9275 0.1080 0.9275 0.1080 0.9341 0.0877 0.9341
6 0.2379 0.0636 0.2752 0.0636 0.2752 0.0756 0.2379 0.0756
6 0.3814 0.6091 0.4569 0.6091 0.4569 0.7153 0.3814 0.7153
7 0.7588 0.4179 0.8060 0.4179 0.8060 0.5377 0.7588 0.5377
7 0.1190 0.8871 0.1530 0.8871 0.1530 0.8949 0.1190 0.8949
7 0.7126 0.6443 0.7200 0.6443 0.7200 0.6629 0.7126 0.6629
7 0.8028 0.7159 0.8332 0.7159 0.8332 0.7301 0.8028 0.7301
9 0.2533 0.5627 0.2801 0.5627 0.2801 0.6953 0.2533 0.6953
9 0.5919 0.7607 0.7335 0.7607 0.7335 0.8073 0.5919 0.8073
9 0.0479 0.2146 0.0824 0.2146 0.0824 0.4162 0.0479 0.4162
9 0.2824 0.9774 0.3419 0.9774 0.3419 0.9970 0.2824 0.9970
12 0.1576 0.8852 0.2415 0.8852 0.2415 0.9080 0.1576 0.9080
12 0.6931 0.8280 0.7175 0.8280 0.7175 0.9996 0.6931 0.9996
12 0.1623 0.0908 0.1937 0.0908 0.1937 0.2512 0.1623 0.2512
12 0.7445 0.2462 0.8118 0.2462 0.8118 0.2646 0.7445 0.2646
13 0.7713 0.3463 0.8444 0.3463 0.8444 0.3869 0.7713 0.3869
13 0.5697 0.0816 0.5746 0.0816 0.5746 0.1004 0.5697 0.1004
13 0.0139 0.9835 0.0175 0.9835 0.0175 0.9957 0.0139 0.9957
13 0.1179 0.1267 0.1261 0.1267 0.1261 0.1509 0.1179 0.1509
15 0.1397 0.2566 0.2452 0.2566 0.2452 0.3578 0.1397 0.3578
15 0.5824 0.8439 0.6613 0.8439 0.6613 0.9345 0.5824 0.9345
15 0.6762 0.3994 0.7581 0.3994 0.7581 0.4894 0.6762 0.4894
15 0.8262 0.5308 0.8541 0.5308 0.8541 0.5900 0.8262 0.5900
