0 0.1513 0.4375 0.4750 0.4375 0.4750 0.6417 0.1513 0.6417
0 0.4925 0.3739 0.6509 0.3739 0.6509 0.8405 0.4925 0.8405
0 0.4187 0.1080 0.6690 0.1080 0.6690 0.2008 0.4187 0.2008
0 0.7999 0.4532 0.9356 0.4532 0.9356 0.8528 0.7999 0.8528
1 0.1051 0.7322 0.1175 0.7322 0.1175 0.7570 0.1051 0.7570
1 0.6011 0.2214 0.6098 0.2214 0.6098 0.2534 0.6011 0.2534
1 0.5817 0.3199 0.6026 0.3199 0.6026 0.3313 0.5817 0.3313
1 0.7865 0.0252 0.8038 0.0252 0.8038 0.0624 0.7865 0.0624
2 0.1668 0.7699 0.3309 0.7699 0.3309 0.9169 0.1668 0.9169
2 0.2291 0.1271 0.3117 0.1271 0.3117 0.1765 0.2291 0.1765
2 0.0311 0.0311 0.2226 0.0311 0.2226 0.1897 0.0311 0.1897
2 0.9551 0.8786 0.9815 0.8786 0.9815 0.9710 0.9551 0.9710
3 0.6314 0.3227 0.6858 0.3227 0.6858 0.3393 0.6314 0.3393
3 0.6788 0.0648 0.7035 0.0648 0.7035 0.1608 0.6788 0.1608
3 0.6862 0.5919 0.7001 0.5919 0.7001 0.6909 0.6862 0.6909
3 0.2216 0.6515 0.2349 0.6515 0.2349 0.7457 0.2216 0.7457
4 0.2539 0.2367 0.2852 0.2367 0.2852 0.2473 0.2539 0.2473
4 0.1900 0.3547 0.2026 0.3547 0.2026 0.4233 0.1900 0.4233
4 0.0637 0.9146 0.0881 0.9146 0.0881 0.9322 0.0637 0.9322
4 0.3122 0.0959 0.3504 0.0959 0.3504 0.1093 0.3122 0.1093
6 0.2417 0.2130 0.2892 0.2130 0.2892 0.2354 0.2417 0.2354
6 0.7262 0.2215 0.9512 0.2215 0.9512 0.3801 0.7262 0.3801
6 0.0905 0.3291 0.1318 0.3291 0.1318 0.4453 0.0905 0.4453
6 0.4328 0.8863 0.4984 0.8863 0.4984 0.9785 0.4328 0.9785
7 0.0402 0.5394 0.0464 0.5394 0.0464 0.5662 0.0402 0.5662
7 0.3450 0.0224 0.3607 0.0224 0.3607 0.0760 0.3450 0.0760
7 0.7473 0.0647 0.9447 0.0647 0.9447 0.1045 0.7473 0.1045
7 0.3733 0.8924 0.3815 0.8924 0.3815 0.9288 0.3733 0.9288
9 0.0002 0.3260 0.0309 0.3260 0.0309 0.4332 0.0002 0.4332
9 0.6665 0.7639 0.7020 0.7639 0.7020 0.8877 0.6665 0.8877
9 0.2957 0.2131 0.3349 0.2131 0.3349 0.4097 0.2957 0.4097
9 0.7446 0.6879 0.7937 0.6879 0.7937 0.9337 0.7446 0.9337
12 0.4491 0.2404 0.5154 0.2404 0.5154 0.2468 0.4491 0.2468
12 0.5347 0.8434 0.6524 0.8434 0.6524 0.9074 0.5347 0.9074
12 0.0913 0.4768 0.1347 0.4768 0.1347 0.6704 0.0913 0.6704
13 0.6728 0.0323 0.6772 0.0323 0.6772 0.0449 0.6728 0.0449
13 0.3422 0.8202 0.3615 0.8202 0.3615 0.8366 0.3422 0.8366
13 0.7097 0.0856 0.7238 0.0856 0.7238 0.1368 0.7097 0.1368
13 0.7156 0.4191 0.7661 0.4191 0.7661 0.4473 0.7156 0.4473
15 0.9534 0.1126 0.9931 0.1126 0.9931 0.1714 0.9534 0.1714
15 0.4928 0.0419 0.5601 0.0419 0.5601 0.1065 0.4928 0.1065
15 0.0256 0.6831 0.0972 0.6831 0.0972 0.8141 0.0256 0.8141
