0 0.0643 0.2227 0.3512 0.2227 0.3512 0.4037 0.0643 0.4037
0 0.6045 0.8682 0.6743 0.8682 0.6743 0.9242 0.6045 0.9242
0 0.6828 0.2410 0.9001 0.2410 0.9001 0.9654 0.6828 0.9654
0 0.4711 0.0770 0.6301 0.0770 0.6301 0.1774 0.4711 0.1774
1 0.6528 0.5190 0.6692 0.5190 0.6692 0.5266 0.6528 0.5266
1 0.2830 0.6279 0.2873 0.6279 0.2873 0.7105 0.2830 0.7105
1 0.9036 0.5467 0.9076 0.5467 0.9076 0.5817 0.9036 0.5817
1 0.9730 0.5339 0.9878 0.5339 0.9878 0.5637 0.9730 0.5637
2 0.3954 0.6904 0.6058 0.6904 0.6058 0.8276 0.3954 0.8276
2 0.5005 0.2236 0.6204 0.2236 0.6204 0.3696 0.5005 0.3696
2 0.4994 0.4579 0.5192 0.4579 0.5192 0.5121 0.4994 0.5121
2 0.0119 0.5602 0.2224 0.5602 0.2224 0.6218 0.0119 0.6218
3 0.5877 0.0180 0.6257 0.0180 0.6257 0.0312 0.5877 0.0312
3 0.2985 0.4823 0.4055 0.4823 0.4055 0.5085 0.2985 0.5085
3 0.2711 0.9622 0.3527 0.9622 0.3527 0.9822 0.2711 0.9822
3 0.5945 0.4443 0.6375 0.4443 0.6375 0.4549 0.5945 0.4549
4 0.0771 0.4556 0.0840 0.4556 0.0840 0.4824 0.0771 0.4824
4 0.9428 0.7191 0.9655 0.7191 0.9655 0.7777 0.9428 0.7777
4 0.5956 0.6571 0.6221 0.6571 0.6221 0.6725 0.5956 0.6725
4 0.1348 0.8255 0.1483 0.8255 0.1483 0.8653 0.1348 0.8653
6 0.2174 0.6510 0.2692 0.6510 0.2692 0.6998 0.2174 0.6998
6 0.5994 0.5539 0.6272 0.5539 0.6272 0.5801 0.5994 0.5801
6 0.1967 0.7995 0.2590 0.7995 0.2590 0.9749 0.1967 0.9749
6 0.2057 0.0372 0.3941 0.0372 0.3941 0.1700 0.2057 0.1700
7 0.3244 0.6100 0.3564 0.6100 0.3564 0.6832 0.3244 0.6832
7 0.3903 0.5591 0.4014 0.5591 0.4014 0.6001 0.3903 0.6001
7 0.9514 0.0807 0.9606 0.0807 0.9606 0.1473 0.9514 0.1473
7 0.6405 0.3192 0.6486 0.3192 0.6486 0.3492 0.6405 0.3492
9 0.0091 0.7192 0.1607 0.7192 0.1607 0.8060 0.0091 0.8060
9 0.9014 0.7775 0.9183 0.7775 0.9183 0.8769 0.9014 0.8769
9 0.6694 0.0296 0.8532 0.0296 0.8532 0.1408 0.6694 0.1408
12 0.2233 0.7170 0.3221 0.7170 0.3221 0.7546 0.2233 0.7546
12 0.4359 0.0527 0.4484 0.0527 0.4484 0.4881 0.4359 0.4881
12 0.1121 0.0764 0.1859 0.0764 0.1859 0.1164 0.1121 0.1164
12 0.4262 0.5392 0.5586 0.5392 0.5586 0.5896 0.4262 0.5896
13 0.9148 0.2099 0.9227 0.2099 0.9227 0.2381 0.9148 0.2381
13 0.3756 0.9258 0.3830 0.9258 0.3830 0.9326 0.3756 0.9326
13 0.3068 0.5267 0.3092 0.5267 0.3092 0.6965 0.3068 0.6965
13 0.8359 0.9695 0.8458 0.9695 0.8458 0.9809 0.8359 0.9809
15 0.7430 0.1611 0.8018 0.1611 0.8018 0.2365 0.7430 0.2365
15 0.8685 0.0390 0.9301 0.0390 0.9301 0.1518 0.8685 0.1518
15 0.1005 0.4274 0.2046 0.4274 0.2046 0.5482 0.1005 0.5482
15 0.9471 0.1995 0.9915 0.1995 0.9915 0.2505 0.9471 0.2505
