0 0.3111 0.5908 0.4272 0.5908 0.4272 0.8252 0.3111 0.8252
0 0.7022 0.1684 0.7798 0.1684 0.7798 0.5068 0.7022 0.5068
0 0.0707 0.1852 0.2570 0.1852 0.2570 0.8060 0.0707 0.8060
0 0.4763 0.5346 0.8014 0.5346 0.8014 0.6150 0.4763 0.6150
1 0.8767 0.1495 0.8858 0.1495 0.8858 0.2673 0.8767 0.2673
1 0.6807 0.8499 0.6835 0.8499 0.6835 0.8745 0.6807 0.8745
1 0.0420 0.5082 0.0498 0.5082 0.0498 0.5366 0.0420 0.5366
1 0.6842 0.7327 0.6912 0.7327 0.6912 0.7937 0.6842 0.7937
2 0.8991 0.9335 0.9455 0.9335 0.9455 0.9625 0.8991 0.9625
2 0.4720 0.3647 0.5255 0.3647 0.5255 0.3717 0.4720 0.3717
2 0.8682 0.5934 0.9675 0.5934 0.9675 0.6742 0.8682 0.6742
2 0.3856 0.8392 0.4158 0.8392 0.4158 0.8548 0.3856 0.8548
3 0.7857 0.3875 0.7989 0.3875 0.7989 0.4889 0.7857 0.4889
3 0.0709 0.9704 0.1440 0.9704 0.1440 0.9952 0.0709 0.9952
3 0.4545 0.0196 0.5112 0.0196 0.5112 0.0388 0.4545 0.0388
3 0.4705 0.6920 0.5638 0.6920 0.5638 0.7148 0.4705 0.7148
4 0.5733 0.7983 0.5824 0.7983 0.5824 0.8273 0.5733 0.8273
4 0.4910 0.8819 0.5061 0.8819 0.5061 0.9021 0.4910 0.9021
4 0.8105 0.9670 0.8249 0.9670 0.8249 0.9766 0.8105 0.9766
4 0.0234 0.9183 0.0324 0.9183 0.0324 0.9649 0.0234 0.9649
6 0.4468 0.3787 0.5004 0.3787 0.5004 0.4541 0.4468 0.4541
6 0.8594 0.8484 0.9215 0.8484 0.9215 0.8776 0.8594 0.8776
6 0.5736 0.9576 0.6069 0.9576 0.6069 0.9732 0.5736 0.9732
6 0.5933 0.0903 0.6793 0.0903 0.6793 0.3325 0.5933 0.3325
7 0.8276 0.5811 0.8501 0.5811 0.8501 0.6545 0.8276 0.6545
7 0.0080 0.3858 0.0143 0.3858 0.0143 0.4078 0.0080 0.4078
7 0.8442 0.6710 0.8618 0.6710 0.8618 0.7610 0.8442 0.7610
7 0.5850 0.3403 0.5918 0.3403 0.5918 0.3661 0.5850 0.3661
9 0.2651 0.5275 0.3012 0.5275 0.3012 0.6465 0.2651 0.6465
9 0.3196 0.1531 0.5710 0.1531 0.5710 0.3053 0.3196 0.3053
9 0.7037 0.8423 0.7483 0.8423 0.7483 0.9893 0.7037 0.9893
9 0.0077 0.5396 0.0569 0.5396 0.0569 0.5864 0.0077 0.5864
12 0.6888 0.8348 0.7506 0.8348 0.7506 0.8408 0.6888 0.8408
12 0.9520 0.0966 0.9746 0.0966 0.9746 0.2090 0.9520 0.2090
12 0.3668 0.3247 0.4158 0.3247 0.4158 0.5433 0.3668 0.5433
13 0.8005 0.3155 0.8238 0.3155 0.8238 0.3377 0.8005 0.3377
13 0.9368 0.7211 0.9598 0.7211 0.9598 0.7405 0.9368 0.7405
13 0.0159 0.7715 0.0404 0.7715 0.0404 0.8161 0.0159 0.8161
13 0.4284 0.0655 0.4516 0.0655 0.4516 0.0749 0.4284 0.0749
15 0.3023 0.0511 0.3935 0.0511 0.3935 0.1265 0.3023 0.1265
15 0.7805 0.0835 0.8087 0.0835 0.8087 0.1945 0.7805 0.1945
15 0.7237 0.7299 0.7937 0.7299 0.7937 0.8237 0.7237 0.8237
15 0.9140 0.2191 0.9360 0.2191 0.9360 0.2513 0.9140 0.2513
