0 0.8656 0.0199 0.9244 0.0199 0.9244 0.2765 0.8656 0.2765
0 0.1133 0.1411 0.2793 0.1411 0.2793 0.5977 0.1133 0.5977
0 0.3657 0.2322 0.5638 0.2322 0.5638 0.8926 0.3657 0.8926
0 0.8754 0.8499 0.9584 0.8499 0.9584 0.9377 0.8754 0.9377
1 0.9737 0.1096 0.9832 0.1096 0.9832 0.1440 0.9737 0.1440
1 0.4602 0.1763 0.4844 0.1763 0.4844 0.1825 0.4602 0.1825
1 0.4891 0.8934 0.4995 0.8934 0.4995 0.9278 0.4891 0.9278
1 0.1042 0.4538 0.1098 0.4538 0.1098 0.5274 0.1042 0.5274
2 0.7665 0.7095 0.7872 0.7095 0.7872 0.7817 0.7665 0.7817
2 0.8022 0.5743 0.9410 0.5743 0.9410 0.7869 0.8022 0.7869
2 0.2508 0.0467 0.3643 0.0467 0.3643 0.0637 0.2508 0.0637
2 0.4113 0.1139 0.4604 0.1139 0.4604 0.1841 0.4113 0.1841
3 0.9583 0.0751 0.9651 0.0751 0.9651 0.1865 0.9583 0.1865
3 0.2719 0.6170 0.2806 0.6170 0.2806 0.7586 0.2719 0.7586
3 0.8605 0.4507 0.8735 0.4507 0.8735 0.5477 0.8605 0.5477
3 0.5250 0.9614 0.6007 0.9614 0.6007 0.9878 0.5250 0.9878
4 0.4745 0.2094 0.4938 0.2094 0.4938 0.2238 0.4745 0.2238
4 0.6702 0.1591 0.6821 0.1591 0.6821 0.2577 0.6702 0.2577
4 0.7028 0.6492 0.7295 0.6492 0.7295 0.6648 0.7028 0.6648
4 0.7874 0.1331 0.7949 0.1331 0.7949 0.1441 0.7874 0.1441
6 0.5799 0.2595 0.6681 0.2595 0.6681 0.5077 0.5799 0.5077
6 0.0948 0.8675 0.1277 0.8675 0.1277 0.8829 0.0948 0.8829
6 0.0205 0.3320 0.0795 0.3320 0.0795 0.4984 0.0205 0.4984
6 0.7077 0.4058 0.7952 0.4058 0.7952 0.5290 0.7077 0.5290
7 0.6334 0.8128 0.6577 0.8128 0.6577 0.8236 0.6334 0.8236
7 0.0860 0.3159 0.0972 0.3159 0.0972 0.3577 0.0860 0.3577
7 0.9899 0.2815 0.9975 0.2815 0.9975 0.3505 0.9899 0.3505
7 0.6530 0.6791 0.7010 0.6791 0.7010 0.7893 0.6530 0.7893
9 0.1725 0.6466 0.1938 0.6466 0.1938 0.7506 0.1725 0.7506
9 0.5380 0.1160 0.6115 0.1160 0.6115 0.1580 0.5380 0.1580
9 0.2905 0.6468 0.3355 0.6468 0.3355 0.8724 0.2905 0.8724
9 0.1628 0.0039 0.2438 0.0039 0.2438 0.0809 0.1628 0.0809
12 0.7865 0.0363 0.8512 0.0363 0.8512 0.0609 0.7865 0.0609
12 0.8025 0.0627 0.8312 0.0627 0.8312 0.2049 0.8025 0.2049
12 0.7564 0.9416 0.8101 0.9416 0.8101 0.9468 0.7564 0.9468
12 0.9374 0.3460 0.9772 0.3460 0.9772 0.5088 0.9374 0.5088
13 0.7302 0.1803 0.7855 0.1803 0.7855 0.2201 0.7302 0.2201
13 0.7465 0.9711 0.7647 0.9711 0.7647 0.9785 0.7465 0.9785
13 0.6080 0.0808 0.7077 0.0808 0.7077 0.1072 0.6080 0.1072
13 0.0671 0.5923 0.0783 0.5923 0.0783 0.6025 0.0671 0.6025
15 0.1237 0.9255 0.2072 0.9255 0.2072 0.9945 0.1237 0.9945
15 0.5925 0.6820 0.6480 0.6820 0.6480 0.7640 0.5925 0.7640
15 0.0171 0.6235 0.1406 0.6235 0.1406 0.7285 0.0171 0.7285
15 0.0420 0.8654 0.0626 0.8654 0.0626 0.9046 0.0420 0.9046
