0 0.6530 0.0719 0.7101 0.0719 0.7101 0.3073 0.6530 0.3073
0 0.3599 0.0063 0.4855 0.0063 0.4855 0.4249 0.3599 0.4249
0 0.2168 0.6467 0.3429 0.6467 0.3429 0.9685 0.2168 0.9685
0 0.3331 0.5623 0.4223 0.5623 0.4223 0.6337 0.3331 0.6337
1 0.5860 0.1403 0.6040 0.1403 0.6040 0.1765 0.5860 0.1765
1 0.1399 0.0560 0.1458 0.0560 0.1458 0.0776 0.1399 0.0776
1 0.9496 0.3251 0.9818 0.3251 0.9818 0.3313 0.9496 0.3313
1 0.6933 0.6392 0.7016 0.6392 0.7016 0.6692 0.6933 0.6692
2 0.1394 0.2187 0.1843 0.2187 0.1843 0.3465 0.1394 0.3465
2 0.4156 0.5066 0.5435 0.5066 0.5435 0.5526 0.4156 0.5526
2 0.5142 0.8343 0.5604 0.8343 0.5604 0.8681 0.5142 0.8681
2 0.7925 0.4347 0.9735 0.4347 0.9735 0.5845 0.7925 0.5845
3 0.9323 0.3363 0.9395 0.3363 0.9395 0.3873 0.9323 0.3873
3 0.5030 0.1966 0.5844 0.1966 0.5844 0.2250 0.5030 0.2250
3 0.0099 0.4618 0.0381 0.4618 0.0381 0.4714 0.0099 0.4714
3 0.5770 0.0439 0.6499 0.0439 0.6499 0.0613 0.5770 0.0613
4 0.8548 0.0411 0.8706 0.0411 0.8706 0.0621 0.8548 0.0621
4 0.7216 0.8519 0.7416 0.8519 0.7416 0.8653 0.7216 0.8653
4 0.8494 0.7778 0.8552 0.7778 0.8552 0.8090 0.8494 0.8090
4 0.5228 0.9027 0.5264 0.9027 0.5264 0.9177 0.5228 0.9177
6 0.1443 0.6860 0.1826 0.6860 0.1826 0.7940 0.1443 0.7940
6 0.1311 0.8207 0.1529 0.8207 0.1529 0.8277 0.1311 0.8277
6 0.0076 0.1387 0.1349 0.1387 0.1349 0.2285 0.0076 0.2285
6 0.8045 0.4036 0.8364 0.4036 0.8364 0.4336 0.8045 0.4336
7 0.3582 0.8323 0.3872 0.8323 0.3872 0.8989 0.3582 0.8989
7 0.6022 0.3395 0.6161 0.3395 0.6161 0.3465 0.6022 0.3465
7 0.2308 0.4580 0.2820 0.4580 0.2820 0.6388 0.2308 0.6388
7 0.5405 0.7263 0.5630 0.7263 0.5630 0.8037 0.5405 0.8037
9 0.5554 0.8999 0.7992 0.8999 0.7992 0.9801 0.5554 0.9801
9 0.3525 0.6655 0.3975 0.6655 0.3975 0.8137 0.3525 0.8137
9 0.0794 0.5532 0.1889 0.5532 0.1889 0.5888 0.0794 0.5888
9 0.0651 0.8763 0.1063 0.8763 0.1063 0.9937 0.0651 0.9937
12 0.5887 0.4742 0.6253 0.4742 0.6253 0.8270 0.5887 0.8270
12 0.3271 0.4732 0.4009 0.4732 0.4009 0.5164 0.3271 0.5164
12 0.0793 0.3551 0.0964 0.3551 0.0964 0.4417 0.0793 0.4417
12 0.8257 0.0619 0.9495 0.0619 0.9495 0.0945 0.8257 0.0945
13 0.0636 0.8192 0.1070 0.8192 0.1070 0.8464 0.0636 0.8464
13 0.1874 0.8136 0.1935 0.8136 0.1935 0.8360 0.1874 0.8360
13 0.2502 0.0816 0.2524 0.0816 0.2524 0.1504 0.2502 0.1504
13 0.7448 0.1458 0.7526 0.1458 0.7526 0.1530 0.7448 0.1530
15 0.4667 0.6530 0.5170 0.6530 0.5170 0.7270 0.4667 0.7270
15 0.1554 0.3935 0.1758 0.3935 0.1758 0.4737 0.1554 0.4737
15 0.7225 0.4735 0.7621 0.4735 0.7621 0.5293 0.7225 0.5293
15 0.1517 0.0614 0.2435 0.0614 0.2435 0.1518 0.1517 0.1518
