0 0.4142 0.0475 0.5984 0.0475 0.5984 0.3697 0.4142 0.3697
0 0.1270 0.3082 0.1630 0.3082 0.1630 0.5870 0.1270 0.5870
0 0.0810 0.1152 0.1261 0.1152 0.1261 0.1628 0.0810 0.1628
0 0.2268 0.8380 0.3092 0.8380 0.3092 0.9332 0.2268 0.9332
1 0.3613 0.5416 0.3947 0.5416 0.3947 0.5568 0.3613 0.5568
1 0.8853 0.3503 0.9190 0.3503 0.9190 0.3569 0.8853 0.3569
1 0.9963 0.2036 0.9992 0.2036 0.9992 0.2556 0.9963 0.2556
1 0.0419 0.8467 0.0658 0.8467 0.0658 0.8513 0.0419 0.8513
2 0.2073 0.5930 0.3141 0.5930 0.3141 0.6774 0.2073 0.6774
2 0.4719 0.8510 0.5736 0.8510 0.5736 0.8998 0.4719 0.8998
2 0.7494 0.8387 0.8864 0.8387 0.8864 0.9045 0.7494 0.9045
2 0.7339 0.7311 0.8604 0.7311 0.8604 0.8153 0.7339 0.8153
3 0.6084 0.9758 0.6539 0.9758 0.6539 0.9870 0.6084 0.9870
3 0.5345 0.9772 0.5772 0.9772 0.5772 0.9884 0.5345 0.9884
3 0.1008 0.9247 0.1861 0.9247 0.1861 0.9513 0.1008 0.9513
3 0.2445 0.0248 0.2520 0.0248 0.2520 0.0780 0.2445 0.0780
4 0.5430 0.4426 0.5610 0.4426 0.5610 0.4490 0.5430 0.4490
4 0.3362 0.6388 0.4906 0.6388 0.4906 0.6536 0.3362 0.6536
4 0.3973 0.5488 0.4132 0.5488 0.4132 0.5636 0.3973 0.5636
4 0.2134 0.1566 0.2272 0.1566 0.2272 0.1874 0.2134 0.1874
6 0.2868 0.2187 0.3589 0.2187 0.3589 0.2865 0.2868 0.2865
6 0.3762 0.8051 0.4126 0.8051 0.4126 0.8393 0.3762 0.8393
6 0.4831 0.7076 0.5171 0.7076 0.5171 0.7236 0.4831 0.7236
6 0.4967 0.6524 0.5750 0.6524 0.5750 0.6892 0.4967 0.6892
7 0.3822 0.2318 0.3972 0.2318 0.3972 0.3778 0.3822 0.3778
7 0.8688 0.7107 0.8850 0.7107 0.8850 0.7189 0.8688 0.7189
7 0.4387 0.7980 0.4473 0.7980 0.4473 0.8184 0.4387 0.8184
7 0.1391 0.7147 0.1898 0.7147 0.1898 0.8561 0.1391 0.8561
9 0.6887 0.5467 0.8616 0.5467 0.8616 0.6137 0.6887 0.6137
9 0.9270 0.7294 0.9598 0.7294 0.9598 0.8914 0.9270 0.8914
9 0.8576 0.1435 0.8950 0.1435 0.8950 0.3309 0.8576 0.3309
9 0.5979 0.6855 0.6330 0.6855 0.6330 0.8909 0.5979 0.8909
12 0.8956 0.1124 0.9304 0.1124 0.9304 0.2552 0.8956 0.2552
12 0.9142 0.4052 0.9544 0.4052 0.9544 0.4388 0.9142 0.4388
12 0.7165 0.1156 0.7672 0.1156 0.7672 0.1452 0.7165 0.1452
12 0.3907 0.9376 0.4027 0.9376 0.4027 0.9968 0.3907 0.9968
13 0.9485 0.0082 0.9993 0.0082 0.9993 0.0398 0.9485 0.0398
13 0.3254 0.6096 0.3303 0.6096 0.3303 0.6280 0.3254 0.6280
13 0.6345 0.2426 0.6358 0.2426 0.6358 0.3146 0.6345 0.3146
13 0.7923 0.6459 0.7963 0.6459 0.7963 0.6597 0.7923 0.6597
15 0.1814 0.1931 0.2483 0.1931 0.2483 0.2665 0.1814 0.2665
15 0.4917 0.5208 0.5872 0.5208 0.5872 0.6148 0.4917 0.6148
15 0.7523 0.3948 0.8769 0.3948 0.8769 0.5316 0.7523 0.5316
15 0.2297 0.4611 0.3252 0.4611 0.3252 0.5421 0.2297 0.5421
