0 0.6953 0.1242 0.9433 0.1242 0.9433 0.3670 0.6953 0.3670
0 0.0808 0.2963 0.3838 0.2963 0.3838 0.5929 0.0808 0.5929
0 0.0765 0.0794 0.2258 0.0794 0.2258 0.2522 0.0765 0.2522
0 0.7719 0.6659 0.9169 0.6659 0.9169 0.8809 0.7719 0.8809
1 0.4233 0.4200 0.4384 0.4200 0.4384 0.4524 0.4233 0.4524
1 0.5971 0.6727 0.6106 0.6727 0.6106 0.6801 0.5971 0.6801
1 0.5848 0.9835 0.6063 0.9835 0.6063 0.9877 0.5848 0.9877
1 0.6782 0.7640 0.6912 0.7640 0.6912 0.7920 0.6782 0.7920
2 0.5379 0.4440 0.7269 0.4440 0.7269 0.5976 0.5379 0.5976
2 0.8767 0.4748 0.9141 0.4748 0.9141 0.5776 0.8767 0.5776
2 0.3956 0.0407 0.4244 0.0407 0.4244 0.0549 0.3956 0.0549
2 0.5379 0.6054 0.5953 0.6054 0.5953 0.6874 0.5379 0.6874
3 0.5439 0.1720 0.5750 0.1720 0.5750 0.1828 0.5439 0.1828
3 0.4534 0.4303 0.4603 0.4303 0.4603 0.4789 0.4534 0.4789
3 0.6442 0.1008 0.6524 0.1008 0.6524 0.1592 0.6442 0.1592
3 0.7153 0.6228 0.7315 0.6228 0.7315 0.7468 0.7153 0.7468
4 0.3440 0.6875 0.3606 0.6875 0.3606 0.7001 0.3440 0.7001
4 0.0276 0.2615 0.0352 0.2615 0.0352 0.2653 0.0276 0.2653
4 0.0099 0.7291 0.0604 0.7291 0.0604 0.7417 0.0099 0.7417
4 0.9768 0.2576 0.9969 0.2576 0.9969 0.2720 0.9768 0.2720
6 0.0023 0.9194 0.0583 0.9194 0.0583 0.9458 0.0023 0.9458
6 0.2020 0.6863 0.2746 0.6863 0.2746 0.7885 0.2020 0.7885
6 0.1265 0.0064 0.1575 0.0064 0.1575 0.0164 0.1265 0.0164
6 0.9305 0.0660 0.9672 0.0660 0.9672 0.1176 0.9305 0.1176
7 0.9305 0.7514 0.9435 0.7514 0.9435 0.7994 0.9305 0.7994
7 0.1310 0.6794 0.1476 0.6794 0.1476 0.7250 0.1310 0.7250
7 0.7820 0.4123 0.7900 0.4123 0.7900 0.4421 0.7820 0.4421
7 0.6008 0.2803 0.6109 0.2803 0.6109 0.3025 0.6008 0.3025
9 0.1291 0.8575 0.2941 0.8575 0.2941 0.9109 0.1291 0.9109
9 0.3031 0.0712 0.3952 0.0712 0.3952 0.1068 0.3031 0.1068
9 0.8568 0.3731 0.9532 0.3731 0.9532 0.4105 0.8568 0.4105
9 0.4685 0.5943 0.5246 0.5943 0.5246 0.8757 0.4685 0.8757
12 0.0607 0.7291 0.0796 0.7291 0.0796 0.8133 0.0607 0.8133
12 0.9380 0.5699 0.9677 0.5699 0.9677 0.7217 0.9380 0.7217
12 0.4164 0.5408 0.4724 0.5408 0.4724 0.5936 0.4164 0.5936
12 0.9534 0.2335 0.9749 0.2335 0.9749 0.4841 0.9534 0.4841
13 0.3148 0.1291 0.3403 0.1291 0.3403 0.1733 0.3148 0.1733
13 0.9522 0.0299 0.9595 0.0299 0.9595 0.0493 0.9522 0.0493
13 0.2213 0.9615 0.2309 0.9615 0.2309 0.9941 0.2213 0.9941
13 0.3187 0.9671 0.3347 0.9671 0.3347 0.9817 0.3187 0.9817
15 0.3633 0.8328 0.4579 0.8328 0.4579 0.9424 0.3633 0.9424
15 0.4913 0.2587 0.5658 0.2587 0.5658 0.3481 0.4913 0.3481
15 0.4107 0.0832 0.5244 0.0832 0.5244 0.2080 0.4107 0.2080
15 0.6191 0.3103 0.6855 0.3103 0.6855 0.3673 0.6191 0.3673
