0 0.4897 0.0718 0.6212 0.0718 0.6212 0.1206 0.4897 0.1206
0 0.1222 0.0415 0.3326 0.0415 0.3326 0.7429 0.1222 0.7429
0 0.4951 0.1507 0.5769 0.1507 0.5769 0.4601 0.4951 0.4601
0 0.2619 0.7586 0.4732 0.7586 0.4732 0.8738 0.2619 0.8738
1 0.7250 0.0904 0.7472 0.0904 0.7472 0.0960 0.7250 0.0960
1 0.0246 0.7508 0.0283 0.7508 0.0283 0.7836 0.0246 0.7836
1 0.6363 0.9158 0.6469 0.9158 0.6469 0.9186 0.6363 0.9186
1 0.0699 0.2586 0.0850 0.2586 0.0850 0.3086 0.0699 0.3086
2 0.5929 0.7580 0.6726 0.7580 0.6726 0.8076 0.5929 0.8076
2 0.7154 0.7763 0.7420 0.7763 0.7420 0.8057 0.7154 0.8057
2 0.7997 0.1452 0.8466 0.1452 0.8466 0.1840 0.7997 0.1840
2 0.0425 0.8019 0.2047 0.8019 0.2047 0.9077 0.0425 0.9077
3 0.6371 0.9626 0.7283 0.9626 0.7283 0.9850 0.6371 0.9850
3 0.3514 0.4583 0.3729 0.4583 0.3729 0.6229 0.3514 0.6229
3 0.3759 0.1328 0.3809 0.1328 0.3809 0.2144 0.3759 0.2144
3 0.6877 0.9282 0.7586 0.9282 0.7586 0.9450 0.6877 0.9450
4 0.5493 0.8320 0.5649 0.8320 0.5649 0.8432 0.5493 0.8432
4 0.6402 0.6363 0.6604 0.6363 0.6604 0.6413 0.6402 0.6413
4 0.6303 0.0542 0.6812 0.0542 0.6812 0.0614 0.6303 0.0614
4 0.3745 0.9800 0.3967 0.9800 0.3967 0.9960 0.3745 0.9960
6 0.3697 0.6827 0.3809 0.6827 0.3809 0.6985 0.3697 0.6985
6 0.4711 0.5052 0.5249 0.5052 0.5249 0.5808 0.4711 0.5808
6 0.6308 0.1943 0.7212 0.1943 0.7212 0.2369 0.6308 0.2369
6 0.7934 0.2623 0.8724 0.2623 0.8724 0.4849 0.7934 0.4849
7 0.7811 0.1344 0.7838 0.1344 0.7838 0.1468 0.7811 0.1468
7 0.5303 0.8119 0.5440 0.8119 0.5440 0.9141 0.5303 0.9141
7 0.7110 0.5999 0.7295 0.5999 0.7295 0.6777 0.7110 0.6777
7 0.9780 0.1839 0.9851 0.1839 0.9851 0.2045 0.9780 0.2045
9 0.5743 0.4963 0.8594 0.4963 0.8594 0.5901 0.5743 0.5901
9 0.4225 0.3255 0.4701 0.3255 0.4701 0.4613 0.4225 0.4613
9 0.7596 0.7434 0.7921 0.7434 0.7921 0.9018 0.7596 0.9018
9 0.6471 0.2898 0.7075 0.2898 0.7075 0.4890 0.6471 0.4890
12 0.9000 0.1275 0.9400 0.1275 0.9400 0.1313 0.9000 0.1313
12 0.5816 0.2123 0.5872 0.2123 0.5872 0.4197 0.5816 0.4197
12 0.0559 0.4986 0.0821 0.4986 0.0821 0.6286 0.0559 0.6286
12 0.8805 0.3136 0.9218 0.3136 0.9218 0.3360 0.8805 0.3360
13 0.0897 0.4866 0.1072 0.4866 0.1072 0.5014 0.0897 0.5014
13 0.5154 0.8214 0.5203 0.8214 0.5203 0.8390 0.5154 0.8390
13 0.4576 0.9162 0.5901 0.9162 0.5901 0.9262 0.4576 0.9262
13 0.1008 0.0088 0.1089 0.0088 0.1089 0.0376 0.1008 0.0376
15 0.4976 0.6700 0.5798 0.6700 0.5798 0.7380 0.4976 0.7380
15 0.6362 0.8083 0.7430 0.8083 0.7430 0.8993 0.6362 0.8993
15 0.8713 0.7094 0.9238 0.7094 0.9238 0.7698 0.8713 0.7698
15 0.7879 0.0668 0.8386 0.0668 0.8386 0.1372 0.7879 0.1372
