0 0.2154 0.5358 0.4626 0.5358 0.4626 0.6918 0.2154 0.6918
0 0.8674 0.3335 0.9632 0.3335 0.9632 0.3857 0.8674 0.3857
0 0.0303 0.1999 0.0683 0.1999 0.0683 0.3657 0.0303 0.3657
0 0.4862 0.3284 0.6604 0.3284 0.6604 0.7724 0.4862 0.7724
1 0.8008 0.0851 0.8120 0.0851 0.8120 0.1093 0.8008 0.1093
1 0.4226 0.0376 0.4632 0.0376 0.4632 0.1400 0.4226 0.1400
1 0.4317 0.1756 0.4366 0.1756 0.4366 0.1936 0.4317 0.1936
1 0.3154 0.8439 0.3306 0.8439 0.3306 0.8941 0.3154 0.8941
2 0.3225 0.3271 0.3872 0.3271 0.3872 0.4181 0.3225 0.4181
2 0.6219 0.7987 0.6412 0.7987 0.6412 0.8185 0.6219 0.8185
2 0.6425 0.2431 0.7558 0.2431 0.7558 0.2601 0.6425 0.2601
2 0.2136 0.9130 0.3115 0.9130 0.3115 0.9918 0.2136 0.9918
3 0.1437 0.2899 0.1583 0.2899 0.1583 0.3469 0.1437 0.3469
3 0.2680 0.4883 0.3595 0.4883 0.3595 0.5101 0.2680 0.5101
3 0.0973 0.9811 0.1435 0.9811 0.1435 0.9953 0.0973 0.9953
3 0.7582 0.7022 0.7878 0.7022 0.7878 0.7138 0.7582 0.7138
4 0.1748 0.4731 0.1843 0.4731 0.1843 0.5009 0.1748 0.5009
4 0.1868 0.7880 0.1963 0.7880 0.1963 0.7920 0.1868 0.7920
4 0.9525 0.5543 0.9675 0.5543 0.9675 0.5645 0.9525 0.5645
4 0.1668 0.8583 0.1726 0.8583 0.1726 0.8869 0.1668 0.8869
6 0.7345 0.7475 0.9907 0.7475 0.9907 0.9281 0.7345 0.9281
6 0.7479 0.2972 0.8418 0.2972 0.8418 0.5616 0.7479 0.5616
6 0.3867 0.8715 0.4207 0.8715 0.4207 0.9193 0.3867 0.9193
6 0.1213 0.0748 0.2038 0.0748 0.2038 0.1908 0.1213 0.1908
7 0.4291 0.9356 0.4543 0.9356 0.4543 0.9912 0.4291 0.9912
7 0.9579 0.0426 0.9807 0.0426 0.9807 0.1206 0.9579 0.1206
7 0.3782 0.7779 0.3841 0.7779 0.3841 0.8257 0.3782 0.8257
7 0.9870 0.9571 1.0001 0.9571 1.0001 0.9637 0.9870 0.9637
9 0.8044 0.0235 0.9513 0.0235 0.9513 0.0717 0.8044 0.0717
9 0.1242 0.6420 0.1618 0.6420 0.1618 0.8276 0.1242 0.8276
9 0.2704 0.1176 0.3001 0.1176 0.3001 0.2212 0.2704 0.2212
9 0.0477 0.4382 0.1035 0.4382 0.1035 0.6330 0.0477 0.6330
12 0.0426 0.3811 0.2909 0.3811 0.2909 0.4269 0.0426 0.4269
12 0.3962 0.2819 0.4318 0.2819 0.4318 0.2853 0.3962 0.2853
12 0.7393 0.9792 0.7978 0.9792 0.7978 0.9848 0.7393 0.9848
12 0.9568 0.1367 0.9809 0.1367 0.9809 0.2357 0.9568 0.2357
13 0.1928 0.6971 0.2097 0.6971 0.2097 0.7685 0.1928 0.7685
13 0.7746 0.6024 0.7809 0.6024 0.7809 0.6096 0.7746 0.6096
13 0.3448 0.9546 0.3938 0.9546 0.3938 0.9850 0.3448 0.9850
13 0.7805 0.2642 0.8184 0.2642 0.8184 0.2854 0.7805 0.2854
15 0.7986 0.9326 0.8354 0.9326 0.8354 0.9714 0.7986 0.9714
15 0.0331 0.8375 0.1343 0.8375 0.1343 0.9245 0.0331 0.9245
15 0.3050 0.1191 0.3553 0.1191 0.3553 0.1889 0.3050 0.1889
15 0.4693 0.8047 0.5121 0.8047 0.5121 0.8861 0.4693 0.8861
