0 0.7510 0.4187 0.8007 0.4187 0.8007 0.6353 0.7510 0.6353
0 0.3913 0.2571 0.5398 0.2571 0.5398 0.7853 0.3913 0.7853
0 0.1842 0.1695 0.3152 0.1695 0.3152 0.3637 0.1842 0.3637
0 0.0845 0.2247 0.1807 0.2247 0.1807 0.5081 0.0845 0.5081
1 0.3537 0.6263 0.3617 0.6263 0.3617 0.7305 0.3537 0.7305
1 0.3556 0.4851 0.3575 0.4851 0.3575 0.5189 0.3556 0.5189
1 0.2270 0.9070 0.2287 0.9070 0.2287 0.9206 0.2270 0.9206
1 0.2351 0.0192 0.2375 0.0192 0.2375 0.0380 0.2351 0.0380
2 0.8048 0.5052 0.8117 0.5052 0.8117 0.6052 0.8048 0.6052
2 0.5408 0.6640 0.5495 0.6640 0.5495 0.7600 0.5408 0.7600
2 0.1037 0.6434 0.2132 0.6434 0.2132 0.7938 0.1037 0.7938
2 0.6657 0.3363 0.7192 0.3363 0.7192 0.3793 0.6657 0.3793
3 0.7048 0.0386 0.7610 0.0386 0.7610 0.0578 0.7048 0.0578
3 0.6150 0.1004 0.6233 0.1004 0.6233 0.1592 0.6150 0.1592
3 0.1357 0.0667 0.1426 0.0667 0.1426 0.1161 0.1357 0.1161
3 0.0926 0.0318 0.1572 0.0318 0.1572 0.0538 0.0926 0.0538
4 0.3336 0.9702 0.3473 0.9702 0.3473 0.9802 0.3336 0.9802
4 0.4860 0.8988 0.4929 0.8988 0.4929 0.9076 0.4860 0.9076
4 0.6797 0.5138 0.6940 0.5138 0.6940 0.5222 0.6797 0.5222
4 0.8936 0.8431 0.9081 0.8431 0.9081 0.8757 0.8936 0.8757
6 0.6913 0.4995 0.7007 0.4995 0.7007 0.5129 0.6913 0.5129
6 0.6294 0.6163 0.6537 0.6163 0.6537 0.6241 0.6294 0.6241
6 0.8159 0.0960 0.8893 0.0960 0.8893 0.1992 0.8159 0.1992
6 0.4719 0.1072 0.4992 0.1072 0.4992 0.1160 0.4719 0.1160
7 0.9299 0.3791 0.9464 0.3791 0.9464 0.4405 0.9299 0.4405
7 0.9242 0.4419 0.9306 0.4419 0.9306 0.4681 0.9242 0.4681
7 0.6607 0.7943 0.6887 0.7943 0.6887 0.8705 0.6607 0.8705
7 0.4391 0.8398 0.4501 0.8398 0.4501 0.8702 0.4391 0.8702
9 0.8782 0.2744 0.8978 0.2744 0.8978 0.3712 0.8782 0.3712
9 0.0302 0.3691 0.0669 0.3691 0.0669 0.4973 0.0302 0.4973
9 0.6034 0.2292 0.6497 0.2292 0.6497 0.4548 0.6034 0.4548
9 0.7005 0.6478 0.7821 0.6478 0.7821 0.9170 0.7005 0.9170
12 0.7613 0.1928 0.7996 0.1928 0.7996 0.3636 0.7613 0.3636
12 0.3477 0.2284 0.5137 0.2284 0.5137 0.2572 0.3477 0.2572
12 0.0685 0.1216 0.2969 0.1216 0.2969 0.1636 0.0685 0.1636
12 0.2903 0.6319 0.2969 0.6319 0.2969 0.8785 0.2903 0.8785
13 0.9099 0.3587 0.9289 0.3587 0.9289 0.3933 0.9099 0.3933
13 0.9039 0.4940 0.9178 0.4940 0.9178 0.5180 0.9039 0.5180
13 0.9568 0.5326 0.9912 0.5326 0.9912 0.6270 0.9568 0.6270
13 0.2116 0.0203 0.2250 0.0203 0.2250 0.0325 0.2116 0.0325
15 0.8788 0.7343 0.9038 0.7343 0.9038 0.7697 0.8788 0.7697
15 0.2014 0.5524 0.2349 0.5524 0.2349 0.5988 0.2014 0.5988
15 0.3522 0.7940 0.4363 0.7940 0.4363 0.8768 0.3522 0.8768
15 0.7082 0.4332 0.7349 0.4332 0.7349 0.4836 0.7082 0.4836
