0 0.6868 0.4450 0.7812 0.4450 0.7812 0.6358 0.6868 0.6358
0 0.3160 0.2319 0.4957 0.2319 0.4957 0.5461 0.3160 0.5461
0 0.1365 0.6811 0.2450 0.6811 0.2450 0.8421 0.1365 0.8421
0 0.6762 0.6463 0.8866 0.6463 0.8866 0.7609 0.6762 0.7609
1 0.2286 0.4548 0.2474 0.4548 0.2474 0.4596 0.2286 0.4596
1 0.6408 0.4606 0.6449 0.4606 0.6449 0.4758 0.6408 0.4758
1 0.0563 0.5790 0.0706 0.5790 0.0706 0.5818 0.0563 0.5818
1 0.4062 0.1080 0.4126 0.1080 0.4126 0.1292 0.4062 0.1292
2 0.3533 0.7155 0.3684 0.7155 0.3684 0.7269 0.3533 0.7269
2 0.8099 0.1331 0.8435 0.1331 0.8435 0.5245 0.8099 0.5245
2 0.5956 0.7847 0.8015 0.7847 0.8015 0.9189 0.5956 0.9189
2 0.0211 0.6730 0.1252 0.6730 0.1252 0.8178 0.0211 0.8178
3 0.6757 0.1691 0.7649 0.1691 0.7649 0.1969 0.6757 0.1969
3 0.8510 0.4096 0.9481 0.4096 0.9481 0.4324 0.8510 0.4324
3 0.8005 0.9307 0.9124 0.9307 0.9124 0.9657 0.8005 0.9657
3 0.5507 0.4848 0.6261 0.4848 0.6261 0.5032 0.5507 0.5032
4 0.7666 0.4267 0.7874 0.4267 0.7874 0.4421 0.7666 0.4421
4 0.1776 0.4071 0.2010 0.4071 0.2010 0.4233 0.1776 0.4233
4 0.6063 0.2174 0.6095 0.2174 0.6095 0.2210 0.6063 0.2210
4 0.2240 0.9843 0.2280 0.9843 0.2280 0.9945 0.2240 0.9945
6 0.5353 0.7931 0.5889 0.7931 0.5889 0.8685 0.5353 0.8685
6 0.3697 0.5622 0.4529 0.5622 0.4529 0.6794 0.3697 0.6794
6 0.4765 0.7284 0.5173 0.7284 0.5173 0.7476 0.4765 0.7476
6 0.9100 0.2511 0.9752 0.2511 0.9752 0.3429 0.9100 0.3429
7 0.8976 0.4964 0.9344 0.4964 0.9344 0.5140 0.8976 0.5140
7 0.0554 0.0431 0.0695 0.0431 0.0695 0.0877 0.0554 0.0877
7 0.1368 0.2967 0.1446 0.2967 0.1446 0.3449 0.1368 0.3449
7 0.2710 0.6622 0.2958 0.6622 0.2958 0.7614 0.2710 0.7614
9 0.2056 0.0379 0.2804 0.0379 0.2804 0.2845 0.2056 0.2845
9 0.5142 0.9219 0.6603 0.9219 0.6603 0.9785 0.5142 0.9785
9 0.5680 0.2538 0.7929 0.2538 0.7929 0.3278 0.5680 0.3278
9 0.3017 0.8352 0.3343 0.8352 0.3343 0.9492 0.3017 0.9492
12 0.4234 0.7444 0.4446 0.7444 0.4446 0.8496 0.4234 0.8496
12 0.9599 0.4036 0.9930 0.4036 0.9930 0.7588 0.9599 0.7588
12 0.6663 0.9307 0.7020 0.9307 0.7020 0.9645 0.6663 0.9645
12 0.0719 0.4238 0.1767 0.4238 0.1767 0.4514 0.0719 0.4514
13 0.0323 0.8859 0.0389 0.8859 0.0389 0.9109 0.0323 0.9109
13 0.4946 0.7475 0.5223 0.7475 0.5223 0.7757 0.4946 0.7757
13 0.0296 0.9726 0.0359 0.9726 0.0359 0.9786 0.0296 0.9786
13 0.1419 0.9731 0.1489 0.9731 0.1489 0.9789 0.1419 0.9789
15 0.5888 0.3344 0.6864 0.3344 0.6864 0.4396 0.5888 0.4396
15 0.1056 0.1010 0.1638 0.1010 0.1638 0.1998 0.1056 0.1998
15 0.4785 0.6356 0.5478 0.6356 0.5478 0.7164 0.4785 0.7164
15 0.1506 0.4532 0.1911 0.4532 0.1911 0.5104 0.1506 0.5104
