0 0.3416 0.4464 0.5290 0.4464 0.5290 0.9620 0.3416 0.9620
0 0.0328 0.0548 0.2461 0.0548 0.2461 0.4276 0.0328 0.4276
0 0.6706 0.2083 0.7769 0.2083 0.7769 0.3941 0.6706 0.3941
0 0.1443 0.6571 0.2689 0.6571 0.2689 0.9177 0.1443 0.9177
1 0.7900 0.8459 0.8023 0.8459 0.8023 0.8725 0.7900 0.8725
1 0.6279 0.0080 0.6407 0.0080 0.6407 0.0336 0.6279 0.0336
1 0.6045 0.6219 0.6061 0.6219 0.6061 0.6361 0.6045 0.6361
1 0.0565 0.6080 0.0669 0.6080 0.0669 0.7112 0.0565 0.7112
2 0.2996 0.3099 0.3527 0.3099 0.3527 0.3757 0.2996 0.3757
2 0.5891 0.2814 0.6332 0.2814 0.6332 0.4242 0.5891 0.4242
2 0.6564 0.6295 0.8453 0.6295 0.8453 0.6973 0.6564 0.6973
2 0.8420 0.4480 0.8855 0.4480 0.8855 0.5852 0.8420 0.5852
3 0.8831 0.2184 0.9732 0.2184 0.9732 0.2460 0.8831 0.2460
3 0.1014 0.5751 0.2032 0.5751 0.2032 0.6001 0.1014 0.6001
3 0.5522 0.5487 0.6361 0.5487 0.6361 0.5685 0.5522 0.5685
3 0.8496 0.0088 0.8558 0.0088 0.8558 0.0524 0.8496 0.0524
4 0.3222 0.4751 0.3272 0.4751 0.3272 0.5025 0.3222 0.5025
4 0.2474 0.1764 0.3066 0.1764 0.3066 0.1920 0.2474 0.1920
4 0.3925 0.0080 0.4132 0.0080 0.4132 0.0228 0.3925 0.0228
4 0.0805 0.5718 0.0950 0.5718 0.0950 0.5854 0.0805 0.5854
6 0.8600 0.1490 0.8940 0.1490 0.8940 0.1970 0.8600 0.1970
6 0.7248 0.0735 0.7561 0.0735 0.7561 0.0837 0.7248 0.0837
6 0.3508 0.0782 0.6309 0.0782 0.6309 0.2758 0.3508 0.2758
6 0.8550 0.8059 0.9244 0.8059 0.9244 0.8385 0.8550 0.8385
7 0.2147 0.5910 0.2250 0.5910 0.2250 0.6194 0.2147 0.6194
7 0.7308 0.1222 0.7569 0.1222 0.7569 0.1910 0.7308 0.1910
7 0.8329 0.3239 0.8540 0.3239 0.8540 0.4245 0.8329 0.4245
7 0.7259 0.4668 0.7307 0.4668 0.7307 0.4796 0.7259 0.4796
9 0.3702 0.2987 0.4506 0.2987 0.4506 0.3753 0.3702 0.3753
9 0.7874 0.0463 0.8226 0.0463 0.8226 0.2529 0.7874 0.2529
9 0.6407 0.0027 0.6964 0.0027 0.6964 0.1865 0.6407 0.1865
12 0.8045 0.7687 0.8107 0.7687 0.8107 1.0001 0.8045 1.0001
12 0.0405 0.9460 0.2037 0.9460 0.2037 0.9744 0.0405 0.9744
12 0.1002 0.8107 0.1127 0.8107 0.1127 0.8737 0.1002 0.8737
12 0.6628 0.9107 0.7512 0.9107 0.7512 0.9501 0.6628 0.9501
13 0.3279 0.5960 0.3290 0.5960 0.3290 0.6768 0.3279 0.6768
13 0.9385 0.6312 0.9612 0.6312 0.9612 0.6404 0.9385 0.6404
13 0.6963 0.0491 0.7100 0.0491 0.7100 0.0957 0.6963 0.0957
13 0.3162 0.9515 0.3335 0.9515 0.3335 0.9641 0.3162 0.9641
15 0.9576 0.9099 0.9832 0.9099 0.9832 0.9641 0.9576 0.9641
15 0.1657 0.4862 0.2274 0.4862 0.2274 0.5586 0.1657 0.5586
15 0.6745 0.7994 0.7252 0.7994 0.7252 0.8430 0.6745 0.8430
15 0.5266 0.0162 0.5826 0.0162 0.5826 0.0626 0.5266 0.0626
