0 0.3625 0.2375 0.5192 0.2375 0.5192 0.6989 0.3625 0.6989
0 0.8902 0.6807 0.9601 0.6807 0.9601 0.9853 0.8902 0.9853
0 0.2427 0.5400 0.2835 0.5400 0.2835 0.8560 0.2427 0.8560
0 0.7925 0.1752 0.9261 0.1752 0.9261 0.6804 0.7925 0.6804
1 0.4113 0.7244 0.4164 0.7244 0.4164 0.7428 0.4113 0.7428
1 0.5303 0.3130 0.5455 0.3130 0.5455 0.3458 0.5303 0.3458
1 0.5743 0.8703 0.5777 0.8703 0.5777 0.9153 0.5743 0.9153
1 0.3094 0.4687 0.3169 0.4687 0.3169 0.4961 0.3094 0.4961
2 0.0077 0.1919 0.0709 0.1919 0.0709 0.3449 0.0077 0.3449
2 0.0177 0.1048 0.1360 0.1048 0.1360 0.1836 0.0177 0.1836
2 0.0993 0.1844 0.2199 0.1844 0.2199 0.2564 0.0993 0.2564
2 0.7397 0.0096 0.8960 0.0096 0.8960 0.1016 0.7397 0.1016
3 0.5902 0.7159 0.6123 0.7159 0.6123 0.8853 0.5902 0.8853
3 0.5911 0.3507 0.6095 0.3507 0.6095 0.4225 0.5911 0.4225
3 0.6726 0.2666 0.7360 0.2666 0.7360 0.2882 0.6726 0.2882
3 0.7356 0.7984 0.7978 0.7984 0.7978 0.8200 0.7356 0.8200
4 0.2965 0.7024 0.3003 0.7024 0.3003 0.7256 0.2965 0.7256
4 0.7368 0.2131 0.7543 0.2131 0.7543 0.2249 0.7368 0.2249
4 0.5716 0.2263 0.6092 0.2263 0.6092 0.2461 0.5716 0.2461
4 0.7942 0.8640 0.8098 0.8640 0.8098 0.8752 0.7942 0.8752
6 0.4373 0.8852 0.5041 0.8852 0.5041 0.9480 0.4373 0.9480
6 0.7545 0.7504 0.7867 0.7504 0.7867 0.7956 0.7545 0.7956
6 0.1456 0.7315 0.2124 0.7315 0.2124 0.9197 0.1456 0.9197
6 0.0520 0.8999 0.1249 0.8999 0.1249 0.9685 0.0520 0.9685
7 0.2994 0.0708 0.3169 0.0708 0.3169 0.2400 0.2994 0.2400
7 0.5217 0.7355 0.5272 0.7355 0.5272 0.7485 0.5217 0.7485
7 0.1285 0.2975 0.1572 0.2975 0.1572 0.3977 0.1285 0.3977
7 0.6256 0.3519 0.6455 0.3519 0.6455 0.3593 0.6256 0.3593
9 0.6451 0.5278 0.7106 0.5278 0.7106 0.8658 0.6451 0.8658
9 0.0025 0.5256 0.1227 0.5256 0.1227 0.5984 0.0025 0.5984
9 0.1770 0.0351 0.2558 0.0351 0.2558 0.1101 0.1770 0.1101
9 0.2557 0.2748 0.3029 0.2748 0.3029 0.5180 0.2557 0.5180
12 0.4642 0.0571 0.7024 0.0571 0.7024 0.0985 0.4642 0.0985
12 0.7159 0.3747 0.7512 0.3747 0.7512 0.7153 0.7159 0.7153
12 0.3281 0.1911 0.3576 0.1911 0.3576 0.3225 0.3281 0.3225
12 0.3131 0.6054 0.3420 0.6054 0.3420 0.8090 0.3131 0.8090
13 0.1654 0.6063 0.1777 0.6063 0.1777 0.6309 0.1654 0.6309
13 0.6028 0.1083 0.6166 0.1083 0.6166 0.1241 0.6028 0.1241
13 0.9602 0.7032 0.9681 0.7032 0.9681 0.7240 0.9602 0.7240
13 0.1966 0.2574 0.2497 0.2574 0.2497 0.3530 0.1966 0.3530
15 0.9484 0.0828 0.9836 0.0828 0.9836 0.1332 0.9484 0.1332
15 0.4276 0.7648 0.5470 0.7648 0.5470 0.8672 0.4276 0.8672
15 0.1817 0.5612 0.2334 0.5612 0.2334 0.6032 0.1817 0.6032
15 0.5462 0.6063 0.6107 0.6063 0.6107 0.7017 0.5462 0.7017
