0 0.8431 0.5807 0.9849 0.5807 0.9849 0.9425 0.8431 0.9425
0 0.1579 0.0991 0.3764 0.0991 0.3764 0.8273 0.1579 0.8273
0 0.5741 0.4907 0.6936 0.4907 0.6936 0.8425 0.5741 0.8425
0 0.1457 0.8371 0.4537 0.8371 0.4537 0.9133 0.1457 0.9133
1 0.5896 0.4114 0.5932 0.4114 0.5932 0.4430 0.5896 0.4430
1 0.8477 0.1220 0.8555 0.1220 0.8555 0.1376 0.8477 0.1376
1 0.0282 0.1934 0.0326 0.1934 0.0326 0.2314 0.0282 0.2314
1 0.5288 0.5258 0.5452 0.5258 0.5452 0.5590 0.5288 0.5590
2 0.7240 0.6982 0.8366 0.6982 0.8366 0.7898 0.7240 0.7898
2 0.4545 0.7060 0.5029 0.7060 0.5029 0.8588 0.4545 0.8588
2 0.4359 0.0446 0.5489 0.0446 0.5489 0.1122 0.4359 0.1122
2 0.6936 0.4563 0.8013 0.4563 0.8013 0.6213 0.6936 0.6213
3 0.0400 0.7355 0.0560 0.7355 0.0560 0.7981 0.0400 0.7981
3 0.7986 0.8947 0.8132 0.8947 0.8132 0.9985 0.7986 0.9985
3 0.1046 0.0446 0.1606 0.0446 0.1606 0.0666 0.1046 0.0666
3 0.1410 0.3403 0.1490 0.3403 0.1490 0.3965 0.1410 0.3965
4 0.0917 0.2448 0.0961 0.2448 0.0961 0.2504 0.0917 0.2504
4 0.6216 0.3307 0.6527 0.3307 0.6527 0.3497 0.6216 0.3497
4 0.4291 0.3626 0.4486 0.3626 0.4486 0.3730 0.4291 0.3730
4 0.7399 0.2471 0.7676 0.2471 0.7676 0.3085 0.7399 0.3085
6 0.7014 0.1119 0.7537 0.1119 0.7537 0.1365 0.7014 0.1365
6 0.8202 0.3466 0.9989 0.3466 0.9989 0.4726 0.8202 0.4726
6 0.5041 0.1387 0.5479 0.1387 0.5479 0.1593 0.5041 0.1593
6 0.6576 0.9152 0.6787 0.9152 0.6787 0.9220 0.6576 0.9220
7 0.5156 0.2239 0.5235 0.2239 0.5235 0.2501 0.5156 0.2501
7 0.3854 0.1856 0.4321 0.1856 0.4321 0.3520 0.3854 0.3520
7 0.0020 0.1715 0.0269 0.1715 0.0269 0.2505 0.0020 0.2505
7 0.8764 0.0738 0.9264 0.0738 0.9264 0.1074 0.8764 0.1074
9 0.0251 0.3892 0.0895 0.3892 0.0895 0.7216 0.0251 0.7216
9 0.7731 0.1915 0.9800 0.1915 0.9800 0.3169 0.7731 0.3169
9 0.5754 0.0079 0.6120 0.0079 0.6120 0.1969 0.5754 0.1969
9 0.8645 0.1232 0.9849 0.1232 0.9849 0.1624 0.8645 0.1624
12 0.2651 0.9378 0.5232 0.9378 0.5232 0.9954 0.2651 0.9954
12 0.3959 0.5355 0.4218 0.5355 0.4218 0.6513 0.3959 0.6513
12 0.0931 0.3095 0.1509 0.3095 0.1509 0.3253 0.0931 0.3253
12 0.1988 0.0679 0.3535 0.0679 0.3535 0.0949 0.1988 0.0949
13 0.4884 0.1638 0.5176 0.1638 0.5176 0.1914 0.4884 0.1914
13 0.7891 0.8387 0.8186 0.8387 0.8186 0.8653 0.7891 0.8653
13 0.1353 0.2115 0.1532 0.2115 0.1532 0.2197 0.1353 0.2197
13 0.8190 0.4603 0.8201 0.4603 0.8201 0.5429 0.8190 0.5429
15 0.6617 0.2651 0.7352 0.2651 0.7352 0.3997 0.6617 0.3997
15 0.4436 0.2295 0.4627 0.2295 0.4627 0.2657 0.4436 0.2657
15 0.0568 0.7974 0.1346 0.7974 0.1346 0.9018 0.0568 0.9018
15 0.5031 0.7063 0.5589 0.7063 0.5589 0.8085 0.5031 0.8085
