0 0.2691 0.5762 0.3589 0.5762 0.3589 0.7642 0.2691 0.7642
0 0.7157 0.3794 0.8572 0.3794 0.8572 0.5894 0.7157 0.5894
0 0.4008 0.2311 0.5443 0.2311 0.5443 0.4757 0.4008 0.4757
0 0.1442 0.6867 0.2518 0.6867 0.2518 0.9117 0.1442 0.9117
1 0.8591 0.7696 0.8609 0.7696 0.8609 0.7860 0.8591 0.7860
1 0.7977 0.0875 0.8069 0.0875 0.8069 0.1073 0.7977 0.1073
1 0.2508 0.0835 0.2609 0.0835 0.2609 0.1921 0.2508 0.1921
1 0.5831 0.9030 0.5975 0.9030 0.5975 0.9154 0.5831 0.9154
2 0.0176 0.5315 0.0467 0.5315 0.0467 0.5537 0.0176 0.5537
2 0.5986 0.8419 0.7706 0.8419 0.7706 0.8677 0.5986 0.8677
2 0.2242 0.3427 0.2738 0.3427 0.2738 0.3785 0.2242 0.3785
2 0.8043 0.6699 0.9117 0.6699 0.9117 0.7341 0.8043 0.7341
3 0.3777 0.5695 0.3897 0.5695 0.3897 0.6593 0.3777 0.6593
3 0.0103 0.2023 0.0266 0.2023 0.0266 0.2661 0.0103 0.2661
3 0.5811 0.4856 0.6677 0.4856 0.6677 0.5068 0.5811 0.5068
3 0.0599 0.5322 0.0867 0.5322 0.0867 0.5414 0.0599 0.5414
4 0.0665 0.2876 0.0766 0.2876 0.0766 0.3908 0.0665 0.3908
4 0.0962 0.9268 0.1069 0.9268 0.1069 0.9412 0.0962 0.9412
4 0.4076 0.4940 0.4138 0.4940 0.4138 0.5588 0.4076 0.5588
4 0.1696 0.0011 0.2115 0.0011 0.2115 0.0117 0.1696 0.0117
6 0.0504 0.0082 0.1099 0.0082 0.1099 0.0918 0.0504 0.0918
6 0.2697 0.0191 0.3492 0.0191 0.3492 0.1309 0.2697 0.1309
6 0.3259 0.5043 0.3758 0.5043 0.3758 0.5513 0.3259 0.5513
6 0.7222 0.6236 0.7926 0.6236 0.7926 0.8220 0.7222 0.8220
7 0.0982 0.1395 0.1233 0.1395 0.1233 0.1949 0.0982 0.1949
7 0.7173 0.2118 0.7384 0.2118 0.7384 0.2706 0.7173 0.2706
7 0.4451 0.4927 0.4692 0.4927 0.4692 0.5685 0.4451 0.5685
7 0.2942 0.3123 0.3167 0.3123 0.3167 0.3857 0.2942 0.3857
9 0.8945 0.1715 0.9369 0.1715 0.9369 0.3197 0.8945 0.3197
9 0.4179 0.7070 0.4935 0.7070 0.4935 0.7790 0.4179 0.7790
9 0.2480 0.4018 0.3840 0.4018 0.3840 0.4466 0.2480 0.4466
9 0.5442 0.2415 0.5818 0.2415 0.5818 0.4293 0.5442 0.4293
12 0.9599 0.0983 0.9724 0.0983 0.9724 0.5309 0.9599 0.5309
12 0.6459 0.0316 0.6801 0.0316 0.6801 0.2012 0.6459 0.2012
12 0.1263 0.2644 0.1406 0.2644 0.1406 0.4316 0.1263 0.4316
13 0.6819 0.6392 0.7030 0.6392 0.7030 0.6488 0.6819 0.6488
13 0.4188 0.0791 0.4358 0.0791 0.4358 0.0913 0.4188 0.0913
13 0.2002 0.6467 0.2184 0.6467 0.2184 0.6633 0.2002 0.6633
13 0.9610 0.8870 0.9710 0.8870 0.9710 0.8998 0.9610 0.8998
15 0.4168 0.9050 0.4638 0.9050 0.4638 0.9714 0.4168 0.9714
15 0.6971 0.2907 0.7249 0.2907 0.7249 0.3313 0.6971 0.3313
15 0.5320 0.1115 0.6192 0.1115 0.6192 0.1973 0.5320 0.1973
15 0.8602 0.8875 0.9216 0.8875 0.9216 0.9561 0.8602 0.9561
