0 0.2802 0.1776 0.4724 0.1776 0.4724 0.5136 0.2802 0.5136
0 0.3716 0.0707 0.4235 0.0707 0.4235 0.1477 0.3716 0.1477
0 0.7739 0.2758 0.8198 0.2758 0.8198 0.6310 0.7739 0.6310
0 0.8644 0.4867 0.9813 0.4867 0.9813 0.7309 0.8644 0.7309
1 0.1842 0.2911 0.2106 0.2911 0.2106 0.3577 0.1842 0.3577
1 0.1485 0.8562 0.1720 0.8562 0.1720 0.8690 0.1485 0.8690
1 0.9621 0.9182 0.9727 0.9182 0.9727 0.9410 0.9621 0.9410
1 0.4308 0.5226 0.4369 0.5226 0.4369 0.5870 0.4308 0.5870
2 0.1079 0.6867 0.2178 0.6867 0.2178 0.7761 0.1079 0.7761
2 0.8302 0.7546 0.9166 0.7546 0.9166 0.7658 0.8302 0.7658
2 0.4674 0.8899 0.5340 0.8899 0.5340 0.9381 0.4674 0.9381
2 0.9347 0.2207 0.9838 0.2207 0.9838 0.2889 0.9347 0.2889
3 0.1554 0.5791 0.2252 0.5791 0.2252 0.6029 0.1554 0.6029
3 0.3810 0.5652 0.3853 0.5652 0.3853 0.6336 0.3810 0.6336
3 0.8591 0.1811 0.9421 0.1811 0.9421 0.2065 0.8591 0.2065
3 0.2354 0.8996 0.3335 0.8996 0.3335 0.9256 0.2354 0.9256
4 0.0722 0.0414 0.0743 0.0414 0.0743 0.0442 0.0722 0.0442
4 0.7442 0.5252 0.7647 0.5252 0.7647 0.5552 0.7442 0.5552
4 0.3519 0.9179 0.3595 0.9179 0.3595 0.9277 0.3519 0.9277
4 0.6819 0.8275 0.8064 0.8275 0.8064 0.8665 0.6819 0.8665
6 0.0742 0.1619 0.1704 0.1619 0.1704 0.4329 0.0742 0.4329
6 0.5908 0.3267 0.6718 0.3267 0.6718 0.3649 0.5908 0.3649
6 0.7331 0.8919 0.7812 0.8919 0.7812 0.9373 0.7331 0.9373
6 0.4848 0.5670 0.5726 0.5670 0.5726 0.6906 0.4848 0.6906
7 0.6105 0.0867 0.6192 0.0867 0.6192 0.1245 0.6105 0.1245
7 0.6397 0.0126 0.6846 0.0126 0.6846 0.0562 0.6397 0.0562
7 0.7014 0.1264 0.7923 0.1264 0.7923 0.1528 0.7014 0.1528
7 0.8143 0.2292 0.8335 0.2292 0.8335 0.2348 0.8143 0.2348
9 0.3959 0.8306 0.4372 0.8306 0.4372 0.9746 0.3959 0.9746
9 0.2928 0.6154 0.3132 0.6154 0.3132 0.7350 0.2928 0.7350
9 0.4808 0.8295 0.6541 0.8295 0.6541 0.8865 0.4808 0.8865
9 0.5599 0.2908 0.5907 0.2908 0.5907 0.4408 0.5599 0.4408
12 0.0597 0.9624 0.1589 0.9624 0.1589 0.9720 0.0597 0.9720
12 0.1593 0.9528 0.2587 0.9528 0.2587 0.9924 0.1593 0.9924
12 0.8162 0.1370 0.8969 0.1370 0.8969 0.1582 0.8162 0.1582
12 0.8919 0.3095 0.9341 0.3095 0.9341 0.3493 0.8919 0.3493
13 0.5797 0.6383 0.5835 0.6383 0.5835 0.6493 0.5797 0.6493
13 0.0464 0.2802 0.0601 0.2802 0.0601 0.2978 0.0464 0.2978
13 0.0208 0.5382 0.0289 0.5382 0.0289 0.5458 0.0208 0.5458
13 0.0740 0.7584 0.0820 0.7584 0.0820 0.7748 0.0740 0.7748
15 0.3373 0.7447 0.3644 0.7447 0.3644 0.7841 0.3373 0.7841
15 0.8425 0.4418 0.8672 0.4418 0.8672 0.4774 0.8425 0.4774
15 0.3693 0.6687 0.4518 0.6687 0.4518 0.7389 0.3693 0.7389
15 0.6934 0.2900 0.7498 0.2900 0.7498 0.3384 0.6934 0.3384
