0 0.5194 0.1288 0.6483 0.1130 0.6720 0.4928 0.5431 0.5086
0 0.3365 0.3926 0.4549 0.0019 0.5807 0.0766 0.4622 0.4673
0 0.3944 0.1644 0.5003 0.1436 0.5404 0.5436 0.4346 0.5644
0 0.2506 0.7091 0.1731 0.8002 0.1043 0.6853 0.1817 0.5942
1 0.5776 0.4669 0.5720 0.4785 0.5087 0.4187 0.5143 0.4071
1 0.8681 0.4614 0.8709 0.4635 0.8624 0.4858 0.8597 0.4837
1 0.0570 0.1835 0.0617 0.1815 0.0704 0.2217 0.0658 0.2237
1 0.2937 0.2690 0.2961 0.2662 0.3075 0.2858 0.3050 0.2886
2 0.6335 0.7137 0.6282 0.6529 0.6991 0.6407 0.7044 0.7015
2 0.2170 0.4518 0.2130 0.1318 0.2607 0.1306 0.2647 0.4506
2 0.6727 0.5962 0.6407 0.5246 0.6599 0.5078 0.6918 0.5794
2 0.0843 0.5386 0.2832 0.5630 0.2757 0.6838 0.0768 0.6594
3 0.4485 0.6097 0.4479 0.6010 0.5203 0.5903 0.5210 0.5990
3 0.8140 0.2073 0.7241 0.1689 0.7288 0.1475 0.8187 0.1859
3 0.2438 0.9044 0.2287 0.9129 0.1953 0.7972 0.2104 0.7887
3 0.5212 0.3228 0.4503 0.2365 0.4608 0.2196 0.5317 0.3059
4 0.1811 0.1200 0.2626 0.1969 0.2503 0.2224 0.1688 0.1455
4 0.6711 0.6983 0.6898 0.7160 0.6846 0.7269 0.6659 0.7092
4 0.5290 0.6988 0.5185 0.6951 0.5213 0.6796 0.5318 0.6833
4 0.2998 0.7811 0.3046 0.8128 0.2825 0.8193 0.2777 0.7876
6 0.7032 0.3033 0.6539 0.2389 0.7465 0.0999 0.7958 0.1643
6 0.7351 0.3060 0.6854 0.3060 0.6854 0.2592 0.7351 0.2592
6 0.7848 0.2262 0.9746 0.1936 0.9863 0.3274 0.7966 0.3600
6 0.5245 0.5673 0.4902 0.5614 0.4912 0.5503 0.5255 0.5562
7 0.2566 0.7539 0.2944 0.7786 0.2620 0.8757 0.2242 0.8510
7 0.5969 0.4493 0.5900 0.4310 0.6162 0.4115 0.6232 0.4298
7 0.7499 0.9742 0.7625 0.9623 0.7655 0.9686 0.7530 0.9805
7 0.6104 0.8187 0.6165 0.8015 0.6473 0.8225 0.6413 0.8397
9 0.5596 0.3491 0.6163 0.3589 0.6116 0.4129 0.5548 0.4031
9 0.6346 0.5962 0.5970 0.6009 0.5888 0.4698 0.6264 0.4651
9 0.3900 0.2605 0.3955 0.1131 0.4386 0.1163 0.4331 0.2637
9 0.1893 0.5635 0.2304 0.5867 0.1693 0.7985 0.1282 0.7753
12 0.7052 0.4838 0.7181 0.5014 0.6728 0.5670 0.6599 0.5494
12 0.7753 0.8416 0.8282 0.7319 0.8495 0.7520 0.7966 0.8617
12 0.7934 0.2614 0.8632 0.3699 0.8411 0.3978 0.7714 0.2893
12 0.3251 0.6561 0.3470 0.6443 0.3700 0.7283 0.3482 0.7401
13 0.8754 0.4691 0.9149 0.4701 0.9146 0.4949 0.8751 0.4939
13 0.7025 0.6488 0.7064 0.6617 0.6964 0.6676 0.6925 0.6547
13 0.2567 0.4841 0.2447 0.4669 0.2491 0.4611 0.2610 0.4783
13 0.5869 0.2192 0.5845 0.2019 0.5946 0.1992 0.5970 0.2165
15 0.6927 0.8062 0.6616 0.8024 0.6653 0.7434 0.6964 0.7472
15 0.9607 0.9220 0.9302 0.9030 0.9441 0.8592 0.9747 0.8782
15 0.3239 0.9618 0.2766 0.8317 0.3481 0.7806 0.3954 0.9107
15 0.2729 0.6233 0.2150 0.6060 0.2251 0.5395 0.2830 0.5568
