0 0.3093 0.1428 0.3295 0.1040 0.5930 0.3720 0.5728 0.4108
0 0.5541 0.6857 0.3542 0.5305 0.3836 0.4563 0.5835 0.6115
0 0.9066 0.4541 0.8841 0.6325 0.6160 0.5663 0.6384 0.3879
0 0.6849 0.0611 0.7181 0.2626 0.3754 0.3733 0.3422 0.1718
1 0.6900 0.7813 0.6671 0.7445 0.7146 0.6867 0.7374 0.7235
1 0.2664 0.6364 0.2613 0.6446 0.2165 0.5900 0.2215 0.5818
1 0.0669 0.6508 0.0562 0.6415 0.0603 0.6324 0.0709 0.6417
1 0.6870 0.5970 0.6901 0.5871 0.7444 0.6210 0.7413 0.6309
2 0.3142 0.8465 0.1540 0.8426 0.1558 0.6991 0.3160 0.7030
2 0.5782 0.0475 0.5918 0.2028 0.5538 0.2093 0.5402 0.0540
2 0.1666 0.6316 0.1516 0.6766 0.1397 0.6688 0.1547 0.6238
2 0.1122 0.2549 0.1452 0.2148 0.1921 0.2903 0.1591 0.3304
3 0.2190 0.3912 0.2309 0.4583 0.2193 0.4624 0.2073 0.3953
3 0.9812 0.6553 0.9288 0.6314 0.9330 0.6131 0.9855 0.6370
3 0.2282 0.2489 0.2364 0.2402 0.2678 0.2987 0.2596 0.3074
3 0.2990 0.0662 0.3079 0.0471 0.3827 0.1150 0.3738 0.1341
4 0.3408 0.7880 0.3286 0.7644 0.3369 0.7560 0.3491 0.7796
4 0.5477 0.5375 0.5656 0.5171 0.5732 0.5301 0.5552 0.5505
4 0.7940 0.2806 0.8026 0.2744 0.8280 0.3442 0.8194 0.3504
4 0.2673 0.7457 0.2442 0.7451 0.2447 0.7063 0.2678 0.7069
6 0.9482 0.1053 0.9410 0.0826 0.9575 0.0723 0.9647 0.0950
6 0.4321 0.7789 0.4189 0.8588 0.3616 0.8403 0.3748 0.7604
6 0.3110 0.6780 0.2890 0.7540 0.2345 0.7232 0.2564 0.6472
6 0.8201 0.3110 0.8404 0.2239 0.8613 0.2334 0.8411 0.3205
7 0.2171 0.5282 0.2810 0.5251 0.2835 0.6254 0.2196 0.6285
7 0.8155 0.1022 0.8133 0.1232 0.8080 0.1222 0.8101 0.1012
7 0.8759 0.3549 0.8708 0.3176 0.9081 0.3075 0.9132 0.3448
7 0.8325 0.1029 0.8273 0.0829 0.8324 0.0803 0.8376 0.1003
9 0.3702 0.3812 0.4429 0.2556 0.4638 0.2792 0.3911 0.4048
9 0.1027 0.3727 0.1471 0.4230 0.1227 0.4653 0.0783 0.4150
9 0.6374 0.2681 0.6419 0.1963 0.7626 0.2111 0.7581 0.2829
9 0.0520 0.1338 0.1029 0.1238 0.1198 0.2918 0.0688 0.3018
12 0.5027 0.4156 0.5467 0.4135 0.5573 0.8380 0.5133 0.8401
12 0.6569 0.4026 0.6416 0.2678 0.6597 0.2638 0.6749 0.3986
12 0.7824 0.4566 0.8206 0.4641 0.8170 0.5002 0.7788 0.4927
12 0.3940 0.4892 0.3733 0.4640 0.4260 0.3792 0.4467 0.4044
13 0.7825 0.5520 0.7938 0.5350 0.8001 0.5432 0.7888 0.5602
13 0.5004 0.4517 0.4654 0.4649 0.4533 0.4019 0.4884 0.3887
13 0.1766 0.0787 0.1774 0.0963 0.1714 0.0969 0.1706 0.0793
13 0.2804 0.0813 0.2760 0.0581 0.2870 0.0539 0.2915 0.0771
15 0.3402 0.4640 0.3426 0.5619 0.2578 0.5660 0.2554 0.4681
15 0.9826 0.1070 0.9564 0.1257 0.9371 0.0726 0.9633 0.0539
15 0.7364 0.4090 0.8188 0.3802 0.8376 0.4858 0.7552 0.5146
15 0.3077 0.5008 0.3336 0.5905 0.2652 0.6292 0.2393 0.5395
