0 0.6718 0.5623 0.8238 0.9625 0.7733 1.0001 0.6214 0.5999
0 0.7795 0.5933 0.6759 0.6137 0.6331 0.1871 0.7366 0.1667
0 0.3787 0.2032 0.5061 0.2577 0.4295 0.6080 0.3022 0.5535
0 0.2675 0.3743 0.3964 0.4870 0.2497 0.8157 0.1208 0.7030
1 0.7540 0.8659 0.7616 0.8774 0.7423 0.9025 0.7347 0.8910
1 0.5201 0.5359 0.4948 0.5460 0.4925 0.5345 0.5177 0.5244
1 0.4934 0.8202 0.4911 0.8262 0.4648 0.8058 0.4672 0.7998
1 0.4057 0.7618 0.4069 0.7717 0.3886 0.7762 0.3874 0.7663
2 0.7944 0.5233 0.7651 0.5084 0.8536 0.1679 0.8829 0.1828
2 0.3886 0.5126 0.3488 0.5184 0.3403 0.4050 0.3801 0.3992
2 0.7304 0.5963 0.7518 0.7506 0.6993 0.7649 0.6779 0.6106
2 0.9821 0.2524 0.9570 0.2761 0.9525 0.2668 0.9776 0.2431
3 0.7428 0.2596 0.7560 0.2462 0.8084 0.3472 0.7952 0.3606
3 0.0668 0.1542 0.0570 0.0430 0.0709 0.0406 0.0807 0.1518
3 0.0894 0.5588 0.1572 0.4994 0.1646 0.5160 0.0968 0.5754
3 0.1958 0.1487 0.1896 0.1501 0.1782 0.0493 0.1844 0.0479
4 0.7616 0.2878 0.7783 0.2695 0.7992 0.3070 0.7826 0.3253
4 0.9697 0.3265 0.9600 0.3077 0.9731 0.2943 0.9829 0.3131
4 0.5943 0.8615 0.4827 0.9517 0.4783 0.9409 0.5899 0.8507
4 0.7610 0.0988 0.7655 0.0910 0.7904 0.1192 0.7859 0.1270
6 0.1404 0.4325 0.0763 0.4034 0.1182 0.2227 0.1823 0.2518
6 0.6963 0.1639 0.7069 0.2572 0.5728 0.2869 0.5623 0.1936
6 0.8095 0.5556 0.9978 0.6021 0.9810 0.7348 0.7928 0.6883
6 0.6159 0.9518 0.5588 0.9333 0.5721 0.8530 0.6292 0.8715
7 0.7027 0.8945 0.7042 0.8864 0.7350 0.8971 0.7335 0.9052
7 0.1114 0.4848 0.1301 0.5129 0.1234 0.5216 0.1047 0.4935
7 0.6086 0.9570 0.6204 0.9709 0.6166 0.9774 0.6047 0.9635
7 0.8882 0.6031 0.8946 0.6325 0.8367 0.6573 0.8303 0.6279
9 0.2754 0.6304 0.2754 0.6924 0.1123 0.6924 0.1123 0.6304
9 0.6316 0.5223 0.7455 0.5867 0.7327 0.6309 0.6188 0.5665
9 0.1887 0.8247 0.2154 0.7874 0.2819 0.8805 0.2552 0.9178
9 0.4994 0.1474 0.4667 0.2130 0.4348 0.1818 0.4676 0.1162
12 0.0431 0.6885 0.0584 0.6692 0.1723 0.8463 0.1570 0.8656
12 0.8619 0.6656 0.9207 0.6436 0.9273 0.6780 0.8685 0.7000
12 0.8407 0.3310 0.7587 0.6845 0.7185 0.6662 0.8005 0.3127
12 0.4214 0.5610 0.4583 0.6829 0.4346 0.6970 0.3977 0.5751
13 0.3393 0.4826 0.2443 0.4342 0.2461 0.4270 0.3412 0.4754
13 0.6977 0.2405 0.6580 0.2256 0.6634 0.1971 0.7032 0.2120
13 0.5394 0.6928 0.5338 0.6990 0.5134 0.6624 0.5190 0.6562
13 0.2437 0.4754 0.2415 0.4849 0.2100 0.4706 0.2122 0.4611
15 0.0750 0.2322 0.0210 0.2242 0.0264 0.1518 0.0804 0.1598
15 0.0817 0.6168 0.1274 0.5703 0.1623 0.6376 0.1166 0.6841
15 0.2351 0.8320 0.2357 0.8800 0.2017 0.8808 0.2011 0.8328
15 0.1128 0.1916 0.1621 0.1451 0.1897 0.2024 0.1405 0.2489
