0 0.8073 0.1035 0.8412 0.1102 0.7959 0.5617 0.7619 0.5550
0 0.5845 0.8493 0.4057 0.6929 0.4838 0.5179 0.6626 0.6743
0 0.2335 0.0991 0.5572 0.1070 0.5562 0.1869 0.2325 0.1790
0 0.6444 0.2439 0.6879 0.4707 0.4856 0.5465 0.4421 0.3197
1 0.3665 0.8133 0.3479 0.7983 0.3521 0.7883 0.3706 0.8033
1 0.2453 0.6342 0.2441 0.6276 0.2733 0.6174 0.2744 0.6240
1 0.0525 0.0243 0.0827 -0.0001 0.1141 0.0761 0.0839 0.1005
1 0.8236 0.6486 0.8267 0.6495 0.8233 0.6742 0.8202 0.6733
2 0.7856 0.2118 0.8267 0.1199 0.8444 0.1354 0.8033 0.2273
2 0.1667 0.5880 0.1042 0.7176 0.0725 0.6876 0.1349 0.5580
2 0.2091 0.3864 0.2866 0.3864 0.2866 0.4156 0.2091 0.4156
2 0.0345 0.6886 0.0322 0.6580 0.0984 0.6482 0.1007 0.6788
3 0.8013 0.6181 0.7331 0.5996 0.7356 0.5815 0.8038 0.6000
3 0.4923 0.2603 0.5009 0.2811 0.4254 0.3421 0.4168 0.3213
3 0.5892 0.3425 0.5822 0.3320 0.6202 0.2823 0.6272 0.2928
3 0.7227 0.1423 0.7258 0.1499 0.6627 0.2009 0.6596 0.1933
4 0.3857 0.0732 0.3706 0.1013 0.3628 0.0932 0.3780 0.0651
4 0.6365 0.2872 0.6390 0.2916 0.6361 0.2948 0.6336 0.2904
4 0.8470 0.0365 0.8453 0.0424 0.8267 0.0319 0.8284 0.0260
4 0.0823 0.0291 0.0977 0.0059 0.1046 0.0149 0.0892 0.0381
6 0.4966 0.7350 0.3737 0.9400 0.3000 0.8534 0.4228 0.6484
6 0.5504 0.5216 0.5676 0.4431 0.6238 0.4672 0.6067 0.5457
6 0.5097 0.1554 0.5115 0.1308 0.5294 0.1334 0.5276 0.1580
6 0.4507 0.3954 0.3853 0.3726 0.4181 0.1882 0.4836 0.2110
7 0.7714 0.8368 0.7406 0.8368 0.7406 0.7376 0.7714 0.7376
7 0.5804 0.7776 0.5651 0.7950 0.5405 0.7524 0.5558 0.7350
7 0.7412 0.7364 0.7539 0.7458 0.7202 0.8344 0.7076 0.8250
7 0.0653 0.2733 0.0605 0.2665 0.0698 0.2535 0.0746 0.2603
9 0.3058 0.1547 0.3421 0.1692 0.3162 0.2957 0.2799 0.2812
9 0.8361 0.3414 0.6626 0.5313 0.6307 0.4742 0.8043 0.2843
9 0.6862 0.8555 0.7047 0.8224 0.8035 0.9305 0.7850 0.9636
9 0.2538 0.4221 0.2451 0.5085 0.0997 0.4799 0.1083 0.3935
12 0.7000 0.8041 0.6993 0.8329 0.5960 0.8279 0.5967 0.7991
12 0.9928 0.7646 0.9634 0.7504 0.9697 0.7246 0.9992 0.7388
12 0.7964 0.1647 0.8040 0.1875 0.7450 0.2261 0.7374 0.2033
12 0.3307 0.5848 0.3487 0.5526 0.3624 0.5676 0.3445 0.5998
13 0.8537 0.3548 0.8505 0.3613 0.8385 0.3496 0.8418 0.3431
13 0.0721 0.9347 0.0790 0.9449 0.0710 0.9553 0.0642 0.9451
13 0.1200 0.3981 0.0991 0.3844 0.1183 0.3267 0.1392 0.3404
13 0.5639 0.2108 0.5803 0.2337 0.5712 0.2464 0.5548 0.2235
15 0.2925 0.2639 0.2956 0.3045 0.2572 0.3101 0.2542 0.2695
15 0.2689 0.3168 0.3027 0.3251 0.2968 0.3720 0.2630 0.3637
15 0.8998 0.4287 0.9116 0.5131 0.8327 0.5345 0.8210 0.4501
15 0.1642 0.4132 0.1916 0.3182 0.2478 0.3500 0.2204 0.4450
