0 0.2424 0.8382 0.1174 0.7913 0.1879 0.4230 0.3129 0.4699
0 0.2509 0.2588 0.4404 0.4377 0.4065 0.5080 0.2170 0.3291
0 0.2690 0.4052 0.1416 0.3507 0.2182 0.0004 0.3455 0.0549
0 0.7212 0.0818 0.7247 0.1749 0.6745 0.1786 0.6710 0.0855
1 0.8073 0.6240 0.8178 0.6142 0.8221 0.6232 0.8117 0.6330
1 0.5246 0.8818 0.5275 0.8834 0.5211 0.9070 0.5182 0.9054
1 0.2894 0.9741 0.2839 0.9583 0.2909 0.9535 0.2964 0.9693
1 0.0366 0.1373 0.0354 0.1134 0.0385 0.1131 0.0397 0.1370
2 0.3214 0.6274 0.3745 0.5447 0.4055 0.5838 0.3524 0.6665
2 0.1585 0.5282 0.1434 0.4914 0.1503 0.4858 0.1655 0.5226
2 0.1461 0.0793 0.1157 0.0547 0.1359 0.0059 0.1663 0.0305
2 0.6224 0.3816 0.5876 0.3842 0.5831 0.2644 0.6179 0.2618
3 0.4384 0.3654 0.3720 0.4280 0.3642 0.4118 0.4305 0.3492
3 0.5443 0.3078 0.5193 0.3766 0.5071 0.3678 0.5321 0.2990
3 0.8823 0.6855 0.9373 0.6909 0.9363 0.7101 0.8813 0.7047
3 0.7964 0.4126 0.8047 0.5445 0.7882 0.5466 0.7799 0.4147
4 0.1601 0.0713 0.1534 0.0340 0.1639 0.0303 0.1706 0.0676
4 0.6259 0.1368 0.6269 0.1430 0.6113 0.1480 0.6103 0.1418
4 0.7961 0.8156 0.8104 0.8678 0.8048 0.8708 0.7905 0.8186
4 0.0011 0.5440 0.0183 0.5296 0.0346 0.5676 0.0175 0.5820
6 0.9454 0.4853 0.8957 0.4418 0.9269 0.3719 0.9766 0.4154
6 0.8682 0.4317 0.8560 0.3515 0.9136 0.3343 0.9257 0.4145
6 0.4366 0.7508 0.3353 0.9778 0.2537 0.9064 0.3550 0.6794
6 0.0918 0.0500 0.0669 0.0836 0.0614 0.0756 0.0862 0.0420
7 0.9683 0.9282 0.9671 0.9368 0.9503 0.9322 0.9515 0.9236
7 0.3558 0.5555 0.3606 0.5663 0.3439 0.5809 0.3391 0.5701
7 0.0470 0.4820 0.0569 0.4624 0.0887 0.4936 0.0789 0.5132
7 0.8237 0.1656 0.8139 0.1436 0.8423 0.1188 0.8521 0.1408
9 0.5749 0.1604 0.5497 0.1833 0.4814 0.0360 0.5066 0.0131
9 0.7825 0.9153 0.7551 0.8922 0.8132 0.7567 0.8406 0.7798
9 0.3518 0.4018 0.2619 0.5037 0.2448 0.4742 0.3347 0.3723
9 0.1793 0.6425 0.1915 0.5867 0.3344 0.6479 0.3222 0.7037
12 0.6000 0.6708 0.5877 0.7006 0.5103 0.6380 0.5226 0.6082
12 0.1661 0.8206 0.1461 0.8368 0.1051 0.7374 0.1251 0.7212
12 0.1644 0.4912 0.2286 0.8517 0.1876 0.8660 0.1234 0.5055
12 0.4346 0.2747 0.4114 0.2792 0.4025 0.1901 0.4257 0.1856
13 0.7403 0.6672 0.7539 0.6410 0.7643 0.6516 0.7507 0.6778
13 0.9349 0.9003 0.7653 0.9422 0.7596 0.8973 0.9293 0.8554
13 0.3811 0.0224 0.3811 0.0252 0.2774 0.0252 0.2774 0.0224
13 0.7053 0.1248 0.6987 0.1243 0.6996 0.1020 0.7061 0.1025
15 0.5347 0.8758 0.5027 0.8921 0.4910 0.8470 0.5230 0.8307
15 0.4053 0.7422 0.3354 0.7648 0.3219 0.6830 0.3918 0.6604
15 0.2570 0.6679 0.3104 0.6705 0.3088 0.7345 0.2554 0.7319
15 0.1865 0.8638 0.2316 0.8492 0.2426 0.9158 0.1975 0.9304
