0 0.8796 0.1727 0.9290 0.2370 0.9026 0.2765 0.8533 0.2122
0 0.9208 0.7165 0.8140 0.7113 0.8241 0.3075 0.9309 0.3127
0 0.6967 0.5125 0.6240 0.4142 0.6984 0.3063 0.7712 0.4046
0 0.4795 0.6026 0.4281 0.9144 0.3691 0.8954 0.4205 0.5836
1 0.7250 0.5869 0.7182 0.5722 0.7247 0.5663 0.7315 0.5810
1 0.4565 0.1392 0.4569 0.1044 0.4604 0.1044 0.4599 0.1392
1 0.5533 0.1228 0.5518 0.1326 0.5336 0.1272 0.5351 0.1174
1 0.4151 0.8365 0.4085 0.8324 0.4161 0.8087 0.4226 0.8128
2 0.8044 0.5732 0.7756 0.5450 0.7987 0.4988 0.8275 0.5270
2 0.5751 0.3504 0.5888 0.3219 0.6038 0.3360 0.5900 0.3645
2 0.1011 0.7108 0.0205 0.6430 0.0735 0.5196 0.1541 0.5874
2 0.1550 0.8645 0.1536 0.8366 0.1855 0.8335 0.1869 0.8614
3 0.7907 0.1120 0.7557 0.0631 0.7642 0.0512 0.7991 0.1001
3 0.9300 0.4528 0.9270 0.4292 0.9740 0.4176 0.9770 0.4412
3 0.1035 0.1813 0.0299 0.1397 0.0365 0.1167 0.1101 0.1583
3 0.9315 0.6573 0.9212 0.6765 0.8516 0.6031 0.8619 0.5839
4 0.7732 0.9155 0.7824 0.9243 0.7783 0.9329 0.7690 0.9241
4 0.5889 0.7900 0.5637 0.7900 0.5637 0.7764 0.5889 0.7764
4 0.7729 0.6635 0.7672 0.6641 0.7668 0.6577 0.7725 0.6571
4 0.9667 0.7778 0.9717 0.7724 0.9787 0.7850 0.9738 0.7904
6 0.2157 0.1588 0.0759 0.3413 0.0103 0.2428 0.1501 0.0603
6 0.1794 0.6961 0.1956 0.6303 0.2272 0.6455 0.2110 0.7113
6 0.6387 0.3280 0.5821 0.3794 0.5082 0.2200 0.5647 0.1686
6 0.4574 0.5590 0.3028 0.4017 0.3594 0.2926 0.5140 0.4499
7 0.7744 0.4721 0.7585 0.4514 0.7885 0.4063 0.8044 0.4270
7 0.0856 0.7306 0.0956 0.7064 0.1004 0.7102 0.0904 0.7344
7 0.6880 0.7908 0.6767 0.7766 0.7366 0.6836 0.7478 0.6978
7 0.4861 0.4719 0.4699 0.4861 0.4422 0.4241 0.4584 0.4099
9 0.5929 0.3088 0.5755 0.3464 0.4808 0.2604 0.4982 0.2228
9 0.4406 0.6988 0.4598 0.7345 0.3697 0.8296 0.3504 0.7939
9 0.6430 0.0811 0.6294 0.1186 0.5176 0.0389 0.5312 0.0014
9 0.5430 0.3009 0.4863 0.2911 0.4910 0.2371 0.5477 0.2469
12 0.7351 0.1774 0.7484 0.1995 0.6691 0.2926 0.6559 0.2705
12 0.5161 0.7810 0.4753 0.8041 0.3616 0.4102 0.4024 0.3871
12 0.5511 0.7595 0.5641 0.7146 0.6663 0.7725 0.6534 0.8174
12 0.2703 0.0929 0.2566 0.1261 0.1871 0.0699 0.2008 0.0367
13 0.1702 0.9576 0.1861 0.9486 0.1884 0.9564 0.1725 0.9654
13 0.8336 0.3907 0.8401 0.3876 0.8447 0.4061 0.8382 0.4092
13 0.4940 0.7807 0.4923 0.7913 0.4837 0.7885 0.4854 0.7779
13 0.8864 0.0657 0.8754 0.0840 0.8719 0.0799 0.8829 0.0616
15 0.6775 0.4425 0.5862 0.3233 0.6365 0.2479 0.7278 0.3671
15 0.0613 0.2049 0.0371 0.1382 0.0778 0.1091 0.1021 0.1758
15 0.1077 0.8139 0.1495 0.8724 0.1152 0.9205 0.0733 0.8620
15 0.7128 0.0304 0.7398 0.1045 0.7001 0.1328 0.6731 0.0587
