0 0.0932 0.0974 0.2395 0.1262 0.1905 0.6138 0.0442 0.5850
0 0.5104 0.7095 0.4527 0.8614 0.1770 0.6561 0.2347 0.5042
0 0.2516 0.3712 0.3451 0.2987 0.4850 0.6520 0.3915 0.7245
0 0.9686 0.5278 0.8604 0.7440 0.8003 0.6850 0.9084 0.4688
1 0.5876 0.2048 0.5848 0.1771 0.5907 0.1760 0.5935 0.2037
1 0.5438 0.1101 0.5371 0.1047 0.5668 0.0327 0.5735 0.0381
1 0.5486 0.4976 0.5376 0.4957 0.5408 0.4592 0.5518 0.4611
1 0.8816 0.0798 0.8785 0.0790 0.8816 0.0542 0.8847 0.0550
2 0.8304 0.6340 0.7231 0.4673 0.7993 0.3712 0.9066 0.5379
2 0.5666 0.5693 0.5176 0.5741 0.5154 0.5315 0.5644 0.5267
2 0.1398 0.5757 0.1388 0.5597 0.1565 0.5575 0.1575 0.5735
2 0.9487 0.7417 0.9612 0.7236 0.9795 0.7483 0.9670 0.7664
3 0.4061 0.1170 0.4008 0.1122 0.4405 0.0266 0.4458 0.0314
3 0.3407 0.5568 0.3533 0.5732 0.3207 0.6220 0.3082 0.6056
3 0.2913 0.7458 0.2854 0.7490 0.2593 0.6538 0.2652 0.6506
3 0.0891 0.1168 0.0227 0.0884 0.0266 0.0708 0.0930 0.0992
4 0.7533 0.1443 0.7641 0.1462 0.7627 0.1621 0.7519 0.1602
4 0.8278 0.8815 0.8324 0.8907 0.8265 0.8965 0.8219 0.8873
4 0.4772 0.7413 0.4691 0.7548 0.4240 0.7019 0.4321 0.6884
4 0.0990 0.7881 0.1145 0.7603 0.1221 0.7687 0.1067 0.7965
6 0.0726 0.9661 0.0388 0.9560 0.0405 0.9451 0.0743 0.9552
6 0.8627 0.3864 0.9082 0.3348 0.9453 0.3988 0.8998 0.4504
6 0.4077 0.4941 0.3945 0.4775 0.4066 0.4587 0.4197 0.4753
6 0.5234 0.4632 0.6463 0.6682 0.5726 0.7548 0.4497 0.5498
7 0.7332 0.2472 0.7274 0.2698 0.7231 0.2676 0.7289 0.2450
7 0.1480 0.4887 0.1408 0.5104 0.1102 0.4905 0.1175 0.4688
7 0.4454 0.8164 0.4243 0.7965 0.4669 0.7080 0.4880 0.7279
7 0.1654 0.4291 0.1698 0.4606 0.1260 0.4725 0.1217 0.4410
9 0.6221 0.8198 0.4868 0.6718 0.5325 0.5898 0.6678 0.7378
9 0.7016 0.7721 0.7303 0.5983 0.7590 0.6075 0.7303 0.7813
9 0.6266 0.2965 0.6247 0.3492 0.5308 0.3423 0.5328 0.2896
9 0.4861 0.5137 0.4370 0.4400 0.5584 0.2815 0.6075 0.3552
12 0.8562 0.3685 0.8033 0.2588 0.8246 0.2387 0.8775 0.3484
12 0.2156 0.0539 0.2396 0.0023 0.4941 0.2337 0.4701 0.2853
12 0.7845 0.7727 0.7980 0.7945 0.6695 0.9509 0.6560 0.9291
12 0.1379 0.7609 0.1165 0.7488 0.1472 0.6423 0.1687 0.6544
13 0.8932 0.9707 0.8984 0.9709 0.8979 0.9901 0.8928 0.9899
13 0.3705 0.2644 0.3759 0.2455 0.3958 0.2568 0.3903 0.2757
13 0.8346 0.2041 0.8267 0.2121 0.8229 0.2047 0.8307 0.1967
13 0.9410 0.4812 0.9114 0.5213 0.8967 0.5000 0.9263 0.4599
15 0.0575 0.6323 0.0930 0.7256 0.0536 0.7549 0.0182 0.6616
15 0.7600 0.3802 0.8155 0.3504 0.8314 0.4086 0.7760 0.4384
15 0.9278 0.9356 0.9253 0.8353 0.9853 0.8324 0.9878 0.9327
15 0.5568 0.7421 0.4979 0.7305 0.5041 0.6687 0.5630 0.6803
