0 0.6701 0.5795 0.5627 0.6629 0.4113 0.2805 0.5187 0.1971
0 0.6076 0.4144 0.5081 0.4597 0.4130 0.0500 0.5125 0.0047
0 0.9460 0.6543 0.9214 0.6877 0.6951 0.3597 0.7198 0.3263
0 0.7924 0.6752 0.8627 0.7770 0.7856 0.8812 0.7153 0.7794
1 0.3219 0.3961 0.3165 0.3915 0.3464 0.3219 0.3518 0.3265
1 0.9030 0.2391 0.9059 0.2398 0.8990 0.2945 0.8961 0.2938
1 0.8526 0.8590 0.8372 0.8798 0.8314 0.8714 0.8468 0.8506
1 0.8197 0.1062 0.8045 0.1500 0.7480 0.1114 0.7632 0.0676
2 0.9030 0.8057 0.9190 0.7971 0.9301 0.8375 0.9141 0.8461
2 0.2239 0.9938 0.2119 0.8879 0.3604 0.8550 0.3723 0.9609
2 0.2210 0.4559 0.2947 0.2620 0.3121 0.2749 0.2385 0.4688
2 0.8845 0.4532 0.9409 0.3164 0.9533 0.3264 0.8968 0.4632
3 0.9887 0.5700 0.9750 0.5713 0.9699 0.4692 0.9836 0.4679
3 0.1128 0.4192 0.1758 0.4743 0.1672 0.4936 0.1042 0.4385
3 0.8829 0.2763 0.9364 0.3485 0.9251 0.3649 0.8716 0.2927
3 0.4433 0.2800 0.4515 0.2887 0.4202 0.3468 0.4120 0.3381
4 0.5920 0.7233 0.5345 0.6955 0.5380 0.6811 0.5955 0.7089
4 0.6745 0.7559 0.6855 0.7743 0.6612 0.8029 0.6502 0.7845
4 0.5522 0.0373 0.5505 0.0094 0.5821 0.0055 0.5838 0.0334
4 0.0681 0.8448 0.0659 0.8504 0.0519 0.8396 0.0541 0.8340
6 0.6794 0.5605 0.6531 0.5015 0.6814 0.4767 0.7078 0.5357
6 0.3319 0.8925 0.3228 0.8115 0.3809 0.7987 0.3901 0.8797
6 0.8425 0.7337 0.7302 0.5172 0.8081 0.4379 0.9204 0.6544
6 0.8169 0.9841 0.8114 0.9605 0.8285 0.9527 0.8340 0.9763
7 0.6920 0.7026 0.5808 0.5854 0.5929 0.5630 0.7040 0.6802
7 0.8513 0.3688 0.8665 0.3654 0.8724 0.4172 0.8572 0.4206
7 0.9324 0.2388 0.9205 0.2321 0.9290 0.2028 0.9409 0.2095
7 0.7062 0.1775 0.7109 0.1828 0.7015 0.1989 0.6969 0.1936
9 0.0208 0.1972 0.0493 0.1842 0.0881 0.3512 0.0595 0.3642
9 0.6408 0.7581 0.7066 0.7171 0.7741 0.9295 0.7083 0.9705
9 0.3479 0.9637 0.1325 0.8995 0.1432 0.8287 0.3587 0.8929
9 0.4098 0.6226 0.3810 0.6342 0.3464 0.4654 0.3753 0.4538
12 0.9789 0.1222 0.9571 0.1598 0.8714 0.0626 0.8932 0.0250
12 0.2784 0.1535 0.2938 0.1783 0.2453 0.2373 0.2299 0.2125
12 0.7702 0.1080 0.8305 0.0531 0.8430 0.0800 0.7826 0.1349
12 0.0671 0.3113 0.0794 0.2838 0.1906 0.3811 0.1783 0.4086
13 0.8913 0.2858 0.8941 0.2728 0.9004 0.2754 0.8976 0.2884
13 0.3523 0.6985 0.3499 0.6899 0.3649 0.6819 0.3672 0.6905
13 0.7843 0.9548 0.7987 0.9516 0.8020 0.9812 0.7876 0.9844
13 0.1100 0.8372 0.0833 0.7838 0.1077 0.7600 0.1344 0.8134
15 0.9712 0.5243 0.9821 0.5497 0.9311 0.5925 0.9202 0.5671
15 0.6936 0.1540 0.7149 0.2316 0.6687 0.2564 0.6474 0.1788
15 0.5806 0.7111 0.5618 0.7246 0.5348 0.6505 0.5536 0.6370
15 0.9324 0.1210 0.9463 0.0846 0.9838 0.1126 0.9700 0.1490
