0 0.6025 0.3106 0.6918 0.4828 0.4678 0.7106 0.3785 0.5384
0 0.4370 0.4337 0.3998 0.5110 0.0944 0.2227 0.1317 0.1454
0 0.3462 0.3953 0.3170 0.3115 0.6481 0.0855 0.6772 0.1693
0 0.4545 0.0694 0.5121 0.1160 0.4870 0.1770 0.4293 0.1304
1 0.2445 0.2182 0.2431 0.2117 0.2718 0.1994 0.2732 0.2059
1 0.4943 0.7444 0.4992 0.7351 0.5460 0.7844 0.5410 0.7937
1 0.4476 0.7966 0.4618 0.8412 0.4044 0.8770 0.3902 0.8324
1 0.8554 0.4273 0.8477 0.3942 0.8509 0.3927 0.8586 0.4258
2 0.2853 0.6054 0.3412 0.6178 0.3373 0.6526 0.2814 0.6402
2 0.4006 0.1455 0.4106 0.2059 0.4014 0.2089 0.3914 0.1485
2 0.7983 0.5035 0.7232 0.5165 0.7186 0.4641 0.7937 0.4511
2 0.6742 0.6795 0.9653 0.4536 0.9935 0.5249 0.7024 0.7508
3 0.3107 0.6770 0.3079 0.6631 0.3579 0.6430 0.3607 0.6569
3 0.5302 0.8891 0.5394 0.8954 0.5167 0.9609 0.5074 0.9546
3 0.1240 0.1140 0.1202 0.1910 0.1065 0.1896 0.1104 0.1126
3 0.3232 0.1006 0.3119 0.1116 0.2700 0.0278 0.2812 0.0168
4 0.3091 0.4793 0.3190 0.4587 0.3266 0.4659 0.3167 0.4865
4 0.3855 0.4654 0.3432 0.4685 0.3428 0.4574 0.3850 0.4543
4 0.4615 0.2568 0.4417 0.2467 0.4533 0.2020 0.4732 0.2121
4 0.0146 0.3916 0.0146 0.3836 0.0194 0.3836 0.0194 0.3916
6 0.6658 0.1532 0.6405 0.1862 0.6351 0.1780 0.6603 0.1450
6 0.7087 0.4356 0.6971 0.4169 0.7107 0.4004 0.7223 0.4191
6 0.7091 0.7471 0.7586 0.7411 0.7615 0.7877 0.7120 0.7937
6 0.2611 0.6541 0.2789 0.5891 0.3101 0.6059 0.2923 0.6709
7 0.8194 0.1665 0.8159 0.1385 0.8477 0.1307 0.8512 0.1587
7 0.0773 0.7131 0.0652 0.7529 0.0207 0.7265 0.0328 0.6867
7 0.1723 0.5296 0.1723 0.6148 0.1423 0.6148 0.1423 0.5296
7 0.0875 0.6455 0.0691 0.7032 0.0576 0.6961 0.0760 0.6384
9 0.3476 0.8265 0.3311 0.7881 0.4278 0.7067 0.4443 0.7451
9 0.7373 0.2582 0.6750 0.2597 0.6724 0.0542 0.7347 0.0527
9 0.2328 0.4561 0.2646 0.4283 0.3354 0.5871 0.3037 0.6149
9 0.7444 0.1577 0.8122 0.0447 0.8453 0.0835 0.7775 0.1965
12 0.3340 0.5579 0.3112 0.5876 0.2980 0.5677 0.3208 0.5380
12 0.8771 0.6654 0.8938 0.7419 0.5184 0.9026 0.5017 0.8261
12 0.1488 0.4910 0.1359 0.4320 0.4261 0.3078 0.4389 0.3668
12 0.8853 0.8497 0.9102 0.8234 0.9219 0.8451 0.8970 0.8714
13 0.0301 0.6293 0.0239 0.6490 0.0087 0.6395 0.0150 0.6198
13 0.5033 0.2665 0.5096 0.2556 0.5181 0.2651 0.5118 0.2760
13 0.6215 0.3111 0.6272 0.3235 0.6191 0.3309 0.6133 0.3185
13 0.3417 0.8021 0.3411 0.8189 0.3331 0.8183 0.3337 0.8015
15 0.4366 0.7825 0.4306 0.8298 0.3971 0.8215 0.4031 0.7742
15 0.1231 0.6705 0.0951 0.6578 0.1083 0.6011 0.1363 0.6138
15 0.8089 0.6217 0.8730 0.5854 0.9006 0.6811 0.8365 0.7174
15 0.4700 0.9666 0.4533 0.8570 0.5112 0.8398 0.5278 0.9494
