0 0.7413 0.6125 0.4762 0.3526 0.5089 0.2871 0.7741 0.5470
0 0.6572 0.5645 0.5537 0.5441 0.5965 0.1175 0.7000 0.1379
0 0.1787 0.6346 0.3893 0.6501 0.3816 0.8562 0.1710 0.8407
0 0.5737 0.6327 0.5257 0.7910 0.2383 0.6201 0.2863 0.4618
1 0.9750 0.5098 0.9778 0.5091 0.9847 0.5638 0.9819 0.5645
1 0.4489 0.9444 0.4617 0.9658 0.4571 0.9712 0.4443 0.9498
1 0.7272 0.5639 0.7250 0.5665 0.7137 0.5469 0.7159 0.5443
1 0.4809 0.7708 0.4684 0.7805 0.4577 0.7536 0.4702 0.7439
2 0.1687 0.6427 0.1969 0.6714 0.1465 0.7685 0.1183 0.7398
2 0.4249 0.5929 0.3614 0.1355 0.4186 0.1199 0.4821 0.5773
2 0.7204 0.3899 0.7629 0.4202 0.7270 0.5189 0.6845 0.4886
2 0.5350 0.0015 0.5624 0.0562 0.4976 0.1197 0.4702 0.0650
3 0.9740 0.7643 0.9747 0.7730 0.9022 0.7837 0.9016 0.7750
3 0.2223 0.4688 0.2273 0.4459 0.3106 0.4816 0.3056 0.5045
3 0.7236 0.5639 0.7383 0.5739 0.6992 0.6861 0.6846 0.6761
3 0.7370 0.7860 0.7346 0.8097 0.6873 0.8004 0.6897 0.7767
4 0.6437 0.0490 0.6499 0.0220 0.6592 0.0262 0.6529 0.0532
4 0.5092 0.5166 0.5090 0.5242 0.4939 0.5234 0.4941 0.5158
4 0.7541 0.7272 0.7437 0.7029 0.7542 0.6940 0.7646 0.7183
4 0.9801 0.9736 0.9777 0.9817 0.9605 0.9720 0.9629 0.9639
6 0.5639 0.7855 0.5650 0.8771 0.5430 0.8777 0.5419 0.7861
6 0.5873 0.6212 0.6521 0.6339 0.6490 0.6644 0.5842 0.6517
6 0.6459 0.5162 0.6955 0.5211 0.6932 0.5678 0.6436 0.5629
6 0.6094 0.9702 0.6284 0.8926 0.6841 0.9194 0.6650 0.9970
7 0.4136 0.0670 0.4440 0.1627 0.4038 0.1878 0.3734 0.0921
7 0.3332 0.7810 0.3586 0.8033 0.3040 0.9258 0.2785 0.9035
7 0.9325 0.3834 0.9145 0.3711 0.9169 0.3642 0.9349 0.3765
7 0.2552 0.1948 0.2211 0.1847 0.2351 0.0920 0.2692 0.1021
9 0.6184 0.6553 0.6093 0.6044 0.7391 0.5591 0.7481 0.6100
9 0.4560 0.4323 0.4898 0.5213 0.3432 0.6305 0.3094 0.5415
9 0.3025 0.4517 0.3331 0.4206 0.3883 0.5271 0.3578 0.5582
9 0.2041 0.0304 0.2061 0.0831 0.1122 0.0900 0.1102 0.0373
12 0.5055 0.2218 0.1935 0.6585 0.1525 0.6010 0.4645 0.1643
12 0.6323 0.1156 0.6504 0.2103 0.6457 0.2120 0.6276 0.1173
12 0.0654 0.8843 0.1111 0.7531 0.1378 0.7713 0.0921 0.9025
12 0.1797 0.5175 0.1677 0.5456 0.1126 0.4993 0.1246 0.4712
13 0.1871 0.5848 0.2022 0.5547 0.2289 0.5808 0.2138 0.6109
13 0.8367 0.5564 0.8225 0.5049 0.8391 0.4960 0.8532 0.5475
13 0.6477 0.6261 0.6276 0.6099 0.6341 0.5943 0.6541 0.6105
13 0.0482 0.3827 0.0768 0.3515 0.1055 0.4029 0.0769 0.4341
15 0.8639 0.2744 0.8105 0.2612 0.8195 0.1896 0.8730 0.2028
15 0.1825 0.4724 0.1891 0.3412 0.2461 0.3468 0.2395 0.4780
15 0.0644 0.0508 0.1355 0.0630 0.1282 0.1464 0.0570 0.1342
15 0.7326 0.0472 0.6926 0.1442 0.6414 0.1028 0.6814 0.0058
