0 0.5822 0.0244 0.7241 0.4317 0.6727 0.4668 0.5308 0.0595
0 0.8980 0.3018 0.9617 0.2711 0.9743 0.3222 0.9105 0.3529
0 0.5979 0.1307 0.6270 0.1562 0.4544 0.5429 0.4253 0.5174
0 0.7660 0.7734 0.6416 0.8234 0.5666 0.4570 0.6910 0.4070
1 0.0913 0.1338 0.0783 0.1370 0.0750 0.1110 0.0880 0.1078
1 0.2157 0.5019 0.2172 0.5083 0.1886 0.5213 0.1871 0.5149
1 0.9815 0.4325 0.9790 0.4227 0.9974 0.4139 0.9998 0.4237
1 0.7292 0.9934 0.7236 0.9894 0.7499 0.9170 0.7555 0.9210
2 0.9498 0.2184 0.9303 0.2288 0.9117 0.1608 0.9311 0.1504
2 0.5122 0.2411 0.5278 0.1780 0.6026 0.2141 0.5871 0.2772
2 0.6387 0.0728 0.4879 0.1333 0.4825 0.1068 0.6332 0.0463
2 0.2451 0.8409 0.2799 0.8392 0.2829 0.9591 0.2481 0.9608
3 0.6842 0.7800 0.7453 0.6780 0.7576 0.6924 0.6964 0.7944
3 0.5307 0.0248 0.4611 0.1156 0.4502 0.0992 0.5198 0.0084
3 0.4206 0.9480 0.4453 0.8415 0.4586 0.8476 0.4339 0.9541
3 0.4643 0.7150 0.4526 0.6974 0.4875 0.6518 0.4992 0.6694
4 0.3137 0.2494 0.3233 0.2513 0.3155 0.3290 0.3059 0.3271
4 0.4474 0.9007 0.4490 0.9104 0.4178 0.9205 0.4162 0.9108
4 0.3842 0.5839 0.3997 0.5738 0.4118 0.6101 0.3963 0.6202
4 0.8869 0.8876 0.8816 0.9261 0.8765 0.9248 0.8819 0.8863
6 0.7784 0.6316 0.7439 0.6300 0.7442 0.6188 0.7787 0.6204
6 0.0925 0.8048 0.0360 0.7836 0.0512 0.7040 0.1078 0.7252
6 0.2452 0.5276 0.2186 0.6113 0.1985 0.5988 0.2251 0.5151
6 0.8389 0.8928 0.7834 0.9413 0.7717 0.9152 0.8272 0.8667
7 0.5202 0.3405 0.5191 0.3253 0.5966 0.3139 0.5978 0.3291
7 0.6058 0.3605 0.5734 0.4074 0.5591 0.3879 0.5914 0.3410
7 0.8628 0.8966 0.8645 0.8498 0.9461 0.8558 0.9444 0.9026
7 0.6469 0.1273 0.6288 0.1200 0.6445 0.0431 0.6627 0.0504
9 0.2695 0.1156 0.2564 0.1534 0.1436 0.0764 0.1568 0.0386
9 0.2189 0.0614 0.2056 0.1309 0.0886 0.0870 0.1019 0.0175
9 0.2529 0.5118 0.1685 0.6221 0.1502 0.5946 0.2346 0.4843
9 0.2376 0.2711 0.2475 0.1923 0.2858 0.2017 0.2759 0.2805
12 0.3641 0.1744 0.3318 0.2038 0.3176 0.1732 0.3500 0.1438
12 0.2521 0.4518 0.2313 0.4406 0.2979 0.1978 0.3187 0.2090
12 0.1062 0.5699 0.3658 0.4926 0.3746 0.5505 0.1150 0.6278
12 0.1652 0.2169 0.0945 0.1977 0.0988 0.1663 0.1695 0.1855
13 0.7668 0.4940 0.7653 0.4773 0.7732 0.4760 0.7747 0.4927
13 0.8888 0.5750 0.8970 0.5861 0.8801 0.6106 0.8719 0.5995
13 0.6664 0.5177 0.6313 0.5604 0.6116 0.5287 0.6467 0.4860
13 0.5013 0.1875 0.5092 0.1748 0.5152 0.1821 0.5074 0.1948
15 0.9114 0.2147 0.9413 0.1527 0.9792 0.1885 0.9493 0.2505
15 0.6856 0.2695 0.7033 0.2366 0.7373 0.2725 0.7196 0.3054
15 0.3343 0.7108 0.3584 0.7344 0.3340 0.7832 0.3099 0.7596
15 0.6732 0.2574 0.6120 0.3049 0.5708 0.2010 0.6320 0.1535
