0 0.9418 0.4868 0.8264 0.5456 0.7196 0.1348 0.8350 0.0760
0 0.4447 0.6068 0.2905 0.8081 0.1899 0.6572 0.3441 0.4559
0 0.2244 0.7521 0.1633 0.7920 0.1470 0.7431 0.2081 0.7032
0 0.6218 0.4883 0.6866 0.5618 0.6082 0.6973 0.5434 0.6238
1 0.6016 0.6102 0.6098 0.6209 0.5918 0.6478 0.5837 0.6371
1 0.9139 0.4593 0.8925 0.4587 0.8926 0.4471 0.9141 0.4477
1 0.1872 0.4137 0.1757 0.4066 0.1788 0.3967 0.1903 0.4038
1 0.9077 0.5737 0.9060 0.5390 0.9094 0.5387 0.9111 0.5734
2 0.4513 0.3374 0.5023 0.2635 0.5664 0.3502 0.5154 0.4241
2 0.1699 0.5128 0.1752 0.4780 0.1886 0.4820 0.1833 0.5168
2 0.5305 0.2029 0.3771 0.1573 0.3812 0.1303 0.5346 0.1759
2 0.2219 0.7522 0.2898 0.6752 0.3224 0.7314 0.2544 0.8084
3 0.1192 0.8206 0.0271 0.7908 0.0308 0.7682 0.1229 0.7980
3 0.9533 0.9261 0.8822 0.8957 0.8870 0.8739 0.9580 0.9043
3 0.1140 0.9312 0.0451 0.8923 0.0512 0.8712 0.1201 0.9101
3 0.0010 0.7990 0.0645 0.7594 0.0698 0.7762 0.0064 0.8158
4 0.1354 0.3513 0.1658 0.2775 0.1752 0.2851 0.1448 0.3589
4 0.9929 0.1450 0.9958 0.1514 0.9831 0.1630 0.9802 0.1566
4 0.7747 0.9771 0.7863 0.9563 0.7936 0.9641 0.7819 0.9849
4 0.4486 0.5456 0.4494 0.5692 0.4434 0.5696 0.4426 0.5460
6 0.3726 0.2394 0.3485 0.1785 0.3777 0.1558 0.4018 0.2167
6 0.0435 0.2578 0.0298 0.2734 0.0185 0.2538 0.0322 0.2382
6 0.0751 0.9889 0.0234 0.9282 0.1106 0.7827 0.1623 0.8434
6 0.2291 0.4432 0.2343 0.3739 0.2675 0.3788 0.2623 0.4481
7 0.9227 0.2182 0.9272 0.2255 0.9108 0.2454 0.9063 0.2381
7 0.4847 0.9197 0.4784 0.9226 0.4745 0.9055 0.4807 0.9026
7 0.3099 0.3825 0.3162 0.3568 0.3467 0.3715 0.3404 0.3972
7 0.4852 0.6184 0.4920 0.6630 0.4831 0.6656 0.4763 0.6210
9 0.4669 0.2917 0.4591 0.2404 0.5899 0.2015 0.5977 0.2528
9 0.3315 0.5105 0.3186 0.5601 0.2302 0.5151 0.2431 0.4655
9 0.1048 0.8233 0.1343 0.7820 0.2400 0.9299 0.2105 0.9712
9 0.6362 0.3595 0.6868 0.3470 0.7078 0.5141 0.6572 0.5266
12 0.4160 0.2340 0.4917 0.1162 0.5080 0.1368 0.4323 0.2546
12 0.2468 0.4413 0.1540 0.4160 0.1589 0.3807 0.2517 0.4060
12 0.4098 0.1916 0.3934 0.1687 0.4514 0.0876 0.4677 0.1105
12 0.2526 0.6568 0.2466 0.6092 0.3552 0.5824 0.3612 0.6300
13 0.7079 0.7998 0.7134 0.7839 0.7227 0.7902 0.7172 0.8061
13 0.0765 0.3120 0.0810 0.3145 0.0761 0.3316 0.0716 0.3291
13 0.1088 0.9376 0.1172 0.9557 0.0781 0.9912 0.0697 0.9731
13 0.5046 0.3802 0.5045 0.3722 0.5191 0.3718 0.5192 0.3798
15 0.4753 0.0777 0.5484 0.0724 0.5515 0.1571 0.4785 0.1624
15 0.4369 0.8043 0.5084 0.7811 0.5197 0.8497 0.4482 0.8729
15 0.2586 0.4788 0.2293 0.4937 0.2149 0.4380 0.2441 0.4231
15 0.9378 0.7682 0.8362 0.7353 0.8542 0.6258 0.9558 0.6587
