0 0.3177 0.7049 0.3822 0.4568 0.4512 0.4919 0.3867 0.7400
0 0.3162 0.0585 0.3964 0.0263 0.4307 0.1939 0.3505 0.2261
0 0.2937 0.5209 0.4356 0.1136 0.4869 0.1487 0.3450 0.5560
0 0.6563 0.8121 0.5902 0.8301 0.5828 0.7771 0.6490 0.7591
1 0.0146 0.6278 0.0107 0.6622 0.0074 0.6614 0.0113 0.6270
1 0.1972 0.8722 0.1904 0.8773 0.1625 0.8038 0.1693 0.7987
1 0.7273 0.8097 0.7249 0.8584 0.6621 0.8523 0.6646 0.8036
1 0.4128 0.2085 0.4183 0.1999 0.4618 0.2547 0.4563 0.2633
2 0.4620 0.4314 0.3762 0.3504 0.4000 0.3010 0.4858 0.3820
2 0.8694 0.6628 0.7862 0.6710 0.7811 0.5696 0.8644 0.5614
2 0.1753 0.6810 0.1966 0.5991 0.2404 0.6214 0.2191 0.7033
2 0.9875 0.8195 0.9695 0.8208 0.9682 0.7853 0.9862 0.7840
3 0.7976 0.3417 0.8260 0.2850 0.8358 0.2947 0.8075 0.3514
3 0.7594 0.7377 0.7494 0.7342 0.7620 0.6631 0.7720 0.6666
3 0.1557 0.7655 0.2170 0.8375 0.2080 0.8525 0.1467 0.7805
3 0.5188 0.2225 0.5660 0.2023 0.5695 0.2183 0.5223 0.2385
4 0.2828 0.8549 0.2714 0.8457 0.3147 0.7407 0.3260 0.7499
4 0.2864 0.7022 0.2859 0.6922 0.3179 0.6890 0.3184 0.6990
4 0.9695 0.9213 0.9574 0.9086 0.9748 0.8763 0.9869 0.8890
4 0.9422 0.7026 0.9456 0.6948 0.9510 0.6994 0.9475 0.7072
6 0.9969 0.8477 0.9446 0.9029 0.9314 0.8783 0.9836 0.8231
6 0.8011 0.3902 0.7897 0.3712 0.8035 0.3550 0.8149 0.3740
6 0.6361 0.1732 0.6449 0.1946 0.6293 0.2072 0.6205 0.1858
6 0.0287 0.1325 0.0151 0.1484 0.0036 0.1291 0.0171 0.1132
7 0.2801 0.5661 0.2742 0.5693 0.2690 0.5503 0.2749 0.5471
7 0.7913 0.7627 0.7943 0.7827 0.7667 0.7909 0.7637 0.7709
7 0.9761 0.6507 0.9829 0.6518 0.9816 0.6697 0.9748 0.6686
7 0.5706 0.5835 0.5789 0.6072 0.5542 0.6241 0.5460 0.6004
9 0.6202 0.7041 0.6347 0.6455 0.7889 0.7199 0.7745 0.7785
9 0.7922 0.7479 0.8222 0.5914 0.8484 0.6013 0.8184 0.7578
9 0.1120 0.5796 0.1508 0.5324 0.2303 0.6604 0.1915 0.7076
9 0.6032 0.5450 0.5490 0.4023 0.5728 0.3846 0.6270 0.5273
12 0.7949 0.3824 0.7783 0.4056 0.7328 0.3420 0.7494 0.3188
12 0.2295 0.5288 0.2475 0.5499 0.2062 0.6188 0.1882 0.5977
12 0.6591 0.8002 0.6508 0.6896 0.6815 0.6850 0.6898 0.7956
12 0.5540 0.8227 0.7436 0.7155 0.7532 0.7485 0.5635 0.8557
13 0.6073 0.1355 0.6106 0.1215 0.6198 0.1257 0.6166 0.1397
13 0.1753 0.2241 0.1841 0.2035 0.2033 0.2195 0.1944 0.2401
13 0.1173 0.9113 0.1119 0.9102 0.1336 0.6943 0.1390 0.6954
13 0.8823 0.3768 0.8887 0.3792 0.8845 0.4008 0.8782 0.3984
15 0.5821 0.8315 0.5145 0.9229 0.4748 0.8653 0.5424 0.7739
15 0.4845 0.4773 0.4938 0.3951 0.5426 0.4059 0.5333 0.4881
15 0.9846 0.8128 0.9294 0.8824 0.9005 0.8376 0.9557 0.7680
15 0.8114 0.2879 0.8076 0.3901 0.7471 0.3857 0.7510 0.2835
