0 0.1709 0.1722 0.2989 0.2446 0.2562 0.3926 0.1282 0.3202
0 0.6626 0.1620 0.5540 0.5582 0.4265 0.4896 0.5351 0.0934
0 0.4545 0.8949 0.4076 0.6925 0.6709 0.5727 0.7179 0.7751
0 0.3972 0.2637 0.1257 0.5106 0.0946 0.4435 0.3660 0.1966
1 0.0390 0.5559 0.0392 0.5599 0.0213 0.5621 0.0211 0.5581
1 0.9599 0.3327 0.9663 0.3283 0.9744 0.3517 0.9680 0.3561
1 0.3614 0.9449 0.3503 0.9443 0.3512 0.9075 0.3623 0.9081
1 0.7286 0.4435 0.7313 0.4255 0.7497 0.4309 0.7470 0.4489
2 0.4679 0.7281 0.4093 0.6983 0.4253 0.6371 0.4838 0.6669
2 0.2307 0.2835 0.3009 0.4852 0.2088 0.5481 0.1385 0.3464
2 0.5820 0.8174 0.5007 0.8589 0.4323 0.5958 0.5136 0.5543
2 0.5065 0.9808 0.4057 0.6781 0.5064 0.6124 0.6072 0.9151
3 0.2548 0.0809 0.2231 0.0177 0.2344 0.0067 0.2660 0.0699
3 0.2907 0.8001 0.2568 0.7393 0.2676 0.7275 0.3015 0.7883
3 0.5623 0.9326 0.5715 0.9263 0.5943 0.9918 0.5851 0.9981
3 0.2690 0.7927 0.2740 0.8156 0.1907 0.8513 0.1857 0.8284
4 0.3066 0.6030 0.2788 0.6078 0.2782 0.6006 0.3060 0.5958
4 0.1144 0.3503 0.1275 0.3509 0.1273 0.3609 0.1142 0.3603
4 0.7851 0.1321 0.7686 0.1014 0.7772 0.0923 0.7937 0.1230
4 0.1491 0.0628 0.1549 0.0428 0.1803 0.0572 0.1745 0.0772
6 0.1282 0.0570 0.1371 0.0356 0.1527 0.0482 0.1438 0.0696
6 0.8013 0.5370 0.8664 0.5615 0.8313 0.7450 0.7662 0.7205
6 0.6872 0.8697 0.6596 0.8988 0.6548 0.8899 0.6824 0.8608
6 0.4606 0.4398 0.4178 0.4957 0.3777 0.4354 0.4205 0.3795
7 0.4027 0.5944 0.3931 0.5857 0.4093 0.5508 0.4189 0.5595
7 0.2552 0.8261 0.2548 0.8352 0.2416 0.8339 0.2421 0.8248
7 0.2006 0.7453 0.1980 0.7510 0.1757 0.7307 0.1783 0.7250
7 0.9180 0.4266 0.7287 0.4173 0.7340 0.2082 0.9233 0.2175
9 0.0210 0.3086 0.0331 0.1475 0.0601 0.1514 0.0480 0.3125
9 0.0167 0.9700 0.0153 0.9136 0.1555 0.9068 0.1569 0.9632
9 0.6265 0.4034 0.6609 0.7080 0.6098 0.7194 0.5754 0.4148
9 0.1768 0.4517 0.1490 0.4359 0.1960 0.2731 0.2238 0.2889
12 0.6431 0.5915 0.6597 0.6140 0.5686 0.7461 0.5520 0.7236
12 0.6512 0.7511 0.6038 0.7958 0.3843 0.3401 0.4316 0.2954
12 0.1920 0.6826 0.1222 0.5741 0.1443 0.5462 0.2141 0.6547
12 0.0256 0.9154 0.0202 0.9142 0.0427 0.7150 0.0481 0.7162
13 0.8449 0.5573 0.8344 0.6208 0.8054 0.6115 0.8159 0.5480
13 0.7584 0.3136 0.7652 0.3167 0.7550 0.3608 0.7482 0.3577
13 0.4854 0.7954 0.5060 0.7807 0.5266 0.8374 0.5060 0.8521
13 0.4777 0.8592 0.4777 0.8916 0.4649 0.8916 0.4649 0.8592
15 0.0502 0.2866 0.1052 0.3559 0.0752 0.4026 0.0202 0.3333
15 0.4439 0.9766 0.4325 0.9452 0.4664 0.9210 0.4778 0.9524
15 0.4452 0.4704 0.4366 0.5556 0.3571 0.5400 0.3657 0.4548
15 0.6554 0.9555 0.6894 0.8171 0.7669 0.8545 0.7329 0.9929
