0 0.2123 0.8793 0.1259 0.6781 0.3054 0.5271 0.3918 0.7283
0 0.6521 0.8524 0.6129 0.9882 0.3276 0.8268 0.3668 0.6910
0 0.1574 0.6187 0.2171 0.4946 0.4564 0.7205 0.3966 0.8446
0 0.2923 0.1787 0.3787 0.3799 0.1991 0.5309 0.1128 0.3297
1 0.6797 0.5915 0.6801 0.5943 0.6552 0.6017 0.6548 0.5989
1 0.0239 0.5666 0.0310 0.5567 0.0849 0.6322 0.0779 0.6421
1 0.0501 0.2849 0.0483 0.2838 0.0582 0.2511 0.0600 0.2522
1 0.8146 0.5758 0.8080 0.6237 0.7463 0.6070 0.7529 0.5591
2 0.5548 0.3396 0.5564 0.3554 0.5389 0.3588 0.5373 0.3430
2 0.0188 0.4508 0.1002 0.4286 0.1166 0.5468 0.0353 0.5690
2 0.3208 0.1420 0.5009 0.3390 0.4715 0.3916 0.2914 0.1946
2 0.4341 0.3210 0.4028 0.4353 0.3545 0.4094 0.3858 0.2951
3 0.5781 0.3281 0.5514 0.4252 0.5362 0.4171 0.5629 0.3200
3 0.3583 0.7069 0.3151 0.8256 0.3008 0.8155 0.3440 0.6968
3 0.6873 0.4016 0.6166 0.4337 0.6116 0.4120 0.6822 0.3799
3 0.4457 0.4524 0.4296 0.4442 0.4594 0.3296 0.4755 0.3378
4 0.8277 0.7702 0.8330 0.7542 0.8863 0.7890 0.8810 0.8050
4 0.7231 0.8124 0.7377 0.8015 0.7452 0.8212 0.7306 0.8321
4 0.5283 0.6800 0.5272 0.6858 0.5237 0.6844 0.5248 0.6786
4 0.2927 0.5269 0.2753 0.6065 0.2616 0.6007 0.2790 0.5211
6 0.5018 0.4093 0.4682 0.4878 0.4493 0.4719 0.4830 0.3934
6 0.7272 0.6241 0.6627 0.6082 0.6666 0.5779 0.7310 0.5938
6 0.5248 0.9466 0.5493 0.9123 0.5549 0.9202 0.5305 0.9545
6 0.5760 0.6347 0.6078 0.7148 0.5885 0.7297 0.5568 0.6496
7 0.5003 0.6161 0.4982 0.5951 0.5994 0.5751 0.6016 0.5961
7 0.4376 0.0680 0.4414 0.0300 0.4861 0.0388 0.4823 0.0768
7 0.3173 0.6562 0.3053 0.6338 0.3712 0.5642 0.3833 0.5866
7 0.2636 0.1427 0.2793 0.1587 0.2402 0.2341 0.2244 0.2181
9 0.3943 0.9646 0.3584 0.9809 0.3294 0.8558 0.3653 0.8395
9 0.3516 0.7855 0.3875 0.7599 0.4512 0.9349 0.4153 0.9605
9 0.2344 0.4866 0.1926 0.4320 0.2191 0.3922 0.2609 0.4468
9 0.1304 0.0982 0.1763 0.0655 0.2313 0.2166 0.1854 0.2493
12 0.0164 0.8144 0.0039 0.7886 0.1579 0.6432 0.1704 0.6690
12 0.3427 0.1961 0.3299 0.1594 0.3456 0.1487 0.3584 0.1854
12 0.9847 0.1491 0.9738 0.1869 0.9576 0.1777 0.9685 0.1399
12 0.0803 0.3879 0.0530 0.3913 0.0460 0.2793 0.0733 0.2759
13 0.5669 0.4740 0.5599 0.4933 0.5451 0.4828 0.5521 0.4635
13 0.3592 0.4089 0.2840 0.4181 0.2814 0.3763 0.3565 0.3671
13 0.2867 0.1600 0.2799 0.1794 0.2650 0.1692 0.2718 0.1498
13 0.0363 0.8968 0.0300 0.8554 0.0429 0.8516 0.0491 0.8930
15 0.0874 0.1431 0.1435 0.2113 0.1152 0.2569 0.0591 0.1887
15 0.8779 0.3130 0.9184 0.2816 0.9421 0.3414 0.9016 0.3728
15 0.5013 0.5549 0.5497 0.4824 0.5998 0.5479 0.5515 0.6204
15 0.0004 0.5368 0.0472 0.4560 0.0807 0.4940 0.0340 0.5748
