0 0.5721 0.5075 0.5673 0.5836 0.3979 0.5629 0.4027 0.4868
0 0.2723 0.9857 0.2184 0.8311 0.4991 0.6395 0.5530 0.7941
0 0.3258 0.2378 0.1213 0.3092 0.0856 0.1090 0.2902 0.0376
0 0.7593 0.6325 0.6304 0.7017 0.5896 0.5527 0.7184 0.4835
1 0.7460 0.2904 0.7524 0.2568 0.7557 0.2580 0.7493 0.2916
1 0.0542 0.8315 0.0603 0.8332 0.0493 0.9129 0.0431 0.9112
1 0.5934 0.1568 0.6133 0.1597 0.6126 0.1680 0.5927 0.1651
1 0.4285 0.2046 0.4530 0.1991 0.4535 0.2038 0.4290 0.2093
2 0.2856 0.1858 0.3842 0.1834 0.3901 0.6570 0.2915 0.6594
2 0.8368 0.4012 0.8959 0.3984 0.8961 0.4060 0.8370 0.4088
2 0.2171 0.6308 0.2424 0.6060 0.2966 0.7144 0.2713 0.7392
2 0.4769 0.5592 0.4769 0.4660 0.5649 0.4660 0.5649 0.5592
3 0.2144 0.1033 0.2060 0.0882 0.2636 0.0251 0.2720 0.0402
3 0.0435 0.6385 -0.0001 0.5446 0.0117 0.5339 0.0552 0.6278
3 0.7537 0.0977 0.7906 0.0403 0.8020 0.0547 0.7651 0.1121
3 0.2111 0.9546 0.2068 0.9483 0.2592 0.8774 0.2635 0.8837
4 0.0025 0.7263 0.0039 0.7206 0.0344 0.7353 0.0330 0.7410
4 0.9391 0.9770 0.9447 0.9691 0.9498 0.9762 0.9441 0.9841
4 0.9480 0.5619 0.9554 0.5606 0.9563 0.5713 0.9489 0.5726
4 0.2297 0.5313 0.2567 0.5183 0.2583 0.5251 0.2313 0.5381
6 0.1539 0.5296 0.1853 0.5091 0.1886 0.5192 0.1573 0.5397
6 0.5247 0.1924 0.5586 0.2433 0.5342 0.2752 0.5003 0.2243
6 0.4586 0.7849 0.4179 0.7259 0.4603 0.6687 0.5009 0.7277
6 0.5594 0.5391 0.6264 0.5292 0.6406 0.7181 0.5736 0.7280
7 0.9573 0.0687 0.9640 0.1284 0.8661 0.1501 0.8594 0.0904
7 0.6392 0.2892 0.6172 0.2941 0.6077 0.2104 0.6297 0.2055
7 0.9850 0.8343 0.9911 0.8298 0.9973 0.8461 0.9912 0.8506
7 0.6178 0.5665 0.6176 0.5453 0.6230 0.5451 0.6233 0.5663
9 0.9555 0.4566 0.8978 0.4892 0.8428 0.2986 0.9005 0.2660
9 0.8118 0.3930 0.7999 0.3147 0.8379 0.3034 0.8498 0.3817
9 0.2714 0.9024 0.4496 0.7211 0.4800 0.7796 0.3018 0.9609
9 0.8564 0.1090 0.8386 0.1556 0.7556 0.0938 0.7734 0.0472
12 0.5944 0.7884 0.5722 0.8110 0.5250 0.7200 0.5472 0.6974
12 0.5081 0.7033 0.4814 0.6267 0.5042 0.6111 0.5309 0.6877
12 0.4458 0.8998 0.4532 0.9528 0.4276 0.9598 0.4203 0.9068
12 0.0829 0.3152 0.3030 0.5230 0.2793 0.5720 0.0593 0.3642
13 0.4687 0.5943 0.4602 0.6018 0.4545 0.5889 0.4629 0.5814
13 0.4414 0.7461 0.4365 0.7164 0.4752 0.7039 0.4801 0.7336
13 0.1411 0.2035 0.1572 0.2395 0.1460 0.2493 0.1300 0.2133
13 0.7841 0.4076 0.7782 0.4292 0.7736 0.4268 0.7796 0.4052
15 0.7381 0.1535 0.7852 0.2088 0.7336 0.2949 0.6865 0.2396
15 0.8404 0.9382 0.8518 0.9696 0.8179 0.9938 0.8065 0.9624
15 0.8122 0.2307 0.8807 0.2103 0.8983 0.3265 0.8299 0.3469
15 0.9745 0.8207 0.9912 0.8389 0.9546 0.9045 0.9379 0.8863
