0 0.2400 0.8221 0.2059 0.8170 0.2400 0.3635 0.2741 0.3686
0 0.2691 0.4743 0.4707 0.3880 0.5138 0.5853 0.3122 0.6716
0 0.5250 0.5309 0.4177 0.4821 0.4601 0.2991 0.5675 0.3479
0 0.2907 0.0983 0.2328 0.5149 0.0988 0.4785 0.1566 0.0619
1 0.2263 0.6918 0.2220 0.6982 0.1802 0.6418 0.1846 0.6354
1 0.9474 0.6112 0.9495 0.6144 0.9363 0.6316 0.9342 0.6284
1 0.7041 0.7139 0.6861 0.7558 0.6322 0.7105 0.6502 0.6686
1 0.0537 0.3500 0.0507 0.3486 0.0566 0.3248 0.0596 0.3262
2 0.6043 0.3187 0.6050 0.3258 0.5519 0.3349 0.5513 0.3278
2 0.9191 0.6590 0.9270 0.5319 0.9658 0.5366 0.9578 0.6637
2 0.4124 0.3297 0.3976 0.1332 0.4576 0.1243 0.4724 0.3208
2 0.3445 0.8602 0.5730 0.8546 0.5738 0.9214 0.3453 0.9270
3 0.4962 0.4535 0.5012 0.4661 0.4558 0.5013 0.4508 0.4887
3 0.8477 0.6137 0.8474 0.6281 0.7954 0.6255 0.7958 0.6111
3 0.5860 0.1989 0.6644 0.1815 0.6672 0.2059 0.5887 0.2233
3 0.5920 0.8277 0.6640 0.7431 0.6743 0.7603 0.6023 0.8449
4 0.7793 0.5789 0.7953 0.5595 0.8176 0.5955 0.8016 0.6149
4 0.1837 0.9164 0.1543 0.9164 0.1543 0.9060 0.1837 0.9060
4 0.6588 0.9057 0.7827 0.8560 0.7852 0.8679 0.6613 0.9176
4 0.7153 0.9137 0.7025 0.9057 0.7261 0.8315 0.7389 0.8395
6 0.3441 0.9153 0.2945 0.9202 0.2922 0.8735 0.3418 0.8686
6 0.3122 0.2278 0.5010 0.1859 0.5161 0.3190 0.3273 0.3609
6 0.9420 0.4710 0.8780 0.4519 0.8826 0.4218 0.9466 0.4409
6 0.9100 0.1020 0.9754 0.1020 0.9754 0.1328 0.9100 0.1328
7 0.1285 0.2063 0.1404 0.2269 0.1009 0.2717 0.0890 0.2511
7 0.3439 0.7243 0.3541 0.7359 0.3498 0.7433 0.3396 0.7317
7 0.0624 0.5693 0.0535 0.5781 0.0222 0.5155 0.0311 0.5067
7 0.1203 0.9113 0.0799 0.8983 0.0923 0.8235 0.1326 0.8365
9 0.4649 0.6946 0.4262 0.7165 0.3702 0.5226 0.4089 0.5007
9 0.1350 0.5806 0.1749 0.5977 0.1312 0.7978 0.0914 0.7807
9 0.3059 0.1220 0.3440 0.1457 0.2832 0.3368 0.2451 0.3131
9 0.9775 0.4530 0.8819 0.5154 0.8637 0.4606 0.9592 0.3982
12 0.3396 0.3225 0.3949 0.1987 0.4201 0.2207 0.3648 0.3445
12 0.5382 0.7877 0.5156 0.7810 0.5326 0.6687 0.5553 0.6754
12 0.8567 0.1782 0.8681 0.2069 0.8119 0.2506 0.8005 0.2219
12 0.5006 0.8442 0.5307 0.8555 0.5257 0.8818 0.4956 0.8705
13 0.8941 0.0896 0.8635 0.1388 0.8411 0.1116 0.8716 0.0624
13 0.2099 0.6033 0.2029 0.5951 0.2067 0.5887 0.2137 0.5969
13 0.5032 0.2410 0.4703 0.1071 0.4754 0.1046 0.5083 0.2385
13 0.8755 0.3629 0.8643 0.4112 0.8200 0.3911 0.8312 0.3428
15 0.3045 0.8994 0.3700 0.8586 0.3944 0.9354 0.3289 0.9762
15 0.1937 0.1081 0.1913 0.1556 0.1571 0.1523 0.1595 0.1048
15 0.0188 0.8168 0.0696 0.7431 0.1132 0.8020 0.0624 0.8757
15 0.4907 0.8172 0.6153 0.8050 0.6204 0.9080 0.4959 0.9202
