0 0.2359 0.2400 0.4196 0.1806 0.4361 0.2808 0.2524 0.3402
0 0.9532 0.5265 0.7451 0.8737 0.7014 0.8223 0.9094 0.4751
0 0.2822 0.5985 0.4417 0.5259 0.5064 0.8047 0.3469 0.8773
0 0.6943 0.9085 0.6749 0.9977 0.6268 0.9771 0.6463 0.8879
1 0.0236 0.4417 0.0208 0.4428 0.0156 0.4187 0.0183 0.4176
1 0.5519 0.1533 0.5688 0.1500 0.5693 0.1543 0.5523 0.1576
1 0.7390 0.3375 0.7401 0.3558 0.7213 0.3581 0.7202 0.3398
1 0.2289 0.6338 0.1993 0.6596 0.1660 0.5850 0.1956 0.5592
2 0.5635 0.1054 0.4849 0.1209 0.4791 0.0630 0.5577 0.0475
2 0.2903 0.7118 0.3334 0.7022 0.3446 0.8010 0.3014 0.8106
2 0.2115 0.0762 0.0390 0.2862 0.0077 0.2358 0.1802 0.0258
2 0.1170 0.2950 0.1834 0.2171 0.2401 0.3118 0.1738 0.3897
3 0.2151 0.2751 0.2944 0.2030 0.3035 0.2225 0.2241 0.2946
3 0.6126 0.8092 0.6025 0.8117 0.5934 0.7400 0.6035 0.7375
3 0.5005 0.7424 0.5007 0.7568 0.4484 0.7580 0.4482 0.7436
3 0.7835 0.9748 0.7745 0.9603 0.8297 0.8932 0.8387 0.9077
4 0.7864 0.4079 0.7898 0.4122 0.7791 0.4289 0.7757 0.4246
4 0.1043 0.0907 0.1095 0.0963 0.1057 0.1033 0.1005 0.0977
4 0.3559 0.0564 0.3666 0.0814 0.3578 0.0888 0.3471 0.0638
4 0.3361 0.9401 0.3331 0.9445 0.3099 0.9131 0.3129 0.9087
6 0.6599 0.3073 0.7236 0.2766 0.7678 0.4563 0.7041 0.4870
6 0.8503 0.1976 0.8500 0.2224 0.8320 0.2220 0.8323 0.1972
6 0.6249 0.6226 0.5748 0.6858 0.4840 0.5446 0.5341 0.4814
6 0.9125 0.1233 0.9500 0.0482 0.9681 0.0659 0.9305 0.1410
7 0.6520 0.1476 0.6448 0.1379 0.6754 0.0936 0.6826 0.1033
7 0.7132 0.7145 0.7036 0.7019 0.7268 0.6671 0.7364 0.6797
7 0.6105 0.0245 0.6173 0.0243 0.6175 0.0427 0.6107 0.0429
7 0.3854 0.4104 0.3873 0.4475 0.3246 0.4536 0.3227 0.4165
9 0.9644 0.6753 0.9444 0.7201 0.8647 0.6503 0.8847 0.6055
9 0.5085 0.0650 0.5141 0.1209 0.3752 0.1482 0.3696 0.0923
9 0.4776 0.7326 0.5153 0.8171 0.3924 0.9246 0.3547 0.8401
9 0.4823 0.6935 0.3833 0.8057 0.3648 0.7737 0.4638 0.6615
12 0.6940 0.4970 0.7235 0.5112 0.7171 0.5370 0.6877 0.5228
12 0.8869 0.3483 0.9101 0.3523 0.9023 0.4417 0.8790 0.4377
12 0.7247 0.3701 0.7014 0.3672 0.7070 0.2775 0.7303 0.2804
12 0.5350 0.6040 0.5005 0.6032 0.5024 0.4488 0.5370 0.4496
13 0.4440 0.8197 0.4422 0.8492 0.4280 0.8475 0.4298 0.8180
13 0.7481 0.7240 0.7365 0.7309 0.7325 0.7176 0.7441 0.7107
13 0.7194 0.7694 0.7389 0.8019 0.7288 0.8138 0.7094 0.7813
13 0.0438 0.6425 0.0419 0.6421 0.0599 0.4991 0.0618 0.4995
15 0.7430 0.8449 0.7167 0.7493 0.7648 0.7235 0.7910 0.8191
15 0.8040 0.8781 0.7673 0.7891 0.8108 0.7539 0.8476 0.8429
15 0.5507 0.8790 0.5047 0.8050 0.5688 0.7270 0.6147 0.8010
15 0.8418 0.4674 0.8109 0.4682 0.8102 0.4090 0.8411 0.4082
