0 0.9866 0.0892 0.9666 0.2330 0.6646 0.1508 0.6845 0.0070
0 0.2811 0.4612 0.3417 0.4198 0.3586 0.4684 0.2980 0.5098
0 0.5047 0.7937 0.5624 0.6418 0.8381 0.8471 0.7805 0.9990
0 0.7662 0.5354 0.7823 0.6258 0.4250 0.7506 0.4088 0.6602
1 0.7125 0.8208 0.7295 0.8229 0.7293 0.8272 0.7122 0.8251
1 0.0553 0.5576 0.0737 0.5467 0.0761 0.5544 0.0577 0.5653
1 0.0974 0.0721 0.0962 0.0566 0.1223 0.0527 0.1235 0.0682
1 0.5710 0.3946 0.5721 0.3984 0.5553 0.4074 0.5542 0.4036
2 0.1712 0.8619 0.1578 0.9426 0.1526 0.9409 0.1659 0.8602
2 0.7910 0.7767 0.7940 0.7530 0.8244 0.7605 0.8214 0.7842
2 0.4732 0.5381 0.4182 0.8717 0.3768 0.8583 0.4318 0.5247
2 0.6677 0.3503 0.6155 0.5625 0.5186 0.5157 0.5707 0.3035
3 0.0187 0.7521 0.0737 0.7467 0.0747 0.7659 0.0197 0.7713
3 0.8628 0.1241 0.8219 0.0854 0.8286 0.0715 0.8696 0.1102
3 0.5711 0.8593 0.6127 0.8086 0.6217 0.8231 0.5801 0.8738
3 0.4888 0.4334 0.5261 0.3880 0.5340 0.4006 0.4967 0.4460
4 0.4943 0.4640 0.5114 0.4632 0.5117 0.4776 0.4946 0.4784
4 0.8877 0.4640 0.9058 0.4964 0.9000 0.5028 0.8819 0.4704
4 0.6263 0.2053 0.6199 0.2073 0.6186 0.1987 0.6250 0.1967
4 0.4030 0.8495 0.4163 0.8760 0.3978 0.8941 0.3845 0.8676
6 0.7163 0.0278 0.7145 0.0524 0.6966 0.0498 0.6984 0.0252
6 0.3651 0.4000 0.3562 0.3786 0.3718 0.3660 0.3807 0.3874
6 0.4255 0.5265 0.3683 0.5709 0.3576 0.5439 0.4149 0.4995
6 0.5767 0.9798 0.5365 0.9389 0.5561 0.9010 0.5964 0.9419
7 0.4870 0.1050 0.4787 0.0872 0.4833 0.0830 0.4915 0.1008
7 0.9728 0.2735 0.9818 0.3098 0.9132 0.3429 0.9042 0.3066
7 0.1542 0.6816 0.1647 0.6664 0.2078 0.7248 0.1973 0.7400
7 0.4399 0.4495 0.4431 0.4707 0.3766 0.4905 0.3734 0.4693
9 0.2300 0.7576 0.2258 0.8137 0.0863 0.7932 0.0905 0.7371
9 0.7004 0.3258 0.5768 0.2826 0.5839 0.2426 0.7075 0.2858
9 0.8229 0.3327 0.7969 0.3537 0.7342 0.2017 0.7602 0.1807
9 0.5610 0.8202 0.5621 0.9074 0.4153 0.9110 0.4142 0.8238
12 0.8899 0.5402 0.9012 0.5689 0.8450 0.6126 0.8336 0.5839
12 0.3038 0.8744 0.3216 0.8783 0.3114 0.9684 0.2936 0.9645
12 0.2375 0.5874 0.2302 0.5938 0.1177 0.3418 0.1250 0.3354
12 0.7393 0.7707 0.7307 0.7713 0.7196 0.4745 0.7282 0.4739
13 0.8371 0.1542 0.8418 0.1312 0.8632 0.1398 0.8585 0.1628
13 0.2395 0.7047 0.2409 0.7121 0.0905 0.7685 0.0891 0.7611
13 0.9665 0.8355 0.9723 0.8312 0.9798 0.8509 0.9740 0.8552
13 0.5157 0.6365 0.5191 0.6359 0.5286 0.7443 0.5252 0.7449
15 0.3934 0.4163 0.4829 0.4594 0.4640 0.5361 0.3746 0.4930
15 0.0406 0.7882 0.0342 0.8341 0.0006 0.8250 0.0069 0.7791
15 0.6867 0.5695 0.6377 0.6456 0.5927 0.5889 0.6417 0.5128
15 0.4380 0.9266 0.4092 0.9994 0.3660 0.9658 0.3948 0.8930
