0 0.3869 0.3336 0.3475 0.7834 0.2908 0.7736 0.3302 0.3238
0 0.3814 0.6752 0.3814 0.7696 0.3429 0.7696 0.3429 0.6752
0 0.8269 0.8633 0.7897 0.9405 0.7480 0.9011 0.7852 0.8239
0 0.2217 0.6586 0.1988 0.6229 0.4408 0.3178 0.4638 0.3535
1 0.6458 0.1626 0.6535 0.1668 0.6325 0.2434 0.6248 0.2392
1 0.7851 0.0933 0.7897 0.0910 0.7995 0.1307 0.7949 0.1330
1 0.7891 0.4157 0.7913 0.4062 0.8089 0.4143 0.8067 0.4238
1 0.0673 0.1611 0.0692 0.1641 0.0558 0.1809 0.0539 0.1779
2 0.3933 0.5131 0.3645 0.5286 0.3584 0.5065 0.3872 0.4910
2 0.3597 0.5930 0.2993 0.4991 0.3660 0.4150 0.4264 0.5089
2 0.3153 0.3773 0.3224 0.3711 0.3404 0.4115 0.3334 0.4177
2 0.7374 0.8008 0.7374 0.7756 0.7629 0.7756 0.7629 0.8008
3 0.1289 0.1515 0.1363 0.1615 0.1000 0.2141 0.0926 0.2041
3 0.1888 0.4814 0.1981 0.4751 0.2209 0.5406 0.2116 0.5469
3 0.3992 0.1779 0.3942 0.1833 0.3494 0.1029 0.3543 0.0975
3 0.9805 0.7856 0.9468 0.6628 0.9618 0.6548 0.9955 0.7776
4 0.0889 0.7312 0.0842 0.7232 0.0902 0.7164 0.0949 0.7244
4 0.0662 0.5459 0.0725 0.5447 0.0741 0.5605 0.0678 0.5617
4 0.6406 0.5595 0.6470 0.5728 0.6380 0.5813 0.6316 0.5680
4 0.5366 0.8031 0.5557 0.8079 0.5540 0.8221 0.5348 0.8173
6 0.5055 0.1711 0.5146 0.2521 0.4565 0.2649 0.4474 0.1839
6 0.0022 0.3228 0.0329 0.2419 0.0524 0.2564 0.0216 0.3373
6 0.2111 0.8900 0.2417 0.8352 0.2680 0.8640 0.2374 0.9188
6 0.3740 0.1987 0.4237 0.2422 0.3925 0.3121 0.3429 0.2686
7 0.4131 0.4530 0.4176 0.4463 0.4329 0.4662 0.4284 0.4729
7 0.7246 0.4482 0.7224 0.4606 0.7019 0.4534 0.7041 0.4410
7 0.5736 0.6823 0.5810 0.6877 0.5706 0.7149 0.5633 0.7095
7 0.8472 0.7403 0.8647 0.7656 0.8225 0.8225 0.8051 0.7972
9 0.2989 0.7633 0.2308 0.7961 0.1768 0.5763 0.2449 0.5435
9 0.9807 0.5928 0.9099 0.6033 0.8948 0.4016 0.9655 0.3911
9 0.8038 0.1032 0.8269 0.1494 0.7120 0.2620 0.6888 0.2158
9 0.0693 0.6105 0.0525 0.5757 0.1565 0.4775 0.1732 0.5123
12 0.4980 0.1848 0.3863 0.2096 0.3828 0.1792 0.4946 0.1544
12 0.6126 0.8071 0.3828 0.9929 0.3616 0.9417 0.5915 0.7559
12 0.1921 0.3181 0.1830 0.2883 0.2585 0.2435 0.2675 0.2733
12 0.4153 0.9741 0.4102 0.9713 0.4618 0.7831 0.4669 0.7859
13 0.8695 0.9702 0.8019 0.8649 0.8059 0.8598 0.8736 0.9651
13 0.5152 0.4161 0.5014 0.4063 0.5226 0.3483 0.5363 0.3581
13 0.0422 0.5335 0.0447 0.5263 0.0578 0.5353 0.0553 0.5425
13 0.6649 0.3743 0.6604 0.3768 0.6556 0.3601 0.6601 0.3576
15 0.5137 0.4909 0.4943 0.4200 0.5428 0.3939 0.5623 0.4648
15 0.7446 0.6507 0.7247 0.6805 0.6965 0.6437 0.7164 0.6139
15 0.8099 0.6964 0.7411 0.6880 0.7475 0.5852 0.8164 0.5936
15 0.2750 0.3447 0.2588 0.4613 0.1825 0.4405 0.1987 0.3239
