0 0.0011 0.4772 0.0855 0.4772 0.0855 0.6248 0.0011 0.6248
0 0.2034 0.5340 0.6043 0.5340 0.6043 0.7868 0.2034 0.7868
0 0.6451 0.1679 0.7271 0.1679 0.7271 0.3077 0.6451 0.3077
0 0.4491 0.2932 0.7260 0.2932 0.7260 0.3616 0.4491 0.3616
1 0.9863 0.7343 0.9923 0.7343 0.9923 0.7565 0.9863 0.7565
1 0.8333 0.2398 0.8498 0.2398 0.8498 0.2430 0.8333 0.2430
1 0.6308 0.8632 0.6320 0.8632 0.6320 0.8852 0.6308 0.8852
1 0.9790 0.9338 0.9853 0.9338 0.9853 0.9878 0.9790 0.9878
2 0.1440 0.1411 0.1674 0.1411 0.1674 0.1701 0.1440 0.1701
2 0.4934 0.3928 0.5195 0.3928 0.5195 0.4512 0.4934 0.4512
2 0.7237 0.5027 0.7392 0.5027 0.7392 0.5245 0.7237 0.5245
2 0.1173 0.7403 0.2258 0.7403 0.2258 0.8301 0.1173 0.8301
3 0.5359 0.6636 0.5584 0.6636 0.5584 0.8240 0.5359 0.8240
3 0.8942 0.4139 0.9141 0.4139 0.9141 0.5629 0.8942 0.5629
3 0.9231 0.0522 0.9303 0.0522 0.9303 0.1058 0.9231 0.1058
3 0.0199 0.2166 0.0364 0.2166 0.0364 0.2806 0.0199 0.2806
4 0.1457 0.9515 0.1615 0.9515 0.1615 0.9741 0.1457 0.9741
4 0.0640 0.7135 0.0794 0.7135 0.0794 0.7245 0.0640 0.7245
4 0.5745 0.6210 0.5883 0.6210 0.5883 0.6398 0.5745 0.6398
4 0.7811 0.4406 0.8021 0.4406 0.8021 0.4558 0.7811 0.4558
6 0.4685 0.5107 0.5087 0.5107 0.5087 0.5485 0.4685 0.5485
6 0.9713 0.7194 0.9910 0.7194 0.9910 0.7474 0.9713 0.7474
6 0.8922 0.6507 0.9341 0.6507 0.9341 0.7689 0.8922 0.7689
6 0.1673 0.2979 0.2450 0.2979 0.2450 0.3345 0.1673 0.3345
7 0.7802 0.2212 0.8283 0.2212 0.8283 0.2412 0.7802 0.2412
7 0.2291 0.8843 0.2932 0.8843 0.2932 0.9117 0.2291 0.9117
7 0.0551 0.1831 0.0777 0.1831 0.0777 0.2537 0.0551 0.2537
7 0.8214 0.0232 0.9091 0.0232 0.9091 0.0676 0.8214 0.0676
9 0.8485 0.2363 0.9570 0.2363 0.9570 0.2713 0.8485 0.2713
9 0.8065 0.8752 0.8721 0.8752 0.8721 0.9376 0.8065 0.9376
9 0.7690 0.9358 0.9395 0.9358 0.9395 0.9910 0.7690 0.9910
9 0.7085 0.2819 0.9523 0.2819 0.9523 0.3621 0.7085 0.3621
12 0.4017 0.5796 0.5077 0.5796 0.5077 0.6372 0.4017 0.6372
12 0.0813 0.7314 0.0950 0.7314 0.0950 0.8402 0.0813 0.8402
12 0.2580 0.4423 0.3414 0.4423 0.3414 0.4505 0.2580 0.4505
12 0.1894 0.8192 0.3320 0.8192 0.3320 0.8440 0.1894 0.8440
13 0.2814 0.2383 0.2918 0.2383 0.2918 0.2517 0.2814 0.2517
13 0.6902 0.4572 0.6941 0.4572 0.6941 0.4704 0.6902 0.4704
13 0.2922 0.6691 0.3313 0.6691 0.3313 0.7021 0.2922 0.7021
13 0.0851 0.5963 0.0949 0.5963 0.0949 0.6045 0.0851 0.6045
15 0.3482 0.7551 0.3649 0.7551 0.3649 0.7889 0.3482 0.7889
15 0.7285 0.5596 0.7886 0.5596 0.7886 0.6480 0.7285 0.6480
15 0.5831 0.2331 0.6203 0.2331 0.6203 0.2881 0.5831 0.2881
15 0.0843 0.0051 0.2000 0.0051 0.2000 0.1249 0.0843 0.1249
