0 0.4248 0.0348 0.4501 0.0348 0.4501 0.3716 0.4248 0.3716
0 0.1062 0.7928 0.2235 0.7928 0.2235 0.9668 0.1062 0.9668
0 0.5742 0.3460 0.7390 0.3460 0.7390 0.9324 0.5742 0.9324
0 0.0628 0.5115 0.0943 0.5115 0.0943 0.6489 0.0628 0.6489
1 0.1097 0.7887 0.1138 0.7887 0.1138 0.8217 0.1097 0.8217
1 0.3019 0.5951 0.3064 0.5951 0.3064 0.6313 0.3019 0.6313
1 0.7216 0.8743 0.7318 0.8743 0.7318 0.9753 0.7216 0.9753
1 0.1365 0.5628 0.1383 0.5628 0.1383 0.5984 0.1365 0.5984
2 0.5091 0.5886 0.7883 0.5886 0.7883 0.6702 0.5091 0.6702
2 0.0246 0.7923 0.0654 0.7923 0.0654 0.8913 0.0246 0.8913
2 0.3251 0.6699 0.5229 0.6699 0.5229 0.8337 0.3251 0.8337
2 0.5596 0.1655 0.6701 0.1655 0.6701 0.2513 0.5596 0.2513
3 0.7161 0.7091 0.7213 0.7091 0.7213 0.7925 0.7161 0.7925
3 0.6311 0.6771 0.7072 0.6771 0.7072 0.7009 0.6311 0.7009
3 0.6448 0.3983 0.7392 0.3983 0.7392 0.4205 0.6448 0.4205
3 0.1382 0.3316 0.1483 0.3316 0.1483 0.4028 0.1382 0.4028
4 0.2362 0.3982 0.2538 0.3982 0.2538 0.4422 0.2362 0.4422
4 0.5187 0.9018 0.5236 0.9018 0.5236 0.9174 0.5187 0.9174
4 0.0260 0.1419 0.0294 0.1419 0.0294 0.1465 0.0260 0.1465
4 0.8942 0.6375 0.8981 0.6375 0.8981 0.6545 0.8942 0.6545
6 0.4371 0.6271 0.5318 0.6271 0.5318 0.6717 0.4371 0.6717
6 0.2796 0.0274 0.2987 0.0274 0.2987 0.0546 0.2796 0.0546
6 0.4744 0.4684 0.5167 0.4684 0.5167 0.4820 0.4744 0.4820
6 0.4259 0.5640 0.4770 0.5640 0.4770 0.5880 0.4259 0.5880
7 0.4599 0.1944 0.4727 0.1944 0.4727 0.2496 0.4599 0.2496
7 0.5490 0.6910 0.5841 0.6910 0.5841 0.8278 0.5490 0.8278
7 0.7011 0.5276 0.7166 0.5276 0.7166 0.5880 0.7011 0.5880
7 0.8388 0.2735 0.8458 0.2735 0.8458 0.2953 0.8388 0.2953
9 0.0534 0.9512 0.1594 0.9512 0.1594 0.9860 0.0534 0.9860
9 0.8168 0.9034 0.9135 0.9034 0.9135 0.9350 0.8168 0.9350
9 0.5156 0.1356 0.5358 0.1356 0.5358 0.2340 0.5156 0.2340
9 0.2494 0.2406 0.3012 0.2406 0.3012 0.4934 0.2494 0.4934
12 0.8596 0.6951 0.9275 0.6951 0.9275 0.7017 0.8596 0.7017
12 0.0990 0.7391 0.3673 0.7391 0.3673 0.7989 0.0990 0.7989
12 0.8145 0.1291 0.8358 0.1291 0.8358 0.2793 0.8145 0.2793
12 0.2340 0.5402 0.3632 0.5402 0.3632 0.5918 0.2340 0.5918
13 0.8974 0.5096 0.9081 0.5096 0.9081 0.5256 0.8974 0.5256
13 0.8377 0.8202 0.8503 0.8202 0.8503 0.8394 0.8377 0.8394
13 0.9224 0.4304 0.9290 0.4304 0.9290 0.6932 0.9224 0.6932
13 0.8110 0.3383 0.8195 0.3383 0.8195 0.3461 0.8110 0.3461
15 0.1350 0.1927 0.2436 0.1927 0.2436 0.2825 0.1350 0.2825
15 0.5054 0.6354 0.5886 0.6354 0.5886 0.7174 0.5054 0.7174
15 0.6991 0.5967 0.7269 0.5967 0.7269 0.7061 0.6991 0.7061
15 0.9322 0.4138 0.9952 0.4138 0.9952 0.4842 0.9322 0.4842
