0 0.7785 0.1238 0.9144 0.1238 0.9144 0.3254 0.7785 0.3254
0 0.0146 0.1987 0.2172 0.1987 0.2172 0.7153 0.0146 0.7153
0 0.0954 0.3403 0.2575 0.3403 0.2575 0.9173 0.0954 0.9173
0 0.1848 0.2024 0.4643 0.2024 0.4643 0.3060 0.1848 0.3060
1 0.4982 0.4434 0.5232 0.4434 0.5232 0.4570 0.4982 0.4570
1 0.7500 0.0182 0.7569 0.0182 0.7569 0.0782 0.7500 0.0782
1 0.1879 0.8422 0.1984 0.8422 0.1984 0.8770 0.1879 0.8770
1 0.4042 0.3484 0.4087 0.3484 0.4087 0.3868 0.4042 0.3868
2 0.5859 0.7216 0.6472 0.7216 0.6472 0.7692 0.5859 0.7692
2 0.8631 0.0147 0.8772 0.0147 0.8772 0.0425 0.8631 0.0425
2 0.8671 0.2826 0.9426 0.2826 0.9426 0.3890 0.8671 0.3890
2 0.6333 0.3162 0.7641 0.3162 0.7641 0.4246 0.6333 0.4246
3 0.6774 0.2211 0.7415 0.2211 0.7415 0.2369 0.6774 0.2369
3 0.5208 0.5279 0.5443 0.5279 0.5443 0.7077 0.5208 0.7077
3 0.8728 0.3135 0.9783 0.3135 0.9783 0.3465 0.8728 0.3465
3 0.1859 0.6612 0.3001 0.6612 0.3001 0.6892 0.1859 0.6892
4 0.4079 0.8870 0.4164 0.8870 0.4164 0.9658 0.4079 0.9658
4 0.1888 0.3555 0.2112 0.3555 0.2112 0.3673 0.1888 0.3673
4 0.4973 0.4862 0.5201 0.4862 0.5201 0.4982 0.4973 0.4982
4 0.9385 0.1754 0.9504 0.1754 0.9504 0.1854 0.9385 0.1854
6 0.8433 0.4474 0.8790 0.4474 0.8790 0.4642 0.8433 0.4642
6 0.1865 0.5375 0.2007 0.5375 0.2007 0.5577 0.1865 0.5577
6 0.7299 0.0427 0.7595 0.0427 0.7595 0.0705 0.7299 0.0705
6 0.2776 0.7396 0.3246 0.7396 0.3246 0.8720 0.2776 0.8720
7 0.5944 0.1108 0.6821 0.1108 0.6821 0.2312 0.5944 0.2312
7 0.2785 0.7047 0.3026 0.7047 0.3026 0.7677 0.2785 0.7677
7 0.1659 0.2243 0.1778 0.2243 0.1778 0.2865 0.1659 0.2865
7 0.9862 0.1158 0.9963 0.1158 0.9963 0.1430 0.9862 0.1430
9 0.2805 0.5763 0.3532 0.5763 0.3532 0.8161 0.2805 0.8161
9 0.6985 0.5239 0.7340 0.5239 0.7340 0.5577 0.6985 0.5577
9 0.1816 0.0887 0.3641 0.0887 0.3641 0.1477 0.1816 0.1477
9 0.0424 0.0348 0.0767 0.0348 0.0767 0.1544 0.0424 0.1544
12 0.4454 0.4067 0.4792 0.4067 0.4792 0.5453 0.4454 0.5453
12 0.5411 0.2399 0.5606 0.2399 0.5606 0.3773 0.5411 0.3773
12 0.2859 0.1264 0.3066 0.1264 0.3066 0.2112 0.2859 0.2112
12 0.2453 0.2191 0.2647 0.2191 0.2647 0.4441 0.2453 0.4441
13 0.3687 0.3584 0.3736 0.3584 0.3736 0.3712 0.3687 0.3712
13 0.3622 0.6218 0.3710 0.6218 0.3710 0.6590 0.3622 0.6590
13 0.1420 0.8220 0.1609 0.8220 0.1609 0.8392 0.1420 0.8392
13 0.2842 0.4039 0.3164 0.4039 0.3164 0.4861 0.2842 0.4861
15 0.7754 0.5520 0.9154 0.5520 0.9154 0.7028 0.7754 0.7028
15 0.6223 0.4168 0.7146 0.4168 0.7146 0.5076 0.6223 0.5076
15 0.0145 0.0843 0.0735 0.0843 0.0735 0.1409 0.0145 0.1409
15 0.3050 0.4003 0.3490 0.4003 0.3490 0.4893 0.3050 0.4893
