0 0.4513 0.5088 0.5233 0.5088 0.5233 0.7808 0.4513 0.7808
0 0.7677 0.4863 0.8740 0.4863 0.8740 0.7993 0.7677 0.7993
0 0.6496 0.3991 0.8575 0.3991 0.8575 0.9293 0.6496 0.9293
0 0.7556 0.2819 0.8867 0.2819 0.8867 0.8221 0.7556 0.8221
1 0.8364 0.8670 0.8407 0.8670 0.8407 0.9046 0.8364 0.9046
1 0.1167 0.8186 0.1404 0.8186 0.1404 0.8286 0.1167 0.8286
1 0.3076 0.0643 0.3269 0.0643 0.3269 0.0725 0.3076 0.0725
1 0.2845 0.4119 0.2892 0.4119 0.2892 0.4581 0.2845 0.4581
2 0.5471 0.6166 0.6386 0.6166 0.6386 0.6714 0.5471 0.6714
2 0.5830 0.3678 0.6518 0.3678 0.6518 0.4278 0.5830 0.4278
2 0.1353 0.5551 0.3441 0.5551 0.3441 0.6301 0.1353 0.6301
2 0.2451 0.4435 0.2632 0.4435 0.2632 0.4573 0.2451 0.4573
3 0.1245 0.7631 0.2441 0.7631 0.2441 0.7925 0.1245 0.7925
3 0.2369 0.0763 0.2517 0.0763 0.2517 0.1821 0.2369 0.1821
3 0.5713 0.1335 0.5778 0.1335 0.5778 0.1793 0.5713 0.1793
3 0.7986 0.9440 0.8626 0.9440 0.8626 0.9636 0.7986 0.9636
4 0.8557 0.8664 0.8720 0.8664 0.8720 0.8756 0.8557 0.8756
4 0.7045 0.2562 0.7103 0.2562 0.7103 0.2878 0.7045 0.2878
4 0.0674 0.4443 0.1240 0.4443 0.1240 0.4585 0.0674 0.4585
4 0.0465 0.0319 0.0527 0.0319 0.0527 0.0913 0.0465 0.0913
6 0.1699 0.0679 0.1827 0.0679 0.1827 0.0861 0.1699 0.0861
6 0.2224 0.8019 0.3173 0.8019 0.3173 0.8465 0.2224 0.8465
6 0.3781 0.5319 0.4150 0.5319 0.4150 0.5665 0.3781 0.5665
6 0.7391 0.0295 0.9289 0.0295 0.9289 0.1633 0.7391 0.1633
7 0.3722 0.0004 0.3798 0.0004 0.3798 0.0216 0.3722 0.0216
7 0.5056 0.6595 0.5155 0.6595 0.5155 0.7305 0.5056 0.7305
7 0.3871 0.1227 0.4035 0.1227 0.4035 0.1725 0.3871 0.1725
7 0.5276 0.8098 0.5484 0.8098 0.5484 0.9210 0.5276 0.9210
9 0.3945 0.5296 0.5084 0.5296 0.5084 0.5664 0.3945 0.5664
9 0.7514 0.7519 0.8077 0.7519 0.8077 0.9485 0.7514 0.9485
9 0.1584 0.2842 0.1984 0.2842 0.1984 0.4162 0.1584 0.4162
9 0.2647 0.4171 0.2918 0.4171 0.2918 0.5509 0.2647 0.5509
12 0.3003 0.2856 0.3329 0.2856 0.3329 0.5444 0.3003 0.5444
12 0.3751 0.2340 0.4189 0.2340 0.4189 0.4296 0.3751 0.4296
12 0.5125 0.6879 0.5881 0.6879 0.5881 0.7321 0.5125 0.7321
12 0.7593 0.4779 0.7990 0.4779 0.7990 0.5125 0.7593 0.5125
13 0.7170 0.6898 0.7207 0.6898 0.7207 0.8386 0.7170 0.8386
13 0.3086 0.2306 0.3200 0.2306 0.3200 0.2414 0.3086 0.2414
13 0.4347 0.1726 0.4587 0.1726 0.4587 0.1950 0.4347 0.1950
13 0.5639 0.3927 0.5667 0.3927 0.5667 0.5449 0.5639 0.5449
15 0.5540 0.2296 0.5992 0.2296 0.5992 0.2908 0.5540 0.2908
15 0.5796 0.4815 0.5955 0.4815 0.5955 0.5109 0.5796 0.5109
15 0.6373 0.7506 0.7204 0.7506 0.7204 0.8474 0.6373 0.8474
15 0.1016 0.1312 0.1590 0.1312 0.1590 0.2160 0.1016 0.2160
