0 0.1331 0.0931 0.3072 0.0931 0.3072 0.5721 0.1331 0.5721
0 0.7754 0.4814 0.8341 0.4814 0.8341 0.6042 0.7754 0.6042
0 0.5334 0.1731 0.5952 0.1731 0.5952 0.3929 0.5334 0.3929
0 0.3540 0.1303 0.4937 0.1303 0.4937 0.5961 0.3540 0.5961
1 0.8302 0.7243 0.8344 0.7243 0.8344 0.7581 0.8302 0.7581
1 0.3828 0.6360 0.3849 0.6360 0.3849 0.6532 0.3828 0.6532
1 0.7090 0.7303 0.7135 0.7303 0.7135 0.7665 0.7090 0.7665
1 0.5293 0.7984 0.5444 0.7984 0.5444 0.8480 0.5293 0.8480
2 0.5579 0.5027 0.6413 0.5027 0.6413 0.5705 0.5579 0.5705
2 0.3268 0.1471 0.3503 0.1471 0.3503 0.2009 0.3268 0.2009
2 0.5743 0.6634 0.6277 0.6634 0.6277 0.7398 0.5743 0.7398
2 0.5725 0.5691 0.5787 0.5691 0.5787 0.6049 0.5725 0.6049
3 0.2520 0.8119 0.2629 0.8119 0.2629 0.8893 0.2520 0.8893
3 0.4021 0.7163 0.4650 0.7163 0.4650 0.7317 0.4021 0.7317
3 0.5205 0.6490 0.6241 0.6490 0.6241 0.6734 0.5205 0.6734
3 0.7465 0.1855 0.7581 0.1855 0.7581 0.2677 0.7465 0.2677
4 0.3457 0.9051 0.3726 0.9051 0.3726 0.9245 0.3457 0.9245
4 0.3976 0.5411 0.4052 0.5411 0.4052 0.5505 0.3976 0.5505
4 0.4108 0.5991 0.4200 0.5991 0.4200 0.6869 0.4108 0.6869
4 0.7428 0.4907 0.7500 0.4907 0.7500 0.5361 0.7428 0.5361
6 0.3765 0.6032 0.4655 0.6032 0.4655 0.8540 0.3765 0.8540
6 0.4531 0.1700 0.5146 0.1700 0.5146 0.3432 0.4531 0.3432
6 0.2439 0.2291 0.2586 0.2291 0.2586 0.2501 0.2439 0.2501
6 0.0491 0.4163 0.1360 0.4163 0.1360 0.6613 0.0491 0.6613
7 0.1340 0.5231 0.2066 0.5231 0.2066 0.5541 0.1340 0.5541
7 0.5999 0.8766 0.6098 0.8766 0.6098 0.9026 0.5999 0.9026
7 0.8897 0.8559 0.8997 0.8559 0.8997 0.8961 0.8897 0.8961
7 0.4779 0.4634 0.4884 0.4634 0.4884 0.5022 0.4779 0.5022
9 0.1623 0.5058 0.1880 0.5058 0.1880 0.6314 0.1623 0.6314
9 0.6607 0.1770 0.6773 0.1770 0.6773 0.2586 0.6607 0.2586
9 0.4248 0.4795 0.4478 0.4795 0.4478 0.5929 0.4248 0.5929
9 0.3799 0.2003 0.4044 0.2003 0.4044 0.3209 0.3799 0.3209
12 0.1471 0.9355 0.2812 0.9355 0.2812 0.9865 0.1471 0.9865
12 0.1348 0.0735 0.2063 0.0735 0.2063 0.1053 0.1348 0.1053
12 0.4031 0.5691 0.8909 0.5691 0.8909 0.6589 0.4031 0.6589
12 0.9336 0.7916 0.9593 0.7916 0.9593 0.9720 0.9336 0.9720
13 0.1819 0.1606 0.1895 0.1606 0.1895 0.1670 0.1819 0.1670
13 0.1056 0.9687 0.1309 0.9687 0.1309 0.9901 0.1056 0.9901
13 0.6505 0.5975 0.6969 0.5975 0.6969 0.6233 0.6505 0.6233
13 0.8547 0.4474 0.8844 0.4474 0.8844 0.4990 0.8547 0.4990
15 0.0717 0.5074 0.0989 0.5074 0.0989 0.5650 0.0717 0.5650
15 0.4363 0.5492 0.4694 0.5492 0.4694 0.5968 0.4363 0.5968
15 0.5319 0.3139 0.5701 0.3139 0.5701 0.3669 0.5319 0.3669
15 0.5288 0.8759 0.5741 0.8759 0.5741 0.9265 0.5288 0.9265
