0 0.5233 0.1846 0.7504 0.1846 0.7504 0.4070 0.5233 0.4070
0 0.4999 0.4728 0.5381 0.4728 0.5381 0.9804 0.4999 0.9804
0 0.0940 0.2778 0.2480 0.2778 0.2480 0.8602 0.0940 0.8602
0 0.4937 0.4348 0.7806 0.4348 0.7806 0.5412 0.4937 0.5412
1 0.7165 0.6966 0.7224 0.6966 0.7224 0.7546 0.7165 0.7546
1 0.8748 0.3099 0.8817 0.3099 0.8817 0.3993 0.8748 0.3993
1 0.4294 0.9071 0.4417 0.9071 0.4417 0.9177 0.4294 0.9177
1 0.1925 0.0190 0.1995 0.0190 0.1995 0.0954 0.1925 0.0954
2 0.0947 0.2082 0.1124 0.2082 0.1124 0.2842 0.0947 0.2842
2 0.2374 0.2734 0.2646 0.2734 0.2646 0.3254 0.2374 0.3254
2 0.7662 0.6342 0.8526 0.6342 0.8526 0.7598 0.7662 0.7598
2 0.4819 0.8411 0.6404 0.8411 0.6404 0.8981 0.4819 0.8981
3 0.2474 0.9047 0.3057 0.9047 0.3057 0.9229 0.2474 0.9229
3 0.0331 0.6703 0.0960 0.6703 0.0960 0.6921 0.0331 0.6921
3 0.8033 0.0475 0.8110 0.0475 0.8110 0.1049 0.8033 0.1049
3 0.8993 0.2527 0.9430 0.2527 0.9430 0.2661 0.8993 0.2661
4 0.1108 0.3603 0.1338 0.3603 0.1338 0.4121 0.1108 0.4121
4 0.8368 0.5059 0.8458 0.5059 0.8458 0.5125 0.8368 0.5125
4 0.4828 0.1800 0.4861 0.1800 0.4861 0.1924 0.4828 0.1924
4 0.4248 0.3432 0.4332 0.3432 0.4332 0.3792 0.4248 0.3792
6 0.6979 0.4044 0.7210 0.4044 0.7210 0.4372 0.6979 0.4372
6 0.8394 0.2891 0.8634 0.2891 0.8634 0.3233 0.8394 0.3233
6 0.6891 0.1731 0.7098 0.1731 0.7098 0.2025 0.6891 0.2025
6 0.7425 0.4838 0.8407 0.4838 0.8407 0.7606 0.7425 0.7606
7 0.5600 0.1046 0.5680 0.1046 0.5680 0.1106 0.5600 0.1106
7 0.5968 0.2871 0.6049 0.2871 0.6049 0.3105 0.5968 0.3105
7 0.6413 0.1574 0.6635 0.1574 0.6635 0.1686 0.6413 0.1686
7 0.2790 0.5008 0.2847 0.5008 0.2847 0.5268 0.2790 0.5268
9 0.3100 0.1676 0.4466 0.1676 0.4466 0.2120 0.3100 0.2120
9 0.8394 0.1344 0.8978 0.1344 0.8978 0.3272 0.8394 0.3272
9 0.5768 0.4602 0.6861 0.4602 0.6861 0.4962 0.5768 0.4962
9 0.8082 0.0874 0.8512 0.0874 0.8512 0.2294 0.8082 0.2294
12 0.0625 0.7275 0.0781 0.7275 0.0781 0.8065 0.0625 0.8065
12 0.3333 0.9695 0.3484 0.9695 0.3484 0.9821 0.3333 0.9821
12 0.4557 0.8528 0.4677 0.8528 0.4677 0.9136 0.4557 0.9136
12 0.1927 0.9187 0.2644 0.9187 0.2644 0.9577 0.1927 0.9577
13 0.5659 0.1378 0.5784 0.1378 0.5784 0.1750 0.5659 0.1750
13 0.7950 0.3675 0.8161 0.3675 0.8161 0.4109 0.7950 0.4109
13 0.4184 0.8623 0.4273 0.8623 0.4273 0.8757 0.4184 0.8757
13 0.3862 0.5794 0.4118 0.5794 0.4118 0.6254 0.3862 0.6254
15 0.5608 0.3143 0.6501 0.3143 0.6501 0.4777 0.5608 0.4777
15 0.5811 0.3639 0.6041 0.3639 0.6041 0.3969 0.5811 0.3969
15 0.8014 0.7086 0.8452 0.7086 0.8452 0.7518 0.8014 0.7518
15 0.3226 0.6775 0.4000 0.6775 0.4000 0.7589 0.3226 0.7589
