0 0.2519 0.0306 0.2875 0.0306 0.2875 0.5038 0.2519 0.5038
0 0.4385 0.0710 0.4592 0.0710 0.4592 0.3470 0.4385 0.3470
0 0.4623 0.5059 0.5551 0.5059 0.5551 0.6041 0.4623 0.6041
0 0.1939 0.1431 0.4475 0.1431 0.4475 0.2813 0.1939 0.2813
1 0.0514 0.6514 0.0561 0.6514 0.0561 0.6686 0.0514 0.6686
1 0.3573 0.4802 0.3612 0.4802 0.3612 0.5566 0.3573 0.5566
1 0.6271 0.7192 0.6452 0.7192 0.6452 0.7268 0.6271 0.7268
1 0.8946 0.5459 0.9043 0.5459 0.9043 0.5813 0.8946 0.5813
2 0.0666 0.1599 0.2363 0.1599 0.2363 0.1897 0.0666 0.1897
2 0.2843 0.6260 0.4843 0.6260 0.4843 0.8052 0.2843 0.8052
2 0.1217 0.1603 0.1346 0.1603 0.1346 0.3313 0.1217 0.3313
2 0.4794 0.8322 0.5095 0.8322 0.5095 0.8510 0.4794 0.8510
3 0.1985 0.0075 0.2107 0.0075 0.2107 0.1009 0.1985 0.1009
3 0.2605 0.4382 0.2841 0.4382 0.2841 0.6066 0.2605 0.6066
3 0.1997 0.0096 0.2583 0.0096 0.2583 0.0276 0.1997 0.0276
3 0.2005 0.1502 0.2627 0.1502 0.2627 0.1714 0.2005 0.1714
4 0.7982 0.6099 0.8052 0.6099 0.8052 0.6321 0.7982 0.6321
4 0.0810 0.7167 0.0964 0.7167 0.0964 0.7393 0.0810 0.7393
4 0.3868 0.5856 0.4469 0.5856 0.4469 0.6044 0.3868 0.6044
4 0.6608 0.9475 0.6695 0.9475 0.6695 0.9585 0.6608 0.9585
6 0.4744 0.5722 0.5210 0.5722 0.5210 0.6378 0.4744 0.6378
6 0.9010 0.1746 0.9401 0.1746 0.9401 0.1930 0.9010 0.1930
6 0.7157 0.5359 0.7889 0.5359 0.7889 0.7421 0.7157 0.7421
6 0.9277 0.1615 0.9775 0.1615 0.9775 0.1777 0.9277 0.1777
7 0.6688 0.2451 0.6852 0.2451 0.6852 0.3045 0.6688 0.3045
7 0.0342 0.5882 0.0452 0.5882 0.0452 0.5942 0.0342 0.5942
7 0.4941 0.4007 0.5070 0.4007 0.5070 0.4069 0.4941 0.4069
7 0.7388 0.2748 0.7598 0.2748 0.7598 0.3480 0.7388 0.3480
9 0.7747 0.6999 0.8981 0.6999 0.8981 0.7401 0.7747 0.7401
9 0.8163 0.7536 0.8809 0.7536 0.8809 0.9376 0.8163 0.9376
9 0.0570 0.3632 0.1924 0.3632 0.1924 0.4076 0.0570 0.4076
9 0.3728 0.3499 0.5295 0.3499 0.5295 0.4449 0.3728 0.4449
12 0.2431 0.2820 0.2737 0.2820 0.2737 0.3108 0.2431 0.3108
12 0.1173 0.8516 0.1515 0.8516 0.1515 0.8716 0.1173 0.8716
12 0.6768 0.6627 0.7029 0.6627 0.7029 0.6845 0.6768 0.6845
12 0.1296 0.7998 0.1538 0.7998 0.1538 0.9222 0.1296 0.9222
13 0.6757 0.1315 0.6915 0.1315 0.6915 0.1553 0.6757 0.1553
13 0.8990 0.9350 0.9056 0.9350 0.9056 0.9450 0.8990 0.9450
13 0.4754 0.0040 0.4926 0.0040 0.4926 0.0104 0.4754 0.0104
13 0.9185 0.4191 0.9364 0.4191 0.9364 0.4373 0.9185 0.4373
15 0.7545 0.7440 0.8664 0.7440 0.8664 0.8364 0.7545 0.8364
15 0.4882 0.4614 0.5375 0.4614 0.5375 0.5022 0.4882 0.5022
15 0.3477 0.6955 0.4292 0.6955 0.4292 0.7629 0.3477 0.7629
15 0.4928 0.8259 0.5097 0.8259 0.5097 0.8501 0.4928 0.8501
