0 0.5339 0.4002 0.7095 0.4002 0.7095 0.5110 0.5339 0.5110
0 0.3917 0.4059 0.5406 0.4059 0.5406 0.5781 0.3917 0.5781
0 0.8077 0.1171 0.9857 0.1171 0.9857 0.7105 0.8077 0.7105
0 0.5776 0.0827 0.6373 0.0827 0.6373 0.1845 0.5776 0.1845
1 0.0625 0.2984 0.0803 0.2984 0.0803 0.3080 0.0625 0.3080
1 0.8016 0.2394 0.8118 0.2394 0.8118 0.3482 0.8016 0.3482
1 0.7511 0.8076 0.7535 0.8076 0.7535 0.8552 0.7511 0.8552
1 0.6446 0.5539 0.6471 0.5539 0.6471 0.5997 0.6446 0.5997
2 0.6350 0.4098 0.7233 0.4098 0.7233 0.4714 0.6350 0.4714
2 0.5663 0.0075 0.6274 0.0075 0.6274 0.0433 0.5663 0.0433
2 0.5071 0.3548 0.5232 0.3548 0.5232 0.5688 0.5071 0.5688
2 0.3908 0.1003 0.3966 0.1003 0.3966 0.1337 0.3908 0.1337
3 0.5885 0.6640 0.6018 0.6640 0.6018 0.7584 0.5885 0.7584
3 0.8084 0.9419 0.8444 0.9419 0.8444 0.9541 0.8084 0.9541
3 0.1514 0.7707 0.2489 0.7707 0.2489 0.7937 0.1514 0.7937
3 0.0114 0.5634 0.1249 0.5634 0.1249 0.5902 0.0114 0.5902
4 0.4663 0.9771 0.4923 0.9771 0.4923 0.9961 0.4663 0.9961
4 0.5057 0.6547 0.5258 0.6547 0.5258 0.6841 0.5057 0.6841
4 0.8590 0.3791 0.8667 0.3791 0.8667 0.3901 0.8590 0.3901
4 0.9420 0.7103 0.9763 0.7103 0.9763 0.7313 0.9420 0.7313
6 0.1111 0.4356 0.1666 0.4356 0.1666 0.5136 0.1111 0.5136
6 0.7636 0.6428 0.9504 0.6428 0.9504 0.7744 0.7636 0.7744
6 0.2653 0.5759 0.3372 0.5759 0.3372 0.6097 0.2653 0.6097
6 0.2594 0.8264 0.3318 0.8264 0.3318 0.8604 0.2594 0.8604
7 0.6568 0.2523 0.6620 0.2523 0.6620 0.2697 0.6568 0.2697
7 0.7394 0.6066 0.7501 0.6066 0.7501 0.6834 0.7394 0.6834
7 0.2271 0.1162 0.2401 0.1162 0.2401 0.1962 0.2271 0.1962
7 0.6122 0.7175 0.6286 0.7175 0.6286 0.7901 0.6122 0.7901
9 0.3654 0.2751 0.6129 0.2751 0.6129 0.4249 0.3654 0.4249
9 0.6642 0.7871 0.7069 0.7871 0.7069 0.9361 0.6642 0.9361
9 0.5199 0.1706 0.5384 0.1706 0.5384 0.2622 0.5199 0.2622
9 0.7470 0.0279 0.8093 0.0279 0.8093 0.2053 0.7470 0.2053
12 0.6165 0.1456 0.8603 0.1456 0.8603 0.1880 0.6165 0.1880
12 0.0208 0.7346 0.0352 0.7346 0.0352 0.8366 0.0208 0.8366
12 0.5425 0.6502 0.5658 0.6502 0.5658 0.8354 0.5425 0.8354
12 0.6150 0.8051 0.7330 0.8051 0.7330 0.8693 0.6150 0.8693
13 0.1853 0.6723 0.2064 0.6723 0.2064 0.7613 0.1853 0.7613
13 0.2042 0.4243 0.2149 0.4243 0.2149 0.4333 0.2042 0.4333
13 0.0982 0.0934 0.1007 0.0934 0.1007 0.2770 0.0982 0.2770
13 0.6748 0.5427 0.7004 0.5427 0.7004 0.5553 0.6748 0.5553
15 0.7637 0.4168 0.7915 0.4168 0.7915 0.4492 0.7637 0.4492
15 0.7566 0.4511 0.8554 0.4511 0.8554 0.5485 0.7566 0.5485
15 0.5105 0.1779 0.5504 0.1779 0.5504 0.2225 0.5105 0.2225
15 0.6114 0.2752 0.7318 0.2752 0.7318 0.4296 0.6114 0.4296
