0 0.6319 0.5439 0.8384 0.5439 0.8384 0.6565 0.6319 0.6565
0 0.5677 0.1019 0.7246 0.1019 0.7246 0.6605 0.5677 0.6605
0 0.4874 0.1091 0.7929 0.1091 0.7929 0.2225 0.4874 0.2225
0 0.6931 0.5546 0.7912 0.5546 0.7912 0.7218 0.6931 0.7218
1 0.1960 0.7703 0.2003 0.7703 0.2003 0.8049 0.1960 0.8049
1 0.2264 0.1003 0.2307 0.1003 0.2307 0.1833 0.2264 0.1833
1 0.8013 0.1336 0.8038 0.1336 0.8038 0.1828 0.8013 0.1828
1 0.1222 0.3454 0.1243 0.3454 0.1243 0.3866 0.1222 0.3866
2 0.2087 0.8910 0.2698 0.8910 0.2698 0.9114 0.2087 0.9114
2 0.6879 0.6615 0.7113 0.6615 0.7113 0.6873 0.6879 0.6873
2 0.4519 0.4152 0.6164 0.4152 0.6164 0.5452 0.4519 0.5452
2 0.2614 0.9215 0.3200 0.9215 0.3200 0.9497 0.2614 0.9497
3 0.5759 0.2163 0.5887 0.2163 0.5887 0.3065 0.5759 0.3065
3 0.1582 0.6300 0.2224 0.6300 0.2224 0.6500 0.1582 0.6500
3 0.1674 0.1627 0.2132 0.1627 0.2132 0.1749 0.1674 0.1749
3 0.7879 0.0116 0.8061 0.0116 0.8061 0.1480 0.7879 0.1480
4 0.7053 0.5390 0.7158 0.5390 0.7158 0.5522 0.7053 0.5522
4 0.9454 0.0603 0.9635 0.0603 0.9635 0.0701 0.9454 0.0701
4 0.9324 0.2615 0.9676 0.2615 0.9676 0.2705 0.9324 0.2705
4 0.0265 0.5728 0.0433 0.5728 0.0433 0.5852 0.0265 0.5852
6 0.0263 0.1755 0.0940 0.1755 0.0940 0.3665 0.0263 0.3665
6 0.7771 0.1211 0.8097 0.1211 0.8097 0.1669 0.7771 0.1669
6 0.0530 0.2144 0.1144 0.2144 0.1144 0.3872 0.0530 0.3872
6 0.7519 0.4803 0.9875 0.4803 0.9875 0.6465 0.7519 0.6465
7 0.9483 0.3698 0.9812 0.3698 0.9812 0.5282 0.9483 0.5282
7 0.7719 0.8467 0.7787 0.8467 0.7787 0.8777 0.7719 0.8777
7 0.4040 0.7247 0.4349 0.7247 0.4349 0.8833 0.4040 0.8833
7 0.6388 0.5202 0.6460 0.5202 0.6460 0.5454 0.6388 0.5454
9 0.6265 0.5283 0.6921 0.5283 0.6921 0.8669 0.6265 0.8669
9 0.8142 0.6431 0.9141 0.6431 0.9141 0.6757 0.8142 0.6757
9 0.8405 0.2868 0.9187 0.2868 0.9187 0.3612 0.8405 0.3612
9 0.0836 0.8447 0.4067 0.8447 0.4067 0.9509 0.0836 0.9509
12 0.7945 0.7402 0.8092 0.7402 0.8092 0.8562 0.7945 0.8562
12 0.4008 0.3559 0.4087 0.3559 0.4087 0.6297 0.4008 0.6297
12 0.8122 0.1824 0.9435 0.1824 0.9435 0.2052 0.8122 0.2052
12 0.6545 0.2755 0.7532 0.2755 0.7532 0.3149 0.6545 0.3149
13 0.6848 0.2919 0.6969 0.2919 0.6969 0.3101 0.6848 0.3101
13 0.7334 0.8483 0.7552 0.8483 0.7552 0.8861 0.7334 0.8861
13 0.4139 0.1186 0.4332 0.1186 0.4332 0.1326 0.4139 0.1326
13 0.0474 0.3231 0.0923 0.3231 0.0923 0.3637 0.0474 0.3637
15 0.9749 0.8600 0.9889 0.8600 0.9889 0.8896 0.9749 0.8896
15 0.3491 0.0899 0.3895 0.0899 0.3895 0.1469 0.3491 0.1469
15 0.9656 0.6779 0.9973 0.6779 0.9973 0.7241 0.9656 0.7241
15 0.5728 0.1600 0.6038 0.1600 0.6038 0.2184 0.5728 0.2184
