0 0.3585 0.3840 0.4498 0.3840 0.4498 0.4804 0.3585 0.4804
0 0.2751 0.0299 0.3795 0.0299 0.3795 0.2409 0.2751 0.2409
0 0.1982 0.5820 0.2541 0.5820 0.2541 0.6648 0.1982 0.6648
0 0.1207 0.3790 0.2598 0.3790 0.2598 0.9050 0.1207 0.9050
1 0.6605 0.6758 0.6621 0.6758 0.6621 0.6886 0.6605 0.6886
1 0.0639 0.0535 0.0664 0.0535 0.0664 0.0737 0.0639 0.0737
1 0.5440 0.6850 0.5463 0.6850 0.5463 0.7058 0.5440 0.7058
1 0.5954 0.3771 0.6029 0.3771 0.6029 0.3933 0.5954 0.3933
2 0.8633 0.2575 0.9147 0.2575 0.9147 0.2953 0.8633 0.2953
2 0.1287 0.2847 0.3087 0.2847 0.3087 0.4269 0.1287 0.4269
2 0.1523 0.3879 0.2660 0.3879 0.2660 0.7225 0.1523 0.7225
2 0.5053 0.4763 0.5395 0.4763 0.5395 0.5133 0.5053 0.5133
3 0.5659 0.1963 0.5775 0.1963 0.5775 0.2829 0.5659 0.2829
3 0.5543 0.0823 0.6186 0.0823 0.6186 0.0993 0.5543 0.0993
3 0.8177 0.7042 0.8255 0.7042 0.8255 0.8306 0.8177 0.8306
3 0.5633 0.8100 0.6150 0.8100 0.6150 0.8280 0.5633 0.8280
4 0.5820 0.5480 0.6000 0.5480 0.6000 0.5724 0.5820 0.5724
4 0.1274 0.6264 0.1466 0.6264 0.1466 0.6368 0.1274 0.6368
4 0.3771 0.5618 0.3875 0.5618 0.3875 0.6270 0.3771 0.6270
4 0.1482 0.5630 0.1578 0.5630 0.1578 0.5678 0.1482 0.5678
6 0.7746 0.4818 0.8586 0.4818 0.8586 0.5214 0.7746 0.5214
6 0.2474 0.2863 0.3461 0.2863 0.3461 0.5645 0.2474 0.5645
6 0.4133 0.4507 0.4470 0.4507 0.4470 0.4617 0.4133 0.4617
6 0.7902 0.1371 0.8421 0.1371 0.8421 0.1861 0.7902 0.1861
7 0.3634 0.3950 0.3812 0.3950 0.3812 0.4034 0.3634 0.4034
7 0.3968 0.4536 0.4043 0.4536 0.4043 0.4764 0.3968 0.4764
7 0.9642 0.5796 0.9753 0.5796 0.9753 0.5856 0.9642 0.5856
7 0.2496 0.3231 0.2564 0.3231 0.2564 0.3413 0.2496 0.3413
9 0.3802 0.6146 0.4184 0.6146 0.4184 0.7478 0.3802 0.7478
9 0.8511 0.7559 0.8918 0.7559 0.8918 0.8873 0.8511 0.8873
9 0.6973 0.3700 0.7276 0.3700 0.7276 0.4756 0.6973 0.4756
9 0.7151 0.3136 0.7852 0.3136 0.7852 0.5448 0.7151 0.5448
12 0.5848 0.1215 0.6515 0.1215 0.6515 0.1469 0.5848 0.1469
12 0.6774 0.0751 0.8780 0.0751 0.8780 0.1101 0.6774 0.1101
12 0.3005 0.4339 0.3353 0.4339 0.3353 0.5893 0.3005 0.5893
12 0.1771 0.5598 0.2275 0.5598 0.2275 0.6074 0.1771 0.6074
13 0.7322 0.5920 0.7552 0.5920 0.7552 0.6032 0.7322 0.6032
13 0.8114 0.6500 0.8203 0.6500 0.8203 0.7112 0.8114 0.7112
13 0.3554 0.1642 0.3592 0.1642 0.3592 0.3166 0.3554 0.3166
13 0.6722 0.5435 0.6858 0.5435 0.6858 0.5681 0.6722 0.5681
15 0.4199 0.5755 0.4818 0.5755 0.4818 0.6593 0.4199 0.6593
15 0.5537 0.5599 0.6541 0.5599 0.6541 0.6701 0.5537 0.6701
15 0.8440 0.4792 0.9040 0.4792 0.9040 0.5596 0.8440 0.5596
15 0.0848 0.6027 0.1346 0.6027 0.1346 0.6729 0.0848 0.6729
