0 0.0136 0.0839 0.1581 0.0839 0.1581 0.5657 0.0136 0.5657
0 0.1404 0.3223 0.4516 0.3223 0.4516 0.6269 0.1404 0.6269
0 0.2847 0.1152 0.3938 0.1152 0.3938 0.3012 0.2847 0.3012
0 0.3808 0.1603 0.6846 0.1603 0.6846 0.2353 0.3808 0.2353
1 0.0433 0.8958 0.0475 0.8958 0.0475 0.9294 0.0433 0.9294
1 0.1445 0.9214 0.1472 0.9214 0.1472 0.9446 0.1445 0.9446
1 0.7382 0.2975 0.7587 0.2975 0.7587 0.3493 0.7382 0.3493
1 0.5308 0.0203 0.5638 0.0203 0.5638 0.0353 0.5308 0.0353
2 0.6682 0.6794 0.7364 0.6794 0.7364 0.7786 0.6682 0.7786
2 0.5416 0.9635 0.5746 0.9635 0.5746 0.9733 0.5416 0.9733
2 0.2408 0.6190 0.2924 0.6190 0.2924 0.6458 0.2408 0.6458
2 0.3982 0.5607 0.4283 0.5607 0.4283 0.9109 0.3982 0.9109
3 0.2980 0.8723 0.3018 0.8723 0.3018 0.9337 0.2980 0.9337
3 0.1031 0.0363 0.2049 0.0363 0.2049 0.0681 0.1031 0.0681
3 0.0553 0.3522 0.1513 0.3522 0.1513 0.3822 0.0553 0.3822
3 0.1922 0.5847 0.2026 0.5847 0.2026 0.6621 0.1922 0.6621
4 0.6617 0.6878 0.6723 0.6878 0.6723 0.7050 0.6617 0.7050
4 0.5048 0.6538 0.5155 0.6538 0.5155 0.6790 0.5048 0.6790
4 0.8848 0.7915 0.9752 0.7915 0.9752 0.8001 0.8848 0.8001
4 0.9360 0.2378 0.9460 0.2378 0.9460 0.2614 0.9360 0.2614
6 0.4103 0.2920 0.4434 0.2920 0.4434 0.3076 0.4103 0.3076
6 0.3568 0.4506 0.3983 0.4506 0.3983 0.4702 0.3568 0.4702
6 0.5179 0.4470 0.5884 0.4470 0.5884 0.4802 0.5179 0.4802
6 0.4614 0.9248 0.5057 0.9248 0.5057 0.9664 0.4614 0.9664
7 0.9771 0.6840 0.9835 0.6840 0.9835 0.7024 0.9771 0.7024
7 0.0214 0.4835 0.0546 0.4835 0.0546 0.4977 0.0214 0.4977
7 0.6465 0.3408 0.6715 0.3408 0.6715 0.4776 0.6465 0.4776
7 0.8925 0.0940 0.9144 0.0940 0.9144 0.1492 0.8925 0.1492
9 0.8914 0.3972 0.9569 0.3972 0.9569 0.4596 0.8914 0.4596
9 0.8788 0.0230 0.9358 0.0230 0.9358 0.3086 0.8788 0.3086
9 0.6999 0.8484 0.8536 0.8484 0.8536 0.8980 0.6999 0.8980
9 0.4548 0.4758 0.5092 0.4758 0.5092 0.6514 0.4548 0.6514
12 0.0436 0.7034 0.1046 0.7034 0.1046 0.7094 0.0436 0.7094
12 0.7579 0.4282 0.7995 0.4282 0.7995 0.8298 0.7579 0.8298
12 0.4194 0.7375 0.4372 0.7375 0.4372 0.8057 0.4194 0.8057
12 0.5782 0.2987 0.6172 0.2987 0.6172 0.6741 0.5782 0.6741
13 0.8547 0.6792 0.9044 0.6792 0.9044 0.7240 0.8547 0.7240
13 0.3453 0.5818 0.3689 0.5818 0.3689 0.6042 0.3453 0.6042
13 0.6030 0.5039 0.6181 0.5039 0.6181 0.5349 0.6030 0.5349
13 0.2239 0.7495 0.2338 0.7495 0.2338 0.7693 0.2239 0.7693
15 0.4642 0.4755 0.4890 0.4755 0.4890 0.5121 0.4642 0.5121
15 0.9701 0.4875 1.0001 0.4875 1.0001 0.5305 0.9701 0.5305
15 0.5773 0.2552 0.6710 0.2552 0.6710 0.3356 0.5773 0.3356
15 0.2301 0.8043 0.2590 0.8043 0.2590 0.8469 0.2301 0.8469
