0 0.5364 0.6307 0.8176 0.6307 0.8176 0.7349 0.5364 0.7349
0 0.7305 0.7479 0.8369 0.7479 0.8369 0.8521 0.7305 0.8521
0 0.2145 0.4530 0.3944 0.4530 0.3944 0.9830 0.2145 0.9830
0 0.3694 0.5790 0.4700 0.5790 0.4700 0.8754 0.3694 0.8754
1 0.2182 0.8518 0.2292 0.8518 0.2292 0.9702 0.2182 0.9702
1 0.5268 0.2592 0.5295 0.2592 0.5295 0.3068 0.5268 0.3068
1 0.1047 0.4492 0.1159 0.4492 0.1159 0.5692 0.1047 0.5692
1 0.0342 0.3408 0.0421 0.3408 0.0421 0.4260 0.0342 0.4260
2 0.8282 0.8806 0.8872 0.8806 0.8872 0.9538 0.8282 0.9538
2 0.8877 0.5244 0.9672 0.5244 0.9672 0.7428 0.8877 0.7428
2 0.2973 0.6975 0.3661 0.6975 0.3661 0.7957 0.2973 0.7957
2 0.6577 0.6119 0.7229 0.6119 0.7229 0.7913 0.6577 0.7913
3 0.3530 0.1843 0.4552 0.1843 0.4552 0.2157 0.3530 0.2157
3 0.5779 0.7955 0.6378 0.7955 0.6378 0.8101 0.5779 0.8101
3 0.7693 0.8110 0.7824 0.8110 0.7824 0.8622 0.7693 0.8622
3 0.6665 0.9379 0.7355 0.9379 0.7355 0.9541 0.6665 0.9541
4 0.2617 0.0592 0.2986 0.0592 0.2986 0.0684 0.2617 0.0684
4 0.2576 0.5292 0.2750 0.5292 0.2750 0.5424 0.2576 0.5424
4 0.7645 0.0163 0.7715 0.0163 0.7715 0.0241 0.7645 0.0241
4 0.0439 0.6991 0.0496 0.6991 0.0496 0.7237 0.0439 0.7237
6 0.1005 0.6463 0.1937 0.6463 0.1937 0.9089 0.1005 0.9089
6 0.4088 0.1708 0.4518 0.1708 0.4518 0.2112 0.4088 0.2112
6 0.3093 0.6502 0.3781 0.6502 0.3781 0.7150 0.3093 0.7150
6 0.6708 0.3755 0.7381 0.3755 0.7381 0.4701 0.6708 0.4701
7 0.3244 0.9368 0.3399 0.9368 0.3399 0.9872 0.3244 0.9872
7 0.8177 0.2747 0.8246 0.2747 0.8246 0.2961 0.8177 0.2961
7 0.3550 0.2026 0.3633 0.2026 0.3633 0.2266 0.3550 0.2266
7 0.7256 0.5294 0.7646 0.5294 0.7646 0.5830 0.7256 0.5830
9 0.3483 0.6684 0.4909 0.6684 0.4909 0.7152 0.3483 0.7152
9 0.3633 0.0298 0.4198 0.0298 0.4198 0.3054 0.3633 0.3054
9 0.4488 0.5503 0.4815 0.5503 0.4815 0.7097 0.4488 0.7097
9 0.6619 0.7080 0.8138 0.7080 0.8138 0.8000 0.6619 0.8000
12 0.3845 0.6626 0.4421 0.6626 0.4421 0.6778 0.3845 0.6778
12 0.9405 0.5522 0.9764 0.5522 0.9764 0.9378 0.9405 0.9378
12 0.2111 0.0428 0.2392 0.0428 0.2392 0.2404 0.2111 0.2404
12 0.1044 0.2032 0.1138 0.2032 0.1138 0.2692 0.1044 0.2692
13 0.8979 0.0694 0.9218 0.0694 0.9218 0.0866 0.8979 0.0866
13 0.2368 0.6019 0.2401 0.6019 0.2401 0.6137 0.2368 0.6137
13 0.2933 0.1391 0.2961 0.1391 0.2961 0.2513 0.2933 0.2513
13 0.3768 0.8811 0.3909 0.8811 0.3909 0.8929 0.3768 0.8929
15 0.8265 0.1951 0.8601 0.1951 0.8601 0.2433 0.8265 0.2433
15 0.4811 0.8194 0.4952 0.8194 0.4952 0.8750 0.4811 0.8750
15 0.7409 0.7588 0.7651 0.7588 0.7651 0.7936 0.7409 0.7936
15 0.3600 0.0276 0.4272 0.0276 0.4272 0.1264 0.3600 0.1264
