0 0.3134 0.2566 0.4509 0.2566 0.4509 0.7458 0.3134 0.7458
0 0.1216 0.5675 0.4307 0.5675 0.4307 0.7625 0.1216 0.7625
0 0.6873 0.8182 0.7713 0.8182 0.7713 0.9070 0.6873 0.9070
0 0.0170 0.7235 0.0659 0.7235 0.0659 0.8257 0.0170 0.8257
1 0.7134 0.7460 0.7406 0.7460 0.7406 0.7512 0.7134 0.7512
1 0.9199 0.1968 0.9310 0.1968 0.9310 0.2372 0.9199 0.2372
1 0.0657 0.2330 0.0703 0.2330 0.0703 0.2502 0.0657 0.2502
1 0.4976 0.1047 0.5004 0.1047 0.5004 0.1273 0.4976 0.1273
2 0.2236 0.7256 0.2850 0.7256 0.2850 0.8680 0.2236 0.8680
2 0.5617 0.2979 0.6660 0.2979 0.6660 0.3845 0.5617 0.3845
2 0.1642 0.9096 0.2075 0.9096 0.2075 0.9412 0.1642 0.9412
2 0.4887 0.1044 0.5330 0.1044 0.5330 0.2440 0.4887 0.2440
3 0.5139 0.5612 0.6026 0.5612 0.6026 0.5884 0.5139 0.5884
3 0.4531 0.3210 0.4660 0.3210 0.4660 0.4122 0.4531 0.4122
3 0.8134 0.1778 0.8452 0.1778 0.8452 0.1886 0.8134 0.1886
3 0.4976 0.8283 0.5393 0.8283 0.5393 0.8425 0.4976 0.8425
4 0.2640 0.8203 0.2689 0.8203 0.2689 0.8269 0.2640 0.8269
4 0.3627 0.4311 0.3730 0.4311 0.3730 0.4365 0.3627 0.4365
4 0.8071 0.3570 0.8218 0.3570 0.8218 0.3662 0.8071 0.3662
4 0.0957 0.0058 0.1149 0.0058 0.1149 0.0126 0.0957 0.0126
6 0.8688 0.2803 0.8800 0.2803 0.8800 0.2961 0.8688 0.2961
6 0.5660 0.6623 0.6003 0.6623 0.6003 0.6785 0.5660 0.6785
6 0.1449 0.2846 0.1909 0.2846 0.1909 0.3494 0.1449 0.3494
6 0.7833 0.0403 0.8201 0.0403 0.8201 0.0921 0.7833 0.0921
7 0.2231 0.8063 0.2438 0.8063 0.2438 0.8985 0.2231 0.8985
7 0.5110 0.0322 0.5187 0.0322 0.5187 0.0630 0.5110 0.0630
7 0.1437 0.4124 0.1474 0.4124 0.1474 0.4336 0.1437 0.4336
7 0.8610 0.4622 0.8758 0.4622 0.8758 0.5194 0.8610 0.5194
9 0.4702 0.6539 0.5283 0.6539 0.5283 0.9373 0.4702 0.9373
9 0.6451 0.8907 0.7823 0.8907 0.7823 0.9357 0.6451 0.9357
9 0.8165 0.8075 0.8415 0.8075 0.8415 0.9329 0.8165 0.9329
9 0.1362 0.5934 0.1658 0.5934 0.1658 0.7394 0.1362 0.7394
12 0.7665 0.1090 0.7912 0.1090 0.7912 0.3954 0.7665 0.3954
12 0.3887 0.1806 0.8927 0.1806 0.8927 0.2734 0.3887 0.2734
12 0.0990 0.3678 0.1501 0.3678 0.1501 0.8590 0.0990 0.8590
12 0.7497 0.7306 0.7978 0.7306 0.7978 0.9454 0.7497 0.9454
13 0.0836 0.5910 0.1344 0.5910 0.1344 0.6822 0.0836 0.6822
13 0.1857 0.4594 0.2851 0.4594 0.2851 0.4682 0.1857 0.4682
13 0.8011 0.9484 0.8129 0.9484 0.8129 0.9596 0.8011 0.9596
13 0.8860 0.6874 0.8972 0.6874 0.8972 0.7282 0.8860 0.7282
15 0.2423 0.3003 0.3363 0.3003 0.3363 0.3781 0.2423 0.3781
15 0.8416 0.9300 0.8730 0.9300 0.8730 0.9660 0.8416 0.9660
15 0.0088 0.8324 0.0846 0.8324 0.0846 0.9208 0.0088 0.9208
15 0.3349 0.3467 0.4071 0.3467 0.4071 0.4309 0.3349 0.4309
