0 0.9291 0.3375 0.9838 0.3375 0.9838 0.5445 0.9291 0.5445
0 0.0437 0.5674 0.4635 0.5674 0.4635 0.8322 0.0437 0.8322
0 0.8344 0.1876 0.9836 0.1876 0.9836 0.6268 0.8344 0.6268
0 0.6619 0.3831 0.7086 0.3831 0.7086 0.4325 0.6619 0.4325
1 0.4088 0.2899 0.4149 0.2899 0.4149 0.3433 0.4088 0.3433
1 0.2088 0.9115 0.2189 0.9115 0.2189 0.9481 0.2088 0.9481
1 0.4154 0.6950 0.4338 0.6950 0.4338 0.6998 0.4154 0.6998
1 0.7924 0.8084 0.8084 0.8084 0.8084 0.8404 0.7924 0.8404
2 0.2948 0.4475 0.3132 0.4475 0.3132 0.4565 0.2948 0.4565
2 0.4160 0.0164 0.5506 0.0164 0.5506 0.0492 0.4160 0.0492
2 0.6445 0.6376 0.6735 0.6376 0.6735 0.7080 0.6445 0.7080
2 0.1168 0.6883 0.3692 0.6883 0.3692 0.8369 0.1168 0.8369
3 0.5697 0.0104 0.5789 0.0104 0.5789 0.0756 0.5697 0.0756
3 0.4033 0.2311 0.4149 0.2311 0.4149 0.3137 0.4033 0.3137
3 0.1351 0.4406 0.2055 0.4406 0.2055 0.4646 0.1351 0.4646
3 0.1000 0.7762 0.1700 0.7762 0.1700 0.7934 0.1000 0.7934
4 0.3180 0.2539 0.3358 0.2539 0.3358 0.2585 0.3180 0.2585
4 0.8257 0.5835 0.8380 0.5835 0.8380 0.6013 0.8257 0.6013
4 0.0439 0.8484 0.0478 0.8484 0.0478 0.8920 0.0439 0.8920
4 0.5848 0.6619 0.5929 0.6619 0.5929 0.6681 0.5848 0.6681
6 0.1391 0.5479 0.1998 0.5479 0.1998 0.6333 0.1391 0.6333
6 0.7805 0.6238 0.7909 0.6238 0.7909 0.6386 0.7805 0.6386
6 0.1548 0.8760 0.1935 0.8760 0.1935 0.9124 0.1548 0.9124
6 0.8837 0.3036 0.9051 0.3036 0.9051 0.3340 0.8837 0.3340
7 0.0354 0.7039 0.0432 0.7039 0.0432 0.7517 0.0354 0.7517
7 0.2645 0.2403 0.2889 0.2403 0.2889 0.3197 0.2645 0.3197
7 0.2733 0.2911 0.2878 0.2911 0.2878 0.3653 0.2733 0.3653
7 0.2384 0.5511 0.2673 0.5511 0.2673 0.6549 0.2384 0.6549
9 0.4073 0.8187 0.4427 0.8187 0.4427 0.9353 0.4073 0.9353
9 0.6825 0.4348 0.7038 0.4348 0.7038 0.5400 0.6825 0.5400
9 0.9476 0.1358 0.9921 0.1358 0.9921 0.3586 0.9476 0.3586
9 0.6813 0.9215 0.7587 0.9215 0.7587 0.9469 0.6813 0.9469
12 0.4684 0.3394 0.5144 0.3394 0.5144 0.7834 0.4684 0.7834
12 0.2788 0.2188 0.3004 0.2188 0.3004 0.3280 0.2788 0.3280
12 0.2382 0.4588 0.2555 0.4588 0.2555 0.5444 0.2382 0.5444
12 0.2285 0.5922 0.2570 0.5922 0.2570 0.7018 0.2285 0.7018
13 0.5759 0.0808 0.6004 0.0808 0.6004 0.0928 0.5759 0.0928
13 0.7833 0.3262 0.8839 0.3262 0.8839 0.3338 0.7833 0.3338
13 0.5616 0.2064 0.5701 0.2064 0.5701 0.2368 0.5616 0.2368
13 0.3716 0.5655 0.3958 0.5655 0.3958 0.5773 0.3716 0.5773
15 0.8223 0.8188 0.8940 0.8188 0.8940 0.8796 0.8223 0.8796
15 0.8724 0.6246 0.8981 0.6246 0.8981 0.6790 0.8724 0.6790
15 0.7879 0.5979 0.8950 0.5979 0.8950 0.7353 0.7879 0.7353
15 0.2808 0.5480 0.3829 0.5480 0.3829 0.6356 0.2808 0.6356
