0 0.2091 0.8724 0.2477 0.8724 0.2477 0.9132 0.2091 0.9132
0 0.6759 0.3667 0.7001 0.3667 0.7001 0.6893 0.6759 0.6893
0 0.2147 0.1995 0.3693 0.1995 0.3693 0.7837 0.2147 0.7837
0 0.0045 0.3931 0.1304 0.3931 0.1304 0.8693 0.0045 0.8693
1 0.3757 0.7103 0.3820 0.7103 0.3820 0.7785 0.3757 0.7785
1 0.8236 0.6000 0.8330 0.6000 0.8330 0.6080 0.8236 0.6080
1 0.8482 0.9342 0.8509 0.9342 0.8509 0.9814 0.8482 0.9814
1 0.3962 0.0302 0.4395 0.0302 0.4395 0.1394 0.3962 0.1394
2 0.3251 0.1452 0.3329 0.1452 0.3329 0.2316 0.3251 0.2316
2 0.5428 0.0523 0.6038 0.0523 0.6038 0.2197 0.5428 0.2197
2 0.6971 0.6522 0.7987 0.6522 0.7987 0.9314 0.6971 0.9314
2 0.6996 0.3908 0.9027 0.3908 0.9027 0.5140 0.6996 0.5140
3 0.6879 0.7119 0.7092 0.7119 0.7092 0.8749 0.6879 0.8749
3 0.1519 0.2174 0.2610 0.2174 0.2610 0.2442 0.1519 0.2442
3 0.1962 0.6147 0.2298 0.6147 0.2298 0.6261 0.1962 0.6261
3 0.1096 0.9635 0.1815 0.9635 0.1815 0.9825 0.1096 0.9825
4 0.3450 0.4099 0.3550 0.4099 0.3550 0.4241 0.3450 0.4241
4 0.0089 0.1519 0.0157 0.1519 0.0157 0.1569 0.0089 0.1569
4 0.3969 0.5363 0.4374 0.5363 0.4374 0.5465 0.3969 0.5465
4 0.5556 0.0311 0.5581 0.0311 0.5581 0.0341 0.5556 0.0341
6 0.7691 0.3030 0.7814 0.3030 0.7814 0.3206 0.7691 0.3206
6 0.1322 0.5550 0.1964 0.5550 0.1964 0.7358 0.1322 0.7358
6 0.1924 0.8335 0.2116 0.8335 0.2116 0.8397 0.1924 0.8397
6 0.1591 0.2863 0.1852 0.2863 0.1852 0.3233 0.1591 0.3233
7 0.8165 0.0975 0.8258 0.0975 0.8258 0.1021 0.8165 0.1021
7 0.8076 0.4515 0.8261 0.4515 0.8261 0.5653 0.8076 0.5653
7 0.5307 0.7570 0.5338 0.7570 0.5338 0.7818 0.5307 0.7818
7 0.3431 0.2300 0.3781 0.2300 0.3781 0.3824 0.3431 0.3824
9 0.0719 0.5451 0.1050 0.5451 0.1050 0.7157 0.0719 0.7157
9 0.9305 0.3771 0.9732 0.3771 0.9732 0.5909 0.9305 0.5909
9 0.6262 0.8895 0.7989 0.8895 0.7989 0.9453 0.6262 0.9453
9 0.7842 0.5079 0.8158 0.5079 0.8158 0.6657 0.7842 0.6657
12 0.5506 0.1115 0.5632 0.1115 0.5632 0.1757 0.5506 0.1757
12 0.1727 0.1658 0.2010 0.1658 0.2010 0.3902 0.1727 0.3902
12 0.8711 0.1308 0.8915 0.1308 0.8915 0.2740 0.8711 0.2740
12 0.9499 0.4427 0.9724 0.4427 0.9724 0.6593 0.9499 0.6593
13 0.2437 0.2292 0.2623 0.2292 0.2623 0.2368 0.2437 0.2368
13 0.2996 0.0923 0.3155 0.0923 0.3155 0.1001 0.2996 0.1001
13 0.2456 0.4270 0.2507 0.4270 0.2507 0.5906 0.2456 0.5906
13 0.9948 0.5982 0.9998 0.5982 0.9998 0.6170 0.9948 0.6170
15 0.2042 0.0471 0.2532 0.0471 0.2532 0.1041 0.2042 0.1041
15 0.2149 0.7932 0.2523 0.7932 0.2523 0.8300 0.2149 0.8300
15 0.8071 0.2423 0.9043 0.2423 0.9043 0.3549 0.8071 0.3549
15 0.4470 0.9323 0.4893 0.9323 0.4893 0.9909 0.4470 0.9909
