0 0.4791 0.2923 0.6449 0.2923 0.6449 0.8821 0.4791 0.8821
0 0.9219 0.5200 0.9658 0.5200 0.9658 0.8596 0.9219 0.8596
0 0.2514 0.0239 0.4206 0.0239 0.4206 0.3197 0.2514 0.3197
0 0.5374 0.0051 0.6886 0.0051 0.6886 0.6277 0.5374 0.6277
1 0.7688 0.9171 0.7717 0.9171 0.7717 0.9425 0.7688 0.9425
1 0.1188 0.7246 0.1224 0.7246 0.1224 0.7946 0.1188 0.7946
1 0.6771 0.0003 0.6835 0.0003 0.6835 0.0237 0.6771 0.0237
1 0.6707 0.7179 0.6950 0.7179 0.6950 0.7289 0.6707 0.7289
2 0.6342 0.7790 0.7124 0.7790 0.7124 0.8166 0.6342 0.8166
2 0.8982 0.8279 0.9732 0.8279 0.9732 0.9553 0.8982 0.9553
2 0.6656 0.3302 0.6913 0.3302 0.6913 0.3714 0.6656 0.3714
2 0.7031 0.6931 0.7783 0.6931 0.7783 0.7381 0.7031 0.7381
3 0.2199 0.4138 0.3104 0.4138 0.3104 0.4354 0.2199 0.4354
3 0.5105 0.6235 0.5243 0.6235 0.5243 0.7213 0.5105 0.7213
3 0.8980 0.0291 0.9112 0.0291 0.9112 0.1233 0.8980 0.1233
3 0.2048 0.5544 0.3387 0.5544 0.3387 0.5872 0.2048 0.5872
4 0.8924 0.6907 0.9053 0.6907 0.9053 0.7297 0.8924 0.7297
4 0.7177 0.3447 0.7457 0.3447 0.7457 0.3649 0.7177 0.3649
4 0.9760 0.8291 0.9958 0.8291 0.9958 0.8805 0.9760 0.8805
4 0.5091 0.0944 0.5249 0.0944 0.5249 0.1028 0.5091 0.1028
6 0.0788 0.7100 0.1452 0.7100 0.1452 0.8968 0.0788 0.8968
6 0.5422 0.8023 0.5798 0.8023 0.5798 0.8377 0.5422 0.8377
6 0.4085 0.5166 0.4575 0.5166 0.4575 0.5326 0.4085 0.5326
6 0.0333 0.5599 0.0670 0.5599 0.0670 0.5709 0.0333 0.5709
7 0.8344 0.3619 0.8404 0.3619 0.8404 0.3973 0.8344 0.3973
7 0.5265 0.5575 0.5549 0.5575 0.5549 0.6597 0.5265 0.6597
7 0.7954 0.4827 0.8275 0.4827 0.8275 0.5021 0.7954 0.5021
7 0.6874 0.3246 0.7017 0.3246 0.7017 0.3934 0.6874 0.3934
9 0.8180 0.5552 0.8343 0.5552 0.8343 0.6360 0.8180 0.6360
9 0.1865 0.1474 0.2998 0.1474 0.2998 0.1846 0.1865 0.1846
9 0.4062 0.0851 0.4889 0.0851 0.4889 0.3521 0.4062 0.3521
9 0.3804 0.2812 0.4973 0.2812 0.4973 0.3192 0.3804 0.3192
12 0.8796 0.7682 0.9101 0.7682 0.9101 0.7970 0.8796 0.7970
12 0.6987 0.2543 0.7107 0.2543 0.7107 0.6697 0.6987 0.6697
12 0.3025 0.0247 0.4198 0.0247 0.4198 0.0885 0.3025 0.0885
12 0.8899 0.8964 0.9084 0.8964 0.9084 0.9676 0.8899 0.9676
13 0.9108 0.3732 0.9355 0.3732 0.9355 0.4180 0.9108 0.4180
13 0.1465 0.2258 0.1863 0.2258 0.1863 0.2614 0.1465 0.2614
13 0.9474 0.3028 0.9589 0.3028 0.9589 0.3160 0.9474 0.3160
13 0.6580 0.9707 0.7374 0.9707 0.7374 0.9777 0.6580 0.9777
15 0.7105 0.1684 0.7518 0.1684 0.7518 0.2292 0.7105 0.2292
15 0.8387 0.5887 0.8615 0.5887 0.8615 0.6785 0.8387 0.6785
15 0.9419 0.9291 0.9938 0.9291 0.9938 0.9789 0.9419 0.9789
15 0.5899 0.1942 0.6798 0.1942 0.6798 0.2686 0.5899 0.2686
