0 0.4862 0.1295 0.5483 0.1295 0.5483 0.3853 0.4862 0.3853
0 0.2596 0.6774 0.3253 0.6774 0.3253 0.9638 0.2596 0.9638
0 -0.0000 0.3939 0.1455 0.3939 0.1455 0.5621 -0.0000 0.5621
0 0.8190 0.2718 0.9878 0.2718 0.9878 0.7690 0.8190 0.7690
1 0.9942 0.7102 1.0001 0.7102 1.0001 0.7734 0.9942 0.7734
1 0.1599 0.7895 0.1650 0.7895 0.1650 0.8333 0.1599 0.8333
1 0.0588 0.1947 0.0667 0.1947 0.0667 0.2729 0.0588 0.2729
1 0.6688 0.2555 0.6726 0.2555 0.6726 0.2885 0.6688 0.2885
2 0.3177 0.8080 0.3843 0.8080 0.3843 0.8904 0.3177 0.8904
2 0.6991 0.6867 0.7469 0.6867 0.7469 0.7117 0.6991 0.7117
2 0.2474 0.8376 0.3138 0.8376 0.3138 0.8864 0.2474 0.8864
2 0.5877 0.0347 0.6881 0.0347 0.6881 0.0925 0.5877 0.0925
3 0.4042 0.5435 0.4212 0.5435 0.4212 0.6645 0.4042 0.6645
3 0.1714 0.1767 0.1817 0.1767 0.1817 0.2497 0.1714 0.2497
3 0.9100 0.7562 0.9206 0.7562 0.9206 0.8358 0.9100 0.8358
3 0.9859 0.5498 0.9998 0.5498 0.9998 0.6482 0.9859 0.6482
4 0.3925 0.2243 0.4178 0.2243 0.4178 0.2377 0.3925 0.2377
4 0.0254 0.1803 0.0372 0.1803 0.0372 0.1881 0.0254 0.1881
4 0.4845 0.3063 0.4958 0.3063 0.4958 0.3673 0.4845 0.3673
4 0.0834 0.9051 0.1166 0.9051 0.1166 0.9241 0.0834 0.9241
6 0.1851 0.6271 0.2603 0.6271 0.2603 0.6625 0.1851 0.6625
6 0.3253 0.6260 0.3587 0.6260 0.3587 0.6368 0.3253 0.6368
6 0.2684 0.2999 0.5041 0.2999 0.5041 0.4661 0.2684 0.4661
6 0.0853 0.0112 0.1692 0.0112 0.1692 0.1292 0.0853 0.1292
7 0.4067 0.3487 0.4116 0.3487 0.4116 0.3637 0.4067 0.3637
7 0.5188 0.4358 0.5655 0.4358 0.5655 0.4638 0.5188 0.4638
7 0.8108 0.5688 0.8275 0.5688 0.8275 0.6612 0.8108 0.6612
7 0.9491 0.8190 0.9989 0.8190 0.9989 0.8534 0.9491 0.8534
9 0.6337 0.0611 0.6629 0.0611 0.6629 0.2073 0.6337 0.2073
9 0.2631 0.1543 0.3055 0.1543 0.3055 0.4025 0.2631 0.4025
9 0.3739 0.8047 0.3981 0.8047 0.3981 0.9261 0.3739 0.9261
9 0.5668 0.3152 0.7606 0.3152 0.7606 0.3788 0.5668 0.3788
12 0.4888 0.5224 0.5103 0.5224 0.5103 0.6732 0.4888 0.6732
12 0.3499 0.4951 0.4181 0.4951 0.4181 0.5253 0.3499 0.5253
12 0.9014 0.3838 0.9206 0.3838 0.9206 0.5362 0.9014 0.5362
12 0.5756 0.0236 0.6110 0.0236 0.6110 0.3636 0.5756 0.3636
13 0.7419 0.0462 0.7546 0.0462 0.7546 0.0654 0.7419 0.0654
13 0.3485 0.2174 0.4495 0.2174 0.4495 0.2250 0.3485 0.2250
13 0.4699 0.9511 0.4750 0.9511 0.4750 0.9589 0.4699 0.9589
13 0.6645 0.6440 0.6872 0.6440 0.6872 0.6604 0.6645 0.6604
15 0.3408 0.3318 0.3806 0.3318 0.3806 0.3782 0.3408 0.3782
15 0.0016 0.8735 0.0766 0.8735 0.0766 0.9345 0.0016 0.9345
15 0.0851 0.4590 0.1032 0.4590 0.1032 0.4958 0.0851 0.4958
15 0.3251 0.7743 0.3704 0.7743 0.3704 0.8513 0.3251 0.8513
