0 0.2370 0.2647 0.4052 0.2647 0.4052 0.8253 0.2370 0.8253
0 0.6391 0.1555 0.8572 0.1555 0.8572 0.8825 0.6391 0.8825
0 0.0945 0.5115 0.2866 0.5115 0.2866 0.7337 0.0945 0.7337
0 0.0431 0.8016 0.3849 0.8016 0.3849 0.9284 0.0431 0.9284
1 0.2485 0.5751 0.2618 0.5751 0.2618 0.5865 0.2485 0.5865
1 0.4279 0.5944 0.4378 0.5944 0.4378 0.7000 0.4279 0.7000
1 0.5696 0.3342 0.6110 0.3342 0.6110 0.4386 0.5696 0.4386
1 0.8825 0.2287 0.9092 0.2287 0.9092 0.2961 0.8825 0.2961
2 0.6948 0.1731 0.7249 0.1731 0.7249 0.2769 0.6948 0.2769
2 0.1393 0.7991 0.2641 0.7991 0.2641 0.9005 0.1393 0.9005
2 0.3393 0.5122 0.3590 0.5122 0.3590 0.5810 0.3393 0.5810
2 0.4976 0.3447 0.5933 0.3447 0.5933 0.8045 0.4976 0.8045
3 0.8145 0.5388 0.8841 0.5388 0.8841 0.5572 0.8145 0.5572
3 0.0016 0.3376 0.0761 0.3376 0.0761 0.3668 0.0016 0.3668
3 0.0116 0.3423 0.0747 0.3423 0.0747 0.3637 0.0116 0.3637
3 0.2028 0.3895 0.2158 0.3895 0.2158 0.4813 0.2028 0.4813
4 0.5748 0.2619 0.5969 0.2619 0.5969 0.2741 0.5748 0.2741
4 0.6485 0.0152 0.7192 0.0152 0.7192 0.0584 0.6485 0.0584
4 0.4960 0.5295 0.5038 0.5295 0.5038 0.5409 0.4960 0.5409
4 0.0776 0.2571 0.0858 0.2571 0.0858 0.2697 0.0776 0.2697
6 0.8554 0.0899 0.8738 0.0899 0.8738 0.1161 0.8554 0.1161
6 0.7522 0.1275 0.7824 0.1275 0.7824 0.1373 0.7522 0.1373
6 0.1663 0.5258 0.2240 0.5258 0.2240 0.5530 0.1663 0.5530
6 0.0265 0.7320 0.0657 0.7320 0.0657 0.8424 0.0265 0.8424
7 0.9228 0.4103 0.9289 0.4103 0.9289 0.4393 0.9228 0.4393
7 0.9637 0.2543 0.9795 0.2543 0.9795 0.3453 0.9637 0.3453
7 0.3346 0.1716 0.3771 0.1716 0.3771 0.2648 0.3346 0.2648
7 0.6354 0.2803 0.6506 0.2803 0.6506 0.3285 0.6354 0.3285
9 0.1559 0.4850 0.3115 0.4850 0.3115 0.5742 0.1559 0.5742
9 0.6339 0.7096 0.6638 0.7096 0.6638 0.8084 0.6339 0.8084
9 0.4653 0.0747 0.4847 0.0747 0.4847 0.1705 0.4653 0.1705
9 0.8222 0.2315 0.9495 0.2315 0.9495 0.3085 0.8222 0.3085
12 0.5917 0.6186 0.6201 0.6186 0.6201 0.9238 0.5917 0.9238
12 0.6646 0.7787 0.6743 0.7787 0.6743 0.8469 0.6646 0.8469
12 0.8493 0.5812 0.9630 0.5812 0.9630 0.6244 0.8493 0.6244
12 0.1442 0.3291 0.1564 0.3291 0.1564 0.7533 0.1442 0.7533
13 0.7053 0.2007 0.7133 0.2007 0.7133 0.2549 0.7053 0.2549
13 0.3888 0.0535 0.4040 0.0535 0.4040 0.0677 0.3888 0.0677
13 0.3856 0.7256 0.3984 0.7256 0.3984 0.7308 0.3856 0.7308
13 0.0414 0.6322 0.0489 0.6322 0.0489 0.9330 0.0414 0.9330
15 0.5613 0.1159 0.5916 0.1159 0.5916 0.1593 0.5613 0.1593
15 0.0494 0.2884 0.0901 0.2884 0.0901 0.3628 0.0494 0.3628
15 0.0873 0.8394 0.1889 0.8394 0.1889 0.9490 0.0873 0.9490
15 0.4734 0.6090 0.5523 0.6090 0.5523 0.7430 0.4734 0.7430
