0 0.3951 0.6399 0.4592 0.6399 0.4592 0.7349 0.3951 0.7349
0 0.3325 0.7199 0.5312 0.7199 0.5312 0.7689 0.3325 0.7689
0 0.8428 0.0927 0.9786 0.0927 0.9786 0.3241 0.8428 0.3241
0 0.3354 0.2179 0.4126 0.2179 0.4126 0.2797 0.3354 0.2797
1 0.5242 0.8180 0.5406 0.8180 0.5406 0.8720 0.5242 0.8720
1 0.4256 0.0944 0.4350 0.0944 0.4350 0.2156 0.4256 0.2156
1 0.6011 0.0175 0.6106 0.0175 0.6106 0.0521 0.6011 0.0521
1 0.7588 0.1116 0.7701 0.1116 0.7701 0.2340 0.7588 0.2340
2 0.6514 0.2130 0.7406 0.2130 0.7406 0.2870 0.6514 0.2870
2 0.4526 0.3467 0.5480 0.3467 0.5480 0.4257 0.4526 0.4257
2 0.7690 0.6023 0.8527 0.6023 0.8527 0.8729 0.7690 0.8729
2 0.0011 0.4180 0.0921 0.4180 0.0921 0.7124 0.0011 0.7124
3 0.4445 0.1715 0.5141 0.1715 0.5141 0.1885 0.4445 0.1885
3 0.6245 0.5538 0.6978 0.5538 0.6978 0.5718 0.6245 0.5718
3 0.2671 0.5560 0.3815 0.5560 0.3815 0.5832 0.2671 0.5832
3 0.6599 0.1926 0.6736 0.1926 0.6736 0.2902 0.6599 0.2902
4 0.8908 0.8003 0.8986 0.8003 0.8986 0.8349 0.8908 0.8349
4 0.8702 0.7827 0.8778 0.7827 0.8778 0.8601 0.8702 0.8601
4 0.5913 0.7139 0.6007 0.7139 0.6007 0.7553 0.5913 0.7553
4 0.3499 0.9198 0.3675 0.9198 0.3675 0.9326 0.3499 0.9326
6 0.5824 0.4214 0.6307 0.4214 0.6307 0.4894 0.5824 0.4894
6 0.8056 0.5218 0.8490 0.5218 0.8490 0.5626 0.8056 0.5626
6 0.0110 0.7490 0.0315 0.7490 0.0315 0.7782 0.0110 0.7782
6 0.8854 0.1267 0.9823 0.1267 0.9823 0.3997 0.8854 0.3997
7 0.6033 0.5331 0.6089 0.5331 0.6089 0.5485 0.6033 0.5485
7 0.1697 0.5398 0.1978 0.5398 0.1978 0.6706 0.1697 0.6706
7 0.0914 0.5487 0.0960 0.5487 0.0960 0.5609 0.0914 0.5609
7 0.0676 0.6563 0.0978 0.6563 0.0978 0.7417 0.0676 0.7417
9 0.6879 0.0244 0.7338 0.0244 0.7338 0.1844 0.6879 0.1844
9 0.4231 0.1020 0.4781 0.1020 0.4781 0.2940 0.4231 0.2940
9 0.1885 0.1299 0.3341 0.1299 0.3341 0.2133 0.1885 0.2133
9 0.5566 0.1490 0.7283 0.1490 0.7283 0.2054 0.5566 0.2054
12 0.8062 0.6210 0.8360 0.6210 0.8360 0.9686 0.8062 0.9686
12 0.2705 0.7744 0.3075 0.7744 0.3075 0.9256 0.2705 0.9256
12 0.7116 0.6555 0.8264 0.6555 0.8264 0.6857 0.7116 0.6857
12 0.0386 0.2932 0.0912 0.2932 0.0912 0.7992 0.0386 0.7992
13 0.7739 0.9059 0.7858 0.9059 0.7858 0.9109 0.7739 0.9109
13 0.5791 0.6411 0.6009 0.6411 0.6009 0.7009 0.5791 0.7009
13 0.0131 0.0403 0.0218 0.0403 0.0218 0.0465 0.0131 0.0465
13 0.5754 0.3731 0.5792 0.3731 0.5792 0.3865 0.5754 0.3865
15 0.6762 0.1695 0.6967 0.1695 0.6967 0.1989 0.6762 0.1989
15 0.1411 0.8247 0.1621 0.8247 0.1621 0.8645 0.1411 0.8645
15 0.5276 0.2836 0.6807 0.2836 0.6807 0.4516 0.5276 0.4516
15 0.3259 0.8279 0.3621 0.8279 0.3621 0.8809 0.3259 0.8809
