0 0.3154 0.3926 0.4720 0.3926 0.4720 0.9846 0.3154 0.9846
0 0.5776 0.1676 0.7175 0.1676 0.7175 0.6964 0.5776 0.6964
0 0.5334 0.8478 0.6306 0.8478 0.6306 0.9506 0.5334 0.9506
0 0.6602 0.2355 0.7690 0.2355 0.7690 0.6469 0.6602 0.6469
1 0.4306 0.3347 0.4380 0.3347 0.4380 0.3497 0.4306 0.3497
1 0.9745 0.0802 0.9958 0.0802 0.9958 0.1262 0.9745 0.1262
1 0.0274 0.0064 0.0463 0.0064 0.0463 0.0472 0.0274 0.0472
1 0.9602 0.7214 0.9775 0.7214 0.9775 0.7586 0.9602 0.7586
2 0.0356 0.4339 0.0612 0.4339 0.0612 0.4925 0.0356 0.4925
2 0.2397 0.0146 0.4438 0.0146 0.4438 0.0506 0.2397 0.0506
2 0.3679 0.7835 0.4566 0.7835 0.4566 0.8169 0.3679 0.8169
2 0.1296 0.7883 0.1904 0.7883 0.1904 0.9293 0.1296 0.9293
3 0.8179 0.3152 0.8267 0.3152 0.8267 0.3772 0.8179 0.3772
3 0.7659 0.7975 0.8267 0.7975 0.8267 0.8181 0.7659 0.8181
3 0.0374 0.5882 0.0564 0.5882 0.0564 0.7338 0.0374 0.7338
3 0.7922 0.1048 0.8023 0.1048 0.8023 0.1764 0.7922 0.1764
4 0.8377 0.4739 0.8732 0.4739 0.8732 0.4957 0.8377 0.4957
4 0.6566 0.4948 0.6989 0.4948 0.6989 0.5060 0.6566 0.5060
4 0.0771 0.5822 0.1041 0.5822 0.1041 0.6430 0.0771 0.6430
4 0.3459 0.0343 0.3572 0.0343 0.3572 0.0381 0.3459 0.0381
6 0.6011 0.4271 0.6957 0.4271 0.6957 0.6937 0.6011 0.6937
6 0.4396 0.1347 0.5021 0.1347 0.5021 0.3105 0.4396 0.3105
6 0.5346 0.0404 0.5520 0.0404 0.5520 0.0652 0.5346 0.0652
6 0.8137 0.2255 0.8983 0.2255 0.8983 0.2653 0.8137 0.2653
7 0.4079 0.8464 0.4147 0.8464 0.4147 0.8700 0.4079 0.8700
7 0.6407 0.0236 0.6561 0.0236 0.6561 0.0796 0.6407 0.0796
7 0.6430 0.2643 0.6578 0.2643 0.6578 0.3433 0.6430 0.3433
7 0.2417 0.3167 0.2917 0.3167 0.2917 0.4673 0.2417 0.4673
9 0.0180 0.2616 0.0646 0.2616 0.0646 0.4120 0.0180 0.4120
9 0.2750 0.6111 0.3358 0.6111 0.3358 0.9161 0.2750 0.9161
9 0.0208 0.6246 0.0929 0.6246 0.0929 0.8626 0.0208 0.8626
9 0.5519 0.2806 0.6193 0.2806 0.6193 0.5030 0.5519 0.5030
12 0.8914 0.1402 0.9095 0.1402 0.9095 0.3502 0.8914 0.3502
12 0.8145 0.1687 0.8418 0.1687 0.8418 0.1925 0.8145 0.1925
12 0.3113 0.8300 0.5418 0.8300 0.5418 0.8724 0.3113 0.8724
12 0.2168 0.0723 0.2317 0.0723 0.2317 0.1477 0.2168 0.1477
13 0.2728 0.8796 0.2778 0.8796 0.2778 0.9140 0.2728 0.9140
13 0.5862 0.0206 0.5929 0.0206 0.5929 0.0458 0.5862 0.0458
13 0.5991 0.7651 0.6637 0.7651 0.6637 0.7709 0.5991 0.7709
13 0.0770 0.2223 0.1695 0.2223 0.1695 0.2737 0.0770 0.2737
15 0.0480 0.8299 0.1249 0.8299 0.1249 0.9341 0.0480 0.9341
15 0.2971 0.6755 0.3732 0.6755 0.3732 0.7409 0.2971 0.7409
15 0.0599 0.8952 0.1130 0.8952 0.1130 0.9852 0.0599 0.9852
15 0.5160 0.0090 0.5863 0.0090 0.5863 0.0914 0.5160 0.0914
