0 0.5545 0.0631 0.7067 0.0631 0.7067 0.5705 0.5545 0.5705
0 0.5162 0.4939 0.6098 0.4939 0.6098 0.6829 0.5162 0.6829
0 0.6306 0.6035 0.9352 0.6035 0.9352 0.7165 0.6306 0.7165
0 0.3140 0.7579 0.3797 0.7579 0.3797 0.8701 0.3140 0.8701
1 0.0234 0.2859 0.0457 0.2859 0.0457 0.2961 0.0234 0.2961
1 0.3000 0.7919 0.3046 0.7919 0.3046 0.8089 0.3000 0.8089
1 0.3614 0.8350 0.3629 0.8350 0.3629 0.8486 0.3614 0.8486
1 0.3753 0.0714 0.3841 0.0714 0.3841 0.1038 0.3753 0.1038
2 0.7377 0.3623 0.7940 0.3623 0.7940 0.4485 0.7377 0.4485
2 0.9048 0.4504 0.9969 0.4504 0.9969 0.6068 0.9048 0.6068
2 0.0510 0.3799 0.1181 0.3799 0.1181 0.5357 0.0510 0.5357
2 0.7893 0.5866 0.8924 0.5866 0.8924 0.9202 0.7893 0.9202
3 0.6528 0.9331 0.7624 0.9331 0.7624 0.9673 0.6528 0.9673
3 0.4880 0.3952 0.5186 0.3952 0.5186 0.4056 0.4880 0.4056
3 0.1165 0.0528 0.1872 0.0528 0.1872 0.0696 0.1165 0.0696
3 0.3268 0.1802 0.3998 0.1802 0.3998 0.2030 0.3268 0.2030
4 0.0222 0.1310 0.0424 0.1310 0.0424 0.1418 0.0222 0.1418
4 0.3045 0.9000 0.3266 0.9000 0.3266 0.9160 0.3045 0.9160
4 0.3165 0.0384 0.3409 0.0384 0.3409 0.0552 0.3165 0.0552
4 0.5551 0.0379 0.5912 0.0379 0.5912 0.0413 0.5551 0.0413
6 0.8639 0.7471 0.8990 0.7471 0.8990 0.8461 0.8639 0.8461
6 0.8434 0.9547 0.8629 0.9547 0.8629 0.9825 0.8434 0.9825
6 0.5839 0.8222 0.6195 0.8222 0.6195 0.8338 0.5839 0.8338
6 0.5631 0.2012 0.6286 0.2012 0.6286 0.3856 0.5631 0.3856
7 0.5188 0.7868 0.5286 0.7868 0.5286 0.8252 0.5188 0.8252
7 0.2505 0.1690 0.2678 0.1690 0.2678 0.2550 0.2505 0.2550
7 0.2534 0.4380 0.2918 0.4380 0.2918 0.6156 0.2534 0.6156
7 0.4456 0.3923 0.4724 0.3923 0.4724 0.4145 0.4456 0.4145
9 0.4025 0.6703 0.4389 0.6703 0.4389 0.8497 0.4025 0.8497
9 0.5510 0.4735 0.6030 0.4735 0.6030 0.6449 0.5510 0.6449
9 0.4474 0.5175 0.5535 0.5175 0.5535 0.5817 0.4474 0.5817
9 0.2859 0.5559 0.3649 0.5559 0.3649 0.5817 0.2859 0.5817
12 0.3068 0.4722 0.3537 0.4722 0.3537 0.6818 0.3068 0.6818
12 0.3802 0.0246 0.4130 0.0246 0.4130 0.1590 0.3802 0.1590
12 0.4450 0.4766 0.4621 0.4766 0.4621 0.5966 0.4450 0.5966
12 0.1985 0.2059 0.2149 0.2059 0.2149 0.3209 0.1985 0.3209
13 0.5385 0.8606 0.6261 0.8606 0.6261 0.9094 0.5385 0.9094
13 0.7928 0.4426 0.8089 0.4426 0.8089 0.4574 0.7928 0.4574
13 0.2770 0.6471 0.2824 0.6471 0.2824 0.6669 0.2770 0.6669
13 0.0576 0.5223 0.0632 0.5223 0.0632 0.5437 0.0576 0.5437
15 0.3794 0.5015 0.5223 0.5015 0.5223 0.6197 0.3794 0.6197
15 0.0239 0.1335 0.0906 0.1335 0.0906 0.2117 0.0239 0.2117
15 0.0651 0.2151 0.0992 0.2151 0.0992 0.2641 0.0651 0.2641
15 0.4328 0.3215 0.4643 0.3215 0.4643 0.4457 0.4328 0.4457
