0 0.2711 0.4214 0.3823 0.4214 0.3823 0.6538 0.2711 0.6538
0 0.0411 0.3700 0.1452 0.3700 0.1452 0.7404 0.0411 0.7404
0 0.3588 0.0914 0.4135 0.0914 0.4135 0.3170 0.3588 0.3170
0 0.2773 0.7699 0.3630 0.7699 0.3630 0.9197 0.2773 0.9197
1 0.7020 0.0546 0.7155 0.0546 0.7155 0.0838 0.7020 0.0838
1 0.8768 0.3011 0.8980 0.3011 0.8980 0.3125 0.8768 0.3125
1 0.8096 0.7058 0.8112 0.7058 0.8112 0.7186 0.8096 0.7186
1 0.0723 0.7943 0.0883 0.7943 0.0883 0.8473 0.0723 0.8473
2 0.7448 0.9487 0.7887 0.9487 0.7887 0.9761 0.7448 0.9761
2 0.7397 0.1604 0.8178 0.1604 0.8178 0.1704 0.7397 0.1704
2 0.9060 0.4475 0.9126 0.4475 0.9126 0.5441 0.9060 0.5441
2 0.3136 0.9515 0.3515 0.9515 0.3515 0.9805 0.3136 0.9805
3 0.7323 0.5495 0.7840 0.5495 0.7840 0.5657 0.7323 0.5657
3 0.3793 0.2762 0.3864 0.2762 0.3864 0.3262 0.3793 0.3262
3 0.1871 0.2648 0.2049 0.2648 0.2049 0.3976 0.1871 0.3976
3 0.2756 0.0875 0.4070 0.0875 0.4070 0.1197 0.2756 0.1197
4 0.3148 0.7044 0.3386 0.7044 0.3386 0.7172 0.3148 0.7172
4 0.5076 0.9492 0.5144 0.9492 0.5144 0.9568 0.5076 0.9568
4 0.6599 0.3032 0.6772 0.3032 0.6772 0.3156 0.6599 0.3156
4 0.8457 0.9246 0.8560 0.9246 0.8560 0.9290 0.8457 0.9290
6 0.5863 0.3087 0.6832 0.3087 0.6832 0.5817 0.5863 0.5817
6 0.2226 0.6855 0.4112 0.6855 0.4112 0.8185 0.2226 0.8185
6 0.6256 0.2071 0.6836 0.2071 0.6836 0.2345 0.6256 0.2345
6 0.7676 0.3163 0.8875 0.3163 0.8875 0.4009 0.7676 0.4009
7 0.9303 0.4795 0.9517 0.4795 0.9517 0.4969 0.9303 0.4969
7 0.6520 0.1175 0.6583 0.1175 0.6583 0.1413 0.6520 0.1413
7 0.5776 0.8572 0.5967 0.8572 0.5967 0.9152 0.5776 0.9152
7 0.0939 0.1220 0.1026 0.1220 0.1026 0.1864 0.0939 0.1864
9 0.1542 0.7271 0.1995 0.7271 0.1995 0.9505 0.1542 0.9505
9 0.4654 0.2215 0.5575 0.2215 0.5575 0.4841 0.4654 0.4841
9 0.2525 0.2711 0.3343 0.2711 0.3343 0.5353 0.2525 0.5353
9 0.4779 0.7378 0.5479 0.7378 0.5479 0.9686 0.4779 0.9686
12 0.6523 0.2608 0.6649 0.2608 0.6649 0.3092 0.6523 0.3092
12 0.0936 0.8714 0.1838 0.8714 0.1838 0.8802 0.0936 0.8802
12 0.1326 0.1023 0.1380 0.1023 0.1380 0.3049 0.1326 0.3049
12 0.6657 0.4446 0.6915 0.4446 0.6915 0.4690 0.6657 0.4690
13 0.1294 0.6663 0.1406 0.6663 0.1406 0.6745 0.1294 0.6745
13 0.7616 0.0143 0.8001 0.0143 0.8001 0.0489 0.7616 0.0489
13 0.6465 0.9347 0.6569 0.9347 0.6569 0.9445 0.6465 0.9445
13 0.5451 0.0847 0.5763 0.0847 0.5763 0.1705 0.5451 0.1705
15 0.9008 0.8530 0.9472 0.8530 0.9472 0.9010 0.9008 0.9010
15 0.6093 0.6927 0.6730 0.6927 0.6730 0.7789 0.6093 0.7789
15 0.5708 0.6387 0.7124 0.6387 0.7124 0.7941 0.5708 0.7941
15 0.2177 0.4523 0.3020 0.4523 0.3020 0.5781 0.2177 0.5781
