0 0.9460 0.9194 0.8332 0.9222 0.8308 0.7298 0.9436 0.7270
0 0.4595 0.4755 0.2785 0.8512 0.2311 0.8065 0.4121 0.4308
0 0.6475 0.4054 0.6193 0.3209 0.9531 0.1030 0.9812 0.1875
0 0.2044 0.9214 0.1866 0.9937 0.0259 0.9162 0.0437 0.8439
1 0.3288 0.2286 0.3502 0.2270 0.3506 0.2386 0.3292 0.2402
1 0.4699 0.1175 0.4938 0.1079 0.4947 0.1125 0.4708 0.1221
1 0.5719 0.3988 0.5548 0.3976 0.5550 0.3932 0.5721 0.3944
1 0.9617 0.8068 0.9637 0.8034 0.9775 0.8196 0.9755 0.8230
2 0.0287 0.1354 -0.0001 0.1199 0.0059 0.0978 0.0347 0.1133
2 0.5744 0.9249 0.5694 0.9342 0.5422 0.9055 0.5472 0.8962
2 0.0360 0.4984 0.1009 0.4416 0.1806 0.6200 0.1156 0.6768
2 0.8146 0.8025 0.7682 0.8081 0.7651 0.7579 0.8115 0.7523
3 0.5771 0.1447 0.5930 0.1400 0.6115 0.2621 0.5956 0.2668
3 0.7732 0.5948 0.7863 0.6102 0.7303 0.7036 0.7171 0.6882
3 0.8160 0.6332 0.8767 0.6803 0.8703 0.6964 0.8096 0.6493
3 0.9338 0.5119 0.9318 0.5260 0.8808 0.5121 0.8827 0.4980
4 0.2006 0.1202 0.1965 0.0657 0.2034 0.0646 0.2075 0.1191
4 0.8710 0.5511 0.8612 0.5577 0.8562 0.5433 0.8659 0.5367
4 0.0649 0.1140 0.0691 0.1140 0.0691 0.1592 0.0649 0.1592
4 0.5064 0.5293 0.5001 0.5164 0.5193 0.4983 0.5256 0.5112
6 0.7083 0.8889 0.6413 0.8988 0.6271 0.7099 0.6942 0.7000
6 0.5458 0.1934 0.4473 0.4228 0.3648 0.3534 0.4632 0.1240
6 0.2314 0.1837 0.2365 0.1020 0.2952 0.1091 0.2900 0.1908
6 0.4118 0.0564 0.4184 0.1039 0.4105 0.1060 0.4039 0.0585
7 0.2823 0.0136 0.2880 0.0274 0.2308 0.0736 0.2251 0.0598
7 0.7519 0.8452 0.7771 0.8383 0.7881 0.9172 0.7629 0.9241
7 0.5450 0.6683 0.5649 0.6559 0.5993 0.7641 0.5794 0.7765
7 0.0514 0.0663 0.0614 0.0857 0.0564 0.0909 0.0463 0.0715
9 0.1709 0.2807 0.2064 0.2988 0.1742 0.4225 0.1388 0.4044
9 0.9373 0.6238 0.9650 0.6938 0.9310 0.7202 0.9033 0.6502
9 0.0410 0.1875 0.0521 0.3653 0.0228 0.3689 0.0116 0.1911
12 0.8329 0.0602 0.8341 0.0926 0.7031 0.1022 0.7019 0.0698
12 0.6611 0.5894 0.6517 0.5550 0.8400 0.4538 0.8494 0.4882
12 0.0879 0.7763 0.0966 0.7463 0.1726 0.7893 0.1640 0.8193
12 0.5942 0.4735 0.6515 0.5839 0.6367 0.5989 0.5794 0.4885
13 0.2628 0.2198 0.2658 0.2280 0.2515 0.2382 0.2485 0.2300
13 0.0807 0.2989 0.0714 0.2897 0.0853 0.2619 0.0946 0.2711
13 0.1295 0.2256 0.1282 0.2191 0.1408 0.2140 0.1421 0.2205
13 0.3050 0.3403 0.2929 0.3561 0.2870 0.3473 0.2991 0.3315
15 0.5006 0.5587 0.5409 0.6193 0.5054 0.6657 0.4651 0.6051
15 0.4954 0.9918 0.4670 0.9670 0.4852 0.9262 0.5135 0.9510
15 0.3385 0.9796 0.2768 0.9191 0.3023 0.8680 0.3641 0.9285
