0 0.9618 0.3072 0.7494 0.6493 0.7062 0.5968 0.9186 0.2547
0 0.5993 0.3202 0.6819 0.3039 0.6993 0.4766 0.6166 0.4929
0 0.5714 0.6418 0.5685 0.8765 0.3591 0.8714 0.3621 0.6367
0 0.6205 0.8315 0.7867 0.6498 0.8775 0.8125 0.7113 0.9942
1 0.1050 0.5715 0.1070 0.5686 0.1356 0.6073 0.1336 0.6102
1 0.3690 0.4863 0.3814 0.5318 0.3228 0.5633 0.3103 0.5178
1 0.0010 0.0330 0.0272 0.0350 0.0268 0.0470 0.0005 0.0450
1 0.3721 0.3850 0.3631 0.3728 0.3684 0.3650 0.3775 0.3772
2 0.2679 0.1491 0.3012 0.2180 0.1901 0.3229 0.1568 0.2540
2 0.0561 0.2446 0.0295 0.2465 0.0276 0.1958 0.0542 0.1939
2 0.3940 0.0255 0.5220 0.1606 0.4603 0.2753 0.3323 0.1402
2 0.7704 0.0407 0.7795 0.1621 0.5973 0.1889 0.5882 0.0675
3 0.0509 0.8943 0.0412 0.8990 0.0242 0.8297 0.0339 0.8250
3 0.2560 0.9036 0.2658 0.7720 0.2823 0.7744 0.2724 0.9060
3 0.3143 0.6693 0.2423 0.6223 0.2497 0.5999 0.3217 0.6469
3 0.2497 0.3419 0.2448 0.4741 0.2283 0.4729 0.2332 0.3407
4 0.2590 0.0623 0.2663 0.0719 0.2515 0.0941 0.2442 0.0845
4 0.8163 0.0452 0.8166 0.0360 0.8229 0.0364 0.8225 0.0456
4 0.1314 0.6921 0.1253 0.6837 0.1478 0.6523 0.1538 0.6607
4 0.8986 0.1748 0.9103 0.1831 0.9034 0.2020 0.8917 0.1937
6 0.9528 0.6862 0.9995 0.7356 0.9641 0.8014 0.9173 0.7520
6 0.3150 0.4530 0.3333 0.4119 0.3401 0.4178 0.3218 0.4589
6 0.9921 0.5519 0.9933 0.6435 0.9713 0.6441 0.9701 0.5525
7 0.0119 0.0657 0.0230 0.0567 0.0359 0.0879 0.0247 0.0969
7 0.5390 0.5302 0.5233 0.5592 0.5167 0.5522 0.5324 0.5232
7 0.5805 0.5872 0.5889 0.5812 0.6055 0.6268 0.5971 0.6328
7 0.5812 0.3489 0.5233 0.4273 0.4854 0.3723 0.5433 0.2939
9 0.1599 0.4215 0.2041 0.4226 0.2013 0.6509 0.1570 0.6498
9 0.0896 0.9573 0.0648 0.9128 0.1753 0.7919 0.2001 0.8364
9 0.3902 0.9597 0.4930 0.8864 0.5052 0.9199 0.4024 0.9932
12 0.8965 0.1546 0.8397 0.0321 0.8646 0.0094 0.9214 0.1319
12 0.0385 0.3332 0.0558 0.3263 0.0738 0.4140 0.0565 0.4209
12 0.5303 0.9542 0.5359 0.9311 0.6186 0.9710 0.6129 0.9941
13 0.1732 0.7551 0.1609 0.7681 0.1328 0.7161 0.1451 0.7031
13 0.1081 0.6656 0.1025 0.6669 0.0999 0.6468 0.1055 0.6455
13 0.3505 0.8437 0.3362 0.8430 0.3392 0.7231 0.3535 0.7238
13 0.0214 0.5039 0.0255 0.5206 0.0198 0.5233 0.0157 0.5066
15 0.9133 0.9190 0.8921 0.9205 0.8890 0.8374 0.9101 0.8359
15 0.0271 0.6851 0.0836 0.6594 0.0989 0.7253 0.0424 0.7510
15 0.1549 0.4966 0.0997 0.5638 0.0660 0.5094 0.1212 0.4422
15 0.4384 0.6200 0.4176 0.5876 0.4490 0.5480 0.4698 0.5804
