0 0.3217 0.7030 0.3799 0.6578 0.4043 0.7194 0.3461 0.7646
0 0.5125 0.3905 0.6450 0.3711 0.6723 0.7355 0.5399 0.7549
0 0.3049 0.2512 0.2607 0.2961 0.1608 0.1036 0.2050 0.0587
0 0.5140 0.7720 0.6262 0.7555 0.6406 0.9468 0.5283 0.9633
1 0.7974 0.0877 0.7907 0.0752 0.8117 0.0531 0.8184 0.0656
1 0.2153 0.8276 0.2164 0.8234 0.2333 0.8320 0.2322 0.8362
1 0.8106 0.6860 0.8034 0.6643 0.8062 0.6624 0.8135 0.6841
1 0.4461 0.9662 0.4434 0.9650 0.4550 0.9118 0.4577 0.9130
2 0.8471 0.1116 0.8788 0.0639 0.9378 0.1408 0.9060 0.1885
2 0.2030 0.8069 0.1241 0.8449 0.1216 0.8347 0.2005 0.7967
2 0.1823 0.7326 0.2210 0.6679 0.2383 0.6882 0.1996 0.7529
2 0.3771 0.2158 0.3216 0.2441 0.3197 0.2370 0.3753 0.2087
3 0.3894 0.3202 0.4140 0.1916 0.4295 0.1974 0.4048 0.3260
3 0.7269 0.8100 0.7115 0.8205 0.6906 0.7604 0.7060 0.7499
3 0.9631 0.5980 0.9774 0.5234 0.9906 0.5284 0.9763 0.6030
3 0.9663 0.3134 0.9371 0.4393 0.9214 0.4322 0.9506 0.3063
4 0.1497 0.9533 0.1459 0.9649 0.1285 0.9535 0.1324 0.9419
4 0.2724 0.3679 0.2578 0.3877 0.2493 0.3753 0.2639 0.3555
4 0.5453 0.2994 0.5297 0.2703 0.5381 0.2614 0.5538 0.2905
4 0.3571 0.2990 0.3508 0.2829 0.3640 0.2726 0.3704 0.2887
6 0.3434 0.4893 0.3516 0.3956 0.4863 0.4187 0.4781 0.5124
6 0.4587 0.0660 0.5188 0.0231 0.5804 0.1924 0.5203 0.2353
6 0.1009 0.7122 0.0653 0.7890 0.0468 0.7722 0.0824 0.6954
6 0.8400 0.4697 0.7861 0.5017 0.7631 0.4259 0.8170 0.3939
7 0.4965 0.5212 0.5008 0.5143 0.5107 0.5264 0.5064 0.5333
7 0.2932 0.5097 0.2761 0.5264 0.2537 0.4815 0.2707 0.4648
7 0.7952 0.7794 0.8007 0.8231 0.7948 0.8246 0.7893 0.7809
7 0.7402 0.0304 0.7417 0.0190 0.7892 0.0308 0.7878 0.0422
9 0.3222 0.9461 0.4010 0.8279 0.4206 0.8535 0.3419 0.9717
9 0.1399 0.3776 0.2097 0.3966 0.1821 0.5956 0.1123 0.5766
9 0.7410 0.2934 0.6954 0.3529 0.5953 0.2026 0.6408 0.1431
9 0.8536 0.7653 0.8628 0.6182 0.9058 0.6235 0.8966 0.7706
12 0.9284 0.2343 0.9363 0.2648 0.8593 0.3041 0.8514 0.2736
12 0.0325 0.6805 0.0305 0.6734 0.1650 0.6011 0.1669 0.6082
12 0.4850 0.6400 0.4818 0.6461 0.3653 0.5276 0.3685 0.5215
12 0.9592 0.4595 0.9638 0.4875 0.8631 0.5201 0.8584 0.4921
13 0.8980 0.3884 0.9060 0.3960 0.9023 0.4036 0.8943 0.3960
13 0.2963 0.6884 0.2907 0.6946 0.2703 0.6580 0.2759 0.6518
13 0.9532 0.8458 0.9658 0.8462 0.9657 0.8546 0.9531 0.8542
13 0.7628 0.2735 0.7650 0.2796 0.7532 0.2877 0.7510 0.2816
15 0.4523 0.1637 0.3834 0.1705 0.3782 0.0675 0.4472 0.0607
15 0.0846 0.2786 0.0336 0.1837 0.0956 0.1182 0.1467 0.2131
15 0.9044 0.8962 0.8742 0.8012 0.9136 0.7766 0.9438 0.8716
15 0.7055 0.9231 0.7303 0.9544 0.7074 0.9901 0.6825 0.9588
