0 0.9226 0.7124 0.8898 0.7265 0.7946 0.2904 0.8274 0.2763
0 0.2925 0.5416 0.4362 0.4207 0.5441 0.6720 0.4003 0.7929
0 0.5568 0.7888 0.6407 0.6830 0.7326 0.8260 0.6488 0.9318
0 0.1955 0.7561 0.0511 0.7131 0.1242 0.2315 0.2687 0.2745
1 0.2237 0.8315 0.2472 0.8428 0.2461 0.8473 0.2225 0.8360
1 0.2108 0.2257 0.2173 0.1992 0.2229 0.2019 0.2164 0.2284
1 0.2927 0.8546 0.2998 0.8590 0.2756 0.9350 0.2685 0.9306
1 0.9786 0.7584 0.9886 0.7596 0.9819 0.8660 0.9720 0.8648
2 0.5071 0.2405 0.6715 0.0182 0.7046 0.0663 0.5402 0.2886
2 0.2973 0.2378 0.4187 0.0678 0.4893 0.1666 0.3678 0.3366
2 0.2267 0.9653 0.2895 0.9498 0.2921 0.9707 0.2294 0.9862
2 0.7634 0.7967 0.8166 0.7570 0.8272 0.7849 0.7740 0.8246
3 0.0921 0.0808 0.0380 0.1621 0.0250 0.1452 0.0792 0.0639
3 0.4088 0.8877 0.4185 0.8830 0.4355 0.9523 0.4258 0.9570
3 0.1642 0.0187 0.1778 0.0217 0.1663 0.1229 0.1528 0.1199
3 0.6764 0.6081 0.6593 0.6056 0.6685 0.4843 0.6855 0.4868
4 0.7550 0.6161 0.7393 0.6308 0.7339 0.6195 0.7495 0.6048
4 0.4765 0.0567 0.4861 0.0621 0.4843 0.0681 0.4748 0.0627
4 0.0319 0.2958 0.0133 0.2912 0.0150 0.2778 0.0336 0.2824
4 0.3865 0.9588 0.4042 0.9580 0.4049 0.9864 0.3872 0.9872
6 0.6065 0.4846 0.5504 0.4374 0.5618 0.4110 0.6178 0.4582
6 0.8554 0.9385 0.8031 0.8833 0.8164 0.8587 0.8686 0.9139
6 0.5047 0.3841 0.5281 0.3227 0.5576 0.3447 0.5342 0.4061
6 0.7670 0.4688 0.7450 0.5448 0.6905 0.5140 0.7124 0.4380
7 0.2058 0.7947 0.2403 0.8015 0.2382 0.8221 0.2037 0.8153
7 0.0110 0.2253 0.0177 0.2124 0.0341 0.2291 0.0274 0.2420
7 0.9340 0.1040 0.9447 0.1071 0.9371 0.1568 0.9265 0.1537
7 0.3887 0.9076 0.3751 0.9241 0.3507 0.8848 0.3643 0.8683
9 0.2086 0.0425 0.2433 0.0219 0.2800 0.1431 0.2453 0.1637
9 0.7057 0.2111 0.7082 0.1104 0.8741 0.1185 0.8716 0.2192
12 0.8565 0.7606 0.9359 0.7586 0.9364 0.8018 0.8570 0.8038
12 0.0664 0.8434 0.1533 0.7814 0.1616 0.8042 0.0747 0.8662
12 0.9016 0.0174 0.9598 0.0767 0.9464 0.1026 0.8882 0.0433
12 0.7513 0.9960 0.7599 0.8988 0.7647 0.8996 0.7561 0.9968
13 0.9487 0.3335 0.9352 0.3537 0.9248 0.3401 0.9382 0.3199
13 0.4187 0.8479 0.4252 0.8323 0.4318 0.8377 0.4254 0.8533
13 0.9856 0.5819 0.9864 0.5671 0.9926 0.5677 0.9919 0.5825
13 0.4374 0.0541 0.4449 -0.0001 0.4623 0.0047 0.4548 0.0589
15 0.9305 0.2371 0.9378 0.1730 0.9860 0.1837 0.9788 0.2478
15 0.0295 0.8956 0.1001 0.9221 0.0868 0.9916 0.0162 0.9651
15 0.9364 0.9817 0.9231 0.9450 0.9610 0.9179 0.9744 0.9546
