0 0.7170 0.4346 0.6676 0.4989 0.6413 0.4594 0.6906 0.3951
0 0.1189 0.4437 0.0945 0.3320 0.2137 0.2811 0.2380 0.3928
0 0.6162 0.6585 0.5051 0.6310 0.5289 0.4415 0.6401 0.4690
0 0.3853 0.4751 0.4343 0.5696 0.3336 0.6721 0.2845 0.5776
1 0.1290 0.9249 0.1176 0.9710 0.0582 0.9423 0.0695 0.8962
1 0.2287 0.2310 0.2309 0.2279 0.2439 0.2454 0.2417 0.2485
1 0.6029 0.1706 0.6016 0.1685 0.6205 0.1446 0.6218 0.1467
1 0.0351 0.6393 0.0302 0.6253 0.0538 0.6091 0.0587 0.6231
2 0.2174 0.1784 0.1716 0.1897 0.1557 0.0636 0.2016 0.0523
2 0.0421 0.7989 0.0028 0.7074 0.0408 0.6755 0.0801 0.7670
2 0.1754 0.7523 0.1799 0.7071 0.1912 0.7093 0.1867 0.7545
2 0.6606 0.2001 0.6548 0.1863 0.7489 0.1103 0.7546 0.1241
3 0.3778 0.9617 0.3626 0.9726 0.3230 0.8639 0.3383 0.8530
3 0.1331 0.6610 0.1479 0.5302 0.1643 0.5338 0.1495 0.6646
3 0.8287 0.7098 0.7890 0.8062 0.7736 0.7938 0.8133 0.6974
3 0.6205 0.9379 0.6759 0.8794 0.6838 0.8941 0.6284 0.9526
4 0.7309 0.2772 0.7309 0.3604 0.7166 0.3604 0.7166 0.2772
4 0.7352 0.6765 0.7194 0.6877 0.7151 0.6759 0.7309 0.6647
4 0.8721 0.0741 0.8648 0.0818 0.8533 0.0603 0.8606 0.0526
4 0.5609 0.7096 0.5519 0.6824 0.5599 0.6772 0.5690 0.7044
6 0.8326 0.1503 0.9947 0.2921 0.9437 0.4065 0.7816 0.2647
6 0.2748 0.4170 0.2939 0.3394 0.3495 0.3662 0.3304 0.4438
6 0.8771 0.8604 0.8522 0.8002 0.8812 0.7768 0.9060 0.8370
6 0.3075 0.2180 0.3126 0.2997 0.2540 0.3068 0.2488 0.2251
7 0.5421 0.3453 0.5362 0.3144 0.6002 0.2903 0.6061 0.3212
7 0.0293 0.1785 0.0322 0.1703 0.0510 0.1831 0.0481 0.1913
7 0.5465 0.1622 0.5677 0.1606 0.5680 0.1702 0.5469 0.1718
7 0.2092 0.5034 0.1822 0.5289 0.1771 0.5182 0.2041 0.4927
9 0.1174 0.0174 0.1532 0.0328 0.1141 0.2118 0.0783 0.1964
9 0.8733 0.5847 0.8055 0.6977 0.7724 0.6589 0.8402 0.5459
9 0.4746 0.9354 0.4739 0.9881 0.3800 0.9858 0.3806 0.9331
9 0.6459 0.7455 0.6506 0.7870 0.5267 0.8145 0.5220 0.7730
12 0.6157 0.2649 0.5766 0.1837 0.5806 0.1799 0.6197 0.2611
12 0.2570 0.1721 0.2533 0.1613 0.4441 0.0311 0.4479 0.0419
12 0.9778 0.8418 0.9257 0.7979 0.9388 0.7674 0.9909 0.8113
13 0.7870 0.4545 0.8001 0.4539 0.8004 0.4651 0.7873 0.4657
13 0.7677 0.8275 0.7726 0.8437 0.7632 0.8493 0.7582 0.8331
13 0.9912 0.9268 0.9793 0.9441 0.9760 0.9396 0.9879 0.9223
13 0.0556 0.4036 0.0587 0.4122 0.0461 0.4208 0.0431 0.4122
15 0.9240 0.5660 0.9002 0.5418 0.9252 0.4936 0.9490 0.5178
15 0.2714 0.8085 0.2786 0.7259 0.3229 0.7335 0.3156 0.8161
15 0.4243 0.8498 0.3856 0.7830 0.4480 0.7122 0.4867 0.7790
15 0.1738 0.7875 0.2309 0.8104 0.2173 0.8769 0.1602 0.8540
