0 0.6037 0.1058 0.6992 0.1654 0.5740 0.5590 0.4785 0.4994
0 0.9297 0.8570 0.9157 0.9965 0.7720 0.9682 0.7860 0.8287
0 0.2911 0.7218 0.3331 0.5602 0.6266 0.7098 0.5846 0.8714
0 0.0519 0.4769 0.0153 0.3719 0.1273 0.2955 0.1638 0.4005
1 0.3279 0.0895 0.3292 0.1243 0.3258 0.1245 0.3245 0.0897
1 0.1807 0.5356 0.1978 0.5500 0.1947 0.5572 0.1776 0.5428
1 0.9701 0.1163 0.9795 0.1410 0.9742 0.1449 0.9648 0.1202
1 0.3249 0.0813 0.3226 0.0783 0.3348 0.0599 0.3371 0.0629
2 0.9241 0.4914 0.9481 0.5890 0.9068 0.6090 0.8828 0.5114
2 0.4345 0.3682 0.4471 0.3410 0.4624 0.3550 0.4498 0.3822
2 0.0821 0.0640 0.0080 0.0860 0.0002 0.0344 0.0743 0.0124
2 0.0498 0.5719 0.1049 0.5999 0.0847 0.6773 0.0297 0.6493
3 0.8295 0.5752 0.8400 0.5941 0.7714 0.6692 0.7608 0.6503
3 0.3136 0.5142 0.3163 0.5281 0.2661 0.5470 0.2634 0.5331
3 0.3210 0.2884 0.3053 0.2825 0.3284 0.1620 0.3441 0.1679
3 0.2655 0.6543 0.1796 0.7078 0.1731 0.6873 0.2590 0.6338
4 0.7797 0.7103 0.7972 0.7142 0.7957 0.7273 0.7782 0.7234
4 0.2583 0.7315 0.2509 0.7617 0.2425 0.7577 0.2500 0.7275
4 0.5870 0.9345 0.5765 0.9589 0.5682 0.9519 0.5786 0.9275
4 0.8617 0.3303 0.8660 0.3305 0.8660 0.3357 0.8617 0.3355
6 0.1292 0.2017 0.0973 0.2704 0.0479 0.2255 0.0798 0.1568
6 0.0107 0.4903 0.0272 0.4996 0.0204 0.5229 0.0040 0.5136
6 0.4520 0.0131 0.4781 0.0449 0.4729 0.0533 0.4468 0.0215
6 0.0531 0.9282 0.0660 0.8355 0.1992 0.8718 0.1863 0.9645
7 0.3427 0.5371 0.3495 0.5356 0.3516 0.5537 0.3448 0.5552
7 0.3814 0.5149 0.3889 0.5044 0.4083 0.5315 0.4008 0.5420
7 0.9444 0.3714 0.9359 0.3885 0.8956 0.3490 0.9041 0.3319
7 0.1779 0.1495 0.2746 0.0094 0.2890 0.0289 0.1923 0.1690
9 0.8624 0.1898 0.8646 0.2770 0.7178 0.2842 0.7157 0.1970
9 0.8875 0.4341 0.8407 0.4800 0.8185 0.4355 0.8653 0.3896
12 0.2595 0.2788 0.1962 0.3772 0.1771 0.3532 0.2404 0.2548
12 0.2051 0.9005 0.2076 0.8890 0.4106 0.9759 0.4081 0.9874
12 0.2811 0.4463 0.3726 0.3532 0.3855 0.3781 0.2940 0.4712
12 0.7129 0.9615 0.6915 0.9701 0.6403 0.7201 0.6617 0.7115
13 0.2505 0.4246 0.2618 0.4416 0.2555 0.4498 0.2442 0.4328
13 0.9663 0.8773 0.9630 0.8861 0.9337 0.8643 0.9370 0.8555
13 0.3970 0.1817 0.3927 0.1763 0.4025 0.1611 0.4067 0.1665
13 0.9425 0.4515 0.9775 0.4244 0.9861 0.4461 0.9511 0.4732
15 0.9132 0.7114 0.8963 0.8065 0.8139 0.7778 0.8309 0.6827
15 0.0687 0.7327 0.1275 0.7443 0.1213 0.8061 0.0625 0.7945
15 0.7407 0.6571 0.6806 0.7118 0.6479 0.6413 0.7080 0.5866
15 0.8755 0.0508 0.8176 0.1545 0.7725 0.1052 0.8304 0.0015
