0 0.3312 0.3801 0.3294 0.5217 0.2223 0.5191 0.2240 0.3775
0 0.5515 0.7890 0.4754 0.9982 0.2888 0.8650 0.3649 0.6558
0 0.6843 0.0211 0.7667 0.0394 0.7472 0.2117 0.6648 0.1934
0 0.5666 0.4031 0.5549 0.6373 0.3460 0.6169 0.3577 0.3827
1 0.9323 0.4424 0.9239 0.4322 0.9411 0.4044 0.9495 0.4146
1 0.1569 0.2976 0.1595 0.2992 0.1434 0.3500 0.1408 0.3484
1 0.9249 0.8352 0.9280 0.8352 0.9280 0.8604 0.9249 0.8604
1 0.1823 0.1978 0.1794 0.1923 0.2034 0.1670 0.2063 0.1725
2 0.7828 0.8368 0.8665 0.7895 0.9001 0.9060 0.8164 0.9533
2 0.0569 0.5704 0.2206 0.5704 0.2206 0.6292 0.0569 0.6292
2 0.5840 0.7099 0.5865 0.6943 0.6923 0.7285 0.6898 0.7441
2 0.9282 0.6236 0.8802 0.5406 0.9146 0.5016 0.9626 0.5846
3 0.1125 0.9713 0.0422 0.8827 0.0533 0.8655 0.1235 0.9541
3 0.9330 0.1547 0.9729 0.2343 0.9621 0.2449 0.9223 0.1653
3 0.2236 0.6494 0.2261 0.7185 0.2142 0.7194 0.2116 0.6503
3 0.7965 0.5954 0.7975 0.5867 0.8695 0.6026 0.8685 0.6113
4 0.1925 0.3413 0.1811 0.3223 0.1883 0.3139 0.1997 0.3329
4 0.2082 0.9151 0.2142 0.9142 0.2161 0.9401 0.2101 0.9410
4 0.8022 0.5834 0.7991 0.5589 0.8084 0.5566 0.8115 0.5811
4 0.7615 0.5705 0.7531 0.5680 0.7551 0.5551 0.7635 0.5576
6 0.7417 0.2997 0.7083 0.2871 0.7103 0.2763 0.7437 0.2889
6 0.7471 0.8300 0.6974 0.8288 0.6980 0.7820 0.7477 0.7832
6 0.8370 0.4918 0.8043 0.4124 0.8233 0.3970 0.8560 0.4764
6 0.8303 0.0208 0.8870 0.0666 0.8760 0.0932 0.8193 0.0474
7 0.2397 0.2213 0.2160 0.1856 0.2268 0.1715 0.2506 0.2072
7 0.9334 0.3923 0.9338 0.3739 0.9801 0.3761 0.9796 0.3945
7 0.0339 0.3189 0.0490 0.2971 0.0901 0.3527 0.0750 0.3745
7 0.6377 0.4895 0.6310 0.5142 0.6248 0.5109 0.6316 0.4862
9 0.3781 0.3490 0.3437 0.0444 0.3947 0.0330 0.4292 0.3376
9 0.7963 0.7229 0.7423 0.7489 0.7297 0.6975 0.7837 0.6715
9 0.5538 0.3788 0.4840 0.3598 0.5116 0.1608 0.5815 0.1798
9 0.1731 0.9044 0.1281 0.8695 0.1869 0.7212 0.2319 0.7561
12 0.3355 0.0205 0.3347 0.0821 0.0314 0.0747 0.0321 0.0131
12 0.6315 0.5506 0.7332 0.6201 0.7236 0.6478 0.6219 0.5783
13 0.0378 0.7216 0.0306 0.7360 0.0257 0.7312 0.0329 0.7168
13 0.9242 0.7255 0.9287 0.7168 0.9358 0.7241 0.9313 0.7328
13 0.6876 0.3989 0.6834 0.4037 0.5833 0.2367 0.5875 0.2319
13 0.0377 0.1980 0.1185 0.1128 0.1217 0.1188 0.0410 0.2040
15 0.9521 0.2663 0.9749 0.2515 0.9910 0.2997 0.9682 0.3145
15 0.0911 0.4008 0.1595 0.4265 0.1418 0.5192 0.0733 0.4935
15 0.7542 0.2849 0.8128 0.2336 0.8518 0.3211 0.7932 0.3724
15 0.6222 0.8473 0.6389 0.7750 0.6884 0.7975 0.6716 0.8698
