0 0.3651 0.8068 0.3651 0.6604 0.6729 0.6604 0.6729 0.8068
0 0.9515 0.7348 0.8070 0.5651 0.8542 0.4864 0.9987 0.6561
0 0.7985 0.3663 0.8619 0.3951 0.8463 0.4621 0.7830 0.4333
0 0.1725 0.9181 0.0703 0.6599 0.1992 0.5599 0.3014 0.8181
1 0.6553 0.2082 0.6468 0.2008 0.6873 0.1102 0.6957 0.1176
1 0.6273 0.8848 0.6049 0.9222 0.5567 0.8656 0.5791 0.8282
1 0.1672 0.1397 0.1668 0.1537 0.0906 0.1499 0.0909 0.1359
1 0.3501 0.4355 0.3442 0.4418 0.3325 0.4201 0.3384 0.4138
2 0.8449 0.9056 0.6858 0.9329 0.6733 0.7904 0.8324 0.7631
2 0.2084 0.9318 0.2287 0.9532 0.2205 0.9686 0.2001 0.9472
2 0.6634 0.3794 0.6800 0.2983 0.7017 0.3070 0.6851 0.3881
2 0.3729 0.3034 0.2935 0.3054 0.2928 0.2470 0.3722 0.2450
3 0.4987 0.4694 0.4931 0.4573 0.5370 0.4174 0.5426 0.4295
3 0.4355 0.1374 0.4322 0.0058 0.4482 0.0050 0.4515 0.1366
3 0.9571 0.7835 0.9695 0.8934 0.9520 0.8973 0.9396 0.7874
3 0.0433 0.6154 0.0375 0.6922 0.0239 0.6902 0.0296 0.6134
4 0.3737 0.8138 0.3823 0.8094 0.3855 0.8218 0.3769 0.8262
4 0.9283 0.1551 0.9507 0.1635 0.9448 0.1941 0.9225 0.1857
4 0.4606 0.0244 0.4589 0.0103 0.4634 0.0092 0.4651 0.0233
4 0.8973 0.8519 0.8940 0.8557 0.8916 0.8517 0.8949 0.8479
6 0.4613 0.5840 0.4393 0.6600 0.3847 0.6292 0.4067 0.5532
6 0.2318 0.1933 0.2156 0.2034 0.2082 0.1803 0.2244 0.1702
6 0.5585 0.1519 0.6256 0.1420 0.6398 0.3309 0.5727 0.3408
6 0.7187 0.5895 0.7161 0.6590 0.6827 0.6565 0.6853 0.5870
7 0.2234 0.4272 0.2234 0.3892 0.2614 0.3892 0.2614 0.4272
7 0.1125 0.3482 0.1221 0.3420 0.1523 0.4326 0.1427 0.4388
7 0.7617 0.3654 0.7474 0.3157 0.8780 0.2418 0.8923 0.2915
7 0.3456 0.8996 0.3445 0.8813 0.3784 0.8772 0.3795 0.8955
9 0.4867 0.1004 0.4799 0.0595 0.6022 0.0200 0.6089 0.0609
9 0.4154 0.3453 0.4672 0.1823 0.4941 0.1991 0.4422 0.3621
9 0.6826 0.6138 0.6401 0.6309 0.5951 0.4114 0.6377 0.3943
9 0.2682 0.2320 0.2382 0.1943 0.3321 0.0484 0.3620 0.0861
12 0.4572 0.4877 0.4439 0.5212 0.3737 0.4667 0.3870 0.4332
12 0.7081 0.4166 0.7329 0.4580 0.7130 0.4814 0.6882 0.4400
12 0.5294 0.8260 0.5390 0.8473 0.4837 0.8956 0.4742 0.8743
12 0.1934 0.5454 0.1588 0.5437 0.1626 0.3894 0.1972 0.3911
13 0.0328 0.3578 0.0367 0.2524 0.0667 0.2546 0.0627 0.3600
13 0.7921 0.9642 0.7822 0.9625 0.7839 0.9426 0.7938 0.9443
13 0.1337 0.1685 0.1262 0.1612 0.1297 0.1543 0.1372 0.1616
13 0.6544 0.3405 0.6455 0.3518 0.6402 0.3435 0.6491 0.3322
15 0.0550 0.3934 0.1087 0.4635 0.0744 0.5150 0.0207 0.4449
15 0.7447 0.1794 0.7063 0.0584 0.7593 0.0254 0.7977 0.1464
15 0.8514 0.2353 0.8274 0.1856 0.8644 0.1507 0.8883 0.2004
15 0.9618 0.0715 0.9075 0.1400 0.8730 0.0865 0.9274 0.0180
