0 0.1818 0.0360 0.0871 0.4694 0.0325 0.4460 0.1271 0.0126
0 0.5013 0.4071 0.3938 0.4905 0.2424 0.1081 0.3499 0.0247
0 0.9887 0.7592 0.9475 0.8886 0.8496 0.8276 0.8908 0.6982
0 0.7323 0.4725 0.6633 0.3690 0.7417 0.2667 0.8107 0.3702
1 0.5330 0.7394 0.5233 0.7472 0.5102 0.7154 0.5198 0.7076
1 0.9562 0.6045 0.9586 0.6023 0.9684 0.6235 0.9660 0.6257
1 0.0569 0.5385 0.0522 0.5366 0.0605 0.4963 0.0652 0.4982
1 0.1658 0.5702 0.1555 0.6041 0.1476 0.5994 0.1579 0.5655
2 0.7791 0.2334 0.7823 0.2239 0.8097 0.2418 0.8066 0.2513
2 0.2205 0.6855 0.2866 0.7138 0.2750 0.7669 0.2088 0.7386
2 0.9187 0.3346 0.9650 0.3267 0.9761 0.4537 0.9299 0.4617
2 0.7234 0.2091 0.6632 0.2381 0.6583 0.2181 0.7185 0.1891
3 0.4710 0.6893 0.3920 0.7009 0.3901 0.6763 0.4691 0.6647
3 0.0649 0.7908 0.1200 0.7908 0.1200 0.8124 0.0649 0.8124
3 0.6310 0.9946 0.6122 0.9220 0.6267 0.9146 0.6455 0.9872
3 0.0191 0.7001 0.1129 0.6932 0.1138 0.7155 0.0199 0.7224
4 0.3095 0.8144 0.2879 0.8028 0.2922 0.7872 0.3138 0.7988
4 0.0696 0.5682 0.0713 0.5460 0.0753 0.5466 0.0736 0.5688
4 0.4788 0.5652 0.4590 0.5588 0.4612 0.5456 0.4810 0.5520
4 0.4646 0.6584 0.4496 0.6468 0.4551 0.6328 0.4701 0.6444
6 0.9755 0.0118 0.9781 0.0813 0.9448 0.0838 0.9422 0.0143
6 0.2187 0.9665 0.2013 0.9618 0.2047 0.9371 0.2221 0.9418
6 0.4356 0.8484 0.4683 0.9164 0.4196 0.9624 0.3868 0.8944
6 0.5848 0.8011 0.6180 0.8145 0.6158 0.8253 0.5826 0.8119
7 0.7859 0.7768 0.6079 0.6861 0.6590 0.4896 0.8370 0.5803
7 0.5110 0.1578 0.5500 0.0971 0.6432 0.2146 0.6042 0.2753
7 0.7336 0.1367 0.7507 0.0475 0.8547 0.0865 0.8376 0.1757
7 0.3704 0.5654 0.3355 0.6405 0.2754 0.5858 0.3102 0.5107
9 0.1331 0.9262 0.1208 0.8763 0.2097 0.8334 0.2220 0.8833
9 0.4959 0.6333 0.5126 0.5568 0.5498 0.5727 0.5331 0.6492
12 0.8450 0.2020 0.9277 0.2662 0.9153 0.2976 0.8326 0.2334
12 0.3493 0.9777 0.3476 0.8453 0.3733 0.8447 0.3750 0.9771
12 0.2585 0.9332 0.2710 0.9151 0.3178 0.9784 0.3053 0.9965
13 0.0008 0.9107 0.0032 0.8456 0.0329 0.8477 0.0305 0.9128
13 0.8651 0.4520 0.8755 0.4436 0.8795 0.4532 0.8691 0.4616
13 0.1227 0.7854 0.1122 0.7772 0.1161 0.7674 0.1266 0.7756
13 0.0825 0.8594 0.0830 0.8502 0.0990 0.8522 0.0984 0.8614
15 0.9223 0.1296 0.9557 0.1296 0.9557 0.1776 0.9223 0.1776
15 0.8503 0.4437 0.8308 0.3902 0.8706 0.3619 0.8900 0.4154
15 0.1849 0.6976 0.1849 0.8300 0.1269 0.8300 0.1269 0.6976
