0 0.3098 0.8474 0.2896 0.7340 0.4105 0.6918 0.4307 0.8052
0 0.7612 0.3959 0.6092 0.7961 0.5588 0.7585 0.7108 0.3583
0 0.5230 0.1533 0.5469 0.0663 0.8907 0.2511 0.8668 0.3381
0 0.1806 0.4839 0.2281 0.7969 0.1689 0.8145 0.1213 0.5015
1 0.1333 0.1954 0.1344 0.1847 0.1932 0.1962 0.1922 0.2069
1 0.3421 0.3861 0.3386 0.4137 0.3327 0.4123 0.3362 0.3847
1 0.4927 0.6286 0.4749 0.6413 0.4722 0.6338 0.4900 0.6211
1 0.0554 0.8529 0.0527 0.8432 0.0709 0.8335 0.0735 0.8432
2 0.0481 0.1021 0.0422 0.0939 0.0662 0.0603 0.0721 0.0685
2 0.3006 0.0527 0.3972 0.3427 0.3540 0.3709 0.2574 0.0809
2 0.2661 0.3907 0.3253 0.5233 0.2928 0.5517 0.2336 0.4191
2 0.4220 0.3711 0.5100 0.4136 0.4932 0.4821 0.4051 0.4396
3 0.8667 0.8672 0.8636 0.8809 0.8139 0.8596 0.8169 0.8459
3 0.4087 0.2952 0.4991 0.3363 0.4942 0.3576 0.4037 0.3165
3 0.6297 0.9752 0.5997 0.9105 0.6112 0.9000 0.6412 0.9647
3 0.0545 0.3779 0.1233 0.3223 0.1321 0.3437 0.0633 0.3993
4 0.2470 0.0797 0.2361 0.0832 0.2345 0.0731 0.2453 0.0696
4 0.7243 0.9406 0.7304 0.9630 0.7037 0.9774 0.6976 0.9550
4 0.8056 0.8903 0.8970 0.9527 0.8876 0.9797 0.7962 0.9173
4 0.9583 0.8890 0.9565 0.9189 0.9477 0.9178 0.9495 0.8879
6 0.9547 0.4599 0.9254 0.5309 0.8744 0.4897 0.9037 0.4187
6 0.9700 0.7326 0.7824 0.7837 0.7640 0.6514 0.9516 0.6003
6 0.0342 0.4694 0.0425 0.4475 0.0584 0.4594 0.0501 0.4813
6 0.3753 0.6028 0.3582 0.6813 0.3019 0.6572 0.3190 0.5787
7 0.9447 0.3296 0.9478 0.3572 0.9425 0.3584 0.9393 0.3308
7 0.4291 0.1089 0.4980 0.0680 0.5152 0.1247 0.4463 0.1656
7 0.1185 0.2448 0.1130 0.2391 0.1261 0.2148 0.1316 0.2205
7 0.5270 0.5845 0.5243 0.5997 0.4733 0.5819 0.4760 0.5667
9 0.5678 0.8720 0.4951 0.9976 0.4742 0.9740 0.5469 0.8484
9 0.1769 0.3638 0.1488 0.3284 0.2117 0.2306 0.2397 0.2660
9 0.1212 0.9966 0.1196 0.9546 0.2448 0.9454 0.2464 0.9874
12 0.4416 0.8492 0.4635 0.8723 0.4152 0.9620 0.3933 0.9389
12 0.1146 0.6655 0.0320 0.7378 0.0223 0.7161 0.1049 0.6438
12 0.1965 0.8213 0.2138 0.8184 0.2244 0.9399 0.2071 0.9428
12 0.6812 0.8568 0.6727 0.8781 0.5963 0.8188 0.6047 0.7975
13 0.0094 0.1740 0.0008 0.1561 0.0146 0.1432 0.0232 0.1611
13 0.2462 0.6790 0.2541 0.6767 0.2572 0.6974 0.2494 0.6997
13 0.0018 0.7649 0.0017 0.7601 0.0796 0.7563 0.0798 0.7611
13 0.4210 0.6690 0.4142 0.6686 0.4147 0.6490 0.4215 0.6494
15 0.8469 0.4493 0.7756 0.4837 0.7611 0.4247 0.8324 0.3903
15 0.1084 0.5091 0.0759 0.5196 0.0681 0.4729 0.1007 0.4624
15 0.2283 0.2099 0.1991 0.2149 0.1939 0.1557 0.2232 0.1507
15 0.3327 0.8566 0.3529 0.9492 0.2824 0.9794 0.2622 0.8868
