0 0.3359 0.4831 0.3589 0.4139 0.5130 0.5145 0.4899 0.5837
0 0.6646 0.5297 0.5845 0.4356 0.7823 0.1055 0.8624 0.1996
0 0.7799 0.7592 0.8795 0.7346 0.8981 0.8824 0.7985 0.9070
0 0.2317 0.8718 0.2457 0.7323 0.3894 0.7606 0.3754 0.9001
1 0.6515 0.0491 0.6477 0.0532 0.6296 0.0197 0.6335 0.0156
1 0.8636 0.6776 0.8619 0.6744 0.8764 0.6596 0.8781 0.6628
1 0.3165 0.0319 0.3172 0.0598 0.3112 0.0601 0.3105 0.0322
1 0.9712 0.9546 0.9637 0.9697 0.9482 0.9546 0.9558 0.9395
2 0.1097 0.6564 0.1308 0.5983 0.1629 0.6212 0.1418 0.6793
2 0.4140 0.8187 0.5497 0.9469 0.5263 0.9957 0.3905 0.8675
2 0.4778 0.7336 0.4422 0.6506 0.4762 0.6220 0.5118 0.7050
2 0.6888 0.6099 0.7789 0.6188 0.7726 0.7441 0.6826 0.7352
3 0.0720 0.7282 0.0845 0.6176 0.0983 0.6206 0.0858 0.7312
3 0.7096 0.8724 0.6925 0.8703 0.7001 0.7488 0.7172 0.7509
3 0.4013 0.0941 0.3899 0.1048 0.3490 0.0199 0.3604 0.0092
3 0.4270 0.3503 0.4816 0.3395 0.4835 0.3585 0.4289 0.3693
4 0.0800 0.1544 0.0683 0.1369 0.0766 0.1260 0.0883 0.1435
4 0.2506 0.5970 0.2336 0.5503 0.2359 0.5486 0.2529 0.5953
4 0.2515 0.4116 0.2358 0.4232 0.2314 0.4116 0.2470 0.4000
4 0.9529 0.8985 0.9390 0.8777 0.9426 0.8731 0.9564 0.8939
6 0.2603 0.2764 0.2583 0.1945 0.3171 0.1916 0.3191 0.2735
6 0.5073 0.7976 0.4576 0.7952 0.4587 0.7484 0.5084 0.7508
6 0.1008 0.3396 0.1574 0.3184 0.1726 0.3980 0.1160 0.4192
6 0.9223 0.5436 0.8628 0.4993 0.9265 0.3316 0.9861 0.3759
7 0.8844 0.1050 0.9014 0.1071 0.8985 0.1542 0.8814 0.1521
7 0.2263 0.1658 0.2066 0.1953 0.1323 0.0982 0.1519 0.0687
7 0.2897 0.4041 0.2862 0.3831 0.2949 0.3803 0.2983 0.4013
7 0.5489 0.5791 0.5345 0.5869 0.5191 0.5309 0.5335 0.5231
9 0.3364 0.2720 0.3202 0.1738 0.4819 0.1216 0.4981 0.2198
9 0.0928 0.8186 0.1354 0.7784 0.2032 0.9190 0.1606 0.9592
9 0.6792 0.6036 0.6742 0.7030 0.5297 0.6888 0.5347 0.5894
9 0.9777 0.7256 0.8786 0.6422 0.8925 0.6096 0.9917 0.6930
12 0.2123 0.2296 0.1031 0.2706 0.0974 0.2408 0.2067 0.1998
12 0.0795 0.2215 0.0944 0.2537 0.0271 0.3149 0.0121 0.2827
13 0.8434 0.7166 0.8274 0.7102 0.8298 0.6986 0.8457 0.7050
13 0.6078 0.9930 0.5755 0.9938 0.5753 0.9790 0.6076 0.9782
13 0.5602 0.0509 0.5799 0.0083 0.6190 0.0439 0.5992 0.0865
13 0.1024 0.5741 0.1012 0.5764 0.0173 0.4911 0.0185 0.4888
15 0.2864 0.6483 0.2281 0.7120 0.2005 0.6625 0.2588 0.5988
15 0.4174 0.0672 0.4206 0.0242 0.4626 0.0304 0.4594 0.0734
15 0.9233 0.2723 0.9017 0.3096 0.8753 0.2797 0.8969 0.2424
