0 0.5688 0.2720 0.6792 0.1966 0.8161 0.5896 0.7057 0.6650
0 0.0416 0.8592 0.0980 0.8099 0.1247 0.8696 0.0682 0.9189
0 0.5001 0.1706 0.4925 0.0949 0.6608 0.0618 0.6684 0.1375
0 0.3542 0.2748 0.4281 0.4538 0.1235 0.7000 0.0496 0.5210
1 0.1034 0.8052 0.1011 0.7916 0.1755 0.7676 0.1777 0.7812
1 0.5346 0.6879 0.5403 0.6951 0.5006 0.7569 0.4948 0.7497
1 0.8448 0.4327 0.8587 0.4278 0.8640 0.4577 0.8502 0.4626
1 0.3134 0.2179 0.3246 0.2274 0.3149 0.2501 0.3037 0.2406
2 0.7534 0.8398 0.7490 0.7231 0.8215 0.7178 0.8258 0.8345
2 0.3401 0.9174 0.3966 0.8198 0.4650 0.8974 0.4085 0.9950
2 0.2795 0.0900 0.1691 0.2741 0.0928 0.1844 0.2031 0.0003
2 0.6672 0.8167 0.7235 0.8470 0.7154 0.8765 0.6591 0.8462
3 0.9911 0.1184 0.9830 0.1273 0.9509 0.0696 0.9590 0.0607
3 0.0023 0.4480 0.0023 0.3440 0.0186 0.3440 0.0186 0.4480
3 0.8827 0.6279 0.8449 0.7094 0.8339 0.6993 0.8717 0.6178
3 0.6224 0.6714 0.6012 0.7996 0.5856 0.7946 0.6068 0.6664
4 0.5492 0.5361 0.4509 0.5729 0.4454 0.5439 0.5436 0.5071
4 0.2069 0.9145 0.1900 0.8961 0.1954 0.8863 0.2123 0.9047
4 0.8715 0.0092 0.8657 0.0149 0.8622 0.0080 0.8681 0.0023
4 0.8220 0.1440 0.7797 0.1440 0.7797 0.1328 0.8220 0.1328
6 0.9775 0.1427 0.9903 0.2354 0.8571 0.2717 0.8442 0.1790
6 0.4225 0.0435 0.4600 0.0892 0.4381 0.1245 0.4006 0.0788
6 0.9314 0.5107 0.9895 0.5207 0.9823 0.6025 0.9242 0.5925
6 0.7846 0.0227 0.8304 0.0499 0.8174 0.0929 0.7716 0.0657
7 0.6350 0.0150 0.6427 0.0043 0.6601 0.0286 0.6524 0.0393
7 0.4918 0.4982 0.4846 0.4989 0.4834 0.4742 0.4905 0.4735
7 0.3061 0.0958 0.3183 0.1024 0.3005 0.1674 0.2882 0.1608
7 0.8630 0.9522 0.8593 0.9455 0.8708 0.9334 0.8744 0.9401
9 0.9264 0.6275 0.9703 0.6350 0.9505 0.8617 0.9065 0.8542
9 0.9612 0.3555 0.9401 0.3993 0.8622 0.3257 0.8833 0.2819
9 0.6127 0.8695 0.5993 0.9184 0.4744 0.8513 0.4879 0.8024
12 0.0706 0.2150 0.0089 0.1450 0.0283 0.1114 0.0900 0.1814
12 0.7362 0.9850 0.7716 0.8623 0.7955 0.8758 0.7601 0.9985
12 0.1253 0.8962 0.1502 0.8800 0.1841 0.9818 0.1593 0.9980
12 0.3890 0.7813 0.4022 0.7306 0.4267 0.7431 0.4135 0.7938
13 0.9113 0.9779 0.9127 0.9873 0.8990 0.9913 0.8976 0.9819
13 0.9003 0.7828 0.8936 0.7977 0.8886 0.7932 0.8952 0.7783
13 0.5322 0.4292 0.5497 0.4795 0.5338 0.4904 0.5163 0.4401
13 0.1482 0.7218 0.1530 0.7086 0.1586 0.7126 0.1538 0.7258
15 0.4883 0.5937 0.4874 0.6329 0.4497 0.6311 0.4506 0.5919
15 0.4953 0.3028 0.4742 0.3053 0.4690 0.2224 0.4901 0.2199
15 0.3460 0.2696 0.3263 0.1731 0.3840 0.1500 0.4037 0.2465
