0 0.6706 0.0583 0.6846 0.1978 0.5408 0.2261 0.5269 0.0866
0 0.5327 0.3280 0.3948 0.5080 0.3447 0.4328 0.4826 0.2528
0 0.4204 0.8985 0.0985 0.8511 0.1044 0.7715 0.4264 0.8189
0 0.8249 0.5906 0.6446 0.6677 0.6231 0.5694 0.8034 0.4923
1 0.7655 0.4305 0.7648 0.4129 0.7725 0.4123 0.7732 0.4299
1 0.8173 0.7014 0.8166 0.6988 0.8401 0.6854 0.8409 0.6880
1 0.8905 0.1282 0.8926 0.1365 0.8377 0.1630 0.8357 0.1547
1 0.7301 0.3615 0.7374 0.3627 0.7351 0.3897 0.7277 0.3885
2 0.1994 0.5728 0.2712 0.4943 0.2952 0.5372 0.2233 0.6157
2 0.2161 0.3581 0.1888 0.3792 0.0633 0.0623 0.0906 0.0412
2 0.9521 0.8799 0.9324 0.8809 0.9317 0.8533 0.9514 0.8523
2 0.8437 0.4252 0.8665 0.1982 0.9080 0.2064 0.8853 0.4334
3 0.4552 0.1325 0.4031 0.0486 0.4165 0.0323 0.4686 0.1162
3 0.7628 0.3580 0.8252 0.3154 0.8309 0.3320 0.7685 0.3746
3 0.6046 0.8260 0.6132 0.9022 0.5980 0.9056 0.5894 0.8294
3 0.7159 0.9666 0.7062 0.8554 0.7201 0.8530 0.7298 0.9642
4 0.2345 0.0802 0.2219 0.0764 0.2235 0.0662 0.2361 0.0700
4 0.3062 0.5466 0.3101 0.5452 0.3110 0.5502 0.3071 0.5516
4 0.5385 0.9297 0.5142 0.9206 0.5167 0.9075 0.5410 0.9166
4 0.9002 0.7540 0.9093 0.7464 0.9112 0.7508 0.9021 0.7584
6 0.3181 0.2535 0.3252 0.3349 0.2668 0.3449 0.2597 0.2635
6 0.0878 0.7606 0.0705 0.7186 0.0774 0.7130 0.0947 0.7550
6 0.6295 0.3721 0.5772 0.4273 0.5640 0.4027 0.6162 0.3475
6 0.5065 0.5379 0.5643 0.5251 0.5735 0.6065 0.5157 0.6193
7 0.5934 0.5107 0.6060 0.4911 0.6109 0.4973 0.5983 0.5169
7 0.7182 0.7766 0.7231 0.7644 0.7718 0.8022 0.7669 0.8144
7 0.4251 0.5259 0.4305 0.5127 0.4981 0.5673 0.4926 0.5805
7 0.8665 0.6928 0.8451 0.6558 0.9124 0.5796 0.9338 0.6166
9 0.5741 0.7362 0.4025 0.7278 0.4051 0.6238 0.5767 0.6322
9 0.9907 0.9204 0.9946 0.9725 0.8616 0.9920 0.8577 0.9399
9 0.3492 0.6858 0.2997 0.6458 0.3191 0.5986 0.3686 0.6386
9 0.6961 0.7531 0.6674 0.9269 0.6388 0.9177 0.6674 0.7439
12 0.5406 0.7731 0.5578 0.8061 0.5437 0.8205 0.5265 0.7875
12 0.9733 0.8425 0.9427 0.8342 0.9464 0.8075 0.9770 0.8158
12 0.2974 0.1657 0.3096 0.1382 0.3792 0.1991 0.3669 0.2266
12 0.1938 0.5441 0.1895 0.5545 0.0056 0.4059 0.0099 0.3955
13 0.4037 0.5526 0.3823 0.5989 0.3674 0.5854 0.3889 0.5391
13 0.3045 0.3851 0.3358 0.5198 0.3306 0.5221 0.2994 0.3874
13 0.6400 0.4484 0.6385 0.4285 0.7237 0.4160 0.7252 0.4359
13 0.2356 0.0367 0.2407 0.0403 0.2341 0.0585 0.2290 0.0549
15 0.7502 0.9338 0.7801 0.8399 0.8260 0.8686 0.7962 0.9625
15 0.7252 0.2828 0.7493 0.3064 0.7248 0.3552 0.7007 0.3316
15 0.1269 0.6581 0.1117 0.6164 0.1423 0.5947 0.1574 0.6364
