0 0.4012 0.4805 0.3164 0.3111 0.6045 0.0287 0.6893 0.1981
0 0.6795 0.7551 0.6990 0.8442 0.3468 0.9949 0.3273 0.9058
0 0.2353 0.3414 0.0688 0.3700 0.0433 0.0790 0.2098 0.0504
0 0.4757 0.5281 0.6096 0.4814 0.6372 0.6363 0.5033 0.6830
1 0.9509 0.2261 0.9504 0.2222 0.9897 0.2135 0.9901 0.2174
1 0.8355 0.0252 0.8184 0.0433 0.8134 0.0340 0.8305 0.0159
1 0.4267 0.6776 0.4230 0.6821 0.4033 0.6504 0.4070 0.6459
1 0.0219 0.5805 0.0177 0.5613 0.0387 0.5523 0.0429 0.5715
2 0.7105 0.4975 0.7960 0.3691 0.9552 0.5769 0.8697 0.7053
2 0.8525 0.1355 0.8950 0.1090 0.9278 0.2121 0.8853 0.2386
2 0.2764 0.7162 0.2511 0.6192 0.2922 0.5982 0.3174 0.6952
2 0.0580 0.9160 0.1333 0.7000 0.2229 0.7612 0.1476 0.9772
3 0.4087 0.6939 0.4633 0.6831 0.4653 0.7021 0.4107 0.7129
3 0.6723 0.5902 0.6884 0.5248 0.6997 0.5302 0.6836 0.5956
3 0.3972 0.5850 0.3953 0.6621 0.3816 0.6614 0.3835 0.5843
3 0.7655 0.2693 0.7565 0.2765 0.7305 0.2135 0.7395 0.2063
4 0.3717 0.7084 0.3744 0.6818 0.3834 0.6836 0.3808 0.7102
4 0.7885 0.3238 0.8065 0.3147 0.8086 0.3230 0.7907 0.3321
4 0.9034 0.8338 0.9005 0.8187 0.9072 0.8162 0.9100 0.8313
4 0.0995 0.4850 0.0917 0.4989 0.0454 0.4482 0.0531 0.4343
6 0.8528 0.9797 0.8619 0.8987 0.9201 0.9115 0.9109 0.9925
6 0.9720 0.7740 0.9637 0.7271 0.9714 0.7244 0.9798 0.7713
6 0.7068 0.3352 0.7237 0.3279 0.7290 0.3520 0.7120 0.3593
7 0.2753 0.1519 0.2762 0.1175 0.3118 0.1193 0.3110 0.1537
7 0.0197 0.4162 0.0127 0.4143 0.0154 0.3950 0.0224 0.3969
7 0.8235 0.7472 0.8081 0.7617 0.8019 0.7488 0.8173 0.7343
7 0.7852 0.0429 0.7765 0.0266 0.7991 0.0027 0.8078 0.0190
9 0.1931 0.3791 0.2323 0.3991 0.1812 0.5957 0.1420 0.5757
9 0.7140 0.9228 0.7357 0.8575 0.8455 0.9292 0.8237 0.9945
12 0.8021 0.1354 0.7100 0.1652 0.7042 0.1302 0.7963 0.1004
12 0.9232 0.2785 0.9183 0.3065 0.8179 0.2715 0.8229 0.2435
13 0.2505 0.8130 0.2476 0.8070 0.2590 0.7962 0.2618 0.8022
13 0.8954 0.0772 0.8839 0.0723 0.8863 0.0616 0.8978 0.0665
13 0.9528 0.1391 0.9697 0.0362 0.9990 0.0457 0.9820 0.1486
13 0.8017 0.8288 0.8014 0.8388 0.7683 0.8364 0.7686 0.8264
15 0.2961 0.5539 0.2746 0.5820 0.2456 0.5385 0.2671 0.5104
15 0.2477 0.9846 0.2248 0.8860 0.2675 0.8666 0.2903 0.9652
