0 0.4474 0.9666 0.4445 0.8903 0.6143 0.8778 0.6172 0.9541
0 0.7153 0.2096 0.8484 0.2031 0.8575 0.5692 0.7245 0.5757
0 0.4738 0.3941 0.2739 0.2389 0.3033 0.1647 0.5032 0.3199
0 0.4213 0.8247 0.6070 0.4534 0.6538 0.4993 0.4681 0.8706
1 0.8456 0.8758 0.8388 0.8789 0.8330 0.8542 0.8398 0.8511
1 0.8279 0.5878 0.8284 0.5917 0.7893 0.6014 0.7888 0.5975
1 0.6936 0.1805 0.7010 0.1663 0.7072 0.1727 0.6999 0.1869
1 0.2727 0.8080 0.2913 0.7975 0.2935 0.8052 0.2750 0.8157
2 0.1301 0.5221 0.1138 0.6517 0.0125 0.6267 0.0288 0.4971
2 0.2399 0.3641 0.2225 0.3397 0.2352 0.3219 0.2526 0.3463
2 0.0669 0.3496 0.0396 0.3285 0.1651 0.0116 0.1924 0.0327
2 0.3435 0.5225 0.2736 0.6105 0.2048 0.5035 0.2747 0.4155
3 0.9415 0.2933 0.8899 0.2185 0.9016 0.2027 0.9532 0.2775
3 0.3243 0.0393 0.3107 0.1058 0.2991 0.1011 0.3128 0.0346
3 0.0953 0.7231 0.1054 0.7256 0.0964 0.7973 0.0863 0.7948
3 0.1307 0.9145 0.1128 0.7853 0.1285 0.7811 0.1464 0.9103
4 0.5754 0.3025 0.5528 0.3897 0.5383 0.3823 0.5609 0.2951
4 0.2935 0.8854 0.2947 0.8953 0.2887 0.8966 0.2876 0.8867
4 0.9616 0.6645 0.9679 0.6643 0.9681 0.6803 0.9618 0.6805
4 0.3416 0.6530 0.3428 0.6370 0.3536 0.6386 0.3524 0.6546
6 0.8432 0.7293 0.7902 0.6946 0.8150 0.6199 0.8681 0.6546
6 0.9101 0.9629 0.8460 0.9338 0.8879 0.7531 0.9520 0.7822
6 0.2119 0.1615 0.2210 0.1827 0.2056 0.1957 0.1964 0.1745
7 0.1819 0.7740 0.1845 0.7531 0.1898 0.7544 0.1872 0.7753
7 0.3341 0.0094 0.3524 0.0158 0.3497 0.0310 0.3314 0.0246
7 0.7424 0.0639 0.7394 0.0904 0.6982 0.0813 0.7012 0.0548
7 0.0356 0.7364 0.0237 0.7125 0.0695 0.6676 0.0815 0.6915
9 0.1949 0.7264 0.2517 0.7347 0.2477 0.7888 0.1908 0.7805
9 0.5383 0.0896 0.6926 0.1950 0.6600 0.2884 0.5057 0.1830
9 0.7712 0.6382 0.6813 0.7401 0.6642 0.7106 0.7541 0.6087
9 0.7447 0.9661 0.7036 0.9559 0.7296 0.7499 0.7707 0.7601
12 0.3383 0.0500 0.3627 0.0326 0.3992 0.1328 0.3747 0.1502
12 0.0940 0.8398 0.1104 0.8627 0.0177 0.9926 0.0013 0.9697
12 0.1544 0.7201 0.1540 0.6889 0.3396 0.6843 0.3400 0.7155
12 0.1333 0.3824 0.0619 0.4692 0.0450 0.4420 0.1164 0.3552
13 0.9580 0.3260 0.9134 0.5590 0.8820 0.5472 0.9266 0.3142
13 0.1706 0.8961 0.1677 0.8907 0.1780 0.8799 0.1809 0.8853
13 0.1789 0.5344 0.1615 0.5556 0.1317 0.5076 0.1491 0.4864
13 0.8305 0.9056 0.8386 0.9132 0.8349 0.9208 0.8269 0.9132
15 0.3978 0.7735 0.3582 0.8558 0.3013 0.8021 0.3410 0.7198
15 0.9430 0.1201 0.9382 0.0730 0.9722 0.0663 0.9769 0.1134
15 0.7705 0.0123 0.7998 0.0350 0.7832 0.0769 0.7539 0.0542
