0 0.6344 0.6382 0.5553 0.7965 0.4619 0.7050 0.5410 0.5467
0 0.5059 0.3341 0.4802 0.2230 0.5986 0.1691 0.6244 0.2802
0 0.7037 0.0515 0.7703 0.0367 0.7763 0.0901 0.7097 0.1049
0 0.4126 0.5588 0.3769 0.8749 0.3171 0.8616 0.3528 0.5455
1 0.5237 0.1604 0.5161 0.1621 0.5068 0.0800 0.5144 0.0783
1 0.7802 0.4506 0.7866 0.4558 0.7769 0.4794 0.7705 0.4742
1 0.0999 0.5014 0.0868 0.4997 0.0884 0.4734 0.1015 0.4751
1 0.1356 0.5490 0.1415 0.5623 0.1192 0.5818 0.1133 0.5685
2 0.4114 0.0583 0.4629 0.0306 0.4726 0.0661 0.4211 0.0938
2 0.3013 0.8124 0.2922 0.9329 0.0933 0.9036 0.1024 0.7831
2 0.9606 0.5525 0.9094 0.5128 0.9379 0.4407 0.9892 0.4804
2 0.2904 0.5233 0.1596 0.4043 0.2099 0.2959 0.3407 0.4149
3 0.2355 0.9412 0.2375 0.9553 0.1865 0.9692 0.1845 0.9551
3 0.3229 0.2938 0.3129 0.2743 0.3834 0.2026 0.3934 0.2221
3 0.0318 0.8625 0.0217 0.8595 0.0325 0.7883 0.0426 0.7913
3 0.7725 0.5731 0.8120 0.5315 0.8192 0.5449 0.7797 0.5865
4 0.6989 0.3009 0.6910 0.2992 0.6939 0.2739 0.7018 0.2756
4 0.9548 0.9039 0.9637 0.9030 0.9660 0.9509 0.9572 0.9518
4 0.8620 0.4943 0.8689 0.4999 0.8597 0.5221 0.8528 0.5165
4 0.2670 0.6946 0.2681 0.6827 0.2995 0.6882 0.2985 0.7001
6 0.0962 0.0978 0.0308 0.0962 0.0312 0.0654 0.0966 0.0670
6 0.1576 0.2905 0.1082 0.2304 0.1227 0.2071 0.1720 0.2672
6 0.0368 0.3607 0.0536 0.3526 0.0594 0.3765 0.0427 0.3846
6 0.7641 0.9066 0.7421 0.8173 0.8705 0.7554 0.8924 0.8447
7 0.9463 0.1959 0.9518 0.2010 0.9403 0.2249 0.9348 0.2198
7 0.0870 0.6506 0.1158 0.6694 0.1132 0.6770 0.0845 0.6582
7 0.7869 0.3656 0.8058 0.3669 0.8028 0.4468 0.7839 0.4455
7 0.5858 0.1277 0.5771 0.1104 0.5813 0.1063 0.5900 0.1236
9 0.9595 0.2810 0.9675 0.3602 0.9290 0.3678 0.9211 0.2886
9 0.5538 0.4084 0.4458 0.5029 0.4302 0.4680 0.5382 0.3735
9 0.6528 0.6822 0.7399 0.5762 0.7575 0.6046 0.6704 0.7106
9 0.1762 0.0598 0.3021 0.0319 0.3067 0.0726 0.1808 0.1005
12 0.8522 0.4333 0.8299 0.4322 0.8364 0.1723 0.8587 0.1734
12 0.2030 0.7077 0.1978 0.7393 0.1179 0.7135 0.1231 0.6819
13 0.4660 0.8730 0.5389 0.9004 0.5311 0.9410 0.4583 0.9136
13 0.8987 0.1651 0.9088 0.1243 0.9298 0.1345 0.9198 0.1753
13 0.2839 0.6624 0.2830 0.6485 0.2973 0.6468 0.2981 0.6607
13 0.9078 0.6280 0.8237 0.6030 0.8248 0.5956 0.9089 0.6206
15 0.6587 0.3247 0.7826 0.3460 0.7736 0.4485 0.6497 0.4272
15 0.7482 0.2343 0.7492 0.2750 0.7107 0.2769 0.7096 0.2362
15 0.6518 0.8461 0.6130 0.9329 0.5694 0.8947 0.6081 0.8079
15 0.8652 0.2624 0.8596 0.1884 0.9037 0.1820 0.9092 0.2560
