0 0.4672 0.8346 0.4185 0.8981 0.3842 0.8466 0.4329 0.7831
0 0.6725 0.3739 0.7065 0.2355 0.9975 0.3757 0.9635 0.5141
0 0.0835 0.3948 0.1381 0.3961 0.1351 0.6340 0.0805 0.6327
0 0.5789 0.9766 0.4887 0.8815 0.5714 0.7278 0.6616 0.8229
1 0.9748 0.1071 0.9776 0.1082 0.9666 0.1617 0.9639 0.1606
1 0.4155 0.9762 0.3957 0.9805 0.3948 0.9722 0.4146 0.9679
1 0.7460 0.9518 0.7470 0.9617 0.7286 0.9654 0.7276 0.9555
1 0.4066 0.5718 0.4019 0.5702 0.4091 0.5294 0.4138 0.5310
2 0.2737 0.5042 0.3347 0.7053 0.2497 0.7558 0.1888 0.5547
2 0.3962 0.4672 0.4432 0.3830 0.4781 0.4212 0.4311 0.5054
2 0.9512 0.9745 0.9473 0.8182 0.9856 0.8163 0.9895 0.9726
2 0.5678 0.0803 0.6443 0.1472 0.5968 0.2537 0.5202 0.1868
3 0.1610 0.0035 0.2032 0.0531 0.1933 0.0697 0.1511 0.0201
3 0.0176 0.2797 0.0114 0.2785 0.0215 0.1775 0.0278 0.1787
3 0.9182 0.6725 0.8268 0.6358 0.8312 0.6143 0.9226 0.6510
3 0.9823 0.5980 0.9720 0.5980 0.9720 0.5252 0.9823 0.5252
4 0.1116 0.7414 0.1273 0.7186 0.1341 0.7278 0.1184 0.7506
4 0.9826 0.6921 0.9611 0.7050 0.9579 0.6947 0.9795 0.6818
4 0.1630 0.5104 0.1499 0.5015 0.1627 0.4648 0.1758 0.4737
4 0.0438 0.8153 0.0311 0.7992 0.0422 0.7819 0.0549 0.7980
6 0.4934 0.6878 0.5001 0.4203 0.5963 0.4250 0.5896 0.6925
6 0.4063 0.0700 0.4114 0.1517 0.3528 0.1588 0.3477 0.0771
6 0.8405 0.1451 0.8781 0.0823 0.9232 0.1353 0.8856 0.1981
6 0.0935 0.1130 0.2500 0.2665 0.1948 0.3770 0.0382 0.2235
7 0.4556 0.5198 0.4715 0.5288 0.4590 0.5722 0.4431 0.5632
7 0.4555 0.2552 0.4368 0.2271 0.4448 0.2168 0.4635 0.2449
7 0.7184 0.0326 0.7181 0.0558 0.6716 0.0546 0.6719 0.0314
7 0.7229 0.7421 0.6965 0.7322 0.7162 0.6291 0.7427 0.6390
9 0.7225 0.1590 0.7620 0.0068 0.7875 0.0198 0.7480 0.1720
9 0.1378 0.8419 0.1415 0.8835 0.0170 0.9049 0.0134 0.8633
9 0.2453 0.9105 0.2691 0.8695 0.3421 0.9523 0.3184 0.9933
9 0.8272 0.6839 0.9275 0.7295 0.9142 0.7869 0.8139 0.7413
12 0.3425 0.6963 0.4299 0.6168 0.4461 0.6517 0.3586 0.7312
12 0.6215 0.7090 0.5977 0.6305 0.6211 0.6166 0.6449 0.6951
12 0.9901 0.0645 0.9605 0.0510 0.9665 0.0251 0.9961 0.0386
13 0.7512 0.5861 0.7451 0.6005 0.7382 0.5947 0.7444 0.5803
13 0.2502 0.1922 0.2865 0.1706 0.2935 0.1934 0.2572 0.2150
13 0.1970 0.8229 0.1888 0.8412 0.1493 0.8067 0.1575 0.7884
13 0.8442 0.0130 0.8507 0.0099 0.8615 0.0542 0.8551 0.0573
15 0.2553 0.4109 0.3078 0.3264 0.3524 0.3807 0.2999 0.4652
15 0.8739 0.8206 0.8357 0.9094 0.7973 0.8770 0.8354 0.7882
15 0.4861 0.1444 0.4490 0.1144 0.4713 0.0604 0.5084 0.0904
15 0.0740 0.0551 0.1073 0.0518 0.1097 0.0997 0.0764 0.1030
