0 0.2484 0.2675 0.2118 0.3725 0.0999 0.2961 0.1364 0.1911
0 0.2470 0.3926 0.3789 0.4491 0.3456 0.6018 0.2136 0.5453
0 0.9642 0.6961 0.8128 0.6776 0.8369 0.2915 0.9883 0.3100
0 0.5720 0.0475 0.7189 0.4186 0.5995 0.5113 0.4525 0.1402
1 0.5974 0.5526 0.5915 0.5582 0.5811 0.5366 0.5871 0.5310
1 0.9484 0.8220 0.9482 0.8116 0.9676 0.8112 0.9678 0.8216
1 0.3190 0.0931 0.3232 0.1012 0.3082 0.1165 0.3040 0.1084
1 0.5685 0.7963 0.5764 0.7997 0.5593 0.8781 0.5513 0.8747
2 0.3590 0.7849 0.3566 0.7198 0.4479 0.7131 0.4503 0.7782
2 0.8925 0.0542 0.9321 0.2476 0.8541 0.2790 0.8145 0.0856
2 0.3200 0.6772 0.2930 0.6964 0.2894 0.6864 0.3164 0.6672
2 0.8878 0.7670 0.6470 0.8265 0.6396 0.7678 0.8804 0.7083
3 0.0116 0.1164 0.0489 0.1618 0.0410 0.1744 0.0037 0.1290
3 0.6840 0.5808 0.6784 0.5929 0.6348 0.5532 0.6404 0.5411
3 0.2264 0.1054 0.1748 0.0403 0.1836 0.0266 0.2352 0.0917
3 0.3901 0.2589 0.3799 0.2460 0.4288 0.1699 0.4390 0.1828
4 0.0702 0.3225 0.0608 0.2929 0.0712 0.2863 0.0806 0.3159
4 0.9655 0.0904 0.9648 0.0656 0.9743 0.0652 0.9749 0.0900
4 0.2675 0.2813 0.2558 0.2854 0.2528 0.2683 0.2644 0.2642
4 0.2054 0.8169 0.2078 0.7931 0.2361 0.7987 0.2337 0.8225
6 0.7736 0.9693 0.8272 0.9167 0.8398 0.9419 0.7862 0.9945
6 0.1321 0.7451 0.1352 0.8270 0.0764 0.8313 0.0734 0.7494
6 0.0104 0.7301 0.0037 0.4626 0.0999 0.4579 0.1066 0.7254
6 0.1518 0.0447 0.0940 0.0877 0.0837 0.0605 0.1414 0.0175
7 0.7624 0.3369 0.7436 0.3273 0.7719 0.2187 0.7907 0.2283
7 0.4999 0.7286 0.5471 0.6963 0.5550 0.7190 0.5077 0.7513
7 0.9110 0.9823 0.9112 0.9983 0.8555 0.9997 0.8553 0.9837
7 0.3504 0.3601 0.3331 0.3467 0.3619 0.2739 0.3792 0.2873
9 0.0771 0.9505 0.1705 0.8555 0.1863 0.8859 0.0929 0.9809
9 0.4062 0.8811 0.4159 0.9317 0.2867 0.9801 0.2770 0.9295
9 0.4140 0.6752 0.4140 0.6224 0.5080 0.6224 0.5080 0.6752
12 0.5213 0.6204 0.5693 0.5679 0.5849 0.5960 0.5370 0.6485
12 0.2775 0.6171 0.2458 0.7461 0.2285 0.7377 0.2602 0.6087
13 0.2080 0.8502 0.2224 0.8372 0.2286 0.8506 0.2142 0.8636
13 0.1637 0.5456 0.1624 0.5526 0.1491 0.5476 0.1505 0.5406
13 0.2942 0.7378 0.3407 0.7366 0.3413 0.7782 0.2947 0.7794
13 0.0341 0.4031 0.0319 0.4041 0.0028 0.2857 0.0050 0.2847
15 0.6217 0.9065 0.6928 0.8418 0.7352 0.9331 0.6640 0.9978
15 0.0182 0.8861 0.0221 0.7823 0.0652 0.7855 0.0613 0.8893
15 0.5610 0.9905 0.5477 0.9675 0.5939 0.9151 0.6072 0.9381
