0 0.6040 0.0284 0.6309 0.2056 0.3646 0.2848 0.3377 0.1076
0 0.6320 0.7856 0.7319 0.7634 0.7486 0.9116 0.6487 0.9338
0 0.0656 0.7857 0.0062 0.5898 0.2610 0.4383 0.3204 0.6342
0 0.9909 0.4746 0.8954 0.5828 0.6989 0.2430 0.7943 0.1348
1 0.1494 0.9466 0.1453 0.9384 0.1606 0.9234 0.1647 0.9316
1 0.2860 0.1849 0.2631 0.1481 0.3106 0.0903 0.3334 0.1271
1 0.1669 0.4086 0.1696 0.4099 0.1637 0.4338 0.1610 0.4325
1 0.8321 0.0590 0.8294 0.0614 0.8196 0.0402 0.8223 0.0378
2 0.5769 0.9387 0.5407 0.9970 0.5202 0.9721 0.5564 0.9138
2 0.4365 0.8083 0.5095 0.8649 0.4743 0.9537 0.4014 0.8971
2 0.3874 0.4797 0.3485 0.3925 0.4241 0.3263 0.4630 0.4135
2 0.0279 0.0429 0.0445 0.0279 0.0552 0.0511 0.0387 0.0661
3 0.1016 0.9121 0.1010 0.8881 0.1881 0.8839 0.1887 0.9079
3 0.0598 0.1071 0.1255 0.2024 0.1136 0.2185 0.0479 0.1232
3 0.4186 0.7324 0.4022 0.6020 0.4185 0.5980 0.4349 0.7284
3 0.5013 0.8053 0.4794 0.6984 0.4964 0.6915 0.5183 0.7984
4 0.7841 0.8371 0.7639 0.8396 0.7628 0.8225 0.7830 0.8200
4 0.7667 0.0678 0.7621 0.0682 0.7613 0.0458 0.7659 0.0454
4 0.6597 0.4553 0.6753 0.4319 0.6817 0.4403 0.6662 0.4637
4 0.2439 0.9639 0.2522 0.9535 0.2623 0.9693 0.2541 0.9797
6 0.1310 0.2219 0.1512 0.2855 0.1207 0.3045 0.1005 0.2409
6 0.9112 0.7163 0.9458 0.7189 0.9453 0.7301 0.9108 0.7275
6 0.8751 0.7919 0.9244 0.8004 0.9203 0.8469 0.8710 0.8384
7 0.2165 0.8596 0.2034 0.8526 0.2209 0.7888 0.2340 0.7958
7 0.8907 0.1221 0.8785 0.1242 0.8724 0.0551 0.8846 0.0530
7 0.9889 0.1196 0.9645 0.1321 0.9617 0.1212 0.9861 0.1087
7 0.2345 0.1899 0.2484 0.1994 0.2458 0.2069 0.2319 0.1974
9 0.6149 0.3134 0.6566 0.3155 0.6514 0.5246 0.6097 0.5225
9 0.5880 0.6856 0.5162 0.6786 0.5277 0.4468 0.5996 0.4538
9 0.8721 0.6216 0.8863 0.6765 0.7459 0.7480 0.7317 0.6931
9 0.1774 0.0561 0.2190 0.0511 0.2320 0.2595 0.1904 0.2645
12 0.6311 0.2543 0.6507 0.0983 0.6724 0.1037 0.6527 0.2597
12 0.1087 0.8246 0.0127 0.8817 0.0011 0.8434 0.0970 0.7863
12 0.5473 0.8568 0.5917 0.7646 0.6173 0.7888 0.5729 0.8810
13 0.0727 0.3484 0.0022 0.2794 0.0053 0.2732 0.0758 0.3422
13 0.1894 0.8765 0.1857 0.8538 0.1940 0.8511 0.1978 0.8738
13 0.3262 0.0513 0.3230 0.0392 0.3287 0.0363 0.3318 0.0484
13 0.0283 0.0959 0.0327 0.1011 0.0231 0.1165 0.0188 0.1113
15 0.3275 0.9532 0.2887 0.8553 0.3405 0.8152 0.3793 0.9131
15 0.2020 0.3391 0.2776 0.3026 0.2969 0.3809 0.2212 0.4174
15 0.4596 0.5970 0.4822 0.5739 0.5044 0.6166 0.4818 0.6397
15 0.4996 0.3059 0.5703 0.3111 0.5667 0.4069 0.4960 0.4017
