0 0.6442 0.2547 0.7959 0.2399 0.8152 0.6265 0.6636 0.6413
0 0.4049 0.8386 0.3237 0.8649 0.2956 0.6950 0.3769 0.6687
0 0.3409 0.1244 0.4403 0.2255 0.2568 0.5792 0.1574 0.4781
0 0.8875 0.6419 0.9283 0.7766 0.6451 0.9449 0.6042 0.8102
1 0.1212 0.4440 0.1170 0.4476 0.1011 0.4120 0.1053 0.4084
1 0.1607 0.7254 0.1540 0.7322 0.1196 0.6658 0.1263 0.6590
1 0.5200 0.9085 0.5153 0.9257 0.4977 0.9163 0.5024 0.8991
1 0.0312 0.4563 0.0294 0.4576 0.0171 0.4265 0.0189 0.4252
2 0.4985 0.3518 0.6007 0.3745 0.5940 0.4334 0.4919 0.4107
2 0.5712 0.5103 0.4841 0.5210 0.4796 0.4489 0.5667 0.4382
2 0.2670 0.6960 0.2519 0.7806 0.2067 0.7648 0.2218 0.6802
2 0.4978 0.3089 0.4971 0.2477 0.5685 0.2459 0.5692 0.3071
3 0.0452 0.3721 0.0219 0.3022 0.0359 0.2931 0.0592 0.3630
3 0.1499 0.5039 0.1527 0.6158 0.1387 0.6165 0.1359 0.5046
3 0.6255 0.5218 0.6175 0.5308 0.5848 0.4742 0.5928 0.4652
3 0.1780 0.0347 0.0886 0.0754 0.0837 0.0541 0.1731 0.0134
4 0.3685 0.9181 0.3851 0.9018 0.3921 0.9159 0.3755 0.9322
4 0.1361 0.1620 0.1227 0.1888 0.1161 0.1824 0.1296 0.1556
4 0.6295 0.2568 0.6272 0.2653 0.5853 0.2428 0.5877 0.2343
4 0.2665 0.9282 0.2731 0.9056 0.2826 0.9110 0.2761 0.9336
6 0.2582 0.9626 0.2705 0.9447 0.2835 0.9622 0.2712 0.9801
6 0.1904 0.0123 0.1952 0.0602 0.1873 0.0617 0.1825 0.0138
6 0.8167 0.4959 0.8750 0.4543 0.8850 0.4817 0.8267 0.5233
6 0.4260 0.9401 0.4248 0.9648 0.4068 0.9631 0.4081 0.9384
7 0.5413 0.1474 0.5299 0.1566 0.5030 0.0914 0.5144 0.0822
7 0.0626 0.1690 0.0596 0.1768 0.0443 0.1654 0.0472 0.1576
7 0.9098 0.2976 0.8939 0.3066 0.8814 0.2632 0.8973 0.2542
7 0.1927 0.7433 0.1866 0.7457 0.1819 0.7227 0.1879 0.7203
9 0.4590 0.8569 0.4151 0.8494 0.4350 0.6227 0.4789 0.6302
9 0.7922 0.1721 0.7823 0.1117 0.9412 0.0603 0.9512 0.1207
9 0.6492 0.1404 0.6140 0.1593 0.5803 0.0364 0.6155 0.0175
9 0.0639 0.9006 0.0894 0.8076 0.2247 0.8802 0.1992 0.9732
12 0.5125 0.1681 0.5132 0.1606 0.6558 0.1887 0.6551 0.1962
12 0.9679 0.4444 0.8785 0.3692 0.8938 0.3336 0.9832 0.4088
12 0.7146 0.1323 0.7373 0.1759 0.7162 0.1973 0.6936 0.1537
13 0.3465 0.6089 0.3676 0.6015 0.3772 0.6555 0.3561 0.6629
13 0.8671 0.6087 0.9068 0.6019 0.9089 0.6265 0.8692 0.6333
13 0.4318 0.0566 0.4400 0.0699 0.4322 0.0794 0.4240 0.0661
13 0.7320 0.1260 0.6566 0.1260 0.6566 0.0840 0.7320 0.0840
15 0.2484 0.0460 0.2450 0.0849 0.2076 0.0784 0.2110 0.0395
15 0.5524 0.5658 0.5993 0.6170 0.5718 0.6662 0.5250 0.6150
15 0.5690 0.8758 0.4991 0.8459 0.5141 0.7770 0.5841 0.8069
15 0.5876 0.6935 0.5643 0.7701 0.5233 0.7457 0.5465 0.6691
