0 0.2764 0.1521 0.3608 0.0754 0.4398 0.2459 0.3555 0.3226
0 0.9450 0.5440 0.9618 0.7358 0.8487 0.7552 0.8319 0.5634
0 0.2959 0.6223 0.2979 0.4643 0.4353 0.4677 0.4333 0.6257
0 0.2915 0.3539 0.2676 0.6722 0.2074 0.6633 0.2313 0.3450
1 0.6206 0.4609 0.6143 0.4606 0.6163 0.3795 0.6226 0.3798
1 0.2182 0.0239 0.2187 0.0039 0.2407 0.0049 0.2402 0.0249
1 0.7468 0.1223 0.7495 0.1072 0.7750 0.1161 0.7723 0.1312
1 0.5821 0.0865 0.5733 0.0961 0.5571 0.0671 0.5659 0.0575
2 0.6822 0.5209 0.6317 0.4161 0.7061 0.3459 0.7566 0.4507
2 0.0282 0.9517 0.0347 0.7763 0.2521 0.7923 0.2456 0.9677
2 0.4301 0.7002 0.4652 0.7071 0.4633 0.7254 0.4283 0.7185
2 0.7098 0.6636 0.5690 0.6774 0.5648 0.5932 0.7056 0.5794
3 0.9116 0.3316 0.9277 0.3970 0.9164 0.4024 0.9003 0.3370
3 0.4846 0.8588 0.4675 0.8605 0.4614 0.7388 0.4785 0.7371
3 0.7088 0.2505 0.6985 0.2328 0.7678 0.1543 0.7780 0.1720
3 0.8525 0.1639 0.9079 0.1054 0.9158 0.1201 0.8604 0.1786
4 0.4410 0.9163 0.4457 0.9394 0.4358 0.9433 0.4311 0.9202
4 0.5831 0.9707 0.5846 0.9817 0.5666 0.9865 0.5651 0.9755
4 0.5168 0.9204 0.5234 0.9031 0.5295 0.9076 0.5229 0.9249
4 0.6630 0.1951 0.6694 0.1823 0.6884 0.2009 0.6820 0.2137
6 0.6184 0.8060 0.5874 0.7365 0.6373 0.6928 0.6683 0.7623
6 0.7922 0.3255 0.8053 0.2456 0.8627 0.2641 0.8495 0.3440
6 0.7200 0.7965 0.6831 0.7499 0.7054 0.7151 0.7424 0.7617
6 0.7174 0.6459 0.7449 0.5735 0.7969 0.6121 0.7694 0.6845
7 0.9453 0.0886 0.9706 0.0955 0.9549 0.2082 0.9297 0.2013
7 0.7736 0.7929 0.7770 0.7859 0.8033 0.8107 0.7999 0.8177
7 0.2137 0.1281 0.1971 0.1124 0.2380 0.0275 0.2546 0.0432
7 0.6494 0.5399 0.6552 0.5463 0.6389 0.5757 0.6330 0.5693
9 0.0355 0.6409 0.0088 0.5914 0.1391 0.4539 0.1658 0.5034
9 0.8934 0.8776 0.9075 0.8287 0.9946 0.8780 0.9805 0.9269
9 0.7506 0.9412 0.7292 0.9745 0.6454 0.8688 0.6668 0.8355
9 0.5445 0.2752 0.5951 0.1299 0.6192 0.1464 0.5686 0.2917
12 0.2828 0.9041 0.2627 0.8844 0.3140 0.7819 0.3341 0.8016
12 0.4915 0.0443 0.5367 0.1013 0.5197 0.1277 0.4745 0.0707
12 0.4811 0.4285 0.4717 0.3989 0.5915 0.3243 0.6009 0.3539
12 0.8904 0.2664 0.8877 0.2125 0.9136 0.2100 0.9163 0.2639
13 0.8124 0.6754 0.8212 0.6820 0.8162 0.6954 0.8073 0.6888
13 0.6811 0.1284 0.6845 0.1220 0.6963 0.1340 0.6929 0.1404
13 0.8791 0.2961 0.8671 0.2946 0.8678 0.2835 0.8798 0.2850
13 0.0924 0.1347 0.0916 0.1377 0.0076 0.0949 0.0084 0.0919
15 0.3734 0.6797 0.3711 0.7272 0.3369 0.7239 0.3392 0.6764
15 0.5742 0.8940 0.5752 0.8180 0.6272 0.8192 0.6262 0.8952
15 0.3368 0.8290 0.4308 0.8267 0.4318 0.9066 0.3378 0.9089
15 0.4505 0.5817 0.5048 0.5479 0.5249 0.6111 0.4706 0.6449
