0 0.8152 0.2999 0.6632 0.7001 0.6128 0.6625 0.7648 0.2623
0 0.3394 0.4416 0.2326 0.4416 0.2326 0.0376 0.3394 0.0376
0 0.1017 0.7110 0.1650 0.6015 0.2778 0.7294 0.2145 0.8388
0 0.6113 0.7072 0.5730 0.8468 0.3036 0.7020 0.3419 0.5624
1 0.2672 0.5555 0.2554 0.5782 0.2506 0.5733 0.2623 0.5506
1 0.1545 0.4060 0.1560 0.4026 0.1712 0.4160 0.1697 0.4194
1 0.7028 0.9392 0.7047 0.9402 0.6952 0.9732 0.6933 0.9722
1 0.5595 0.2955 0.5535 0.3293 0.5502 0.3281 0.5562 0.2943
2 0.7992 0.0878 0.8127 0.1180 0.8011 0.1282 0.7876 0.0980
2 0.4225 0.1742 0.5135 0.1675 0.5155 0.2218 0.4245 0.2285
2 0.7733 0.8910 0.7042 0.8479 0.7201 0.7978 0.7893 0.8409
2 0.2044 0.1163 0.1211 0.3266 0.0339 0.2589 0.1172 0.0486
3 0.5172 0.5446 0.4539 0.4462 0.4662 0.4306 0.5295 0.5290
3 0.5633 0.1374 0.5769 0.1350 0.5858 0.2366 0.5722 0.2390
3 0.2765 0.9195 0.3341 0.8652 0.3415 0.8805 0.2839 0.9348
3 0.9733 0.6757 0.9816 0.5643 0.9956 0.5663 0.9872 0.6777
4 0.1791 0.9659 0.2171 0.9400 0.2206 0.9501 0.1826 0.9760
4 0.1879 0.9974 0.1817 0.9844 0.1878 0.9786 0.1941 0.9916
4 0.7383 0.0333 0.7356 0.0210 0.7446 0.0171 0.7473 0.0294
4 0.3425 0.8874 0.3631 0.8679 0.3698 0.8818 0.3492 0.9013
6 0.9367 0.5180 0.8893 0.4698 0.9239 0.4032 0.9713 0.4514
6 0.8402 0.3020 0.8698 0.2171 0.9918 0.3004 0.9622 0.3853
7 0.7737 0.7462 0.7589 0.7977 0.6791 0.7526 0.6940 0.7011
7 0.0235 0.9590 0.0261 0.9643 0.0177 0.9726 0.0150 0.9673
7 0.1506 0.4455 0.1217 0.5286 0.0248 0.4625 0.0538 0.3794
7 0.8587 0.8871 0.8499 0.8960 0.8373 0.8717 0.8461 0.8628
9 0.9707 0.7408 0.9001 0.7529 0.8824 0.5516 0.9531 0.5395
9 0.0384 0.5530 0.0761 0.7062 0.0504 0.7186 0.0128 0.5654
12 0.1662 0.4384 0.2263 0.4517 0.2224 0.4868 0.1622 0.4735
12 0.3806 0.4040 0.4033 0.4119 0.3877 0.4992 0.3650 0.4913
12 0.8681 0.9486 0.7611 1.0001 0.7539 0.9710 0.8609 0.9195
12 0.5398 0.3981 0.5200 0.4148 0.4525 0.2575 0.4723 0.2408
13 0.5156 0.1313 0.4762 0.1215 0.4793 0.0971 0.5187 0.1069
13 0.4024 0.0566 0.4209 0.1053 0.4053 0.1170 0.3868 0.0683
13 0.5669 0.3979 0.5747 0.4117 0.5699 0.4169 0.5622 0.4031
13 0.6108 0.2244 0.6244 0.1982 0.6612 0.2356 0.6476 0.2618
15 0.8394 0.0303 0.8959 0.0046 0.9112 0.0705 0.8547 0.0962
15 0.1149 0.8849 0.1137 0.9817 0.0400 0.9799 0.0412 0.8831
15 0.4075 0.3460 0.3805 0.3670 0.3600 0.3152 0.3870 0.2942
