0 0.3670 0.0096 0.4115 0.2131 0.1467 0.3264 0.1023 0.1229
0 0.7306 0.2476 0.8807 0.2143 0.9240 0.5972 0.7739 0.6305
0 0.2999 0.5444 0.3837 0.4186 0.6121 0.7168 0.5283 0.8426
0 0.2616 0.4463 0.1406 0.6881 0.0199 0.5697 0.1408 0.3279
1 0.3843 0.8555 0.3909 0.8612 0.3594 0.9317 0.3528 0.9260
1 0.6724 0.4148 0.6687 0.4193 0.6490 0.3876 0.6527 0.3831
1 0.7238 0.1491 0.7501 0.1497 0.7499 0.1617 0.7236 0.1611
1 0.1512 0.8118 0.1566 0.8286 0.1393 0.8394 0.1340 0.8226
2 0.6829 0.3233 0.6723 0.3341 0.6068 0.2079 0.6174 0.1971
2 0.9921 0.0387 0.9607 0.1249 0.9253 0.0997 0.9567 0.0135
2 0.5385 0.3089 0.4916 0.1995 0.5249 0.1715 0.5718 0.2809
2 0.9468 0.9434 0.9755 0.9572 0.9729 0.9678 0.9442 0.9540
3 0.0972 0.9745 0.0913 0.9773 0.0688 0.8803 0.0747 0.8775
3 0.6455 0.8126 0.6373 0.9437 0.6214 0.9418 0.6296 0.8107
3 0.6485 0.6618 0.6362 0.6468 0.6947 0.5526 0.7070 0.5676
3 0.4457 0.0769 0.4354 0.0577 0.4735 0.0175 0.4838 0.0367
4 0.1252 0.9291 0.1226 0.9397 0.1053 0.9313 0.1079 0.9207
4 0.5609 0.0238 0.5754 0.0381 0.5702 0.0486 0.5557 0.0343
4 0.7182 0.9441 0.7068 0.9427 0.7072 0.9367 0.7186 0.9381
4 0.9449 0.4423 0.9405 0.4438 0.9360 0.4165 0.9404 0.4150
6 0.8189 0.6504 0.8586 0.7267 0.7488 0.8384 0.7091 0.7621
6 0.0533 0.7398 0.0841 0.7618 0.0804 0.7718 0.0496 0.7498
6 0.9557 0.8300 0.9915 0.8783 0.9683 0.9120 0.9325 0.8637
7 0.1437 0.9330 0.1379 0.9309 0.1408 0.9146 0.1466 0.9167
7 0.8057 0.8420 0.8477 0.8556 0.8254 0.9908 0.7834 0.9772
7 0.7988 0.2090 0.7928 0.2064 0.7978 0.1834 0.8038 0.1860
7 0.1444 0.7451 0.1338 0.7689 0.0890 0.7297 0.0996 0.7059
9 0.7763 0.1605 0.7602 0.0763 0.9020 0.0231 0.9181 0.1073
9 0.6299 0.1124 0.7364 0.0491 0.7470 0.0840 0.6405 0.1473
9 0.2186 0.9993 0.1700 0.9759 0.2094 0.8155 0.2580 0.8389
12 0.9941 0.5153 0.9542 0.5796 0.9350 0.5563 0.9749 0.4920
12 0.0269 0.0724 0.0483 0.0602 0.0974 0.2304 0.0760 0.2426
12 0.3633 0.9671 0.3644 0.9384 0.5344 0.9509 0.5333 0.9796
13 0.9498 0.1771 0.9376 0.1813 0.9351 0.1673 0.9473 0.1631
13 0.4320 0.3274 0.5073 0.3219 0.5089 0.3638 0.4336 0.3693
13 0.4302 0.1207 0.4577 0.1011 0.4678 0.1289 0.4403 0.1485
13 0.0926 0.8170 0.0839 0.8273 0.0648 0.7954 0.0735 0.7851
15 0.2517 0.8025 0.2381 0.7683 0.2711 0.7427 0.2847 0.7769
