0 0.4480 0.5151 0.4070 0.5886 0.3674 0.5453 0.4084 0.4718
0 0.9543 0.5319 0.9675 0.6061 0.8026 0.6637 0.7894 0.5895
0 0.4828 0.8988 0.4987 0.6871 0.7740 0.7276 0.7582 0.9393
0 0.9084 0.8119 0.8411 0.8168 0.8390 0.7629 0.9064 0.7580
1 0.5695 0.2241 0.5619 0.2149 0.6120 0.1343 0.6195 0.1435
1 0.9074 0.3220 0.9083 0.3182 0.9254 0.3260 0.9245 0.3298
1 0.8446 0.8640 0.8512 0.8709 0.8160 0.9364 0.8094 0.9295
1 0.9184 0.9194 0.9188 0.9151 0.9367 0.9182 0.9363 0.9225
2 0.8352 0.2445 0.8052 0.2964 0.7437 0.2267 0.7737 0.1748
2 0.5654 0.2628 0.6524 0.2564 0.6620 0.5124 0.5750 0.5188
2 0.2521 0.4894 0.1002 0.3109 0.1539 0.2214 0.3058 0.3999
2 0.4060 0.1769 0.3304 0.1621 0.3366 0.1007 0.4121 0.1155
3 0.4334 0.2377 0.4596 0.1790 0.4698 0.1879 0.4436 0.2466
3 0.5117 0.4183 0.5244 0.4111 0.5518 0.5061 0.5391 0.5133
3 0.1239 0.7235 0.1339 0.7270 0.1213 0.7977 0.1113 0.7942
3 0.3313 0.6225 0.2599 0.7094 0.2490 0.6919 0.3204 0.6050
4 0.3438 0.1872 0.3572 0.1971 0.3436 0.2328 0.3303 0.2229
4 0.7784 0.1386 0.7714 0.1235 0.7776 0.1178 0.7846 0.1329
4 0.8519 0.1940 0.8647 0.1899 0.8841 0.3080 0.8713 0.3121
4 0.6813 0.4852 0.6654 0.4762 0.6761 0.4392 0.6920 0.4482
6 0.4083 0.8467 0.2380 0.9682 0.1943 0.8481 0.3646 0.7266
6 0.4747 0.2567 0.5340 0.2954 0.5247 0.3233 0.4654 0.2846
6 0.2091 0.0078 0.2681 0.0536 0.2023 0.2198 0.1433 0.1740
6 0.8660 0.1098 0.8163 0.1533 0.7851 0.0834 0.8348 0.0399
7 0.3933 0.3329 0.3887 0.3073 0.3996 0.3035 0.4041 0.3291
7 0.0281 0.7686 0.0464 0.7800 0.0442 0.7870 0.0259 0.7756
7 0.7044 0.5645 0.7002 0.5462 0.7404 0.5279 0.7447 0.5462
7 0.9666 0.7106 0.9561 0.8156 0.9405 0.8126 0.9511 0.7076
9 0.0083 0.0697 0.0506 0.0515 0.0983 0.2699 0.0560 0.2881
9 0.7452 0.0786 0.6227 0.1278 0.6146 0.0882 0.7370 0.0390
9 0.9792 0.1519 0.9582 0.1857 0.8731 0.0821 0.8941 0.0483
9 0.7963 0.5148 0.7925 0.4142 0.9583 0.4020 0.9621 0.5026
12 0.0453 0.4862 0.0428 0.4455 0.0601 0.4434 0.0627 0.4841
12 0.0894 0.6578 0.0904 0.6195 0.1706 0.6234 0.1696 0.6617
12 0.6413 0.1821 0.6658 0.1599 0.6753 0.1803 0.6508 0.2025
13 0.2045 0.5875 0.2077 0.5823 0.2177 0.5941 0.2146 0.5993
13 0.6241 0.9551 0.6300 0.9591 0.6230 0.9793 0.6171 0.9752
13 0.4796 0.6331 0.4830 0.6234 0.4910 0.6289 0.4876 0.6386
13 0.9809 0.2901 0.9460 0.3041 0.9331 0.2415 0.9680 0.2275
15 0.0819 0.8343 0.1334 0.8163 0.1441 0.8765 0.0926 0.8945
15 0.5603 0.5796 0.5844 0.6552 0.5400 0.6828 0.5159 0.6072
15 0.0292 0.5195 0.1232 0.5218 0.1222 0.6017 0.0282 0.5994
