0 0.8135 0.1785 0.7976 0.1055 0.9602 0.0359 0.9761 0.1089
0 0.4738 0.6036 0.3716 0.5599 0.4559 0.1736 0.5581 0.2173
0 0.8544 0.6186 0.7401 0.8958 0.6876 0.8534 0.8019 0.5762
0 0.2327 0.5219 0.1669 0.5365 0.1093 0.0273 0.1751 0.0127
1 0.2630 0.9432 0.2616 0.9346 0.3181 0.9164 0.3195 0.9250
1 0.1349 0.8042 0.1398 0.8120 0.1254 0.8302 0.1204 0.8224
1 0.2319 0.8390 0.2356 0.8494 0.1829 0.8854 0.1793 0.8750
1 0.2987 0.1681 0.2968 0.1692 0.2865 0.1367 0.2883 0.1356
2 0.2794 0.5015 0.3174 0.4130 0.3549 0.4445 0.3169 0.5330
2 0.4019 0.8189 0.4512 0.6776 0.4992 0.7103 0.4500 0.8516
2 0.7817 0.4294 0.8794 0.5084 0.8723 0.5258 0.7746 0.4468
2 0.6597 0.1421 0.6423 0.0365 0.6626 0.0299 0.6800 0.1355
3 0.0408 0.6884 0.1102 0.6511 0.1160 0.6724 0.0467 0.7097
3 0.5639 0.5290 0.5719 0.5200 0.6046 0.5766 0.5967 0.5856
3 0.9858 0.7362 0.9793 0.8398 0.9631 0.8378 0.9696 0.7342
3 0.0860 0.3768 0.0718 0.4514 0.0585 0.4464 0.0728 0.3718
4 0.3552 0.7505 0.3548 0.7769 0.3451 0.7767 0.3455 0.7503
4 0.1860 0.5376 0.2029 0.5548 0.1968 0.5664 0.1800 0.5492
4 0.0317 0.2001 0.0262 0.1976 0.0312 0.1763 0.0366 0.1788
4 0.3289 0.3326 0.3158 0.3889 0.3082 0.3854 0.3213 0.3291
6 0.4441 0.9789 0.4270 0.9004 0.4833 0.8763 0.5004 0.9548
6 0.8486 0.3315 0.8823 0.3424 0.8805 0.3533 0.8468 0.3424
6 0.1757 0.6463 0.2332 0.6620 0.2220 0.7429 0.1645 0.7272
7 0.1632 0.8756 0.1462 0.8723 0.1471 0.8636 0.1641 0.8669
7 0.0967 0.9059 0.0272 0.9144 0.0265 0.9021 0.0959 0.8936
7 0.2692 0.5398 0.2684 0.5722 0.2030 0.5690 0.2039 0.5366
7 0.6028 0.7266 0.6141 0.7171 0.6317 0.7582 0.6205 0.7677
9 0.6411 0.2054 0.6812 0.2215 0.6400 0.4226 0.5999 0.4065
9 0.0713 0.5374 0.0239 0.5821 0.0022 0.5370 0.0495 0.4923
9 0.3271 0.3245 0.3028 0.1494 0.3317 0.1415 0.3560 0.3166
9 0.6931 0.4494 0.7161 0.1427 0.7675 0.1502 0.7445 0.4569
12 0.8399 0.5638 0.7268 0.5582 0.7276 0.5274 0.8406 0.5330
12 0.6061 0.1571 0.6027 0.1630 0.4908 0.0361 0.4942 0.0302
13 0.3935 0.8970 0.3572 0.8997 0.3548 0.8346 0.3910 0.8319
13 0.5111 0.6911 0.5130 0.6403 0.5595 0.6437 0.5576 0.6945
13 0.6302 0.5551 0.6354 0.5583 0.6295 0.5769 0.6243 0.5737
13 0.2484 0.5919 0.2575 0.6123 0.2536 0.6157 0.2445 0.5953
15 0.9424 0.6157 0.8991 0.5592 0.9322 0.5095 0.9755 0.5660
15 0.8965 0.3768 0.9287 0.2531 0.9824 0.2804 0.9502 0.4041
15 0.6530 0.8923 0.5889 0.9441 0.5665 0.8897 0.6305 0.8379
15 0.0116 0.8828 0.0028 0.8046 0.0615 0.7916 0.0703 0.8698
