0 0.3077 0.3528 0.2422 0.5689 0.0494 0.4544 0.1149 0.2383
0 0.9355 0.5234 0.8066 0.6361 0.6599 0.3074 0.7888 0.1947
0 0.5529 0.8210 0.4063 0.8462 0.3634 0.3574 0.5100 0.3322
0 0.5769 0.0188 0.5861 0.1111 0.2214 0.1828 0.2122 0.0905
1 0.5045 0.2754 0.4902 0.2750 0.4906 0.2442 0.5049 0.2446
1 0.9437 0.1464 0.9353 0.1538 0.8948 0.0632 0.9033 0.0558
1 0.1663 0.0562 0.1526 0.0618 0.1465 0.0322 0.1603 0.0266
1 0.8908 0.7265 0.9107 0.7255 0.9110 0.7339 0.8910 0.7349
2 0.2340 0.7971 0.2423 0.7977 0.2405 0.8453 0.2323 0.8447
2 0.7402 0.7353 0.7573 0.7159 0.7992 0.7883 0.7821 0.8077
2 0.0985 0.6914 0.1201 0.8043 0.0500 0.8306 0.0284 0.7177
2 0.7763 0.9367 0.7998 0.9468 0.7945 0.9709 0.7710 0.9608
3 0.3406 0.6617 0.3353 0.6845 0.2899 0.6639 0.2952 0.6411
3 0.6069 0.6766 0.6007 0.6751 0.6134 0.5746 0.6196 0.5761
3 0.9711 0.6366 0.9744 0.7690 0.9578 0.7698 0.9545 0.6374
3 0.1357 0.0875 0.1416 0.0908 0.1143 0.1853 0.1084 0.1820
4 0.8749 0.8532 0.8549 0.8694 0.8436 0.8420 0.8637 0.8258
4 0.6265 0.4111 0.6318 0.5533 0.6104 0.5549 0.6051 0.4127
4 0.7103 0.0771 0.7198 0.1348 0.7120 0.1373 0.7025 0.0796
4 0.1123 0.8472 0.1280 0.8472 0.1280 0.8700 0.1123 0.8700
6 0.4406 0.8807 0.4312 0.9742 0.2968 0.9477 0.3062 0.8542
6 0.5294 0.1844 0.5471 0.1840 0.5474 0.2092 0.5297 0.2096
6 0.6218 0.3056 0.6008 0.2425 0.6311 0.2228 0.6521 0.2859
7 0.8177 0.9221 0.8297 0.9215 0.8306 0.9563 0.8186 0.9569
7 0.1345 0.7900 0.1559 0.7767 0.1921 0.8904 0.1707 0.9037
7 0.9521 0.8394 0.9700 0.8412 0.9665 0.9110 0.9486 0.9092
7 0.0122 0.0956 0.0242 0.0855 0.0529 0.1524 0.0409 0.1625
9 0.6765 0.9849 0.6564 0.8253 0.6832 0.8187 0.7033 0.9783
9 0.5736 0.7623 0.6127 0.7487 0.6467 0.9393 0.6076 0.9529
9 0.0208 0.6246 0.0257 0.5686 0.1649 0.5926 0.1600 0.6486
12 0.6302 0.7093 0.6824 0.6654 0.6955 0.6959 0.6433 0.7398
12 0.5107 0.9688 0.4822 0.8650 0.5110 0.8496 0.5395 0.9534
12 0.4577 0.2764 0.5518 0.2902 0.5491 0.3260 0.4551 0.3122
13 0.5485 0.9108 0.5437 0.9103 0.5446 0.8924 0.5494 0.8929
13 0.2044 0.6970 0.1782 0.6989 0.1765 0.6534 0.2027 0.6515
13 0.3538 0.8413 0.3453 0.8469 0.3356 0.8179 0.3442 0.8123
13 0.4410 0.2020 0.4511 0.1974 0.4541 0.2104 0.4440 0.2150
15 0.5659 0.4161 0.5534 0.3727 0.5852 0.3547 0.5977 0.3981
15 0.8581 0.0987 0.8449 0.1725 0.7945 0.1549 0.8076 0.0811
15 0.3411 0.2637 0.4054 0.2139 0.4297 0.2755 0.3655 0.3253
15 0.8278 0.8346 0.8264 0.8738 0.7887 0.8710 0.7902 0.8318
