0 0.7695 0.7497 0.7037 0.6318 0.9311 0.3831 0.9969 0.5010
0 0.2848 0.0933 0.3384 0.0038 0.4338 0.1159 0.3802 0.2054
0 0.3505 0.7389 0.3687 0.5947 0.6717 0.6695 0.6536 0.8137
0 0.2939 0.7796 0.5452 0.5423 0.6216 0.7008 0.3702 0.9381
1 0.3581 0.7444 0.3650 0.7509 0.3322 0.8188 0.3253 0.8123
1 0.2768 0.5126 0.2948 0.5003 0.2974 0.5078 0.2795 0.5201
1 0.6177 0.0996 0.6189 0.1110 0.5609 0.1224 0.5597 0.1110
1 0.0820 0.3496 0.0802 0.3460 0.0949 0.3316 0.0967 0.3352
2 0.8187 0.5292 0.8441 0.6831 0.8302 0.6876 0.8048 0.5337
2 0.3534 0.2907 0.4107 0.3557 0.3832 0.4033 0.3259 0.3383
2 0.5849 0.7470 0.4726 0.7498 0.4717 0.6750 0.5840 0.6722
2 0.6626 0.3557 0.6541 0.3291 0.7017 0.2995 0.7101 0.3261
3 0.5315 0.1823 0.4844 0.2729 0.4731 0.2613 0.5201 0.1707
3 0.6842 0.5767 0.6866 0.6738 0.6735 0.6745 0.6711 0.5774
3 0.9477 0.6104 0.8977 0.5240 0.9115 0.5084 0.9614 0.5948
3 0.5827 0.0619 0.6361 0.1341 0.6248 0.1505 0.5713 0.0783
4 0.6738 0.2440 0.6801 0.2592 0.6291 0.3004 0.6228 0.2852
4 0.2917 0.3930 0.3046 0.4300 0.2980 0.4346 0.2851 0.3976
4 0.8875 0.3561 0.8846 0.3264 0.8933 0.3247 0.8963 0.3544
4 0.3034 0.3166 0.3145 0.2928 0.3226 0.3002 0.3115 0.3240
6 0.5105 0.6659 0.5754 0.6547 0.5781 0.6853 0.5132 0.6965
6 0.1538 0.6315 0.3414 0.6826 0.3231 0.8149 0.1354 0.7638
6 0.3303 0.7545 0.1411 0.7918 0.1277 0.6583 0.3169 0.6210
6 0.2296 0.3675 0.2648 0.3182 0.2884 0.3513 0.2532 0.4006
7 0.3429 0.4837 0.3214 0.3909 0.3668 0.3703 0.3883 0.4631
7 0.6542 0.5967 0.6552 0.6183 0.6493 0.6189 0.6482 0.5973
7 0.6844 0.1664 0.6936 0.1495 0.7650 0.2248 0.7559 0.2417
7 0.3050 0.3625 0.3188 0.3463 0.3510 0.3999 0.3372 0.4161
9 0.1539 0.6944 0.1612 0.7351 0.0395 0.7776 0.0322 0.7369
9 0.8258 0.3376 0.8775 0.3864 0.7953 0.5568 0.7437 0.5080
9 0.2579 0.6152 0.3375 0.7120 0.3092 0.7576 0.2296 0.6608
9 0.6971 0.6102 0.7395 0.6638 0.7135 0.7042 0.6711 0.6506
12 0.4720 0.5895 0.5470 0.6909 0.5263 0.7209 0.4513 0.6195
12 0.6744 0.0242 0.6818 0.0011 0.7413 0.0382 0.7340 0.0613
12 0.8026 0.3011 0.3727 0.4400 0.3597 0.3609 0.7895 0.2220
12 0.3595 0.3270 0.3344 0.3113 0.3671 0.2086 0.3921 0.2243
13 0.1690 0.3340 0.1754 0.3316 0.1795 0.3532 0.1732 0.3556
13 0.1973 0.1034 0.1883 0.0958 0.1915 0.0882 0.2006 0.0958
13 0.3511 0.7483 0.3701 0.7668 0.3440 0.8189 0.3251 0.8004
13 0.7075 0.7698 0.6921 0.7706 0.6905 0.7054 0.7059 0.7046
15 0.5376 0.4098 0.5414 0.3340 0.5933 0.3390 0.5895 0.4148
15 0.7528 0.1848 0.8119 0.1246 0.8475 0.1932 0.7884 0.2534
15 0.6143 0.7251 0.6529 0.8083 0.5954 0.8605 0.5568 0.7773
15 0.3949 0.6445 0.3832 0.6849 0.3440 0.6627 0.3557 0.6223
