0 0.5419 0.2630 0.6350 0.1372 0.8241 0.4114 0.7310 0.5372
0 0.6392 0.2490 0.4324 0.5594 0.3325 0.4290 0.5393 0.1186
0 0.8255 0.3847 0.7202 0.4733 0.5594 0.0985 0.6647 0.0099
0 0.2190 0.5649 0.4842 0.3591 0.5504 0.5263 0.2853 0.7321
1 0.3204 0.5330 0.3187 0.5394 0.2905 0.5250 0.2922 0.5186
1 0.6364 0.3355 0.6301 0.3357 0.6291 0.2545 0.6354 0.2543
1 0.1402 0.4347 0.1406 0.4487 0.0643 0.4525 0.0640 0.4385
1 0.9595 0.7411 0.9520 0.7437 0.9376 0.6629 0.9451 0.6603
2 0.1217 0.4003 0.1266 0.4096 0.0746 0.4645 0.0696 0.4552
2 0.6186 0.3644 0.3905 0.4620 0.3580 0.3132 0.5861 0.2156
2 0.5218 0.8023 0.6029 0.8264 0.5850 0.9441 0.5040 0.9200
2 0.7438 0.6423 0.9558 0.7622 0.9379 0.8241 0.7260 0.7042
3 0.7892 0.2195 0.8390 0.3311 0.8254 0.3429 0.7756 0.2313
3 0.5791 0.5941 0.6075 0.5280 0.6192 0.5379 0.5908 0.6040
3 0.4559 0.6384 0.4982 0.6028 0.5044 0.6172 0.4620 0.6528
3 0.8891 0.8407 0.9043 0.8488 0.8723 0.9653 0.8571 0.9572
4 0.8629 0.7341 0.8600 0.7433 0.8545 0.7399 0.8574 0.7307
4 0.8600 0.8474 0.8342 0.8429 0.8355 0.8282 0.8613 0.8327
4 0.6442 0.2227 0.6450 0.2551 0.6173 0.2565 0.6165 0.2241
4 0.7749 0.8796 0.7736 0.8858 0.7583 0.8796 0.7595 0.8734
6 0.5600 0.3767 0.6879 0.1779 0.7594 0.2681 0.6315 0.4669
6 0.1967 0.7326 0.1640 0.6532 0.1830 0.6378 0.2157 0.7172
6 0.7607 0.7560 0.7561 0.8474 0.7342 0.8452 0.7387 0.7538
6 0.6521 0.9305 0.6227 0.9562 0.6185 0.9467 0.6478 0.9210
7 0.2340 0.9313 0.2325 0.8910 0.3340 0.8835 0.3355 0.9238
7 0.6103 0.8375 0.6534 0.8385 0.6517 0.9773 0.6086 0.9763
7 0.6524 0.6829 0.6490 0.6651 0.6970 0.6471 0.7004 0.6649
7 0.6575 0.1040 0.6363 0.1337 0.5662 0.0356 0.5874 0.0059
9 0.3843 0.3150 0.3463 0.4785 0.3140 0.4638 0.3520 0.3003
9 0.3599 0.1675 0.4280 0.1347 0.4821 0.3545 0.4140 0.3873
9 0.4138 0.2490 0.4046 0.3097 0.2450 0.2622 0.2542 0.2015
9 0.9284 0.7890 0.8822 0.6563 0.9210 0.6298 0.9672 0.7625
12 0.7694 0.6771 0.7903 0.6920 0.7611 0.7721 0.7403 0.7572
12 0.0952 0.4304 0.1106 0.4544 0.0497 0.5312 0.0342 0.5072
12 0.7877 0.5271 0.7813 0.5698 0.7623 0.5641 0.7687 0.5214
12 0.1850 0.3915 0.1963 0.3631 0.3110 0.4521 0.2997 0.4805
13 0.8966 0.0227 0.8997 0.0317 0.8700 0.0521 0.8668 0.0431
13 0.7589 0.6486 0.7669 0.6548 0.7640 0.6622 0.7560 0.6560
13 0.1249 0.5750 0.1219 0.5686 0.2525 0.4498 0.2555 0.4562
13 0.0409 0.4213 0.0313 0.4150 0.0354 0.4027 0.0450 0.4090
15 0.6608 0.7725 0.6505 0.7142 0.6937 0.6991 0.7041 0.7574
15 0.3241 0.0791 0.3210 0.1622 0.2765 0.1589 0.2796 0.0758
15 0.5171 0.6694 0.5870 0.7012 0.5714 0.7682 0.5016 0.7364
15 0.0608 0.1802 0.0638 0.1203 0.1083 0.1246 0.1053 0.1845
