0 0.6630 0.2038 0.8738 0.1986 0.8764 0.4050 0.6656 0.4102
0 0.8325 0.5480 0.9652 0.5642 0.9423 0.9292 0.8097 0.9130
0 0.2131 0.7068 0.3044 0.6139 0.3852 0.7696 0.2939 0.8625
0 0.6637 0.6345 0.6091 0.8565 0.4111 0.7611 0.4657 0.5391
1 0.8781 0.7156 0.8719 0.7212 0.8613 0.6984 0.8675 0.6928
1 0.5442 0.4164 0.5458 0.4197 0.5129 0.4508 0.5113 0.4475
1 0.6933 0.4565 0.6913 0.4453 0.7481 0.4255 0.7501 0.4367
1 0.5388 0.7711 0.5415 0.7807 0.5235 0.7909 0.5207 0.7813
2 0.4459 0.1488 0.4104 0.0805 0.4287 0.0620 0.4641 0.1303
2 0.7549 0.7727 0.6913 0.7773 0.6905 0.7561 0.7541 0.7515
2 0.2890 0.5964 0.2985 0.5874 0.3084 0.6080 0.2989 0.6170
2 0.7148 0.2535 0.7454 0.2475 0.7477 0.2709 0.7172 0.2769
3 0.1936 0.6093 0.2870 0.5839 0.2901 0.6059 0.1967 0.6313
3 0.3996 0.9498 0.3518 0.9677 0.3487 0.9514 0.3965 0.9335
3 0.7163 0.6661 0.6660 0.5790 0.6768 0.5667 0.7272 0.6538
3 0.3939 0.0950 0.4042 0.0940 0.4078 0.1666 0.3975 0.1676
4 0.6803 0.3348 0.6900 0.3263 0.6957 0.3392 0.6860 0.3477
4 0.5761 0.8354 0.5702 0.8325 0.5739 0.8174 0.5798 0.8203
4 0.2288 0.6116 0.2331 0.6051 0.2466 0.6228 0.2424 0.6293
4 0.6890 0.4545 0.6919 0.4411 0.7127 0.4499 0.7098 0.4633
6 0.4122 0.2376 0.4224 0.1472 0.4441 0.1520 0.4339 0.2424
6 0.1132 0.1871 0.1340 0.2258 0.1276 0.2325 0.1068 0.1938
6 0.8191 0.5511 0.8227 0.6454 0.6871 0.6553 0.6836 0.5610
6 0.1375 0.9501 0.1328 0.8559 0.2682 0.8427 0.2729 0.9369
7 0.3061 0.2949 0.3021 0.2803 0.3221 0.2695 0.3261 0.2841
7 0.1825 0.3749 0.1853 0.3703 0.1935 0.3803 0.1907 0.3849
7 0.4993 0.8350 0.5035 0.8279 0.5192 0.8458 0.5151 0.8529
7 0.9826 0.6220 0.9646 0.6390 0.9174 0.5408 0.9354 0.5238
9 0.7876 0.7789 0.8447 0.7747 0.8467 0.8291 0.7896 0.8333
9 0.8666 0.7520 0.7495 0.9278 0.6951 0.8568 0.8122 0.6810
9 0.4142 0.1622 0.4662 0.0943 0.5650 0.2426 0.5130 0.3105
9 0.7071 0.3140 0.7071 0.4012 0.5603 0.4012 0.5603 0.3140
12 0.2731 0.8454 0.2751 0.8071 0.3551 0.8150 0.3532 0.8533
12 0.5913 0.7288 0.5631 0.6361 0.5842 0.6236 0.6123 0.7163
12 0.0712 0.6242 0.0446 0.6149 0.0640 0.5058 0.0906 0.5151
12 0.9408 0.9303 0.9521 0.8787 0.9769 0.8893 0.9657 0.9409
13 0.2911 0.5830 0.3004 0.5427 0.3178 0.5506 0.3084 0.5909
13 0.3059 0.4198 0.1740 0.2647 0.1949 0.2298 0.3269 0.3849
13 0.5067 0.2737 0.4903 0.2773 0.4890 0.2655 0.5054 0.2619
13 0.2616 0.0725 0.2477 0.0584 0.2544 0.0455 0.2683 0.0596
15 0.6926 0.3012 0.7626 0.4100 0.7017 0.4868 0.6317 0.3780
15 0.9064 0.6577 0.7877 0.6037 0.8104 0.5055 0.9292 0.5595
15 0.4049 0.8970 0.3679 0.8072 0.4068 0.7758 0.4438 0.8656
15 0.7776 0.9198 0.8098 0.9362 0.7982 0.9810 0.7659 0.9646
