0 0.2103 0.8590 0.2562 0.7147 0.3817 0.7930 0.3358 0.9373
0 0.6194 0.4646 0.7224 0.5583 0.5523 0.9250 0.4493 0.8313
0 0.3625 0.2728 0.3941 0.0646 0.6649 0.1452 0.6333 0.3534
0 0.4779 0.2416 0.5393 0.0926 0.8098 0.3112 0.7484 0.4602
1 0.0317 0.7518 0.0329 0.7496 0.0532 0.7710 0.0520 0.7732
1 0.8509 0.2362 0.8310 0.2474 0.8279 0.2366 0.8478 0.2254
1 0.8136 0.3632 0.8156 0.3666 0.8016 0.3824 0.7996 0.3790
1 0.5547 0.7322 0.5561 0.7342 0.5385 0.7598 0.5370 0.7578
2 0.6712 0.4874 0.7029 0.4882 0.7019 0.5666 0.6702 0.5658
2 0.5276 0.9184 0.5273 0.9068 0.5613 0.9052 0.5616 0.9168
2 0.1368 0.1033 0.1299 0.0805 0.1538 0.0663 0.1607 0.0891
2 0.3671 0.7879 0.4461 0.7046 0.4806 0.7689 0.4017 0.8522
3 0.4903 0.2826 0.4456 0.1995 0.4586 0.1858 0.5033 0.2689
3 0.8201 0.7854 0.7499 0.8377 0.7416 0.8158 0.8118 0.7635
3 0.6860 0.3861 0.6770 0.3789 0.7032 0.3155 0.7121 0.3227
3 0.2253 0.5309 0.2631 0.4494 0.2741 0.4595 0.2363 0.5410
4 0.0976 0.0578 0.0800 0.0720 0.0776 0.0662 0.0951 0.0520
4 0.4560 0.3446 0.4525 0.3319 0.5048 0.3038 0.5083 0.3165
4 0.5692 0.1029 0.5553 0.1089 0.5468 0.0699 0.5607 0.0639
4 0.2032 0.1144 0.1620 0.1277 0.1602 0.1168 0.2014 0.1035
6 0.2360 0.3173 0.0704 0.1835 0.1186 0.0667 0.2841 0.2005
6 0.0073 0.0806 0.0330 0.1130 0.0276 0.1214 0.0019 0.0890
6 0.5316 0.3975 0.5809 0.4619 0.4884 0.6009 0.4391 0.5365
6 0.2078 0.3180 0.1742 0.3852 0.1260 0.3380 0.1595 0.2708
7 0.9273 0.3867 0.9319 0.3807 0.9584 0.4205 0.9538 0.4265
7 0.7440 0.2360 0.7399 0.2037 0.7503 0.2012 0.7544 0.2335
7 0.5584 0.1562 0.5519 0.1246 0.5579 0.1222 0.5644 0.1538
7 0.8926 0.4296 0.8866 0.4341 0.8791 0.4144 0.8851 0.4099
9 0.6716 0.5659 0.7114 0.5388 0.7829 0.7441 0.7431 0.7712
9 0.4453 0.4929 0.3305 0.4761 0.3333 0.4387 0.4481 0.4555
9 0.2638 0.8689 0.1807 0.7566 0.1994 0.7295 0.2824 0.8418
9 0.6048 0.3730 0.6366 0.3683 0.6484 0.5254 0.6166 0.5301
12 0.8234 0.7863 0.8483 0.8199 0.7717 0.9309 0.7468 0.8973
12 0.2597 0.4271 0.2706 0.4472 0.2185 0.5021 0.2077 0.4820
12 0.8367 0.2307 0.8299 0.2638 0.7439 0.2293 0.7507 0.1962
12 0.3659 0.2294 0.4360 0.1346 0.4487 0.1530 0.3786 0.2478
13 0.3125 0.1825 0.3073 0.1823 0.3078 0.1631 0.3130 0.1633
13 0.1800 0.1863 0.1863 0.2015 0.1811 0.2057 0.1748 0.1905
13 0.8492 0.2813 0.8435 0.2893 0.8328 0.2743 0.8385 0.2663
13 0.8444 0.1238 0.8433 0.1172 0.8561 0.1130 0.8572 0.1196
15 0.4953 0.6138 0.4768 0.5994 0.5056 0.5266 0.5241 0.5410
15 0.1192 0.3867 0.0902 0.4101 0.0731 0.3685 0.1020 0.3451
15 0.7723 0.4663 0.7450 0.4817 0.7291 0.4265 0.7564 0.4111
15 0.5473 0.8898 0.5914 0.7575 0.6641 0.8050 0.6201 0.9373
