0 0.8435 0.3247 0.7551 0.4442 0.5382 0.1297 0.6266 0.0102
0 0.0131 0.1949 0.0449 0.0288 0.3466 0.1419 0.3148 0.3080
0 0.6044 0.7608 0.4050 0.6647 0.4530 0.4696 0.6524 0.5657
0 0.6806 0.9965 0.5503 0.8869 0.6929 0.5547 0.8232 0.6643
1 0.5349 0.5286 0.5091 0.5356 0.5074 0.5238 0.5332 0.5168
1 0.8072 0.9731 0.8016 0.9816 0.7588 0.9257 0.7644 0.9172
1 0.4430 0.0323 0.4449 0.0353 0.4316 0.0521 0.4296 0.0491
1 0.1815 0.1681 0.1811 0.1497 0.1999 0.1487 0.2004 0.1671
2 0.6767 0.5726 0.6541 0.6297 0.5836 0.5750 0.6062 0.5179
2 0.7018 0.5908 0.7086 0.6171 0.6785 0.6324 0.6717 0.6061
2 0.5768 0.7590 0.6301 0.6635 0.7877 0.8358 0.7344 0.9313
2 0.9075 0.1526 0.9052 0.1637 0.8425 0.1386 0.8448 0.1275
3 0.2089 0.1904 0.2175 0.2666 0.2023 0.2700 0.1936 0.1938
3 0.5262 0.3645 0.4425 0.3047 0.4498 0.2847 0.5335 0.3445
3 0.9955 0.5459 0.9016 0.5528 0.9008 0.5305 0.9947 0.5236
3 0.9146 0.8651 0.9045 0.8845 0.8659 0.8453 0.8760 0.8259
4 0.2197 0.3549 0.2087 0.3505 0.2097 0.3459 0.2207 0.3503
4 0.1466 0.4661 0.1295 0.4725 0.1242 0.4451 0.1414 0.4387
4 0.1178 0.1281 0.0930 0.1760 0.0865 0.1695 0.1113 0.1216
4 0.2497 0.8465 0.2521 0.8256 0.2806 0.8319 0.2782 0.8528
6 0.5235 0.7054 0.4613 0.9585 0.3702 0.9146 0.4325 0.6615
6 0.5111 0.1379 0.5387 0.1088 0.5435 0.1177 0.5159 0.1468
6 0.3881 0.5522 0.3412 0.6201 0.2436 0.4882 0.2905 0.4203
6 0.5027 0.8780 0.4593 0.8057 0.5633 0.6836 0.6067 0.7559
7 0.5055 0.9155 0.5121 0.9196 0.4922 0.9821 0.4857 0.9780
7 0.6113 0.6426 0.5433 0.6628 0.5393 0.6362 0.6072 0.6160
7 0.8038 0.9272 0.7827 0.9292 0.7822 0.9192 0.8033 0.9172
7 0.4565 0.6840 0.4735 0.6758 0.4898 0.7420 0.4728 0.7502
9 0.1826 0.5734 0.1506 0.6014 0.1008 0.4898 0.1328 0.4618
9 0.7676 0.3943 0.8292 0.6188 0.7598 0.6561 0.6983 0.4316
9 0.7689 0.4009 0.7524 0.4393 0.6557 0.3579 0.6722 0.3195
9 0.2844 0.1281 0.2921 0.0728 0.4298 0.1103 0.4222 0.1656
12 0.1071 0.4630 0.1864 0.5352 0.1724 0.5654 0.0931 0.4932
12 0.3741 0.2649 0.3496 0.2619 0.3574 0.1371 0.3819 0.1401
12 0.5822 0.4917 0.5648 0.4900 0.5709 0.3679 0.5883 0.3696
12 0.5785 0.7702 0.5818 0.7813 0.3864 0.8974 0.3830 0.8863
13 0.4355 0.9252 0.4269 0.9369 0.4213 0.9288 0.4300 0.9171
13 0.9447 0.2288 0.9422 0.1637 0.9719 0.1616 0.9743 0.2267
13 0.8118 0.2158 0.7959 0.2068 0.7982 0.1990 0.8141 0.2080
13 0.1898 0.5783 0.1920 0.5916 0.1856 0.5937 0.1834 0.5804
15 0.6414 0.3596 0.6199 0.3223 0.6463 0.2924 0.6679 0.3297
15 0.5680 0.4038 0.6203 0.4167 0.6126 0.4778 0.5603 0.4649
15 0.2629 0.0898 0.2030 0.1485 0.1682 0.0790 0.2282 0.0203
15 0.6156 0.2102 0.6567 0.1462 0.7164 0.2214 0.6753 0.2854
