0 0.6674 0.4118 0.6188 0.3771 0.6960 0.1650 0.7446 0.1997
0 0.4033 0.5570 0.3722 0.5367 0.5099 0.1234 0.5409 0.1437
0 0.5983 0.2352 0.6348 0.0946 0.9060 0.2328 0.8695 0.3734
0 0.7660 0.5772 0.7733 0.7232 0.4663 0.7532 0.4590 0.6072
1 0.6031 0.9353 0.6047 0.9171 0.6234 0.9203 0.6218 0.9385
1 0.6299 0.9890 0.6322 0.9523 0.6407 0.9534 0.6384 0.9901
1 0.7833 0.3283 0.7807 0.3309 0.7702 0.3105 0.7727 0.3079
1 0.8245 0.8098 0.8303 0.8039 0.8412 0.8250 0.8354 0.8309
2 0.6468 0.0166 0.6769 0.0534 0.6235 0.1394 0.5933 0.1026
2 0.5919 0.5029 0.6402 0.3947 0.6732 0.4235 0.6249 0.5317
2 0.1725 0.9579 0.1977 0.9622 0.1961 0.9813 0.1708 0.9770
2 0.0731 0.4982 0.2929 0.4100 0.3060 0.4742 0.0863 0.5624
3 0.3496 0.8562 0.3540 0.8794 0.2698 0.9110 0.2654 0.8878
3 0.0676 0.1142 0.0600 0.0940 0.1387 0.0354 0.1463 0.0556
3 0.1725 0.4273 0.1764 0.4203 0.2338 0.4831 0.2299 0.4901
3 0.3802 0.8940 0.4078 0.8272 0.4212 0.8380 0.3936 0.9048
4 0.7344 0.7239 0.7272 0.7500 0.6976 0.7341 0.7048 0.7080
4 0.8540 0.4736 0.8540 0.5056 0.8451 0.5056 0.8451 0.4736
4 0.1247 0.5995 0.1146 0.6061 0.1122 0.5989 0.1223 0.5923
4 0.6784 0.9115 0.6833 0.9007 0.6913 0.9077 0.6864 0.9185
6 0.2636 0.4770 0.2810 0.3858 0.4121 0.4350 0.3947 0.5262
6 0.9689 0.2495 0.9283 0.3249 0.8199 0.2105 0.8605 0.1351
6 0.7608 0.9673 0.7744 0.9227 0.7817 0.9271 0.7682 0.9717
6 0.2878 0.3579 0.2949 0.4393 0.2365 0.4493 0.2294 0.3679
7 0.9287 0.2415 0.9107 0.2424 0.9093 0.1869 0.9273 0.1860
7 0.8719 0.9259 0.8852 0.8923 0.9247 0.9229 0.9114 0.9565
7 0.0459 0.1863 0.0477 0.1624 0.0812 0.1673 0.0794 0.1912
7 0.3422 0.8132 0.3561 0.7900 0.3898 0.8296 0.3759 0.8528
9 0.2951 0.7858 0.2848 0.7463 0.4027 0.6862 0.4129 0.7257
9 0.1863 0.2301 0.2082 0.2015 0.2937 0.3299 0.2718 0.3585
9 0.2613 0.4259 0.2246 0.5113 0.1005 0.4069 0.1371 0.3215
9 0.1579 0.4896 0.1730 0.4050 0.3155 0.4548 0.3004 0.5394
12 0.5489 0.4200 0.5489 0.4608 0.5314 0.4608 0.5314 0.4200
12 0.2129 0.4874 0.5698 0.8505 0.5357 0.9162 0.1788 0.5531
12 0.3901 0.9577 0.3490 0.9797 0.2402 0.5831 0.2813 0.5611
12 0.3205 0.3769 0.3813 0.2755 0.4010 0.2987 0.3402 0.4001
13 0.3490 0.8777 0.3420 0.8641 0.3484 0.8575 0.3555 0.8711
13 0.2209 0.3250 0.2190 0.3232 0.2691 0.2194 0.2710 0.2212
13 0.8437 0.3434 0.8337 0.3552 0.8285 0.3466 0.8386 0.3348
13 0.6685 0.9341 0.6762 0.9203 0.6809 0.9255 0.6732 0.9393
15 0.1661 0.3538 0.1076 0.2324 0.1756 0.1682 0.2341 0.2896
15 0.5334 0.5486 0.5900 0.6152 0.5612 0.6634 0.5045 0.5968
15 0.2108 0.5062 0.3337 0.5366 0.3209 0.6382 0.1980 0.6078
15 0.7508 0.2974 0.7399 0.2613 0.7746 0.2406 0.7855 0.2767
