0 0.6596 0.1146 0.7888 0.0695 0.8521 0.4250 0.7229 0.4701
0 0.6363 0.3626 0.4296 0.6730 0.3297 0.5426 0.5364 0.2322
0 0.4004 0.7101 0.3968 0.6624 0.7207 0.6147 0.7243 0.6624
0 0.8091 0.5196 0.9272 0.5670 0.8412 0.9872 0.7231 0.9398
1 0.9123 0.0160 0.9222 0.0148 0.9289 0.1212 0.9189 0.1224
1 0.3387 0.2794 0.3413 0.2929 0.2676 0.3206 0.2650 0.3071
1 0.5021 0.6292 0.4973 0.6301 0.4936 0.5884 0.4984 0.5875
1 0.8104 0.5967 0.8126 0.5993 0.7876 0.6425 0.7854 0.6399
2 0.1721 0.6655 0.2055 0.6798 0.1804 0.7945 0.1471 0.7802
2 0.1176 0.2667 0.1187 0.1823 0.1438 0.1829 0.1428 0.2673
2 0.9344 0.5085 0.9034 0.5039 0.9305 0.1435 0.9614 0.1481
2 0.9079 0.3496 0.9705 0.2812 0.9961 0.3272 0.9335 0.3956
3 0.8462 0.4240 0.8618 0.4307 0.8358 0.5500 0.8202 0.5433
3 0.8519 0.8421 0.8500 0.8338 0.9192 0.8023 0.9212 0.8106
3 0.0931 0.7045 0.0975 0.6914 0.1449 0.7223 0.1405 0.7354
3 0.0217 0.4896 0.0059 0.4803 0.0400 0.3680 0.0558 0.3773
4 0.1539 0.1632 0.1601 0.1503 0.1793 0.1684 0.1730 0.1813
4 0.3311 0.3828 0.3311 0.3948 0.3217 0.3948 0.3217 0.3828
4 0.3712 0.7713 0.3687 0.7467 0.3888 0.7427 0.3913 0.7673
4 0.3647 0.9327 0.3716 0.9385 0.3621 0.9605 0.3553 0.9547
6 0.3394 0.4484 0.1662 0.3353 0.2069 0.2132 0.3801 0.3263
6 0.2200 0.9468 0.1744 0.8952 0.2115 0.8312 0.2570 0.8828
6 0.6598 0.7791 0.7058 0.8481 0.6065 0.9777 0.5605 0.9087
6 0.3735 0.8331 0.4147 0.9043 0.3976 0.9237 0.3564 0.8525
7 0.8328 0.6501 0.8661 0.6332 0.8957 0.7471 0.8624 0.7640
7 0.2170 0.3830 0.2116 0.3838 0.2104 0.3682 0.2158 0.3674
7 0.1712 0.1748 0.1576 0.1630 0.1831 0.1060 0.1966 0.1178
7 0.2260 0.3887 0.2329 0.3913 0.2203 0.4573 0.2134 0.4547
9 0.4065 0.2358 0.4162 0.1811 0.5524 0.2286 0.5426 0.2833
9 0.4863 0.8428 0.4153 0.8359 0.4254 0.6336 0.4964 0.6405
9 0.7514 0.3264 0.7177 0.2721 0.8091 0.1608 0.8429 0.2151
9 0.4285 0.8569 0.3088 0.8182 0.3164 0.7719 0.4361 0.8106
12 0.4486 0.5044 0.4458 0.5108 0.3236 0.4040 0.3265 0.3976
12 0.0624 0.3103 0.0781 0.4058 0.0734 0.4073 0.0576 0.3118
12 0.7433 0.6192 0.7680 0.6066 0.8370 0.8720 0.8123 0.8846
12 0.5139 0.7805 0.5189 0.7775 0.5752 0.9631 0.5702 0.9661
13 0.7994 0.3465 0.8046 0.3444 0.8475 0.5539 0.8423 0.5560
13 0.8689 0.3929 0.8442 0.3803 0.8554 0.3375 0.8801 0.3501
13 0.0703 0.1244 0.0703 0.1108 0.0769 0.1108 0.0769 0.1244
13 0.5566 0.3906 0.5440 0.3940 0.5425 0.3834 0.5551 0.3800
15 0.5785 0.7457 0.5062 0.7439 0.5072 0.6631 0.5795 0.6649
15 0.6197 0.5438 0.6914 0.5403 0.6935 0.6242 0.6218 0.6277
15 0.1112 0.4852 0.1321 0.4898 0.1228 0.5720 0.1019 0.5674
15 0.4890 0.4408 0.4548 0.3838 0.4887 0.3440 0.5229 0.4010
