0 0.5687 0.3792 0.6972 0.2282 0.8318 0.4528 0.7034 0.6038
0 0.4842 0.7644 0.4297 0.7631 0.4326 0.5252 0.4872 0.5265
0 0.5121 0.9257 0.3616 0.9553 0.3230 0.5715 0.4736 0.5419
0 0.4769 0.4754 0.3725 0.4652 0.3940 0.0354 0.4983 0.0456
1 0.8345 0.8512 0.8422 0.8495 0.8515 0.9316 0.8438 0.9333
1 0.4593 0.7393 0.4608 0.7374 0.4781 0.7635 0.4767 0.7654
1 0.4373 0.6452 0.4403 0.6439 0.4456 0.6680 0.4426 0.6693
1 0.1994 0.8507 0.2041 0.8335 0.2217 0.8429 0.2170 0.8601
2 0.6181 0.6399 0.5287 0.6508 0.5211 0.5281 0.6104 0.5172
2 0.4643 0.8077 0.6394 0.6020 0.6700 0.6531 0.4949 0.8588
2 0.3161 0.1745 0.2677 0.2185 0.2450 0.1695 0.2934 0.1255
2 0.4073 0.6923 0.4495 0.6731 0.4524 0.6857 0.4103 0.7049
3 0.0184 0.9149 0.0013 0.9124 0.0105 0.7911 0.0275 0.7936
3 0.5418 0.3100 0.4568 0.3680 0.4496 0.3472 0.5346 0.2892
3 0.7279 0.4442 0.7325 0.4384 0.7813 0.5142 0.7766 0.5200
3 0.7162 0.5919 0.7956 0.5957 0.7950 0.6205 0.7156 0.6167
4 0.6795 0.7811 0.6710 0.7913 0.6611 0.7753 0.6695 0.7651
4 0.0685 0.7894 0.0793 0.7644 0.0900 0.7734 0.0793 0.7984
4 0.4526 0.1692 0.4624 0.1774 0.4568 0.1904 0.4470 0.1822
4 0.5648 0.7429 0.5712 0.7268 0.6469 0.7855 0.6405 0.8016
6 0.1566 0.2357 0.1129 0.3037 0.0965 0.2831 0.1403 0.2151
6 0.7325 0.1756 0.7472 0.0863 0.7686 0.0932 0.7539 0.1825
6 0.4379 0.6107 0.4790 0.5395 0.4961 0.5589 0.4550 0.6301
6 0.6359 0.7423 0.6717 0.6940 0.6949 0.7277 0.6592 0.7760
7 0.0608 0.7097 0.0428 0.6807 0.0766 0.6395 0.0946 0.6685
7 0.6573 0.6693 0.6729 0.6614 0.6744 0.6671 0.6588 0.6750
7 0.2556 0.3117 0.2247 0.3217 0.2233 0.3135 0.2542 0.3035
7 0.1905 0.3790 0.2046 0.3711 0.2066 0.3782 0.1926 0.3861
9 0.4041 0.2466 0.4252 0.3430 0.2664 0.4110 0.2454 0.3146
9 0.7260 0.7761 0.7598 0.6212 0.7858 0.6323 0.7519 0.7872
9 0.2573 0.5369 0.2179 0.4906 0.2958 0.3607 0.3352 0.4070
9 0.7744 0.0631 0.7226 0.0970 0.7062 0.0477 0.7580 0.0138
12 0.6657 0.7272 0.6380 0.6793 0.8738 0.4120 0.9015 0.4599
12 0.2076 0.6273 0.1979 0.6071 0.2704 0.5387 0.2801 0.5589
12 0.5780 0.7017 0.6422 0.3412 0.6832 0.3555 0.6190 0.7160
12 0.5871 0.6293 0.5780 0.5991 0.6372 0.5639 0.6463 0.5941
13 0.4458 0.6297 0.4379 0.6126 0.4559 0.5963 0.4638 0.6134
13 0.5480 0.5867 0.5526 0.6035 0.5454 0.6073 0.5408 0.5905
13 0.5193 0.3116 0.5261 0.3145 0.5164 0.3588 0.5096 0.3559
13 0.5806 0.1036 0.5651 0.1036 0.5651 0.0384 0.5806 0.0384
15 0.7559 0.1804 0.8097 0.1699 0.8169 0.2420 0.7632 0.2525
15 0.7409 0.4156 0.7397 0.3689 0.7740 0.3672 0.7751 0.4139
15 0.6404 0.9025 0.6179 0.8663 0.6436 0.8351 0.6661 0.8713
15 0.5170 0.6802 0.4645 0.7193 0.4413 0.6582 0.4938 0.6191
