0 0.4569 0.7609 0.4144 0.7128 0.5214 0.5279 0.5638 0.5760
0 0.8800 0.4630 0.7124 0.4712 0.7051 0.1782 0.8727 0.1700
0 0.6379 0.4567 0.6747 0.6632 0.4061 0.7569 0.3693 0.5504
0 0.3658 0.8845 0.2494 0.7477 0.4273 0.4507 0.5438 0.5875
1 0.9367 0.6099 0.9393 0.6125 0.9287 0.6329 0.9262 0.6303
1 0.4002 0.1397 0.3797 0.1310 0.3821 0.1199 0.4026 0.1286
1 0.8922 0.1189 0.8902 0.1156 0.9038 0.0991 0.9058 0.1024
1 0.7199 0.9127 0.7210 0.9090 0.7376 0.9189 0.7364 0.9226
2 0.1402 0.8390 0.2967 0.7720 0.3090 0.8282 0.1524 0.8952
2 0.9017 0.0879 0.9066 0.0973 0.8791 0.1253 0.8742 0.1159
2 0.7377 0.5836 0.7550 0.5766 0.7620 0.6108 0.7447 0.6178
2 0.9021 0.8229 0.8312 0.8924 0.7165 0.6631 0.7874 0.5936
3 0.6153 0.9148 0.6239 0.8955 0.6995 0.9616 0.6909 0.9809
3 0.2390 0.9407 0.2219 0.9436 0.2113 0.8225 0.2283 0.8196
3 0.2023 0.1328 0.2049 0.1553 0.1168 0.1748 0.1143 0.1523
3 0.1402 0.8777 0.1669 0.8102 0.1804 0.8207 0.1537 0.8882
4 0.3712 0.7562 0.3685 0.7510 0.3814 0.7378 0.3841 0.7430
4 0.9318 0.3260 0.9293 0.2862 0.9345 0.2856 0.9369 0.3254
4 0.7196 0.9337 0.7008 0.9230 0.7026 0.9167 0.7215 0.9274
4 0.5043 0.1839 0.5160 0.2014 0.4928 0.2317 0.4811 0.2142
6 0.5601 0.5632 0.5810 0.6529 0.4519 0.7116 0.4310 0.6219
6 0.5166 0.3615 0.4706 0.4305 0.3714 0.3009 0.4174 0.2319
6 0.8359 0.5001 0.7080 0.3013 0.7795 0.2111 0.9074 0.4099
6 0.0430 0.5130 0.0268 0.4703 0.0338 0.4650 0.0501 0.5077
7 0.5558 0.7371 0.5623 0.7549 0.4984 0.8005 0.4920 0.7827
7 0.3563 0.3130 0.3178 0.3846 0.2605 0.3242 0.2990 0.2526
7 0.6398 0.8204 0.6153 0.8329 0.6125 0.8220 0.6369 0.8095
7 0.5992 0.3871 0.5897 0.3944 0.5585 0.3157 0.5680 0.3084
9 0.0872 0.2641 0.0505 0.2522 0.0716 0.1239 0.1084 0.1358
9 0.8955 0.8047 0.8503 0.9538 0.8253 0.9389 0.8705 0.7898
9 0.3437 0.3484 0.3388 0.4478 0.1943 0.4336 0.1992 0.3342
9 0.1049 0.3561 0.0856 0.3111 0.2002 0.2147 0.2195 0.2597
12 0.0614 0.3891 0.0773 0.3651 0.1244 0.4265 0.1084 0.4505
12 0.8284 0.4368 0.8122 0.3941 0.9096 0.3216 0.9258 0.3643
12 0.6263 0.3907 0.6449 0.4168 0.5023 0.6165 0.4837 0.5904
12 0.5250 0.8535 0.5849 0.8683 0.5805 0.9033 0.5205 0.8885
13 0.1009 0.2870 0.0962 0.3100 0.0748 0.3014 0.0795 0.2784
13 0.7148 0.4781 0.6994 0.4675 0.7044 0.4531 0.7198 0.4637
13 0.2535 0.4499 0.2675 0.5040 0.2477 0.5141 0.2336 0.4600
13 0.5594 0.6002 0.4847 0.6149 0.4806 0.5734 0.5553 0.5587
15 0.8781 0.1100 0.8615 0.1705 0.8159 0.1460 0.8325 0.0855
15 0.4456 0.8127 0.4861 0.8323 0.4716 0.8913 0.4311 0.8717
15 0.8320 0.3403 0.8630 0.3448 0.8586 0.4037 0.8276 0.3992
15 0.3066 0.3785 0.2372 0.4120 0.2208 0.3455 0.2902 0.3120
