0 0.8235 0.7983 0.7860 0.9349 0.4988 0.7805 0.5362 0.6439
0 0.2726 0.4517 0.1540 0.3671 0.2728 0.0407 0.3914 0.1253
0 0.3257 0.2351 0.4728 0.2171 0.5035 0.7077 0.3563 0.7257
0 0.7206 0.3768 0.8387 0.4242 0.7526 0.8444 0.6345 0.7970
1 0.8702 0.5563 0.8746 0.5689 0.8061 0.6157 0.8017 0.6031
1 0.7499 0.7736 0.7517 0.7700 0.7664 0.7844 0.7646 0.7880
1 0.7667 0.1949 0.7631 0.2021 0.7156 0.1555 0.7192 0.1483
1 0.0248 0.2653 0.0162 0.2445 0.0189 0.2423 0.0275 0.2631
2 0.6382 0.3665 0.6170 0.2383 0.7173 0.2059 0.7384 0.3341
2 0.8147 0.2889 0.8065 0.2879 0.8121 0.1971 0.8204 0.1981
2 0.5614 0.2084 0.5135 0.3201 0.4691 0.2828 0.5171 0.1711
2 0.1951 0.6867 0.2677 0.7605 0.2160 0.8601 0.1434 0.7863
3 0.7070 0.5121 0.6526 0.5000 0.6550 0.4787 0.7094 0.4908
3 0.4264 0.4675 0.3714 0.4729 0.3704 0.4537 0.4255 0.4483
3 0.4706 0.4026 0.4690 0.4168 0.4177 0.4054 0.4193 0.3912
3 0.7991 0.6946 0.8542 0.6919 0.8547 0.7110 0.7995 0.7137
4 0.1519 0.3255 0.2056 0.2855 0.2107 0.2989 0.1570 0.3389
4 0.2020 0.6718 0.1794 0.6673 0.1806 0.6550 0.2032 0.6595
4 0.4901 0.1807 0.4868 0.1957 0.4802 0.1929 0.4835 0.1779
4 0.2011 0.7899 0.2149 0.7933 0.2049 0.8733 0.1911 0.8699
6 0.1204 0.5266 0.1238 0.5510 0.1061 0.5558 0.1028 0.5314
6 0.8988 0.7093 0.8506 0.6925 0.8586 0.6471 0.9069 0.6639
6 0.1952 0.5191 0.2432 0.5662 0.2094 0.6337 0.1614 0.5866
6 0.1446 0.5819 0.1600 0.6481 0.1282 0.6625 0.1129 0.5963
7 0.5191 0.7534 0.4465 0.7280 0.4571 0.6682 0.5298 0.6936
7 0.0640 0.7021 0.0611 0.6962 0.0703 0.6875 0.0732 0.6934
7 0.6015 0.6642 0.5883 0.6646 0.5874 0.5922 0.6005 0.5918
7 0.5464 0.7928 0.5387 0.8169 0.5136 0.8012 0.5213 0.7771
9 0.2727 0.8869 0.2705 0.7086 0.2999 0.7079 0.3021 0.8862
9 0.1298 0.2805 0.1006 0.2710 0.1288 0.0999 0.1580 0.1094
9 0.4844 0.7694 0.5283 0.7608 0.5510 0.9870 0.5071 0.9956
9 0.8711 0.6013 0.9125 0.5942 0.9307 0.8019 0.8893 0.8090
12 0.8979 0.5043 0.9253 0.3506 0.9466 0.3581 0.9193 0.5118
12 0.1738 0.8681 0.1702 0.8965 0.0025 0.8551 0.0061 0.8267
12 0.7685 0.3154 0.7989 0.3892 0.7769 0.4070 0.7465 0.3332
12 0.6448 0.1114 0.5939 0.0401 0.6101 0.0174 0.6610 0.0887
13 0.5055 0.8146 0.5005 0.8129 0.5036 0.7942 0.5086 0.7959
13 0.9579 0.7217 0.9496 0.7017 0.9538 0.6983 0.9621 0.7183
13 0.0379 0.4529 0.0336 0.4496 0.0398 0.4339 0.0441 0.4372
13 0.2937 0.5737 0.3096 0.5124 0.3378 0.5267 0.3218 0.5880
15 0.1281 0.3717 0.0701 0.4286 0.0307 0.3499 0.0888 0.2930
15 0.5825 0.1354 0.6565 0.1318 0.6580 0.1946 0.5841 0.1982
15 0.3211 0.6366 0.3765 0.5691 0.4095 0.6222 0.3541 0.6897
15 0.2126 0.4981 0.1423 0.5645 0.0988 0.4743 0.1692 0.4079
