0 0.9169 0.6691 0.8089 0.8102 0.5691 0.4501 0.6771 0.3090
0 0.4620 0.4170 0.6128 0.3911 0.6466 0.7758 0.4957 0.8017
0 0.2885 0.8944 0.2125 0.7102 0.4523 0.5164 0.5283 0.7006
0 0.5216 0.8750 0.4925 0.9005 0.3199 0.5138 0.3490 0.4883
1 0.4162 0.2238 0.4296 0.2166 0.4375 0.2454 0.4241 0.2526
1 0.6305 0.7013 0.6515 0.6791 0.6566 0.6887 0.6357 0.7109
1 0.9035 0.0632 0.9063 0.0637 0.9008 0.1188 0.8980 0.1183
1 0.1661 0.7596 0.1642 0.7604 0.1568 0.7264 0.1587 0.7256
2 0.7319 0.4082 0.7415 0.5041 0.7021 0.5118 0.6925 0.4159
2 0.8092 0.5152 0.6562 0.6949 0.6005 0.6020 0.7535 0.4223
2 0.7503 0.7782 0.6230 0.6339 0.6495 0.5882 0.7767 0.7325
2 0.8287 0.5666 0.7862 0.5401 0.8190 0.4370 0.8615 0.4635
3 0.7158 0.4989 0.7020 0.5110 0.6548 0.4051 0.6686 0.3930
3 0.0844 0.1641 0.0938 0.1582 0.1150 0.2247 0.1056 0.2306
3 0.3008 0.7240 0.3131 0.7156 0.3452 0.8076 0.3329 0.8160
3 0.8573 0.7694 0.8590 0.9018 0.8424 0.9022 0.8407 0.7698
4 0.5463 0.5868 0.5239 0.5929 0.5222 0.5808 0.5447 0.5747
4 0.4321 0.6463 0.4194 0.6485 0.4185 0.6381 0.4312 0.6359
4 0.8180 0.7185 0.8108 0.6852 0.8222 0.6803 0.8295 0.7136
4 0.1358 0.6645 0.1242 0.6878 0.1142 0.6779 0.1258 0.6546
6 0.1417 0.8932 0.1420 0.9180 0.1240 0.9184 0.1237 0.8936
6 0.4452 0.9393 0.3793 0.9589 0.3511 0.7731 0.4170 0.7535
6 0.6104 0.5768 0.5503 0.6197 0.4887 0.4504 0.5488 0.4075
6 0.6363 0.6061 0.5893 0.5834 0.6002 0.5391 0.6472 0.5618
7 0.6367 0.9615 0.6185 0.9929 0.5310 0.8937 0.5492 0.8623
7 0.1397 0.2257 0.1171 0.2184 0.1389 0.0863 0.1615 0.0936
7 0.6346 0.2641 0.6245 0.2596 0.6420 0.1843 0.6521 0.1888
7 0.6856 0.3943 0.7077 0.3684 0.7452 0.4309 0.7231 0.4568
9 0.1613 0.6559 0.1943 0.7299 0.0698 0.8389 0.0368 0.7649
9 0.7207 0.2874 0.7546 0.2643 0.7958 0.3826 0.7619 0.4057
9 0.1336 0.2102 0.2138 0.3265 0.1944 0.3526 0.1142 0.2363
9 0.7596 0.7809 0.7385 0.7371 0.8164 0.6635 0.8375 0.7073
12 0.3224 0.5108 0.1978 0.8389 0.1605 0.8112 0.2851 0.4831
12 0.3385 0.5007 0.4424 0.5134 0.4398 0.5549 0.3359 0.5422
12 0.2063 0.1068 0.2063 0.2528 0.1766 0.2528 0.1766 0.1068
12 0.8942 0.5870 0.9001 0.5442 0.9192 0.5494 0.9133 0.5922
13 0.6771 0.4424 0.6814 0.4307 0.7018 0.4452 0.6975 0.4569
13 0.9532 0.6256 0.8594 0.5726 0.8614 0.5656 0.9552 0.6186
13 0.3448 0.9575 0.3592 0.9610 0.3555 0.9905 0.3411 0.9870
13 0.6042 0.2264 0.6078 0.2186 0.6212 0.2308 0.6176 0.2386
15 0.9373 0.1545 0.8822 0.1233 0.8989 0.0655 0.9540 0.0967
15 0.6064 0.4383 0.5849 0.4756 0.5584 0.4457 0.5800 0.4084
15 0.7506 0.7846 0.7368 0.6852 0.7934 0.6698 0.8072 0.7692
15 0.5084 0.2900 0.4506 0.3509 0.4159 0.2864 0.4736 0.2255
