0 0.3130 0.3472 0.4127 0.4213 0.3481 0.5912 0.2485 0.5171
0 0.2855 0.9949 0.1731 0.9811 0.1851 0.7895 0.2975 0.8033
0 0.6751 0.5028 0.7187 0.5488 0.6164 0.7388 0.5728 0.6928
0 0.6460 0.8032 0.6460 0.7268 0.8160 0.7268 0.8160 0.8032
1 0.7148 0.1405 0.6942 0.1211 0.6961 0.1171 0.7167 0.1365
1 0.3590 0.7141 0.3413 0.7009 0.3442 0.6935 0.3618 0.7067
1 0.4980 0.7674 0.4970 0.7649 0.5195 0.7482 0.5204 0.7507
1 0.0921 0.0298 0.0929 0.0340 0.0756 0.0410 0.0748 0.0368
2 0.8416 0.7573 0.8143 0.6040 0.8281 0.5991 0.8554 0.7524
2 0.6194 0.9157 0.6119 0.8850 0.6292 0.8767 0.6367 0.9074
2 0.0809 0.0866 0.0072 0.0902 0.0057 0.0290 0.0794 0.0254
2 0.9204 0.8136 0.8536 0.8920 0.7359 0.6956 0.8027 0.6172
3 0.3899 0.4802 0.4667 0.5090 0.4621 0.5330 0.3853 0.5042
3 0.0392 0.4295 0.0895 0.4609 0.0840 0.4785 0.0336 0.4471
3 0.3160 0.5169 0.2505 0.4527 0.2585 0.4367 0.3241 0.5009
3 0.8700 0.4749 0.8602 0.4566 0.9314 0.3815 0.9412 0.3998
4 0.7575 0.9190 0.7471 0.8998 0.7563 0.8902 0.7666 0.9094
4 0.7248 0.0312 0.7289 0.0235 0.7718 0.0688 0.7677 0.0765
4 0.9728 0.3264 0.9875 0.3120 0.9984 0.3336 0.9836 0.3480
4 0.8008 0.0338 0.8021 0.0075 0.8092 0.0082 0.8079 0.0345
6 0.8307 0.9247 0.8632 0.9412 0.8604 0.9517 0.8280 0.9352
6 0.1994 0.0223 0.2409 0.0967 0.1340 0.2137 0.0925 0.1393
6 0.4831 0.3499 0.6724 0.3126 0.6858 0.4461 0.4965 0.4834
6 0.5495 0.4882 0.5114 0.5329 0.4899 0.4970 0.5280 0.4523
7 0.2289 0.5960 0.2807 0.6467 0.2348 0.7384 0.1831 0.6877
7 0.3508 0.5144 0.3283 0.4849 0.3766 0.4124 0.3992 0.4419
7 0.9120 0.9856 0.8594 0.9856 0.8594 0.9604 0.9120 0.9604
7 0.4562 0.6372 0.4528 0.5991 0.5527 0.5820 0.5560 0.6201
9 0.3841 0.1637 0.3828 0.1109 0.4767 0.1063 0.4781 0.1591
9 0.3613 0.3938 0.3268 0.0892 0.3779 0.0778 0.4123 0.3824
9 0.8208 0.3769 0.8917 0.3682 0.9043 0.5703 0.8334 0.5790
9 0.6572 0.4519 0.6034 0.6065 0.5728 0.5857 0.6266 0.4311
12 0.8750 0.1207 0.8983 0.1242 0.8916 0.2137 0.8683 0.2102
12 0.4676 0.3237 0.3763 0.2895 0.3829 0.2547 0.4743 0.2889
12 0.1611 0.3154 0.1661 0.1831 0.1917 0.1850 0.1868 0.3173
12 0.7586 0.6098 0.7877 0.6106 0.7874 0.6350 0.7583 0.6342
13 0.2915 0.9050 0.2831 0.8974 0.2890 0.8846 0.2974 0.8922
13 0.3436 0.5652 0.3941 0.4867 0.4164 0.5148 0.3659 0.5933
13 0.4747 0.4082 0.4867 0.4070 0.4873 0.4182 0.4753 0.4194
13 0.8054 0.4247 0.8218 0.4218 0.8229 0.4337 0.8064 0.4366
15 0.8551 0.7600 0.8670 0.7973 0.8317 0.8192 0.8199 0.7819
15 0.5279 0.6641 0.5719 0.5879 0.6379 0.6627 0.5938 0.7389
15 0.8411 0.6029 0.8179 0.5692 0.8426 0.5359 0.8658 0.5696
15 0.4283 0.7420 0.4574 0.7420 0.4574 0.7960 0.4283 0.7960
