0 0.7770 0.6506 0.7653 0.5576 0.8033 0.5482 0.8150 0.6412
0 0.4150 0.1168 0.4529 0.2208 0.3419 0.3000 0.3040 0.1960
0 0.6972 0.1624 0.8855 0.1762 0.8817 0.2788 0.6934 0.2650
0 0.2170 0.6352 0.1128 0.5085 0.1876 0.3880 0.2918 0.5147
1 0.1530 0.8799 0.1694 0.8992 0.1641 0.9081 0.1477 0.8888
1 0.0190 0.2921 0.0294 0.2659 0.0367 0.2715 0.0263 0.2977
1 0.8491 0.9148 0.8491 0.9496 0.8457 0.9496 0.8457 0.9148
1 0.0302 0.8856 0.0343 0.8819 0.0506 0.9172 0.0466 0.9209
2 0.6797 0.6420 0.6969 0.7461 0.6537 0.7600 0.6366 0.6559
2 0.6180 0.3090 0.6380 0.3424 0.4397 0.5754 0.4197 0.5420
2 0.5597 0.6495 0.6145 0.4386 0.7109 0.4877 0.6561 0.6986
2 0.6237 0.4685 0.8605 0.4278 0.8740 0.5823 0.6372 0.6230
3 0.0735 0.7565 0.0588 0.7689 0.0139 0.6643 0.0286 0.6519
3 0.6814 0.0494 0.6876 0.0379 0.7291 0.0818 0.7230 0.0933
3 0.0102 0.6381 0.0162 0.5694 0.0281 0.5715 0.0221 0.6402
3 0.7020 0.7962 0.6565 0.8873 0.6420 0.8730 0.6875 0.7819
4 0.2607 0.0211 0.2661 0.0328 0.2479 0.0493 0.2425 0.0376
4 0.7650 0.1368 0.7740 0.1459 0.7707 0.1524 0.7617 0.1433
4 0.9687 0.9198 0.9632 0.9248 0.9387 0.8722 0.9443 0.8672
4 0.2827 0.2713 0.2773 0.2684 0.2831 0.2475 0.2884 0.2504
6 0.6083 0.2528 0.6083 0.5204 0.5120 0.5204 0.5120 0.2528
6 0.0628 0.8287 0.1207 0.8415 0.1115 0.9229 0.0536 0.9101
6 0.1076 0.4447 0.1585 0.3827 0.2475 0.5261 0.1966 0.5881
6 0.3262 0.5598 0.3424 0.6387 0.2858 0.6614 0.2696 0.5825
7 0.5993 0.6401 0.5881 0.6311 0.6010 0.5999 0.6121 0.6089
7 0.3278 0.8079 0.3746 0.8690 0.3257 0.9425 0.2789 0.8814
7 0.2727 0.3383 0.2661 0.3509 0.2236 0.3077 0.2302 0.2951
7 0.5956 0.7669 0.5916 0.7802 0.5681 0.7663 0.5722 0.7530
9 0.5959 0.0904 0.6538 0.2493 0.6275 0.2680 0.5697 0.1091
9 0.2892 0.6545 0.2722 0.6165 0.3679 0.5327 0.3849 0.5707
9 0.4055 0.2984 0.3545 0.2484 0.4387 0.0800 0.4898 0.1300
9 0.3684 0.1937 0.3600 0.1423 0.4516 0.1127 0.4600 0.1641
12 0.8307 0.5475 0.8135 0.5549 0.7944 0.4677 0.8117 0.4603
12 0.4232 0.4694 0.4555 0.5939 0.4314 0.6062 0.3990 0.4817
12 0.7024 0.8166 0.6866 0.8741 0.4033 0.7218 0.4191 0.6643
12 0.5669 0.6639 0.5883 0.6725 0.5371 0.9225 0.5157 0.9139
13 0.5982 0.4051 0.6043 0.4275 0.6001 0.4297 0.5939 0.4073
13 0.8617 0.4108 0.8962 0.3951 0.9106 0.4572 0.8761 0.4729
13 0.0715 0.4727 0.0820 0.4885 0.0479 0.5329 0.0374 0.5171
13 0.6502 0.1253 0.6650 0.1072 0.6744 0.1223 0.6595 0.1404
15 0.4552 0.2784 0.3555 0.3836 0.3111 0.3012 0.4108 0.1960
15 0.4602 0.3763 0.5149 0.3438 0.5323 0.4013 0.4776 0.4338
15 0.6311 0.3405 0.6202 0.2963 0.6526 0.2807 0.6635 0.3249
15 0.4887 0.1981 0.4228 0.2729 0.3739 0.1883 0.4398 0.1135
