0 0.7050 0.5883 0.7912 0.6608 0.7164 0.8349 0.6302 0.7624
0 0.7452 0.4929 0.7268 0.5825 0.3728 0.4403 0.3912 0.3507
0 0.4153 0.8543 0.3196 0.9380 0.2467 0.7749 0.3424 0.6912
0 0.3008 0.6201 0.2726 0.4171 0.6178 0.3231 0.6460 0.5261
1 0.4596 0.4007 0.4610 0.4042 0.4452 0.4165 0.4439 0.4130
1 0.1296 0.5338 0.1283 0.5183 0.1544 0.5138 0.1557 0.5293
1 0.4927 0.5549 0.4908 0.5538 0.5008 0.5211 0.5026 0.5222
1 0.8411 0.5003 0.8510 0.5023 0.8404 0.6081 0.8305 0.6061
2 0.5967 0.7890 0.5655 0.7898 0.5610 0.4274 0.5922 0.4266
2 0.6053 0.4462 0.6013 0.1262 0.6490 0.1250 0.6530 0.4450
2 0.6976 0.9583 0.7030 0.9671 0.6769 0.9977 0.6716 0.9889
2 0.9012 0.5725 0.8456 0.5876 0.8408 0.5531 0.8964 0.5380
3 0.3559 0.4305 0.3205 0.3078 0.3358 0.2991 0.3713 0.4218
3 0.4234 0.2371 0.4984 0.1579 0.5081 0.1757 0.4330 0.2549
3 0.8247 0.9529 0.7377 0.9012 0.7441 0.8799 0.8312 0.9316
3 0.7129 0.7298 0.6677 0.6855 0.6766 0.6678 0.7217 0.7121
4 0.4485 0.2612 0.4557 0.2404 0.4704 0.2504 0.4631 0.2712
4 0.4424 0.5899 0.4553 0.5934 0.4539 0.6033 0.4410 0.5998
4 0.5157 0.5933 0.4968 0.5842 0.5071 0.5423 0.5260 0.5514
4 0.8259 0.4968 0.8280 0.4787 0.8429 0.4820 0.8409 0.5001
6 0.6440 0.1415 0.6193 0.2158 0.5660 0.1809 0.5907 0.1066
6 0.5362 0.5719 0.5596 0.6333 0.5301 0.6553 0.5067 0.5939
6 0.5797 0.2981 0.6044 0.2238 0.6578 0.2587 0.6330 0.3330
6 0.4656 0.1902 0.4830 0.0990 0.6141 0.1482 0.5967 0.2394
7 0.8725 0.7351 0.8800 0.7091 0.9624 0.7557 0.9549 0.7817
7 0.8261 0.0736 0.8367 0.0434 0.8896 0.0796 0.8790 0.1098
7 0.1817 0.0926 0.1726 0.0830 0.1906 0.0494 0.1997 0.0590
7 0.5859 0.7674 0.5794 0.7897 0.5484 0.7722 0.5549 0.7499
9 0.5316 0.1665 0.5343 0.0946 0.6553 0.1035 0.6526 0.1754
9 0.5045 0.3784 0.5280 0.2831 0.6849 0.3588 0.6615 0.4541
9 0.5358 0.5502 0.5326 0.6373 0.3859 0.6266 0.3892 0.5395
9 0.6330 0.6280 0.5477 0.5413 0.5730 0.4924 0.6583 0.5791
12 0.1597 0.2781 0.1563 0.2473 0.3397 0.2067 0.3432 0.2375
12 0.3336 0.3286 0.3486 0.3483 0.2781 0.4542 0.2631 0.4345
12 0.1779 0.9730 0.1832 0.9195 0.2090 0.9246 0.2036 0.9781
12 0.5113 0.6988 0.5538 0.4186 0.5787 0.4260 0.5362 0.7062
13 0.0190 0.0960 0.0292 0.1142 0.0253 0.1184 0.0151 0.1002
13 0.2539 0.6087 0.2552 0.6363 0.2410 0.6377 0.2396 0.6101
13 0.5005 0.9672 0.5074 0.9571 0.5152 0.9676 0.5083 0.9777
13 0.3237 0.2092 0.3177 0.1956 0.3429 0.1736 0.3489 0.1872
15 0.2507 0.9018 0.2153 0.9878 0.1559 0.9398 0.1913 0.8538
15 0.7475 0.2752 0.7958 0.3477 0.7457 0.4132 0.6973 0.3407
15 0.9523 0.2706 0.9877 0.3934 0.9340 0.4238 0.8985 0.3010
15 0.8495 0.1467 0.9484 0.1944 0.9217 0.3029 0.8228 0.2552
