0 0.0520 0.6907 0.1070 0.5720 0.1969 0.6537 0.1418 0.7724
0 0.9907 0.3197 0.9435 0.4441 0.8153 0.3487 0.8625 0.2243
0 0.2917 0.3876 0.3565 0.2170 0.4572 0.2920 0.3924 0.4626
0 0.0491 0.5811 0.2440 0.2560 0.3486 0.3789 0.1537 0.7040
1 0.4481 0.7057 0.4450 0.7133 0.3947 0.6727 0.3979 0.6651
1 0.9791 0.6486 0.9551 0.6336 0.9586 0.6226 0.9826 0.6376
1 0.2521 0.1074 0.2489 0.1125 0.2262 0.0850 0.2294 0.0799
1 0.5719 0.0991 0.5812 0.0939 0.6098 0.1929 0.6005 0.1981
2 0.5615 0.2426 0.5148 0.2213 0.5242 0.1806 0.5709 0.2019
2 0.1594 0.5379 0.2275 0.5123 0.2481 0.6197 0.1799 0.6453
2 0.6669 0.0820 0.6605 0.1844 0.5717 0.1736 0.5781 0.0712
2 0.3566 0.0056 0.3583 0.0157 0.3288 0.0252 0.3271 0.0151
3 0.1812 0.8365 0.1053 0.8040 0.1105 0.7803 0.1864 0.8128
3 0.1980 0.3038 0.1884 0.3089 0.1697 0.2406 0.1793 0.2355
3 0.0614 0.4533 0.1164 0.4479 0.1175 0.4695 0.0625 0.4749
3 0.2136 0.2896 0.2683 0.2990 0.2664 0.3204 0.2117 0.3110
4 0.6321 0.4486 0.6449 0.4490 0.6448 0.4598 0.6319 0.4594
4 0.8860 0.0732 0.9037 0.0524 0.9114 0.0652 0.8937 0.0860
4 0.2907 0.6358 0.2899 0.6030 0.2979 0.6026 0.2987 0.6354
4 0.0342 0.1019 0.0398 0.0939 0.0529 0.1117 0.0474 0.1197
6 0.5875 0.1740 0.6330 0.2256 0.5960 0.2896 0.5504 0.2380
6 0.3085 0.2349 0.2657 0.1790 0.3058 0.1187 0.3486 0.1746
6 0.0618 0.9613 0.0016 0.9255 0.0102 0.8971 0.0704 0.9329
6 0.3267 0.1006 0.3065 0.1877 0.2856 0.1782 0.3058 0.0911
7 0.1640 0.0284 0.1643 0.0536 0.1143 0.0548 0.1140 0.0296
7 0.9284 0.7041 0.9069 0.7237 0.8756 0.6563 0.8971 0.6367
7 0.7430 0.3526 0.7480 0.3579 0.7376 0.3774 0.7325 0.3721
7 0.0077 0.4819 0.0416 0.4088 0.0572 0.4229 0.0233 0.4960
9 0.2008 0.8298 0.2150 0.7606 0.3315 0.8074 0.3173 0.8766
9 0.2341 0.6506 0.2655 0.6792 0.1927 0.8362 0.1613 0.8076
9 0.5315 0.4436 0.4161 0.4464 0.4156 0.4088 0.5310 0.4060
9 0.6964 0.1167 0.7341 0.1186 0.7308 0.2501 0.6931 0.2482
12 0.4972 0.3546 0.5272 0.3997 0.3053 0.6894 0.2753 0.6443
12 0.7577 0.3907 0.8049 0.5100 0.7889 0.5225 0.7417 0.4032
12 0.1333 0.4393 0.1281 0.4709 0.0482 0.4451 0.0534 0.4135
12 0.7886 0.4188 0.6810 0.4677 0.6742 0.4384 0.7818 0.3895
13 0.5393 0.8713 0.5336 0.8495 0.5382 0.8471 0.5438 0.8689
13 0.2653 0.7359 0.2373 0.8498 0.2321 0.8473 0.2601 0.7334
13 0.9751 0.4402 0.9640 0.4366 0.9694 0.4034 0.9806 0.4070
13 0.1834 0.1823 0.1671 0.1898 0.1657 0.1837 0.1820 0.1762
15 0.9385 0.4584 0.9483 0.5364 0.8898 0.5508 0.8800 0.4728
15 0.0661 0.1814 0.0428 0.1310 0.0802 0.0970 0.1035 0.1474
15 0.5777 0.6579 0.6339 0.6323 0.6489 0.6969 0.5927 0.7225
15 0.6696 0.6089 0.6314 0.5452 0.6655 0.5051 0.7037 0.5688
