0 0.7241 0.5578 0.6654 0.7193 0.4227 0.5462 0.4815 0.3847
0 0.5236 0.7370 0.7344 0.7318 0.7370 0.9382 0.5262 0.9434
0 0.7866 0.7829 0.7690 0.6435 0.8745 0.6175 0.8921 0.7569
0 0.7190 0.9021 0.6810 0.8472 0.8033 0.6819 0.8412 0.7368
1 0.0553 0.9753 0.0612 0.9528 0.0641 0.9543 0.0583 0.9768
1 0.4471 0.8259 0.4496 0.8239 0.4689 0.8725 0.4664 0.8745
1 0.0637 0.5906 0.0562 0.5646 0.0617 0.5614 0.0692 0.5874
1 0.6645 0.7497 0.6637 0.7410 0.7213 0.7311 0.7220 0.7398
2 0.0911 0.7430 0.0616 0.6712 0.0663 0.6674 0.0959 0.7392
2 0.7428 0.6602 0.7171 0.6341 0.7501 0.5706 0.7757 0.5967
2 0.6142 0.8444 0.6328 0.8311 0.6564 0.8960 0.6378 0.9093
2 0.0893 0.1574 0.1052 0.2721 0.0976 0.2742 0.0817 0.1595
3 0.1501 0.5179 0.1587 0.5387 0.1173 0.5721 0.1088 0.5513
3 0.1012 0.8037 0.0891 0.7947 0.1234 0.7043 0.1355 0.7133
3 0.4959 0.9036 0.5676 0.8767 0.5718 0.8988 0.5001 0.9257
3 0.4490 0.2773 0.4376 0.2880 0.3967 0.2031 0.4081 0.1924
4 0.4291 0.4744 0.4523 0.4789 0.4512 0.4900 0.4280 0.4855
4 0.4127 0.0624 0.4076 0.0455 0.4215 0.0372 0.4267 0.0541
4 0.3811 0.8889 0.3995 0.8815 0.4012 0.8899 0.3828 0.8973
4 0.0637 0.5517 0.0737 0.5439 0.0758 0.5491 0.0658 0.5569
6 0.2909 0.4812 0.2325 0.4741 0.2377 0.3920 0.2960 0.3991
6 0.7406 0.4944 0.7639 0.2288 0.8594 0.2452 0.8361 0.5108
6 0.7024 0.8076 0.5581 0.6321 0.6213 0.5304 0.7656 0.7059
6 0.7608 0.1655 0.8023 0.0911 0.9092 0.2081 0.8677 0.2825
7 0.3595 0.3162 0.3506 0.3353 0.2974 0.2870 0.3063 0.2679
7 0.2410 0.3519 0.2479 0.3223 0.3055 0.3485 0.2986 0.3781
7 0.7181 0.4009 0.7125 0.3720 0.7608 0.3539 0.7663 0.3828
7 0.8294 0.0393 0.8311 0.0215 0.8535 0.0259 0.8517 0.0437
9 0.3781 0.6894 0.3153 0.7361 0.2473 0.5570 0.3101 0.5103
9 0.6866 0.6043 0.6696 0.6576 0.5331 0.5725 0.5501 0.5192
9 0.1475 0.7715 0.0485 0.8837 0.0299 0.8517 0.1290 0.7395
9 0.2887 0.1882 0.2034 0.0645 0.2278 0.0314 0.3132 0.1551
12 0.4866 0.5098 0.4846 0.5169 0.3511 0.4414 0.3531 0.4343
12 0.2485 0.5657 0.2719 0.5490 0.3635 0.8007 0.3401 0.8174
12 0.7241 0.1031 0.7598 0.2403 0.7319 0.2545 0.6962 0.1173
12 0.8972 0.9042 0.8725 0.8825 0.8817 0.8618 0.9064 0.8835
13 0.5425 0.8076 0.5452 0.8207 0.5389 0.8232 0.5362 0.8101
13 0.1765 0.3738 0.1796 0.3901 0.1718 0.3930 0.1687 0.3767
13 0.8894 0.8315 0.8987 0.8368 0.8946 0.8509 0.8853 0.8456
13 0.1186 0.9398 0.1088 0.9201 0.1271 0.9022 0.1369 0.9219
15 0.7158 0.6546 0.7858 0.6702 0.7751 0.7650 0.7051 0.7494
15 0.8756 0.1605 0.8377 0.1016 0.8819 0.0459 0.9197 0.1048
15 0.2940 0.2811 0.3481 0.3518 0.3175 0.3977 0.2634 0.3270
15 0.1013 0.5984 0.0705 0.4732 0.1253 0.4468 0.1561 0.5720
