0 0.2284 0.0652 0.3658 0.1999 0.2456 0.4400 0.1082 0.3053
0 0.6979 0.4410 0.5699 0.3896 0.6421 0.0374 0.7701 0.0888
0 0.6581 0.0340 0.8529 0.3959 0.8073 0.4440 0.6125 0.0821
0 0.3288 0.2851 0.4621 0.3351 0.4326 0.4893 0.2993 0.4393
1 0.6335 0.8233 0.6324 0.8270 0.6157 0.8175 0.6168 0.8138
1 0.1899 0.2068 0.2052 0.2177 0.2038 0.2216 0.1885 0.2107
1 0.0996 0.8667 0.1115 0.8494 0.1138 0.8525 0.1019 0.8698
1 0.2294 0.7529 0.2267 0.7507 0.2360 0.7291 0.2387 0.7313
2 0.3014 0.4227 0.3234 0.4211 0.3269 0.5141 0.3049 0.5157
2 0.4373 0.6654 0.4626 0.6623 0.4638 0.6814 0.4385 0.6845
2 0.1111 0.8476 0.1284 0.8406 0.1354 0.8748 0.1181 0.8818
2 0.0519 0.2562 0.0609 0.2464 0.1278 0.3662 0.1188 0.3760
3 0.0880 0.6368 0.0356 0.5731 0.0443 0.5592 0.0967 0.6229
3 0.5352 0.9570 0.5344 0.9713 0.4826 0.9662 0.4833 0.9519
3 0.1761 0.3225 0.1297 0.3461 0.1256 0.3303 0.1720 0.3067
3 0.3933 0.5354 0.4149 0.6065 0.4007 0.6150 0.3791 0.5439
4 0.5257 0.5231 0.5421 0.5199 0.5443 0.5425 0.5279 0.5457
4 0.2823 0.4175 0.2620 0.4241 0.2597 0.4101 0.2800 0.4035
4 0.7653 0.6893 0.7745 0.6686 0.7833 0.6763 0.7740 0.6970
4 0.9028 0.0101 0.9072 0.0008 0.9224 0.0151 0.9179 0.0244
6 0.0302 0.6475 0.0973 0.6376 0.1115 0.8265 0.0444 0.8364
6 0.2594 0.7883 0.3023 0.7191 0.3189 0.7393 0.2760 0.8085
6 0.6383 0.7367 0.6843 0.8057 0.5851 0.9353 0.5391 0.8663
6 0.8421 0.5707 0.9046 0.5975 0.8982 0.6269 0.8356 0.6001
7 0.3843 0.1353 0.3838 0.1481 0.2883 0.1411 0.2887 0.1283
7 0.4168 0.8373 0.4391 0.8351 0.4397 0.8487 0.4175 0.8509
7 0.6663 0.5440 0.6530 0.6317 0.5828 0.6108 0.5962 0.5231
7 0.8861 0.8947 0.9435 0.9575 0.9250 0.9905 0.8676 0.9277
9 0.6638 0.6106 0.6696 0.6519 0.5464 0.6854 0.5407 0.6441
9 0.6467 0.0312 0.6690 0.0031 0.7530 0.1336 0.7307 0.1617
9 0.6539 0.7576 0.7624 0.7023 0.7715 0.7376 0.6631 0.7929
9 0.2455 0.5363 0.3652 0.5750 0.3576 0.6213 0.2379 0.5826
12 0.7222 0.1873 0.7073 0.1625 0.7701 0.0887 0.7850 0.1135
12 0.6179 0.5381 0.6128 0.5353 0.6644 0.3471 0.6695 0.3499
12 0.8426 0.8313 0.8228 0.8171 0.9071 0.5855 0.9269 0.5997
12 0.3727 0.9053 0.3610 0.9337 0.3053 0.8887 0.3170 0.8603
13 0.2699 0.1198 0.2741 0.1253 0.2641 0.1402 0.2599 0.1347
13 0.5404 0.1078 0.5328 0.0937 0.5410 0.0850 0.5486 0.0991
13 0.6807 0.4356 0.6768 0.4304 0.7850 0.2736 0.7889 0.2788
13 0.2395 0.7762 0.2335 0.7961 0.2182 0.7870 0.2242 0.7671
15 0.9567 0.3518 0.9644 0.3982 0.9310 0.4090 0.9233 0.3626
15 0.3336 0.3209 0.2791 0.3533 0.2601 0.2907 0.3146 0.2583
15 0.3511 0.4893 0.3462 0.4104 0.4054 0.4031 0.4104 0.4820
15 0.5816 0.6220 0.6274 0.5835 0.6510 0.6384 0.6052 0.6769
