2 0.4214 0.8115 0.5006 0.8115 0.5006 0.9833 0.4214 0.9833
7 0.8428 0.8123 0.9163 0.8123 0.9163 0.8764 0.8428 0.8764
7 0.2820 0.1834 0.3201 0.1834 0.3201 0.2518 0.2820 0.2518
7 0.8821 0.2035 0.9123 0.2035 0.9123 0.2531 0.8821 0.2531
7 0.7896 0.0295 0.8821 0.0295 0.8821 0.1484 0.7896 0.1484
7 0.2802 0.5053 0.5221 0.5053 0.5221 0.8221 0.2802 0.8221
7 0.3274 0.1317 0.3588 0.1317 0.3588 0.1787 0.3274 0.1787
13 0.5024 0.6969 0.5133 0.6969 0.5133 0.7118 0.5024 0.7118
7 0.6820 0.6182 0.7515 0.6182 0.7515 0.7332 0.6820 0.7332
7 0.4604 0.2411 0.5296 0.2411 0.5296 0.3501 0.4604 0.3501
7 0.6112 0.7909 0.6641 0.7909 0.6641 0.8970 0.6112 0.8970
7 0.3606 0.0056 0.3724 0.0056 0.3724 0.0244 0.3606 0.0244
7 0.1699 0.0372 0.1811 0.0372 0.1811 0.2022 0.1699 0.2022
13 0.2956 0.2591 0.3464 0.2591 0.3464 0.3339 0.2956 0.3339
7 0.9205 0.6768 0.9622 0.6768 0.9622 0.6947 0.9205 0.6947
4 0.1877 0.9393 0.2279 0.9393 0.2279 0.9957 0.1877 0.9957
7 0.2642 0.8388 0.3803 0.8388 0.3803 0.9722 0.2642 0.9722
7 0.7621 0.7106 0.8340 0.7106 0.8340 0.8166 0.7621 0.8166
4 0.9229 0.2360 0.9423 0.2360 0.9423 0.2693 0.9229 0.2693
7 0.0314 0.8397 0.0508 0.8397 0.0508 0.8615 0.0314 0.8615
13 0.6699 0.9000 0.6832 0.9000 0.6832 0.9098 0.6699 0.9098
7 0.3114 0.4703 0.3250 0.4703 0.3250 0.5002 0.3114 0.5002
13 0.7164 0.4352 0.7473 0.4352 0.7473 0.4677 0.7164 0.4677
15 0.8229 0.8397 0.8730 0.8397 0.8730 0.9072 0.8229 0.9072
7 0.0196 0.5434 0.0741 0.5434 0.0741 0.6806 0.0196 0.6806
2 0.0865 0.5199 0.1421 0.5199 0.1421 0.6088 0.0865 0.6088
7 0.1790 0.3912 0.1844 0.3912 0.1844 0.4091 0.1790 0.4091
2 0.0668 0.4241 0.1152 0.4241 0.1152 0.5173 0.0668 0.5173
13 0.4199 0.2847 0.4326 0.2847 0.4326 0.2993 0.4199 0.2993
15 0.4371 0.3326 0.4864 0.3326 0.4864 0.3938 0.4371 0.3938
7 0.5635 0.3848 0.6793 0.3848 0.6793 0.4895 0.5635 0.4895
7 0.0768 0.4190 0.1001 0.4190 0.1001 0.4506 0.0768 0.4506
13 0.8210 0.3861 0.8582 0.3861 0.8582 0.4660 0.8210 0.4660
7 0.5795 0.7413 0.6028 0.7413 0.6028 0.7559 0.5795 0.7559
9 0.6926 0.1201 0.8727 0.1201 0.8727 0.2454 0.6926 0.2454
7 0.8343 0.1629 0.8492 0.1629 0.8492 0.1736 0.8343 0.1736
4 0.1781 0.9483 0.1859 0.9483 0.1859 0.9585 0.1781 0.9585
13 0.0203 0.8448 0.0698 0.8448 0.0698 0.8897 0.0203 0.8897
7 0.7521 0.3155 0.7799 0.3155 0.7799 0.3497 0.7521 0.3497
7 0.0738 0.3023 0.0937 0.3023 0.0937 0.3177 0.0738 0.3177
7 0.1360 0.5797 0.2113 0.5797 0.2113 0.6037 0.1360 0.6037
7 0.0200 0.8777 0.0372 0.8777 0.0372 0.9102 0.0200 0.9102
4 0.8316 0.7832 0.8579 0.7832 0.8579 0.8799 0.8316 0.8799
13 0.2935 0.8782 0.2987 0.8782 0.2987 0.8884 0.2935 0.8884
13 0.8292 0.9333 0.8700 0.9333 0.8700 0.9714 0.8292 0.9714
