2 0.4311 0.9179 0.5184 0.9179 0.5184 0.9761 0.4311 0.9761
7 0.9302 0.1018 0.9426 0.1018 0.9426 0.1458 0.9302 0.1458
7 0.3002 0.6832 0.3253 0.6832 0.3253 0.7358 0.3002 0.7358
2 0.2839 0.6845 0.3189 0.6845 0.3189 0.7354 0.2839 0.7354
2 0.2095 0.4066 0.4265 0.4066 0.4265 0.5156 0.2095 0.5156
15 0.3691 0.5532 0.4117 0.5532 0.4117 0.6221 0.3691 0.6221
7 0.8159 0.0188 0.8271 0.0188 0.8271 0.0278 0.8159 0.0278
7 0.6648 0.1240 0.7050 0.1240 0.7050 0.2022 0.6648 0.2022
2 0.1499 0.4151 0.2007 0.4151 0.2007 0.4818 0.1499 0.4818
4 0.0895 0.2740 0.1007 0.2740 0.1007 0.2907 0.0895 0.2907
7 0.7294 0.2835 0.7941 0.2835 0.7941 0.3754 0.7294 0.3754
7 0.6617 0.5331 0.7080 0.5331 0.7080 0.6054 0.6617 0.6054
7 0.0154 0.6665 0.0484 0.6665 0.0484 0.7217 0.0154 0.7217
2 0.0895 0.7131 0.2388 0.7131 0.2388 0.9431 0.0895 0.9431
7 0.4955 0.2993 0.5441 0.2993 0.5441 0.3514 0.4955 0.3514
7 0.3836 0.5442 0.4005 0.5442 0.4005 0.5917 0.3836 0.5917
13 0.8969 0.5276 0.9401 0.5276 0.9401 0.6144 0.8969 0.6144
7 0.6215 0.5879 0.6357 0.5879 0.6357 0.6080 0.6215 0.6080
13 0.7784 0.0457 0.8059 0.0457 0.8059 0.0778 0.7784 0.0778
13 0.7488 0.0081 0.7709 0.0081 0.7709 0.1189 0.7488 0.1189
3 0.2340 0.3989 0.2576 0.3989 0.2576 0.4404 0.2340 0.4404
7 0.3413 0.4173 0.3945 0.4173 0.3945 0.4870 0.3413 0.4870
2 0.1457 0.2540 0.2633 0.2540 0.2633 0.4416 0.1457 0.4416
0 0.6862 0.1231 0.9420 0.1231 0.9420 0.7901 0.6862 0.7901
7 0.1279 0.0915 0.2170 0.0915 0.2170 0.1744 0.1279 0.1744
2 0.7896 0.5626 0.8851 0.5626 0.8851 0.7708 0.7896 0.7708
7 0.2034 0.8089 0.2736 0.8089 0.2736 0.9611 0.2034 0.9611
7 0.6917 0.4626 0.7056 0.4626 0.7056 0.4823 0.6917 0.4823
4 0.3625 0.5571 0.3718 0.5571 0.3718 0.5823 0.3625 0.5823
7 0.4486 0.4570 0.4716 0.4570 0.4716 0.4681 0.4486 0.4681
7 0.5683 0.7341 0.5846 0.7341 0.5846 0.7738 0.5683 0.7738
7 0.6351 0.4357 0.6569 0.4357 0.6569 0.4797 0.6351 0.4797
0 0.3443 0.8008 0.4498 0.8008 0.4498 0.9671 0.3443 0.9671
7 0.1348 0.5421 0.1515 0.5421 0.1515 0.5669 0.1348 0.5669
7 0.7524 0.0564 0.8241 0.0564 0.8241 0.1526 0.7524 0.1526
7 0.3770 0.6152 0.4350 0.6152 0.4350 0.7076 0.3770 0.7076
7 0.7663 0.7482 0.8510 0.7482 0.8510 0.7914 0.7663 0.7914
1 0.2700 0.5870 0.3334 0.5870 0.3334 0.6768 0.2700 0.6768
13 0.2364 0.8033 0.2636 0.8033 0.2636 0.8568 0.2364 0.8568
7 0.3745 0.1928 0.4008 0.1928 0.4008 0.2262 0.3745 0.2262
2 0.6022 0.6084 0.6306 0.6084 0.6306 0.6366 0.6022 0.6366
15 0.8773 0.5002 0.9888 0.5002 0.9888 0.6764 0.8773 0.6764
7 0.3924 0.8521 0.5254 0.8521 0.5254 0.9722 0.3924 0.9722
15 0.5553 0.3643 0.6333 0.3643 0.6333 0.4733 0.5553 0.4733
15 0.0384 0.5703 0.1022 0.5703 0.1022 0.6610 0.0384 0.6610
