0 0.4046 0.5437 0.2963 0.4631 0.4094 0.1651 0.5177 0.2457
0 0.8092 0.8770 0.6457 0.5618 0.7333 0.4726 0.8969 0.7878
0 0.7886 0.1075 0.8111 0.2697 0.5674 0.3361 0.5449 0.1739
0 0.4816 0.8345 0.3750 0.8135 0.3855 0.7091 0.4921 0.7301
1 0.9428 0.0490 0.9430 0.0532 0.9020 0.0562 0.9019 0.0520
1 0.8749 0.9536 0.8748 0.9562 0.8514 0.9544 0.8515 0.9518
1 0.1816 0.5104 0.2152 0.5591 0.1524 0.6440 0.1188 0.5953
1 0.4386 0.5572 0.4377 0.5632 0.3980 0.5524 0.3988 0.5464
2 0.9516 0.4791 0.9666 0.5987 0.9176 0.6109 0.9025 0.4913
2 0.0507 0.2372 0.0022 0.1861 0.0739 0.0528 0.1224 0.1039
2 0.2780 0.6204 0.3734 0.6638 0.3126 0.9260 0.2171 0.8826
2 0.3138 0.1313 0.3116 0.0865 0.3350 0.0843 0.3373 0.1291
3 0.0932 0.4654 0.1044 0.4711 0.0839 0.5498 0.0728 0.5441
3 0.5601 0.7126 0.5385 0.6984 0.5665 0.6142 0.5881 0.6284
3 0.5994 0.6858 0.5934 0.6758 0.6295 0.6334 0.6355 0.6434
3 0.2921 0.4529 0.2919 0.4725 0.2208 0.4707 0.2210 0.4511
4 0.4494 0.6538 0.4515 0.6491 0.4606 0.6570 0.4585 0.6617
4 0.6135 0.5081 0.6062 0.4109 0.6131 0.4099 0.6204 0.5071
4 0.1415 0.7759 0.1210 0.7945 0.1142 0.7797 0.1347 0.7611
4 0.9409 0.4141 0.9620 0.4068 0.9646 0.4211 0.9434 0.4284
6 0.2397 0.2187 0.2671 0.2779 0.1820 0.3553 0.1546 0.2961
6 0.0516 0.9478 0.0283 0.9782 0.0064 0.9454 0.0297 0.9150
6 0.1684 0.9158 0.1153 0.9521 0.0893 0.8774 0.1424 0.8411
6 0.1536 0.6662 0.1672 0.7250 0.1390 0.7378 0.1254 0.6790
7 0.8695 0.1054 0.8422 0.1020 0.8482 0.0058 0.8755 0.0092
7 0.9374 0.3441 0.9076 0.3345 0.9183 0.2695 0.9481 0.2791
7 0.2444 0.1007 0.2646 0.1271 0.2130 0.2045 0.1928 0.1781
7 0.9493 0.9948 0.9171 0.9709 0.9513 0.8808 0.9835 0.9047
9 0.6435 0.7821 0.6332 0.8356 0.5380 0.7999 0.5482 0.7464
9 0.0984 0.3721 0.0888 0.3984 0.0225 0.3511 0.0320 0.3248
12 0.2933 0.0634 0.3292 0.0451 0.3301 0.0486 0.2943 0.0669
12 0.0242 0.7244 0.0316 0.7464 0.0218 0.7528 0.0144 0.7308
12 0.4280 0.1002 0.4271 0.0248 0.7968 0.0158 0.7978 0.0912
13 0.1062 0.3162 0.0759 0.2723 0.0884 0.2554 0.1187 0.2993
13 0.4268 0.5668 0.4475 0.5938 0.4392 0.6064 0.4185 0.5794
13 0.3073 0.1323 0.3206 0.1346 0.3182 0.1621 0.3048 0.1598
13 0.1264 0.3163 0.1361 0.3751 0.1145 0.3821 0.1048 0.3233
15 0.8552 0.2946 0.8472 0.3289 0.8140 0.3138 0.8219 0.2795
15 0.9943 0.7057 0.9382 0.7002 0.9420 0.6243 0.9980 0.6298
15 0.9837 0.8119 0.9792 0.8482 0.9400 0.8385 0.9445 0.8022
