0 0.6509 0.4877 0.5943 0.4877 0.5943 0.2547 0.6509 0.2547
0 0.8889 0.5389 0.8802 0.8860 0.7068 0.8775 0.7155 0.5304
0 0.4142 0.3550 0.4813 0.3151 0.5224 0.4506 0.4553 0.4905
0 0.5050 0.7031 0.5663 0.7920 0.5184 0.8569 0.4571 0.7680
1 0.6950 0.4296 0.7140 0.4220 0.7147 0.4256 0.6958 0.4332
1 0.2105 0.8610 0.1922 0.8084 0.2598 0.7622 0.2781 0.8148
1 0.6950 0.4967 0.6992 0.4970 0.6978 0.5337 0.6937 0.5334
1 0.2535 0.9594 0.2374 0.9758 0.2194 0.9410 0.2355 0.9246
2 0.6669 0.1233 0.6458 0.1788 0.6311 0.1679 0.6522 0.1124
2 0.4083 0.3790 0.4069 0.3849 0.3897 0.3770 0.3911 0.3711
2 0.2963 0.4595 0.3121 0.4979 0.2291 0.5649 0.2133 0.5265
2 0.4554 0.1621 0.4258 0.2472 0.3968 0.2275 0.4265 0.1424
3 0.1938 0.3124 0.0907 0.4213 0.0770 0.3960 0.1802 0.2871
3 0.6565 0.7250 0.6454 0.7197 0.6647 0.6414 0.6757 0.6467
3 0.2446 0.3081 0.2344 0.3192 0.1940 0.2467 0.2042 0.2356
3 0.8429 0.1090 0.8380 0.1229 0.7848 0.0866 0.7897 0.0727
4 0.3771 0.2016 0.3676 0.1804 0.3755 0.1736 0.3849 0.1948
4 0.4812 0.1751 0.4676 0.2057 0.4571 0.1965 0.4707 0.1659
4 0.2334 0.6787 0.2368 0.6699 0.2543 0.6829 0.2510 0.6917
4 0.9526 0.3911 0.9673 0.4138 0.9619 0.4205 0.9473 0.3978
6 0.2975 0.7243 0.2627 0.7294 0.2619 0.7181 0.2967 0.7130
6 0.5276 0.9961 0.4882 0.9390 0.5292 0.8835 0.5686 0.9406
6 0.8894 0.6221 0.9337 0.5399 0.9732 0.5815 0.9289 0.6637
6 0.0269 0.4918 0.0801 0.5459 0.0671 0.5710 0.0139 0.5169
7 0.0420 0.3650 0.0581 0.3678 0.0569 0.3814 0.0408 0.3786
7 0.4509 0.9115 0.4209 0.9293 0.3925 0.8357 0.4225 0.8179
7 0.8142 0.2661 0.8394 0.2598 0.8553 0.3855 0.8300 0.3918
7 0.1548 0.0511 0.1557 0.0690 0.1200 0.0725 0.1191 0.0546
9 0.3748 0.6283 0.3917 0.5667 0.4932 0.6213 0.4763 0.6829
9 0.0826 0.5837 0.0709 0.8182 0.0316 0.8143 0.0434 0.5798
9 0.7216 0.3452 0.7700 0.3219 0.8092 0.4816 0.7609 0.5049
12 0.8977 0.8172 0.9422 0.6702 0.9626 0.6824 0.9181 0.8294
12 0.5762 0.0196 0.5781 0.0367 0.2747 0.1040 0.2727 0.0869
12 0.3229 0.8941 0.2894 0.7653 0.3156 0.7519 0.3491 0.8807
13 0.9635 0.4813 0.9557 0.4642 0.9639 0.4567 0.9718 0.4738
13 0.9188 0.1143 0.9200 0.1119 0.9584 0.1509 0.9571 0.1533
13 0.2522 0.1781 0.2562 0.1776 0.2566 0.1839 0.2527 0.1844
13 0.0215 0.1312 0.0169 0.1337 0.0122 0.1164 0.0168 0.1139
15 0.2195 0.6965 0.1702 0.7244 0.1565 0.6771 0.2058 0.6492
15 0.5310 0.5796 0.5954 0.5254 0.6252 0.5948 0.5608 0.6490
15 0.5493 0.2602 0.5082 0.2006 0.5490 0.1454 0.5901 0.2050
