0 0.5965 0.4218 0.9287 0.5038 0.9023 0.7134 0.5702 0.6314
0 0.0287 0.1199 0.0781 0.1437 0.0684 0.1833 0.0190 0.1595
0 0.3956 0.0318 0.5395 0.5066 0.3867 0.5974 0.2428 0.1226
0 0.8609 0.2121 0.5839 0.1986 0.5882 0.0239 0.8653 0.0374
1 0.9050 0.1451 0.9064 0.1474 0.8850 0.1725 0.8836 0.1702
1 0.4951 0.6622 0.4986 0.6739 0.4215 0.7198 0.4180 0.7081
1 0.6265 0.2998 0.6296 0.2827 0.7232 0.3154 0.7202 0.3325
1 0.1605 0.9370 0.1718 0.9014 0.1801 0.9066 0.1688 0.9422
2 0.8351 0.2668 0.8413 0.2607 0.8592 0.2964 0.8530 0.3025
2 0.0037 0.4283 0.1723 0.4283 0.1723 0.4697 0.0037 0.4697
2 0.3008 0.7579 0.3318 0.8044 0.2569 0.9021 0.2259 0.8556
2 0.2072 0.4895 0.2033 0.6457 0.1373 0.6425 0.1412 0.4863
3 0.6655 0.8659 0.6652 0.8922 0.5625 0.8897 0.5628 0.8634
3 0.6450 0.3605 0.5625 0.3788 0.5596 0.3535 0.6421 0.3352
3 0.8821 0.9333 0.8766 0.9602 0.7713 0.9179 0.7768 0.8910
3 0.9277 0.0961 0.8917 0.0658 0.8969 0.0535 0.9329 0.0838
4 0.0179 0.4917 0.0324 0.4831 0.0387 0.5039 0.0242 0.5125
4 0.4274 0.9828 0.4346 0.9783 0.4383 0.9900 0.4311 0.9945
4 0.5496 0.6553 0.5459 0.6424 0.5624 0.6331 0.5661 0.6460
4 0.9248 0.8566 0.9577 0.8311 0.9589 0.8342 0.9260 0.8597
6 0.7688 0.8376 0.7739 0.8087 0.7949 0.8160 0.7898 0.8449
6 0.1532 0.1803 0.2177 0.2225 0.1571 0.4045 0.0925 0.3623
6 0.6882 0.8108 0.7087 0.7567 0.7347 0.7760 0.7141 0.8301
7 0.3270 0.6395 0.3394 0.6674 0.2619 0.7353 0.2494 0.7074
7 0.1325 0.0617 0.0937 0.0386 0.0986 0.0223 0.1375 0.0454
7 0.7310 0.7420 0.7299 0.7279 0.7510 0.7248 0.7521 0.7389
7 0.9470 0.1129 0.9371 0.1032 0.9470 0.0835 0.9569 0.0932
9 0.3933 0.8145 0.4046 0.7403 0.5295 0.7775 0.5183 0.8517
9 0.1521 0.8626 0.0196 0.7640 0.0391 0.7126 0.1715 0.8112
12 0.5481 0.9031 0.5481 0.9421 0.3345 0.9421 0.3345 0.9031
12 0.8627 0.3275 0.8849 0.2995 0.9398 0.3849 0.9176 0.4129
12 0.6570 0.9603 0.7652 0.9603 0.7652 0.9897 0.6570 0.9897
13 0.0028 0.7369 0.0115 0.7302 0.0183 0.7475 0.0097 0.7542
13 0.9500 0.2509 0.9379 0.2564 0.9360 0.2483 0.9481 0.2428
13 0.7665 0.3633 0.7900 0.3226 0.8261 0.3635 0.8025 0.4042
13 0.8875 0.8186 0.8910 0.8465 0.8857 0.8478 0.8822 0.8199
15 0.9588 0.5409 0.9786 0.5356 0.9837 0.5723 0.9639 0.5776
15 0.5543 0.8545 0.5484 0.7378 0.6495 0.7279 0.6553 0.8446
15 0.1198 0.5660 0.0839 0.6529 0.0462 0.6224 0.0821 0.5355
15 0.8959 0.9223 0.9227 0.8687 0.9629 0.9081 0.9361 0.9617
