0 0.6700 0.6799 0.7078 0.6836 0.6931 0.9761 0.6554 0.9724
0 0.8426 0.3691 0.7677 0.4602 0.6706 0.3037 0.7454 0.2126
0 0.4604 0.4219 0.4638 0.6954 0.2199 0.7013 0.2164 0.4278
1 0.5355 0.8354 0.5236 0.8533 0.5194 0.8478 0.5313 0.8299
1 0.9366 0.4583 0.9472 0.4773 0.9431 0.4817 0.9325 0.4627
1 0.1102 0.8717 0.1235 0.8542 0.1276 0.8603 0.1142 0.8778
1 0.4308 0.7931 0.4650 0.7802 0.4815 0.8665 0.4473 0.8794
2 0.1592 0.5653 0.1159 0.6017 0.0971 0.5579 0.1404 0.5215
2 0.8324 0.0110 0.8464 0.0496 0.8265 0.0638 0.8125 0.0252
2 0.5098 0.1737 0.4953 0.2493 0.4640 0.2375 0.4784 0.1619
2 0.9449 0.9722 0.9002 0.9554 0.9062 0.9242 0.9509 0.9410
3 0.1997 0.9624 0.2836 0.8999 0.2934 0.9256 0.2095 0.9881
3 0.4979 0.4936 0.5066 0.4898 0.5201 0.5516 0.5114 0.5554
3 0.1226 0.2872 0.1162 0.3074 0.0428 0.2616 0.0492 0.2414
3 0.5540 0.0923 0.5710 0.1809 0.5571 0.1861 0.5402 0.0975
4 0.8681 0.9072 0.8594 0.9002 0.8722 0.8692 0.8809 0.8762
4 0.6004 0.2739 0.5988 0.2842 0.5836 0.2797 0.5852 0.2694
4 0.0268 0.5484 0.0363 0.5390 0.0475 0.5612 0.0379 0.5706
4 0.7469 0.8341 0.7245 0.8181 0.7300 0.8031 0.7523 0.8191
6 0.9139 0.5826 0.9162 0.5214 0.9263 0.5222 0.9241 0.5834
6 0.2190 0.4173 0.2099 0.3271 0.3396 0.3015 0.3486 0.3917
6 0.3726 0.8869 0.3357 0.8435 0.3668 0.7915 0.4038 0.8349
7 0.5582 0.4274 0.5906 0.3519 0.6067 0.3654 0.5743 0.4409
7 0.5782 0.7491 0.5918 0.7474 0.5924 0.7557 0.5787 0.7574
7 0.5525 0.3090 0.5446 0.3072 0.5475 0.2814 0.5554 0.2832
7 0.5176 0.1759 0.5330 0.1596 0.5361 0.1653 0.5207 0.1816
9 0.2646 0.2900 0.2336 0.2366 0.3700 0.0820 0.4009 0.1354
9 0.8287 0.8581 0.7862 0.7664 0.9373 0.6291 0.9798 0.7208
9 0.5382 0.7874 0.6018 0.7619 0.6438 0.9670 0.5802 0.9925
9 0.5610 0.4690 0.5861 0.5231 0.5598 0.5470 0.5348 0.4929
12 0.6404 0.0196 0.6650 0.1812 0.6433 0.1876 0.6188 0.0260
12 0.6671 0.1368 0.7002 0.1278 0.7041 0.1556 0.6709 0.1646
12 0.9632 0.0450 0.9585 0.0761 0.8782 0.0522 0.8829 0.0211
12 0.1329 0.4884 0.1137 0.4770 0.1397 0.3912 0.1589 0.4026
13 0.4954 0.9481 0.4902 0.9389 0.5043 0.9235 0.5095 0.9327
13 0.9382 0.1799 0.9432 0.1842 0.8546 0.3825 0.8497 0.3782
13 0.5276 0.4837 0.5093 0.4833 0.5113 0.3299 0.5295 0.3303
13 0.3036 0.7583 0.3050 0.7500 0.3115 0.7521 0.3101 0.7604
15 0.5996 0.6156 0.6593 0.5571 0.6835 0.6056 0.6239 0.6641
15 0.6240 0.2928 0.6028 0.2728 0.6217 0.2336 0.6429 0.2536
15 0.0758 0.6990 0.1047 0.7898 0.0508 0.8234 0.0219 0.7326
15 0.9094 0.5640 0.8672 0.6086 0.8337 0.5464 0.8760 0.5018
