0 0.5867 0.8513 0.3582 0.8176 0.3624 0.7611 0.5910 0.7948
0 0.7006 0.0777 0.7691 0.0502 0.7803 0.1051 0.7118 0.1326
0 0.4336 0.6954 0.4179 0.6436 0.4458 0.6270 0.4615 0.6788
0 0.8875 0.2686 0.9112 0.3433 0.8463 0.3838 0.8225 0.3091
1 0.6395 0.2113 0.6368 0.2006 0.6905 0.1747 0.6932 0.1854
1 0.2652 0.3004 0.2522 0.3505 0.1876 0.3176 0.2007 0.2675
1 0.1633 0.3600 0.1399 0.3531 0.1416 0.3424 0.1649 0.3493
1 0.1297 0.4275 0.1387 0.4384 0.0837 0.5269 0.0748 0.5160
2 0.1469 0.4022 0.1240 0.4229 0.1126 0.3982 0.1354 0.3775
2 0.7255 0.3363 0.7494 0.5087 0.5356 0.5669 0.5117 0.3945
2 0.0277 0.1720 0.0254 0.1483 0.0677 0.1400 0.0701 0.1637
2 0.2972 0.6993 0.2800 0.6648 0.3282 0.6175 0.3455 0.6520
3 0.9511 0.3482 0.9314 0.3408 0.9583 0.2002 0.9780 0.2076
3 0.8778 0.5987 0.8706 0.6108 0.8267 0.5593 0.8340 0.5472
3 0.5323 0.1255 0.5282 0.1440 0.4611 0.1153 0.4652 0.0968
3 0.7288 0.2609 0.8002 0.2415 0.8040 0.2695 0.7327 0.2889
4 0.0198 0.6762 0.0182 0.6821 0.0145 0.6802 0.0161 0.6743
4 0.0723 0.8471 0.0795 0.8534 0.0669 0.8817 0.0596 0.8754
4 0.4718 0.5211 0.4740 0.5412 0.4428 0.5481 0.4405 0.5280
4 0.3410 0.0922 0.3303 0.1985 0.3167 0.1958 0.3274 0.0895
6 0.6975 0.6239 0.6755 0.6796 0.6487 0.6589 0.6708 0.6032
6 0.8284 0.9103 0.7726 0.9650 0.7334 0.8865 0.7891 0.8318
6 0.1770 0.0896 0.1758 0.1821 0.1536 0.1816 0.1548 0.0891
7 0.8055 0.1002 0.7860 0.0850 0.8073 0.0310 0.8269 0.0462
7 0.8630 0.4314 0.8704 0.4481 0.8213 0.4910 0.8139 0.4743
7 0.2059 0.9896 0.1865 0.9720 0.2298 0.8788 0.2492 0.8964
7 0.7722 0.7194 0.7586 0.7163 0.7646 0.6626 0.7783 0.6657
9 0.7858 0.7606 0.7837 0.7044 0.8837 0.6970 0.8858 0.7532
9 0.3227 0.3398 0.3490 0.2642 0.4761 0.3510 0.4498 0.4266
9 0.1595 0.8123 0.1832 0.8652 0.1062 0.9325 0.0826 0.8796
12 0.0811 0.9550 0.0890 0.9408 0.1258 0.9810 0.1179 0.9952
12 0.2474 0.4523 0.2669 0.4523 0.2669 0.5489 0.2474 0.5489
12 0.0672 0.0191 0.0935 0.0573 0.0751 0.0821 0.0488 0.0439
13 0.7146 0.5905 0.7230 0.5903 0.7232 0.6039 0.7147 0.6041
13 0.2225 0.6038 0.2177 0.6024 0.2227 0.5698 0.2274 0.5712
13 0.5931 0.1253 0.5960 0.1087 0.6040 0.1115 0.6011 0.1281
13 0.1965 0.7454 0.1908 0.7375 0.1972 0.7282 0.2030 0.7361
15 0.0795 0.5977 0.0708 0.6552 0.0274 0.6423 0.0361 0.5848
15 0.2752 0.4001 0.2464 0.4317 0.2191 0.3827 0.2479 0.3511
15 0.9371 0.5362 0.9111 0.5143 0.9318 0.4662 0.9577 0.4881
15 0.6282 0.9020 0.6620 0.8747 0.6758 0.9080 0.6420 0.9353
