0 0.4085 0.7892 0.6249 0.7998 0.6229 0.8800 0.4065 0.8694
0 0.9234 0.7870 0.7811 0.5656 0.8523 0.4758 0.9947 0.6972
0 0.3404 0.3597 0.5211 0.1319 0.5944 0.2459 0.4137 0.4737
0 0.0679 0.5385 0.0668 0.4502 0.2272 0.4463 0.2284 0.5346
1 0.0026 0.3074 0.0049 0.3062 0.0103 0.3270 0.0080 0.3282
1 0.9190 0.4594 0.9204 0.4614 0.9116 0.4738 0.9102 0.4718
1 0.5051 0.6580 0.5060 0.6524 0.5289 0.6592 0.5280 0.6648
1 0.3441 0.0709 0.3435 0.0762 0.3205 0.0711 0.3211 0.0658
2 0.0585 0.7260 0.0823 0.8504 0.0312 0.8696 0.0074 0.7452
2 0.9789 0.4446 0.9619 0.4416 0.9640 0.4178 0.9810 0.4208
2 0.3578 0.7818 0.2975 0.8860 0.2137 0.7910 0.2740 0.6868
2 0.6342 0.2511 0.6489 0.3333 0.6123 0.3461 0.5977 0.2639
3 0.6552 0.9250 0.6365 0.8023 0.6531 0.7974 0.6717 0.9201
3 0.7064 0.7316 0.7215 0.8309 0.7016 0.8368 0.6865 0.7375
3 0.9688 0.2552 0.9157 0.2421 0.9180 0.2236 0.9712 0.2367
3 0.5787 0.0270 0.5878 0.0543 0.5335 0.0898 0.5244 0.0625
4 0.7629 0.0744 0.7726 0.0793 0.7706 0.0872 0.7608 0.0823
4 0.4927 0.0286 0.4783 0.0474 0.4713 0.0370 0.4857 0.0182
4 0.0411 0.1265 0.0473 0.1182 0.0609 0.1379 0.0547 0.1462
4 0.8285 0.1027 0.8455 0.1153 0.8283 0.1605 0.8113 0.1479
6 0.7134 0.2515 0.7566 0.2622 0.7515 0.3029 0.7083 0.2922
6 0.3370 0.3634 0.3375 0.3831 0.3233 0.3838 0.3228 0.3641
6 0.0581 0.4213 0.0554 0.3493 0.1070 0.3455 0.1097 0.4175
6 0.1892 0.1448 0.3067 0.2112 0.2828 0.2940 0.1653 0.2276
7 0.6177 0.3563 0.7162 0.3467 0.7274 0.5717 0.6289 0.5813
7 0.1244 0.4120 0.1300 0.4151 0.1256 0.4304 0.1200 0.4273
7 0.4152 0.5735 0.4386 0.5940 0.4174 0.6417 0.3939 0.6212
7 0.4971 0.7663 0.5038 0.7470 0.5235 0.7605 0.5168 0.7798
9 0.8783 0.3849 0.8811 0.3467 0.9491 0.3567 0.9463 0.3949
9 0.9296 0.8364 0.9354 0.8882 0.8027 0.9176 0.7969 0.8658
9 0.5681 0.5197 0.5315 0.6405 0.4962 0.6195 0.5328 0.4987
9 0.1774 0.2967 0.3204 0.3735 0.3075 0.4205 0.1645 0.3437
12 0.4008 0.6841 0.4044 0.6484 0.4792 0.6631 0.4756 0.6988
12 0.5896 0.6059 0.5916 0.6316 0.5801 0.6333 0.5781 0.6076
12 0.1750 0.0355 0.2690 0.0913 0.2612 0.1169 0.1673 0.0611
13 0.6935 0.6475 0.6952 0.6817 0.6505 0.6861 0.6488 0.6519
13 0.1992 0.0096 0.1987 0.0221 0.1914 0.0216 0.1919 0.0091
13 0.6260 0.1761 0.6190 0.1692 0.6223 0.1627 0.6293 0.1696
13 0.1136 0.0763 0.0998 0.0925 0.0847 0.0673 0.0985 0.0511
15 0.1871 0.6306 0.1596 0.6016 0.1909 0.5434 0.2184 0.5724
15 0.8659 0.2513 0.8517 0.1899 0.8967 0.1695 0.9109 0.2309
