0 0.2887 0.8161 0.1667 0.5722 0.5816 0.1655 0.7036 0.4094
0 0.0508 0.7453 0.1222 0.6876 0.1458 0.7447 0.0744 0.8024
0 0.9578 0.6620 0.9694 0.8163 0.7376 0.8504 0.7260 0.6961
1 0.8212 0.0509 0.8102 0.0584 0.8025 0.0363 0.8135 0.0288
1 0.9466 0.9244 0.9618 0.9321 0.9488 0.9820 0.9337 0.9743
1 0.6210 0.1412 0.6178 0.1520 0.5590 0.1188 0.5622 0.1080
1 0.4142 0.9658 0.4261 0.9923 0.4226 0.9954 0.4108 0.9689
2 0.8132 0.5303 0.7954 0.5953 0.7722 0.5829 0.7901 0.5179
2 0.8163 0.2134 0.9755 0.3876 0.9537 0.4266 0.7945 0.2524
2 0.1447 0.5046 0.0063 0.4910 0.0125 0.3670 0.1509 0.3806
2 0.8700 0.8993 0.8676 0.9384 0.7980 0.9299 0.8004 0.8908
3 0.7730 0.1753 0.7634 0.1499 0.8139 0.1123 0.8235 0.1377
3 0.6375 0.0548 0.6339 0.0625 0.6060 0.0372 0.6095 0.0295
3 0.0430 0.2949 0.1156 0.2807 0.1184 0.3091 0.0459 0.3233
3 0.7202 0.3583 0.7668 0.1790 0.7886 0.1901 0.7420 0.3694
4 0.4743 0.0264 0.4614 0.0337 0.4580 0.0216 0.4709 0.0143
4 0.4074 0.0427 0.4094 0.0754 0.3975 0.0769 0.3954 0.0442
4 0.3462 0.0578 0.3499 0.0420 0.3652 0.0490 0.3616 0.0648
4 0.0857 0.0670 0.0767 0.0793 0.0428 0.0302 0.0519 0.0179
6 0.0059 0.9427 0.0449 0.9455 0.0444 0.9581 0.0054 0.9553
6 0.0981 0.6249 0.0810 0.5712 0.1068 0.5551 0.1238 0.6088
6 0.2731 0.8843 0.3109 0.8235 0.3254 0.8413 0.2877 0.9021
7 0.4695 0.9036 0.4580 0.9144 0.4374 0.8716 0.4489 0.8608
7 0.5233 0.0833 0.5493 0.0808 0.5521 0.1375 0.5262 0.1400
7 0.0270 0.0702 0.0225 0.0576 0.0367 0.0474 0.0413 0.0600
9 0.3232 0.1641 0.1685 0.1020 0.1877 0.0083 0.3423 0.0704
9 0.0748 0.2609 0.0177 0.2007 0.0469 0.1463 0.1041 0.2065
12 0.1889 0.8424 0.2157 0.8287 0.2511 0.9652 0.2243 0.9789
12 0.1618 0.1707 0.1289 0.1805 0.1042 0.0173 0.1371 0.0075
12 0.0814 0.8658 0.0936 0.8538 0.1240 0.9146 0.1118 0.9266
13 0.5030 0.9769 0.4928 0.9648 0.4998 0.9531 0.5101 0.9652
13 0.0541 0.5848 0.0583 0.6017 0.0410 0.6100 0.0369 0.5931
13 0.5340 0.0262 0.5297 0.0325 0.5183 0.0170 0.5226 0.0107
13 0.8821 0.5195 0.8843 0.5255 0.8636 0.5409 0.8614 0.5349
15 0.8840 0.0612 0.9475 0.1104 0.9194 0.1812 0.8560 0.1320
15 0.6022 0.8653 0.6591 0.8439 0.6749 0.9267 0.6181 0.9481
15 0.3855 0.9412 0.3525 0.8935 0.3885 0.8448 0.4215 0.8925
