0 0.6366 0.5741 0.3282 0.1270 0.3846 0.0507 0.6930 0.4978
0 0.1748 0.4255 0.3212 0.5974 0.1678 0.8533 0.0214 0.6814
0 0.5532 0.5827 0.6398 0.7494 0.4228 0.9701 0.3362 0.8034
1 0.9609 0.7104 0.9553 0.7109 0.9523 0.6508 0.9579 0.6503
1 0.0083 0.2129 0.0079 0.2038 0.0231 0.2027 0.0235 0.2118
1 0.2921 0.2592 0.2964 0.2720 0.2908 0.2756 0.2865 0.2628
1 0.9435 0.2607 0.9446 0.2671 0.9188 0.2761 0.9177 0.2697
2 0.2345 0.2747 0.2651 0.2591 0.2733 0.2905 0.2426 0.3061
2 0.8006 0.3810 0.7870 0.3566 0.8397 0.2990 0.8532 0.3234
2 0.8243 0.2482 0.8092 0.2576 0.8068 0.2502 0.8220 0.2408
2 0.9714 0.5554 0.9513 0.5519 0.9557 0.5022 0.9758 0.5057
3 0.9211 0.9078 0.9382 0.8663 0.9454 0.8722 0.9283 0.9137
3 0.7248 0.0492 0.7301 0.0491 0.7312 0.1364 0.7259 0.1365
3 0.1595 0.9666 0.1501 0.9822 0.0940 0.9162 0.1033 0.9006
3 0.7083 0.8711 0.7198 0.8800 0.6877 0.9613 0.6762 0.9524
4 0.0561 0.1574 0.0545 0.1690 0.0356 0.1638 0.0372 0.1522
4 0.8850 0.5753 0.8731 0.5598 0.8858 0.5407 0.8977 0.5562
4 0.8150 0.1177 0.8113 0.1154 0.8159 0.1011 0.8196 0.1034
4 0.7763 0.3638 0.7740 0.3616 0.7754 0.3586 0.7777 0.3608
6 0.9567 0.1014 0.9526 0.2093 0.9267 0.2074 0.9308 0.0995
6 0.1880 0.2597 0.1190 0.2105 0.1543 0.1135 0.2233 0.1627
6 0.1018 0.3024 0.1169 0.3250 0.1005 0.3464 0.0854 0.3238
6 0.8704 0.8200 0.8259 0.7826 0.8439 0.7408 0.8883 0.7782
7 0.8425 0.0542 0.8447 0.0467 0.8552 0.0526 0.8530 0.0601
7 0.1871 0.9220 0.1998 0.9156 0.2015 0.9220 0.1887 0.9284
7 0.0130 0.7368 0.0063 0.7378 0.0027 0.6900 0.0094 0.6890
7 0.9874 0.4523 0.9940 0.4553 0.9883 0.4797 0.9817 0.4767
9 0.2565 0.9637 0.2651 0.9392 0.3089 0.9691 0.3003 0.9936
9 0.7845 0.5963 0.8109 0.5963 0.8109 0.6833 0.7845 0.6833
12 0.9520 0.4165 0.9380 0.4061 0.9754 0.3075 0.9895 0.3179
12 0.8518 0.4585 0.7868 0.5132 0.7716 0.4779 0.8366 0.4232
13 0.8359 0.8703 0.8396 0.8462 0.8581 0.8517 0.8544 0.8758
13 0.9268 0.0111 0.9320 0.0111 0.9320 0.0161 0.9268 0.0161
13 0.1907 0.9706 0.1891 0.9650 0.1996 0.9590 0.2012 0.9646
13 0.8902 0.0967 0.9089 0.2453 0.8667 0.2557 0.8480 0.1071
15 0.0685 0.8643 0.0700 0.9244 0.0112 0.9273 0.0097 0.8672
15 0.7259 0.9187 0.7675 0.8851 0.7921 0.9449 0.7505 0.9785
