0 0.3342 0.8064 0.2868 0.6241 0.6701 0.4288 0.7175 0.6111
0 0.0280 0.8794 0.0225 0.8303 0.0425 0.8258 0.0481 0.8749
0 0.3310 0.2876 0.2262 0.4064 0.0716 0.1392 0.1764 0.0204
1 0.7381 0.5793 0.7306 0.5788 0.7336 0.4975 0.7411 0.4980
1 0.8816 0.9737 0.8728 0.9586 0.9550 0.8655 0.9637 0.8806
1 0.2137 0.7145 0.2099 0.7138 0.2111 0.6999 0.2149 0.7006
1 0.8733 0.4382 0.8793 0.4492 0.8587 0.4710 0.8527 0.4600
2 0.7096 0.0996 0.7236 0.0819 0.8307 0.2484 0.8167 0.2661
2 0.2766 0.8934 0.2379 0.9100 0.2183 0.8202 0.2570 0.8036
2 0.4952 0.0462 0.5398 0.0528 0.5394 0.0586 0.4948 0.0520
2 0.2794 0.9657 0.2237 0.9988 0.2100 0.9535 0.2657 0.9204
3 0.6072 0.1981 0.5987 0.2008 0.5888 0.1407 0.5973 0.1380
3 0.9144 0.6915 0.8993 0.7565 0.8905 0.7525 0.9056 0.6875
3 0.1638 0.8447 0.1560 0.8521 0.0951 0.7257 0.1029 0.7183
3 0.8485 0.3962 0.9858 0.3962 0.9858 0.4290 0.8485 0.4290
4 0.4124 0.1713 0.3858 0.2086 0.3753 0.1939 0.4019 0.1566
4 0.6923 0.4051 0.6868 0.4077 0.6825 0.3901 0.6880 0.3875
4 0.9398 0.8288 0.9341 0.8393 0.9302 0.8352 0.9359 0.8247
4 0.0360 0.2588 0.0114 0.2958 0.0011 0.2824 0.0258 0.2454
6 0.6195 0.9942 0.6128 0.8592 0.8068 0.8402 0.8135 0.9752
6 0.1349 0.5129 0.0891 0.4510 0.1188 0.4079 0.1646 0.4698
6 0.6049 0.3506 0.5877 0.3802 0.5828 0.3746 0.6000 0.3450
6 0.4712 0.9004 0.3479 0.9845 0.3177 0.8976 0.4409 0.8135
7 0.5047 0.8497 0.4984 0.8406 0.5190 0.8127 0.5253 0.8218
7 0.9781 0.5010 0.9809 0.5022 0.9791 0.5110 0.9762 0.5098
7 0.9509 0.0067 0.9946 0.0599 0.9394 0.1489 0.8957 0.0957
7 0.9078 0.1560 0.9466 0.1636 0.9390 0.2396 0.9002 0.2320
9 0.8369 0.6503 0.8670 0.6844 0.7811 0.8329 0.7510 0.7988
9 0.8232 0.5055 0.8474 0.5243 0.8000 0.6441 0.7757 0.6253
9 0.1388 0.5524 0.1648 0.5159 0.2555 0.6428 0.2295 0.6793
9 0.4832 0.0655 0.5601 0.0730 0.5474 0.3265 0.4705 0.3190
12 0.6596 0.2930 0.6473 0.0960 0.6747 0.0926 0.6870 0.2896
12 0.9501 0.7020 0.9783 0.7156 0.9516 0.8240 0.9234 0.8104
12 0.5778 0.3961 0.4954 0.4164 0.4913 0.3835 0.5737 0.3632
13 0.4278 0.0647 0.4183 0.0693 0.4157 0.0585 0.4251 0.0539
13 0.8396 0.3746 0.8390 0.3721 0.8789 0.3518 0.8796 0.3543
13 0.0948 0.9113 0.0820 0.9044 0.0834 0.8991 0.0963 0.9060
13 0.0359 0.5420 0.0491 0.5184 0.0710 0.5424 0.0578 0.5660
15 0.6035 0.9154 0.5454 0.9814 0.5165 0.9314 0.5746 0.8654
15 0.9393 0.6072 0.8702 0.5758 0.8887 0.4964 0.9578 0.5278
15 0.3827 0.3019 0.4009 0.3651 0.3639 0.3861 0.3456 0.3229
15 0.8041 0.3348 0.7609 0.3997 0.7213 0.3480 0.7645 0.2831
