0 0.9010 0.1804 0.9089 0.4978 0.6258 0.5116 0.6179 0.1942
0 0.2675 0.2252 0.3904 0.2555 0.3448 0.6176 0.2219 0.5873
0 0.2506 0.6819 0.3832 0.7848 0.3225 0.9381 0.1899 0.8352
1 0.9881 0.9193 0.9796 0.8913 0.9833 0.8891 0.9918 0.9171
1 0.9153 0.3753 0.9163 0.3654 0.9329 0.3687 0.9320 0.3786
1 0.4460 0.6323 0.4467 0.6379 0.4214 0.6441 0.4207 0.6385
1 0.0070 0.9572 0.0007 0.9554 0.0016 0.9500 0.0078 0.9518
2 0.7692 0.7420 0.7614 0.7602 0.6514 0.6676 0.6592 0.6494
2 0.8364 0.7409 0.7785 0.6208 0.8193 0.5823 0.8772 0.7024
2 0.8028 0.1442 0.8219 0.0920 0.8317 0.0990 0.8127 0.1512
2 0.0336 0.7318 0.1515 0.8123 0.1181 0.9082 0.0002 0.8277
3 0.6131 0.9647 0.6158 0.9729 0.5864 0.9921 0.5836 0.9839
3 0.5159 0.7371 0.5818 0.6416 0.5938 0.6577 0.5279 0.7532
3 0.8611 0.0685 0.8814 0.0650 0.8883 0.1439 0.8681 0.1474
3 0.8985 0.0800 0.9607 0.0235 0.9678 0.0388 0.9056 0.0953
4 0.8057 0.1752 0.7987 0.1786 0.7974 0.1732 0.8044 0.1698
4 0.3482 0.2144 0.3353 0.2022 0.3395 0.1936 0.3524 0.2058
4 0.4749 0.8782 0.4639 0.8801 0.4625 0.8642 0.4735 0.8623
4 0.8043 0.7918 0.8041 0.8081 0.7922 0.8078 0.7924 0.7915
6 0.6935 0.8458 0.6875 0.9650 0.5162 0.9482 0.5222 0.8290
6 0.9008 0.6532 0.9061 0.5926 0.9161 0.5944 0.9108 0.6550
6 0.5697 0.4778 0.5735 0.5553 0.5363 0.5590 0.5325 0.4815
6 0.2194 0.0084 0.2372 0.0618 0.2283 0.0676 0.2105 0.0142
7 0.4287 0.3927 0.4554 0.3888 0.4558 0.3949 0.4292 0.3988
7 0.5292 0.1349 0.5250 0.1353 0.5243 0.1199 0.5284 0.1195
7 0.4644 0.0268 0.4775 0.0573 0.4239 0.1024 0.4108 0.0719
7 0.0819 0.4151 0.0921 0.4058 0.1290 0.4853 0.1188 0.4946
9 0.8963 0.8339 0.9001 0.9359 0.7285 0.9485 0.7247 0.8465
9 0.0441 0.1423 0.0649 0.2269 0.0402 0.2389 0.0194 0.1543
9 0.0322 0.6852 0.0219 0.6347 0.1512 0.5828 0.1615 0.6333
12 0.7454 0.6126 0.7030 0.6021 0.7077 0.5650 0.7501 0.5755
12 0.9887 0.4228 0.9517 0.7492 0.9228 0.7428 0.9597 0.4164
12 0.4580 0.5121 0.4002 0.4827 0.4017 0.4771 0.4595 0.5065
13 0.7343 0.0917 0.7110 0.0785 0.7143 0.0671 0.7375 0.0803
13 0.9048 0.9382 0.9055 0.9367 0.9629 0.9870 0.9622 0.9885
13 0.0427 0.3615 0.0401 0.3692 0.0268 0.3605 0.0293 0.3528
13 0.5956 0.4597 0.6099 0.4590 0.6112 0.5111 0.5969 0.5118
15 0.1483 0.1431 0.1819 0.1008 0.2046 0.1361 0.1710 0.1784
15 0.9852 0.8443 0.9368 0.8788 0.9200 0.8325 0.9683 0.7980
15 0.4460 0.7295 0.4956 0.7331 0.4934 0.7909 0.4439 0.7873
15 0.4632 0.2745 0.4347 0.2984 0.4171 0.2575 0.4456 0.2336
