0 0.7855 0.5693 0.7842 0.4652 0.9851 0.4603 0.9864 0.5644
0 0.6445 0.3675 0.7119 0.3194 0.7538 0.4345 0.6863 0.4826
0 0.3002 0.3479 0.5374 0.4065 0.5264 0.4945 0.2891 0.4359
0 0.4675 0.9069 0.4274 0.9393 0.2993 0.6287 0.3394 0.5963
1 0.7479 0.2174 0.7534 0.2170 0.7556 0.2758 0.7501 0.2762
1 0.0875 0.7992 0.0847 0.7913 0.1282 0.7616 0.1310 0.7695
1 0.9631 0.0302 0.9902 0.0186 0.9929 0.0310 0.9658 0.0426
1 0.0116 0.4674 0.0134 0.4575 0.0787 0.4802 0.0769 0.4901
2 0.5603 0.1723 0.5946 0.2753 0.5566 0.3001 0.5223 0.1971
2 0.0191 0.0978 0.0969 0.1035 0.0875 0.3550 0.0097 0.3493
2 0.7487 0.5260 0.7311 0.6326 0.6305 0.6000 0.6480 0.4934
2 0.9490 0.0024 0.9604 0.1854 0.8768 0.1956 0.8653 0.0126
3 0.2066 0.8312 0.1691 0.7787 0.1762 0.7688 0.2137 0.8213
3 0.7510 0.1291 0.7393 0.1296 0.7382 0.0841 0.7498 0.0836
3 0.6365 0.7520 0.6470 0.7635 0.6241 0.8044 0.6136 0.7929
3 0.6615 0.0306 0.6681 0.1190 0.6574 0.1206 0.6507 0.0322
4 0.7782 0.3634 0.7953 0.3447 0.8004 0.3538 0.7833 0.3725
4 0.4852 0.6040 0.4881 0.6269 0.4819 0.6284 0.4791 0.6055
4 0.9175 0.8250 0.9338 0.8366 0.9290 0.8498 0.9127 0.8382
4 0.0581 0.4094 0.0434 0.3914 0.0496 0.3814 0.0644 0.3994
6 0.0788 0.5877 0.0864 0.4652 0.1744 0.4759 0.1667 0.5984
6 0.7639 0.9434 0.7819 0.5847 0.9109 0.5974 0.8930 0.9561
6 0.3509 0.1340 0.3658 0.1520 0.3628 0.1568 0.3479 0.1388
6 0.4655 0.1961 0.4214 0.1994 0.4199 0.1579 0.4640 0.1546
7 0.9578 0.2052 0.9649 0.2101 0.9471 0.2612 0.9399 0.2563
7 0.1504 0.0264 0.1566 0.0072 0.1784 0.0208 0.1723 0.0400
7 0.2079 0.5274 0.1962 0.5125 0.2432 0.4394 0.2550 0.4543
7 0.5823 0.8537 0.5802 0.8496 0.5859 0.8435 0.5881 0.8476
9 0.5435 0.6930 0.5100 0.6476 0.5862 0.5370 0.6198 0.5824
9 0.2182 0.3280 0.1147 0.2724 0.1310 0.2132 0.2344 0.2688
9 0.0999 0.6892 0.2116 0.6196 0.2232 0.6560 0.1115 0.7256
12 0.3038 0.2301 0.2893 0.2272 0.3062 0.0595 0.3207 0.0624
12 0.2522 0.2022 0.1765 0.1797 0.1832 0.1354 0.2589 0.1579
12 0.4541 0.5048 0.4524 0.5244 0.4013 0.5156 0.4031 0.4960
12 0.2546 0.8799 0.2663 0.9460 0.1157 0.9985 0.1040 0.9324
13 0.2826 0.7120 0.2952 0.7181 0.2691 0.8240 0.2565 0.8179
13 0.4397 0.1178 0.4699 0.0835 0.4846 0.1090 0.4544 0.1433
13 0.8174 0.1313 0.8190 0.1003 0.8594 0.1043 0.8579 0.1353
13 0.3703 0.2132 0.3663 0.1993 0.3777 0.1928 0.3817 0.2067
15 0.6324 0.8973 0.6485 0.8639 0.6736 0.8875 0.6575 0.9209
15 0.7144 0.1961 0.6626 0.2128 0.6502 0.1375 0.7019 0.1208
15 0.6000 0.7370 0.6027 0.7794 0.5177 0.7898 0.5150 0.7474
