0 0.3909 0.0895 0.5032 0.2909 0.3237 0.4873 0.2113 0.2859
0 0.7866 0.7126 0.6019 0.6716 0.6594 0.1634 0.8441 0.2044
0 0.2765 0.9958 0.1954 0.8898 0.3877 0.6010 0.4689 0.7070
0 0.0157 0.3735 0.0424 0.3519 0.1892 0.7077 0.1624 0.7293
1 0.6880 0.1559 0.6882 0.1506 0.7115 0.1529 0.7112 0.1582
1 0.9531 0.5118 0.9686 0.5202 0.9675 0.5242 0.9520 0.5158
1 0.1941 0.2588 0.1936 0.2576 0.2050 0.2480 0.2055 0.2492
1 0.7909 0.7756 0.7686 0.7746 0.7688 0.7652 0.7912 0.7662
2 0.5206 0.8478 0.4736 0.8034 0.5451 0.6550 0.5921 0.6994
2 0.8962 0.5677 0.9126 0.4370 0.9244 0.4399 0.9079 0.5706
2 0.1187 0.0019 0.1358 0.0980 0.0450 0.1297 0.0279 0.0336
2 0.0028 0.3103 0.1463 0.2122 0.1538 0.2337 0.0102 0.3318
3 0.9356 0.6613 0.9099 0.6151 0.9172 0.6071 0.9430 0.6533
3 0.9555 0.3480 0.9687 0.3516 0.9557 0.4456 0.9424 0.4420
3 0.5862 0.3795 0.5958 0.3920 0.5709 0.4293 0.5614 0.4168
3 0.0045 0.8965 0.0128 0.8771 0.0832 0.9363 0.0749 0.9557
4 0.1633 0.8586 0.1715 0.9175 0.1673 0.9186 0.1591 0.8597
4 0.2035 0.0381 0.2008 0.0331 0.2162 0.0163 0.2189 0.0213
4 0.9940 0.0324 0.9761 0.0453 0.9725 0.0356 0.9905 0.0227
4 0.9973 0.7980 0.9608 0.8186 0.9581 0.8092 0.9946 0.7886
6 0.9665 0.1227 0.9772 0.1412 0.9638 0.1565 0.9531 0.1380
6 0.2388 0.5481 0.2022 0.5427 0.2035 0.5255 0.2401 0.5309
6 0.9472 0.8266 0.8746 0.8784 0.8373 0.7762 0.9100 0.7244
7 0.2220 0.0621 0.2237 0.0534 0.2597 0.0679 0.2580 0.0766
7 0.4204 0.5273 0.3359 0.5657 0.3302 0.5411 0.4147 0.5027
7 0.5340 0.4704 0.5386 0.4768 0.5297 0.4892 0.5251 0.4828
7 0.9248 0.1156 0.8691 0.0590 0.8830 0.0324 0.9386 0.0890
9 0.4240 0.5435 0.5069 0.4918 0.5229 0.5421 0.4399 0.5938
9 0.6890 0.8587 0.8163 0.8870 0.8076 0.9641 0.6803 0.9358
9 0.6801 0.1058 0.6724 0.0384 0.8445 0.0002 0.8521 0.0676
12 0.8700 0.2811 0.9354 0.3902 0.9208 0.4073 0.8554 0.2982
12 0.2569 0.5707 0.2792 0.5723 0.2785 0.5909 0.2562 0.5893
12 0.0090 0.7804 0.0296 0.7407 0.1201 0.8328 0.0995 0.8725
13 0.9363 0.4357 0.9304 0.4401 0.9259 0.4283 0.9319 0.4239
13 0.3227 0.5093 0.3047 0.5165 0.3025 0.5055 0.3204 0.4983
13 0.6262 0.9782 0.6211 0.9560 0.6266 0.9534 0.6318 0.9756
13 0.8203 0.7452 0.8200 0.7470 0.7545 0.7224 0.7548 0.7206
15 0.5617 0.3729 0.5043 0.3265 0.5303 0.2635 0.5877 0.3099
15 0.5702 0.9836 0.5231 0.9283 0.5523 0.8796 0.5994 0.9349
15 0.2024 0.0700 0.2115 0.1017 0.1805 0.1192 0.1713 0.0875
15 0.6523 0.8757 0.6177 0.8680 0.6222 0.8275 0.6569 0.8352
