0 0.8642 0.7579 0.8834 0.5018 0.9318 0.5089 0.9126 0.7650
0 0.1564 0.6851 0.4245 0.6523 0.4307 0.7517 0.1627 0.7845
0 0.6599 0.8068 0.6682 0.5863 0.7295 0.5908 0.7212 0.8113
0 0.3502 0.1932 0.3680 0.1208 0.6544 0.2588 0.6365 0.3312
1 0.3470 0.3714 0.3735 0.3766 0.3724 0.3878 0.3459 0.3826
1 0.8986 0.9704 0.9101 0.9667 0.9106 0.9696 0.8991 0.9733
1 0.2505 0.5174 0.2790 0.4863 0.2821 0.4918 0.2536 0.5229
1 0.0027 0.7571 0.0107 0.7556 0.0136 0.7845 0.0056 0.7860
2 0.9412 0.4027 0.9253 0.4117 0.9137 0.3717 0.9296 0.3627
2 0.1307 0.2737 0.1702 0.2514 0.1761 0.2719 0.1367 0.2942
2 0.3026 0.3677 0.2893 0.3877 0.2683 0.3603 0.2816 0.3403
2 0.7587 0.3618 0.6588 0.1381 0.7611 0.0486 0.8609 0.2723
3 0.4930 0.9701 0.4897 0.9403 0.5978 0.9163 0.6012 0.9461
3 0.1264 0.4196 0.1190 0.4202 0.1144 0.2992 0.1219 0.2986
3 0.7400 0.9520 0.6819 0.8314 0.6966 0.8176 0.7547 0.9382
3 0.5062 0.8032 0.5564 0.7224 0.5692 0.7380 0.5191 0.8188
4 0.3326 0.5699 0.3377 0.5966 0.3262 0.6009 0.3211 0.5742
4 0.9675 0.8298 0.9516 0.8130 0.9716 0.7758 0.9875 0.7926
4 0.0953 0.6450 0.1011 0.6434 0.1021 0.6510 0.0964 0.6526
4 0.7736 0.4215 0.7765 0.4203 0.7772 0.4237 0.7743 0.4249
6 0.4899 0.4287 0.5138 0.5208 0.4696 0.5433 0.4456 0.4512
6 0.1717 0.3973 0.2251 0.3559 0.2549 0.4311 0.2014 0.4725
6 0.6378 0.5205 0.6174 0.5245 0.6145 0.4955 0.6349 0.4915
6 0.5894 0.6326 0.6252 0.6290 0.6258 0.6406 0.5899 0.6442
7 0.7693 0.5386 0.7789 0.5312 0.7864 0.5502 0.7769 0.5576
7 0.5826 0.4176 0.5761 0.4545 0.5645 0.4504 0.5711 0.4135
7 0.7767 0.6608 0.7605 0.6364 0.8184 0.5608 0.8347 0.5852
7 0.8547 0.9185 0.8374 0.9573 0.7865 0.9127 0.8038 0.8739
9 0.2969 0.2126 0.2662 0.1925 0.3019 0.0850 0.3327 0.1051
9 0.9080 0.0818 0.9408 0.0520 0.9940 0.1666 0.9612 0.1964
9 0.0456 0.8540 0.0811 0.6808 0.1101 0.6924 0.0746 0.8656
12 0.1266 0.7193 0.1197 0.7178 0.1486 0.4627 0.1554 0.4642
12 0.0592 0.0686 0.1090 0.4270 0.0753 0.4362 0.0256 0.0778
12 0.1322 0.9733 0.0854 0.9221 0.0996 0.8967 0.1464 0.9479
12 0.3710 0.0322 0.4318 0.0012 0.4381 0.0254 0.3773 0.0564
13 0.8813 0.9921 0.8807 0.9479 0.8970 0.9475 0.8975 0.9917
13 0.4209 0.4483 0.4304 0.4562 0.4196 0.4813 0.4102 0.4734
13 0.6200 0.3794 0.6174 0.4490 0.5854 0.4466 0.5880 0.3770
13 0.6584 0.9516 0.6761 0.9529 0.6756 0.9656 0.6579 0.9643
15 0.3085 0.8267 0.3827 0.8267 0.3827 0.9133 0.3085 0.9133
15 0.2180 0.1836 0.1475 0.2317 0.1146 0.1372 0.1851 0.0891
15 0.6057 0.6682 0.6479 0.6567 0.6598 0.7422 0.6175 0.7537
15 0.9701 0.2675 0.9774 0.3513 0.9145 0.3621 0.9071 0.2783
