0 0.1462 0.1115 0.1675 0.2032 0.0698 0.2477 0.0485 0.1560
0 0.9225 0.7153 0.7343 0.6193 0.7609 0.5167 0.9492 0.6127
0 0.5873 0.5398 0.6144 0.5694 0.4133 0.9298 0.3862 0.9002
1 0.8641 0.1926 0.8639 0.1883 0.8831 0.1874 0.8832 0.1917
1 0.0637 0.4435 0.0685 0.4411 0.0803 0.4889 0.0755 0.4913
1 0.9339 0.0523 0.9389 0.0640 0.8741 0.1185 0.8691 0.1068
1 0.6795 0.8342 0.6787 0.8365 0.6562 0.8198 0.6570 0.8175
2 0.0923 0.6332 0.0969 0.5399 0.2075 0.5508 0.2028 0.6441
2 0.2847 0.3084 0.2814 0.1762 0.3362 0.1736 0.3395 0.3058
2 0.1011 0.4986 0.2050 0.3055 0.2198 0.3210 0.1158 0.5141
2 0.1830 0.8915 0.2013 0.9056 0.1707 0.9829 0.1524 0.9688
3 0.0509 0.7105 0.0471 0.6918 0.1145 0.6647 0.1184 0.6834
3 0.1501 0.7136 0.1439 0.7101 0.1565 0.6664 0.1627 0.6699
3 0.8638 0.2091 0.9264 0.2705 0.9168 0.2897 0.8542 0.2283
3 0.0767 0.0794 0.0670 0.0860 0.0431 0.0174 0.0528 0.0108
4 0.9103 0.8479 0.9394 0.8696 0.9334 0.8853 0.9043 0.8636
4 0.2712 0.3155 0.2738 0.3411 0.2545 0.3449 0.2520 0.3193
4 0.4647 0.1826 0.4605 0.1589 0.4705 0.1554 0.4747 0.1791
4 0.7331 0.0568 0.7346 0.0676 0.7169 0.0724 0.7154 0.0616
6 0.3542 0.3504 0.3811 0.2794 0.4152 0.3048 0.3883 0.3758
6 0.3877 0.5086 0.3754 0.4798 0.3963 0.4622 0.4086 0.4910
6 0.2888 0.4410 0.3277 0.4372 0.3332 0.5470 0.2943 0.5508
6 0.7756 0.5130 0.7020 0.4649 0.7135 0.4302 0.7872 0.4783
7 0.0120 0.5404 0.0040 0.5356 0.0128 0.5064 0.0209 0.5112
7 0.6775 0.6512 0.6689 0.6661 0.6219 0.6128 0.6305 0.5979
7 0.2672 0.8666 0.2650 0.8733 0.2559 0.8674 0.2581 0.8607
7 0.5062 0.2657 0.5085 0.2616 0.5243 0.2783 0.5221 0.2824
9 0.7439 0.1487 0.7732 0.2555 0.5972 0.3501 0.5680 0.2433
9 0.4508 0.4172 0.4789 0.3954 0.5178 0.4936 0.4897 0.5154
9 0.0931 0.8807 0.0938 0.8208 0.1809 0.8229 0.1802 0.8828
9 0.2588 0.8268 0.2322 0.7809 0.3498 0.6476 0.3764 0.6935
12 0.3341 0.0472 0.2575 0.1509 0.2287 0.1092 0.3054 0.0055
12 0.1875 0.0266 0.2260 0.0441 0.2182 0.0778 0.1797 0.0603
12 0.9615 0.4196 0.9471 0.4453 0.8820 0.3740 0.8963 0.3483
13 0.2724 0.8931 0.2855 0.8987 0.2734 0.9541 0.2603 0.9485
13 0.2815 0.4233 0.2748 0.4209 0.2793 0.3955 0.2860 0.3979
13 0.4628 0.1113 0.3727 0.0163 0.3764 0.0095 0.4664 0.1045
13 0.7952 0.8579 0.7051 0.9840 0.7003 0.9773 0.7903 0.8512
15 0.7191 0.6411 0.7307 0.6533 0.7061 0.6989 0.6945 0.6867
15 0.8481 0.9357 0.8039 0.8090 0.8565 0.7731 0.9007 0.8998
15 0.7209 0.5605 0.7180 0.5989 0.6945 0.5955 0.6974 0.5571
15 0.6915 0.4494 0.6186 0.5036 0.5951 0.4418 0.6680 0.3876
