0 0.8063 0.2882 0.6791 0.8056 0.5125 0.7254 0.6398 0.2080
0 0.6387 0.1930 0.6003 0.1069 0.6467 0.0662 0.6851 0.1523
0 0.4881 0.7857 0.4636 0.8798 0.2659 0.7791 0.2904 0.6850
0 0.3680 0.4202 0.3314 0.5470 0.0868 0.4086 0.1234 0.2818
1 0.2632 0.9463 0.2517 0.9538 0.2108 0.8309 0.2223 0.8234
1 0.9173 0.7799 0.9224 0.7944 0.8432 0.8485 0.8382 0.8340
1 0.9465 0.2226 0.9644 0.2327 0.9540 0.2686 0.9362 0.2585
1 0.8363 0.5346 0.8309 0.5388 0.8231 0.5190 0.8285 0.5148
2 0.8767 0.0824 0.7945 0.1661 0.7601 0.1000 0.8424 0.0163
2 0.7038 0.8882 0.7313 0.9671 0.7062 0.9842 0.6787 0.9053
2 0.3537 0.0142 0.4367 0.1225 0.3577 0.2410 0.2748 0.1327
2 0.9156 0.9005 0.9271 0.8800 0.9478 0.9027 0.9364 0.9232
3 0.3954 0.3334 0.3995 0.3166 0.4600 0.3458 0.4559 0.3626
3 0.2139 0.7714 0.1575 0.7742 0.1570 0.7546 0.2134 0.7518
3 0.1025 0.9324 0.1769 0.8386 0.1886 0.8568 0.1143 0.9506
3 0.1714 0.0993 0.1752 0.0827 0.2352 0.1099 0.2313 0.1265
4 0.1308 0.5914 0.1481 0.6761 0.1341 0.6818 0.1167 0.5971
4 0.6329 0.8685 0.6327 0.8792 0.6134 0.8783 0.6136 0.8676
4 0.9733 0.5959 0.9872 0.6122 0.9810 0.6225 0.9671 0.6062
4 0.1448 0.1723 0.1495 0.2098 0.1175 0.2177 0.1128 0.1802
6 0.8322 0.2708 0.9772 0.2921 0.9695 0.3944 0.8245 0.3731
6 0.5342 0.0690 0.5512 0.1582 0.4873 0.1822 0.4702 0.0930
7 0.4604 0.6135 0.4663 0.6271 0.4627 0.6301 0.4568 0.6165
7 0.7518 0.0885 0.7442 0.0977 0.7245 0.0659 0.7321 0.0567
7 0.8816 0.6450 0.9424 0.7092 0.9130 0.7638 0.8522 0.6996
7 0.7498 0.8099 0.7918 0.8182 0.7745 0.9913 0.7324 0.9830
9 0.9685 0.4043 0.9940 0.4536 0.8701 0.5797 0.8445 0.5304
9 0.0117 0.5832 0.0477 0.5466 0.1009 0.6492 0.0649 0.6858
9 0.4793 0.5276 0.5101 0.5321 0.5024 0.6336 0.4717 0.6291
12 0.5196 0.9624 0.4885 0.9373 0.5410 0.8100 0.5721 0.8351
12 0.3842 0.5096 0.3770 0.4834 0.4452 0.4468 0.4524 0.4730
12 0.9353 0.0899 0.9567 0.1020 0.9330 0.1841 0.9116 0.1720
12 0.0791 0.7097 0.0960 0.7042 0.1101 0.7899 0.0932 0.7954
13 0.0085 0.0195 0.0178 0.0107 0.0312 0.0385 0.0219 0.0473
13 0.0354 0.1140 0.0410 0.0823 0.0563 0.0876 0.0507 0.1193
13 0.9012 0.6113 0.8879 0.6314 0.8668 0.6039 0.8801 0.5838
13 0.1528 0.8012 0.1534 0.7887 0.1587 0.7892 0.1580 0.8017
15 0.0952 0.9661 0.0669 0.9838 0.0496 0.9295 0.0779 0.9118
15 0.2244 0.1514 0.2726 0.2165 0.2276 0.2818 0.1794 0.2167
15 0.2369 0.6247 0.1764 0.6642 0.1597 0.6141 0.2202 0.5746
