0 0.7376 0.8322 0.8503 0.7899 0.8752 0.9202 0.7626 0.9625
0 0.3402 0.9905 0.0225 0.9201 0.0358 0.8023 0.3535 0.8727
0 0.7921 0.4804 0.4391 0.6801 0.4139 0.5928 0.7669 0.3931
0 0.1986 0.0499 0.3232 0.1349 0.1688 0.5781 0.0443 0.4931
1 0.8709 0.1892 0.8729 0.1925 0.8402 0.2308 0.8382 0.2275
1 0.2486 0.6474 0.2506 0.6512 0.2337 0.6690 0.2317 0.6652
1 0.2408 0.7514 0.2575 0.7439 0.2652 0.7774 0.2485 0.7849
1 0.5704 0.1724 0.5797 0.1785 0.5465 0.2784 0.5371 0.2723
2 0.4786 0.3165 0.4007 0.2852 0.4103 0.2387 0.4881 0.2700
2 0.3799 0.7548 0.6632 0.7548 0.6632 0.9396 0.3799 0.9396
2 0.9969 0.4174 0.9837 0.4481 0.9677 0.4346 0.9808 0.4039
2 0.9096 0.6423 0.9667 0.6100 0.9804 0.6573 0.9233 0.6896
3 0.9928 0.5632 0.9964 0.5916 0.9398 0.6056 0.9362 0.5772
3 0.7664 0.3776 0.7679 0.3579 0.8450 0.3692 0.8435 0.3889
3 0.9708 0.1805 0.9142 0.1187 0.9249 0.0995 0.9815 0.1613
3 0.2154 0.6142 0.2310 0.6138 0.2317 0.6746 0.2162 0.6750
4 0.7043 0.9931 0.7243 0.9941 0.7243 0.9961 0.7042 0.9951
4 0.8021 0.1029 0.8048 0.0980 0.8093 0.1027 0.8066 0.1076
4 0.9674 0.9859 0.9905 0.9672 0.9937 0.9749 0.9706 0.9936
4 0.8058 0.4796 0.8101 0.4829 0.8079 0.4884 0.8036 0.4851
6 0.6493 0.0554 0.7504 0.1125 0.7298 0.1838 0.6288 0.1267
6 0.1899 0.5996 0.2138 0.6712 0.1624 0.7048 0.1385 0.6332
6 0.2952 0.7962 0.2785 0.7772 0.2922 0.7534 0.3090 0.7724
7 0.7150 0.9788 0.6985 0.9833 0.6896 0.9192 0.7061 0.9147
7 0.6809 0.7468 0.6806 0.7203 0.7280 0.7192 0.7283 0.7457
7 0.9056 0.5149 0.8957 0.5106 0.9084 0.4527 0.9183 0.4570
7 0.3656 0.7642 0.3684 0.7842 0.3273 0.7954 0.3245 0.7754
9 0.4633 0.0297 0.5068 0.0178 0.5267 0.1611 0.4832 0.1730
9 0.8856 0.7430 0.9087 0.7356 0.9278 0.8514 0.9047 0.8588
9 0.7397 0.3199 0.7170 0.3913 0.5900 0.3121 0.6127 0.2407
12 0.0317 0.7547 0.0899 0.6732 0.1057 0.6953 0.0475 0.7768
12 0.9799 0.8801 0.9413 0.8706 0.9612 0.7123 0.9998 0.7218
12 0.9623 0.4177 0.9469 0.4341 0.8497 0.2535 0.8651 0.2371
13 0.3383 0.0794 0.3716 0.0311 0.3869 0.0518 0.3535 0.1001
13 0.9205 0.5603 0.9217 0.5804 0.9006 0.5829 0.8994 0.5628
13 0.2520 0.7071 0.2540 0.7093 0.2497 0.7169 0.2477 0.7147
13 0.9051 0.0556 0.9194 0.0487 0.9229 0.0632 0.9086 0.0701
15 0.8675 0.0916 0.8476 0.1328 0.8180 0.1048 0.8378 0.0636
15 0.3528 0.1811 0.3944 0.1883 0.3900 0.2381 0.3485 0.2309
