0 0.6103 0.4781 0.5649 0.5225 0.4660 0.3247 0.5114 0.2803
0 0.1833 0.2228 0.2514 0.1763 0.4353 0.7040 0.3671 0.7505
0 0.8190 0.7633 0.7370 0.9621 0.4785 0.7531 0.5604 0.5543
0 0.1525 0.8890 0.2415 0.7507 0.3106 0.8378 0.2216 0.9761
1 0.0454 0.6257 0.0417 0.6244 0.0489 0.5839 0.0526 0.5852
1 0.7408 0.4858 0.7402 0.4795 0.7661 0.4750 0.7666 0.4813
1 0.7502 0.4025 0.7537 0.4006 0.7720 0.4675 0.7686 0.4694
1 0.7738 0.1695 0.7743 0.1753 0.7482 0.1797 0.7477 0.1739
2 0.6339 0.3866 0.6607 0.3604 0.6752 0.3894 0.6484 0.4156
2 0.5590 0.1329 0.5083 0.1808 0.4667 0.0947 0.5174 0.0468
2 0.8908 0.3374 0.9237 0.2988 0.9777 0.3890 0.9449 0.4276
2 0.7531 0.1494 0.7531 0.0002 0.9769 0.0002 0.9769 0.1494
3 0.0919 0.3780 0.0783 0.3576 0.1524 0.2608 0.1660 0.2812
3 0.9090 0.9660 0.9077 0.9564 0.9444 0.9464 0.9458 0.9560
3 0.0979 0.2149 0.0765 0.1996 0.1364 0.0351 0.1578 0.0504
3 0.6502 0.1241 0.6488 0.1166 0.6761 0.1063 0.6775 0.1138
4 0.8428 0.9286 0.8497 0.9235 0.8609 0.9530 0.8541 0.9581
4 0.8007 0.5011 0.8018 0.5106 0.7699 0.5177 0.7688 0.5082
4 0.0402 0.6627 0.0524 0.6627 0.0524 0.6733 0.0402 0.6733
4 0.1138 0.5391 0.1083 0.5402 0.1076 0.5337 0.1132 0.5326
6 0.4519 0.1135 0.4200 0.1325 0.4064 0.0877 0.4383 0.0687
6 0.8073 0.2914 0.7746 0.3617 0.7242 0.3158 0.7568 0.2455
6 0.9326 0.5898 0.8991 0.5253 0.9454 0.4782 0.9789 0.5427
6 0.5112 0.2253 0.4736 0.2281 0.4731 0.2159 0.5107 0.2131
7 0.2215 0.0978 0.2033 0.1037 0.1911 0.0298 0.2093 0.0239
7 0.3648 0.8802 0.3484 0.8389 0.3658 0.8254 0.3821 0.8667
7 0.7375 0.5327 0.6908 0.5384 0.6820 0.3965 0.7286 0.3908
7 0.8449 0.8915 0.8549 0.8917 0.8545 0.9193 0.8445 0.9191
9 0.4661 0.5563 0.4727 0.7316 0.4436 0.7337 0.4370 0.5584
9 0.0955 0.7336 0.0977 0.9141 0.0680 0.9148 0.0657 0.7343
12 0.3877 0.0555 0.3468 0.1437 0.3289 0.1273 0.3698 0.0391
12 0.0695 0.9378 0.1194 0.9749 0.1176 0.9798 0.0677 0.9427
12 0.8765 0.8908 0.8237 0.8882 0.8364 0.3784 0.8892 0.3810
13 0.7432 0.0673 0.7429 0.0692 0.6719 0.0463 0.6722 0.0444
13 0.0189 0.9897 0.0051 0.9667 0.0228 0.9459 0.0366 0.9689
13 0.0651 0.8762 0.0619 0.9050 0.0351 0.8990 0.0384 0.8702
13 0.1499 0.6012 0.1561 0.5759 0.1670 0.5812 0.1607 0.6065
15 0.6450 0.0323 0.6345 0.0636 0.6022 0.0425 0.6126 0.0112
15 0.1075 0.4085 0.0812 0.5288 0.0285 0.5063 0.0548 0.3860
15 0.9220 0.2819 0.9295 0.2067 0.9815 0.2169 0.9739 0.2921
