0 0.7627 0.4915 0.7287 0.6154 0.6556 0.5761 0.6896 0.4522
0 0.8066 0.8270 0.7971 0.7319 0.8359 0.7242 0.8455 0.8193
0 0.6615 0.8918 0.6266 0.9314 0.6105 0.9034 0.6454 0.8638
0 0.3083 0.2337 0.3306 0.1696 0.3792 0.2027 0.3568 0.2668
1 0.3570 0.3200 0.3570 0.3396 0.2499 0.3396 0.2499 0.3200
1 0.1478 0.7384 0.1549 0.7420 0.1533 0.7480 0.1463 0.7444
1 0.4733 0.1361 0.4733 0.1287 0.5221 0.1287 0.5221 0.1361
1 0.0652 0.6166 0.0619 0.6151 0.0719 0.5718 0.0753 0.5733
2 0.2543 0.4911 0.2604 0.5187 0.2448 0.5253 0.2388 0.4977
2 0.5359 0.0098 0.5364 0.0474 0.4890 0.0486 0.4885 0.0110
2 0.8455 0.2323 0.8199 0.2565 0.8114 0.2389 0.8370 0.2147
2 0.7818 0.8498 0.7381 0.8573 0.7288 0.7514 0.7725 0.7439
3 0.3385 0.7723 0.3567 0.7531 0.4263 0.8825 0.4082 0.9017
3 0.3114 0.8961 0.2422 0.8231 0.2521 0.8047 0.3212 0.8777
3 0.6304 0.7743 0.5581 0.8033 0.5542 0.7841 0.6265 0.7551
3 0.8349 0.0902 0.7933 0.0207 0.8056 0.0062 0.8473 0.0757
4 0.5238 0.4158 0.5193 0.4241 0.5028 0.4066 0.5073 0.3983
4 0.6992 0.3380 0.6767 0.3313 0.6817 0.2988 0.7041 0.3055
4 0.4136 0.2699 0.4167 0.2768 0.4115 0.2813 0.4085 0.2744
4 0.4201 0.3314 0.4181 0.3368 0.4093 0.3306 0.4113 0.3252
6 0.7453 0.0480 0.7070 0.0424 0.7084 0.0244 0.7467 0.0300
6 0.9037 0.7822 0.8931 0.8253 0.8860 0.8218 0.8966 0.7787
6 0.0982 0.1963 0.1898 0.0635 0.2375 0.1281 0.1460 0.2609
6 0.3643 0.4518 0.4070 0.5075 0.3269 0.6278 0.2842 0.5721
7 0.2742 0.2768 0.2824 0.2671 0.3007 0.2976 0.2925 0.3073
7 0.8844 0.6703 0.8655 0.6721 0.8622 0.6061 0.8811 0.6043
7 0.3742 0.6864 0.3691 0.6415 0.4192 0.6304 0.4243 0.6753
7 0.3442 0.0582 0.3593 0.0793 0.3167 0.1390 0.3016 0.1179
9 0.1536 0.5255 0.2815 0.6052 0.2582 0.6785 0.1303 0.5988
9 0.9563 0.5229 0.9140 0.4014 0.9343 0.3875 0.9766 0.5090
9 0.5638 0.2689 0.5434 0.2153 0.6802 0.1135 0.7006 0.1671
9 0.6336 0.6512 0.6656 0.6303 0.7281 0.8180 0.6961 0.8389
12 0.4958 0.1839 0.4958 0.6776 0.4494 0.6776 0.4494 0.1839
12 0.3470 0.7309 0.3110 0.6664 0.3236 0.6527 0.3595 0.7172
12 0.0231 0.5351 0.0918 0.4572 0.1095 0.4877 0.0408 0.5656
13 0.7348 0.0975 0.7923 0.1175 0.7832 0.1689 0.7257 0.1489
13 0.8203 0.6141 0.8066 0.6096 0.8092 0.5939 0.8229 0.5984
13 0.5668 0.6172 0.5665 0.6038 0.6112 0.6016 0.6115 0.6150
13 0.7603 0.9825 0.7433 0.9047 0.7788 0.8895 0.7958 0.9673
15 0.8685 0.3103 0.9027 0.3369 0.8767 0.4025 0.8425 0.3759
15 0.0391 0.9434 0.0326 0.8134 0.0895 0.8078 0.0960 0.9378
15 0.5834 0.3872 0.5756 0.4565 0.5248 0.4452 0.5327 0.3759
15 0.8914 0.0728 0.8939 0.0332 0.9229 0.0368 0.9204 0.0764
