0 0.1119 0.4269 0.2523 0.3851 0.3281 0.8847 0.1877 0.9265
0 0.4018 0.3973 0.3800 0.3464 0.7253 0.0559 0.7472 0.1068
0 0.2829 0.2335 0.2347 0.3113 0.1545 0.2137 0.2028 0.1359
0 0.8818 0.5096 0.8694 0.6508 0.7625 0.6324 0.7749 0.4912
1 0.3651 0.9410 0.3585 0.9378 0.3758 0.8674 0.3824 0.8706
1 0.8070 0.4310 0.8098 0.4408 0.7558 0.4714 0.7530 0.4616
1 0.9661 0.1562 0.9608 0.1664 0.9051 0.1098 0.9104 0.0996
1 0.9656 0.3823 0.9667 0.3842 0.9590 0.3929 0.9579 0.3910
2 0.7734 0.8534 0.8163 0.8214 0.8609 0.9390 0.8180 0.9710
2 0.8980 0.8160 0.8942 0.8102 0.9268 0.7676 0.9307 0.7734
2 0.0403 0.6947 0.0827 0.7084 0.0586 0.8545 0.0162 0.8408
2 0.6236 0.6185 0.5793 0.6076 0.5841 0.5691 0.6284 0.5800
3 0.8915 0.7579 0.8912 0.7761 0.8254 0.7745 0.8256 0.7563
3 0.5466 0.4891 0.5532 0.5108 0.5100 0.5365 0.5034 0.5148
3 0.8234 0.1173 0.7965 0.0724 0.8055 0.0619 0.8323 0.1068
3 0.8611 0.1607 0.8936 0.1211 0.9007 0.1325 0.8681 0.1721
4 0.0330 0.9181 0.0265 0.9102 0.0484 0.8751 0.0549 0.8830
4 0.3510 0.3356 0.3571 0.3282 0.3587 0.3308 0.3526 0.3382
4 0.5086 0.8320 0.5000 0.8481 0.4319 0.7764 0.4406 0.7603
4 0.5809 0.4271 0.5772 0.4406 0.5725 0.4381 0.5762 0.4246
6 0.4306 0.4896 0.4707 0.5111 0.4671 0.5240 0.4271 0.5025
6 0.7895 0.3055 0.7695 0.3298 0.7519 0.3013 0.7719 0.2770
6 0.8103 0.4052 0.8108 0.3611 0.8320 0.3616 0.8315 0.4057
6 0.1070 0.0864 0.0771 0.1461 0.0484 0.1180 0.0783 0.0583
7 0.5150 0.6488 0.4939 0.6498 0.4924 0.5916 0.5135 0.5906
7 0.4368 0.8934 0.4370 0.8734 0.4878 0.8746 0.4875 0.8946
7 0.3969 0.0275 0.4015 0.0284 0.4002 0.0409 0.3957 0.0400
7 0.6690 0.8793 0.6736 0.8618 0.7475 0.8995 0.7430 0.9170
9 0.8977 0.5588 0.9257 0.5323 0.9703 0.6248 0.9423 0.6513
9 0.3405 0.6378 0.4338 0.6828 0.4264 0.7130 0.3331 0.6680
9 0.6669 0.7352 0.5853 0.9253 0.5537 0.8988 0.6353 0.7087
9 0.0981 0.4143 0.0808 0.6108 0.0234 0.6009 0.0406 0.4044
12 0.5518 0.5727 0.5761 0.6842 0.5428 0.6985 0.5185 0.5870
12 0.7561 0.8320 0.7498 0.8324 0.7410 0.5984 0.7473 0.5980
12 0.9394 0.9676 0.9376 0.9532 0.9895 0.9404 0.9913 0.9548
13 0.9548 0.3123 0.9563 0.3240 0.9349 0.3293 0.9334 0.3176
13 0.7704 0.1217 0.7684 0.1133 0.7750 0.1103 0.7770 0.1187
13 0.3773 0.4597 0.3470 0.4322 0.3596 0.4051 0.3898 0.4326
13 0.3790 0.8646 0.3659 0.8531 0.3712 0.8410 0.3844 0.8525
15 0.9599 0.4864 0.9208 0.4561 0.9387 0.4108 0.9778 0.4411
15 0.7461 0.5388 0.6605 0.5388 0.6605 0.4392 0.7461 0.4392
15 0.7027 0.7108 0.7197 0.7239 0.6933 0.7908 0.6763 0.7777
