0 0.1210 0.3537 0.1788 0.2858 0.2807 0.4559 0.2230 0.5238
0 0.3633 0.3719 0.4365 0.3520 0.4516 0.4605 0.3784 0.4804
0 0.9538 0.9515 0.9189 0.9753 0.8660 0.8233 0.9008 0.7995
0 0.5195 0.6359 0.8544 0.7186 0.8388 0.8429 0.5039 0.7602
1 0.4356 0.9977 0.4282 0.9869 0.4481 0.9599 0.4556 0.9707
1 0.0622 0.7719 0.0635 0.7795 0.0135 0.7957 0.0122 0.7881
1 0.1292 0.6447 0.1262 0.6529 0.0808 0.6205 0.0838 0.6123
1 0.5225 0.4361 0.5369 0.4011 0.5404 0.4039 0.5259 0.4389
2 0.2475 0.8774 0.1265 0.8055 0.1593 0.6970 0.2804 0.7689
2 0.4517 0.9344 0.4556 0.9032 0.4883 0.9112 0.4844 0.9424
2 0.7374 0.2425 0.8271 0.1943 0.8303 0.2059 0.7406 0.2541
2 0.3204 0.1266 0.2924 0.0639 0.3090 0.0494 0.3370 0.1121
3 0.4375 0.5319 0.4835 0.5963 0.4734 0.6105 0.4274 0.5461
3 0.5275 0.2926 0.5134 0.2854 0.5394 0.1854 0.5535 0.1926
3 0.3627 0.6290 0.2600 0.6113 0.2627 0.5798 0.3654 0.5975
3 0.7440 0.5921 0.6948 0.4626 0.7151 0.4475 0.7643 0.5770
4 0.6775 0.4957 0.6314 0.3884 0.6391 0.3819 0.6851 0.4892
4 0.5744 0.3489 0.5708 0.3486 0.5710 0.3443 0.5746 0.3446
4 0.6216 0.1892 0.5989 0.2489 0.5913 0.2432 0.6140 0.1835
4 0.9295 0.5179 0.9413 0.5390 0.9322 0.5489 0.9204 0.5278
6 0.4215 0.0250 0.3910 0.0477 0.3856 0.0334 0.4161 0.0107
6 0.8393 0.1992 0.9114 0.1478 0.9852 0.3508 0.9132 0.4022
6 0.3881 0.6401 0.3762 0.6472 0.3710 0.6303 0.3830 0.6232
6 0.7109 0.1236 0.6135 0.1526 0.6031 0.0840 0.7005 0.0550
7 0.3302 0.6794 0.3457 0.6775 0.3493 0.7346 0.3337 0.7365
7 0.3648 0.9453 0.3319 0.9154 0.3669 0.8399 0.3998 0.8698
7 0.0408 0.0235 0.0518 0.0354 0.0143 0.1025 0.0034 0.0906
7 0.7149 0.2318 0.7108 0.2422 0.6779 0.2166 0.6820 0.2062
9 0.4945 0.3129 0.3714 0.2569 0.3806 0.2171 0.5038 0.2731
9 0.5145 0.0158 0.5481 0.0358 0.5126 0.1530 0.4790 0.1330
9 0.9466 0.5915 0.9348 0.6962 0.8840 0.6849 0.8958 0.5802
12 0.2336 0.1703 0.2788 0.1366 0.2833 0.1485 0.2381 0.1822
12 0.4783 0.6857 0.4769 0.7238 0.4022 0.7183 0.4037 0.6802
12 0.4852 0.8402 0.4815 0.8560 0.4177 0.8270 0.4213 0.8112
12 0.5199 0.9312 0.5363 0.9151 0.5678 0.9780 0.5514 0.9941
13 0.8848 0.1401 0.8771 0.1311 0.8809 0.1247 0.8886 0.1337
13 0.9579 0.7014 0.9635 0.7048 0.9518 0.7434 0.9462 0.7400
13 0.8942 0.5489 0.8844 0.5278 0.9006 0.5131 0.9104 0.5342
13 0.4845 0.4288 0.4850 0.4334 0.4767 0.4352 0.4762 0.4306
15 0.8801 0.4441 0.8540 0.5392 0.8016 0.5111 0.8277 0.4160
15 0.5740 0.6036 0.5019 0.5804 0.5180 0.4828 0.5901 0.5060
15 0.1055 0.8676 0.0975 0.9964 0.0253 0.9876 0.0334 0.8588
