0 0.2721 0.4578 0.1606 0.2078 0.2410 0.1374 0.3526 0.3874
0 0.8054 0.4853 0.6950 0.4525 0.7289 0.2295 0.8392 0.2623
0 0.6092 0.4316 0.4769 0.4413 0.4623 0.0516 0.5946 0.0419
0 0.1808 0.8848 0.1855 0.7896 0.3858 0.8092 0.3810 0.9044
1 0.9287 0.1242 0.9269 0.1297 0.9025 0.1138 0.9043 0.1083
1 0.2942 0.7869 0.2919 0.7821 0.3395 0.7371 0.3418 0.7419
1 0.9610 0.6557 0.9533 0.6441 0.9584 0.6375 0.9661 0.6491
1 0.9561 0.1294 0.9476 0.1225 0.9604 0.0914 0.9690 0.0983
2 0.0234 0.5377 0.0128 0.3681 0.0800 0.3599 0.0906 0.5295
2 0.3830 0.6716 0.3530 0.6588 0.3807 0.5320 0.4107 0.5448
2 0.2758 0.5318 0.2637 0.5757 0.2000 0.5414 0.2120 0.4975
2 0.1306 0.2912 0.0922 0.2798 0.0983 0.2396 0.1367 0.2510
3 0.5841 0.8461 0.4823 0.9744 0.4662 0.9495 0.5680 0.8212
3 0.5771 0.7408 0.6243 0.6995 0.6315 0.7156 0.5842 0.7569
3 0.4432 0.5915 0.5643 0.6276 0.5600 0.6561 0.4388 0.6200
3 0.4326 0.6651 0.4393 0.6747 0.4202 0.7005 0.4136 0.6909
4 0.6811 0.2718 0.6910 0.3003 0.6829 0.3058 0.6730 0.2773
4 0.8613 0.0285 0.8887 0.0168 0.8927 0.0351 0.8653 0.0468
4 0.1324 0.0678 0.1050 0.0678 0.1050 0.0494 0.1324 0.0494
4 0.4334 0.4848 0.4300 0.4689 0.4368 0.4660 0.4403 0.4819
6 0.6819 0.4938 0.7333 0.4862 0.7369 0.5346 0.6855 0.5422
6 0.9732 0.9188 0.9361 0.9197 0.9356 0.8848 0.9728 0.8839
6 0.9423 0.5101 0.9216 0.8417 0.8023 0.8271 0.8230 0.4955
6 0.3559 0.1302 0.4490 0.1211 0.4621 0.3834 0.3690 0.3925
7 0.1094 0.0995 0.0907 0.1276 0.0874 0.1233 0.1061 0.0952
7 0.0111 0.9419 0.0219 0.9376 0.0301 0.9777 0.0193 0.9820
7 0.5734 0.6882 0.5698 0.7102 0.5068 0.6898 0.5105 0.6678
7 0.1249 0.9335 0.0891 0.9397 0.0734 0.7613 0.1092 0.7551
9 0.8535 0.1305 0.8386 0.1850 0.6996 0.1103 0.7145 0.0558
9 0.7696 0.6776 0.8018 0.7661 0.6730 0.8580 0.6408 0.7695
9 0.9989 0.3713 0.9750 0.3922 0.9217 0.2727 0.9456 0.2518
9 0.1646 0.6182 0.2061 0.6394 0.1705 0.7762 0.1291 0.7550
12 0.0637 0.6495 0.0763 0.6684 0.0392 0.7169 0.0265 0.6980
12 0.4454 0.9520 0.4318 0.9685 0.3940 0.9076 0.4076 0.8911
13 0.9878 0.1246 0.9919 0.1363 0.9862 0.1402 0.9821 0.1285
13 0.9404 0.4515 0.8943 0.4549 0.8927 0.4137 0.9389 0.4103
13 0.7628 0.6172 0.7691 0.5983 0.7766 0.6032 0.7703 0.6221
13 0.1350 0.3370 0.1475 0.3434 0.1462 0.3486 0.1336 0.3422
15 0.4589 0.5689 0.4428 0.5205 0.4928 0.4879 0.5089 0.5363
15 0.3458 0.6401 0.3163 0.7373 0.2588 0.7031 0.2883 0.6059
15 0.4502 0.7865 0.4151 0.7715 0.4298 0.7043 0.4649 0.7193
