0 0.7816 0.5912 0.6645 0.5442 0.7444 0.1540 0.8615 0.2010
0 0.3507 0.9580 0.2164 0.8970 0.3448 0.3440 0.4790 0.4050
0 0.7888 0.6026 0.8124 0.6275 0.6432 0.9418 0.6196 0.9169
1 0.0444 0.2656 0.0518 0.2689 0.0456 0.2960 0.0382 0.2927
1 0.8639 0.1759 0.8676 0.1966 0.8655 0.1973 0.8619 0.1766
1 0.6526 0.3896 0.6497 0.3936 0.6331 0.3704 0.6360 0.3664
1 0.8280 0.9711 0.8369 0.9599 0.8483 0.9777 0.8394 0.9889
2 0.6522 0.1417 0.6331 0.1330 0.6486 0.0663 0.6677 0.0750
2 0.1484 0.8235 0.1244 0.8518 0.1190 0.8429 0.1431 0.8146
2 0.6278 0.3524 0.6212 0.3714 0.6105 0.3640 0.6171 0.3450
2 0.0868 0.4599 0.1644 0.7289 0.0824 0.7753 0.0047 0.5063
3 0.5533 0.8964 0.5219 0.9789 0.5116 0.9712 0.5429 0.8887
3 0.8543 0.7727 0.8635 0.7759 0.8571 0.8117 0.8479 0.8085
3 0.0157 0.0024 0.0264 0.0050 0.0169 0.0804 0.0062 0.0778
3 0.2064 0.1122 0.1581 0.1596 0.1522 0.1478 0.2005 0.1004
4 0.5288 0.7340 0.5452 0.7507 0.5372 0.7660 0.5208 0.7493
4 0.4941 0.5199 0.4981 0.5237 0.4919 0.5365 0.4879 0.5327
4 0.1764 0.4834 0.1751 0.4491 0.2139 0.4462 0.2152 0.4805
4 0.9325 0.7213 0.9262 0.7128 0.9320 0.7043 0.9384 0.7128
6 0.6050 0.0036 0.6283 0.3140 0.5167 0.3304 0.4934 0.0200
6 0.3915 0.2033 0.2473 0.1176 0.2782 0.0159 0.4224 0.1016
7 0.0151 0.3688 0.0245 0.3119 0.0369 0.3160 0.0275 0.3729
7 0.4675 0.3175 0.4621 0.3386 0.4116 0.3129 0.4171 0.2918
7 0.1168 0.1768 0.1416 0.1675 0.1563 0.2448 0.1316 0.2541
7 0.9044 0.4544 0.8766 0.4648 0.8644 0.4012 0.8922 0.3908
9 0.3122 0.3081 0.3785 0.2566 0.3886 0.2823 0.3224 0.3338
9 0.5539 0.4531 0.5821 0.4715 0.5336 0.6173 0.5053 0.5989
12 0.1886 0.4094 0.1626 0.4212 0.1394 0.3214 0.1654 0.3096
12 0.8922 0.5929 0.9715 0.5831 0.9744 0.6295 0.8951 0.6393
12 0.8949 0.1065 0.9374 0.0938 0.9429 0.1295 0.9003 0.1422
13 0.7074 0.0198 0.7100 0.0112 0.7266 0.0210 0.7240 0.0296
13 0.2019 0.6177 0.2134 0.6134 0.2155 0.6243 0.2040 0.6286
13 0.6026 0.4106 0.5881 0.4233 0.5854 0.4174 0.5999 0.4047
13 0.4375 0.1384 0.4306 0.1425 0.4230 0.1176 0.4300 0.1135
15 0.8762 0.3239 0.9180 0.2039 0.9898 0.2529 0.9480 0.3729
15 0.1512 0.9694 0.1005 0.9009 0.1303 0.8578 0.1809 0.9263
15 0.0616 0.1294 0.0856 0.0574 0.1284 0.0854 0.1044 0.1574
