0 0.4238 0.5908 0.0238 0.7620 0.0022 0.6632 0.4022 0.4920
0 0.6966 0.9097 0.6039 0.8651 0.6280 0.7671 0.7207 0.8117
0 0.7124 0.6545 0.6670 0.5119 0.7942 0.4327 0.8395 0.5753
0 0.2020 0.0132 0.3072 0.0757 0.1866 0.4736 0.0813 0.4111
1 0.9065 0.0298 0.9074 0.0279 0.9158 0.0358 0.9149 0.0377
1 0.3288 0.4426 0.3445 0.4314 0.3472 0.4386 0.3315 0.4498
1 0.5016 0.0280 0.5206 0.0275 0.5207 0.0312 0.5017 0.0317
1 0.4533 0.8868 0.4968 0.8503 0.5438 0.9600 0.5004 0.9965
2 0.3137 0.9500 0.2905 0.8914 0.3114 0.8752 0.3346 0.9338
2 0.4552 0.3355 0.4561 0.4034 0.4139 0.4045 0.4131 0.3366
2 0.7494 0.2833 0.7679 0.2652 0.8074 0.3443 0.7890 0.3624
3 0.4620 0.6491 0.5901 0.7252 0.5808 0.7557 0.4528 0.6796
3 0.8675 0.1816 0.8829 0.2300 0.8745 0.2352 0.8591 0.1868
3 0.9218 0.8125 0.8768 0.8392 0.8722 0.8239 0.9172 0.7972
3 0.8346 0.1794 0.7502 0.0967 0.7603 0.0766 0.8446 0.1593
4 0.4451 0.1111 0.4537 0.0951 0.4649 0.1069 0.4563 0.1229
4 0.5613 0.3309 0.5522 0.3253 0.5535 0.3211 0.5627 0.3267
4 0.8814 0.0909 0.8728 0.0794 0.8769 0.0735 0.8855 0.0850
4 0.3822 0.2867 0.3956 0.2755 0.3995 0.2845 0.3861 0.2957
6 0.6424 0.5014 0.6231 0.4893 0.6319 0.4618 0.6512 0.4739
6 0.6875 0.2612 0.7304 0.3032 0.6699 0.4240 0.6271 0.3820
6 0.4123 0.1472 0.4229 0.2240 0.3860 0.2340 0.3754 0.1572
6 0.4791 0.2307 0.5200 0.2307 0.5200 0.3461 0.4791 0.3461
7 0.9639 0.2380 0.9696 0.2343 0.9743 0.2484 0.9687 0.2521
7 0.8898 0.6598 0.8861 0.6760 0.8399 0.6550 0.8436 0.6388
7 0.1282 0.9066 0.1236 0.8845 0.1593 0.8702 0.1638 0.8923
9 0.9421 0.5557 0.9133 0.5557 0.9133 0.4071 0.9421 0.4071
9 0.8091 0.9184 0.7350 0.7703 0.7595 0.7464 0.8335 0.8945
9 0.9196 0.3341 0.9225 0.2190 0.9415 0.2199 0.9386 0.3350
9 0.3747 0.2133 0.3562 0.2165 0.3468 0.1087 0.3652 0.1055
12 0.7311 0.7059 0.7352 0.7334 0.6641 0.7545 0.6599 0.7270
12 0.6061 0.5941 0.5788 0.5621 0.5942 0.5363 0.6215 0.5683
12 0.8402 0.3603 0.8901 0.4007 0.8810 0.4229 0.8310 0.3825
12 0.7250 0.9754 0.7781 0.9359 0.7861 0.9570 0.7331 0.9965
13 0.4885 0.6171 0.5012 0.6321 0.4981 0.6373 0.4854 0.6223
13 0.6254 0.1736 0.6396 0.1668 0.6432 0.1812 0.6290 0.1880
13 0.9807 0.6786 0.9489 0.6957 0.9411 0.6670 0.9728 0.6499
13 0.2115 0.7983 0.1986 0.8025 0.1943 0.7761 0.2071 0.7719
15 0.9695 0.7910 0.8966 0.7655 0.9076 0.7034 0.9806 0.7289
15 0.5025 0.4852 0.5296 0.4139 0.5732 0.4464 0.5461 0.5177
15 0.9327 0.8972 0.9285 0.8552 0.9593 0.8492 0.9635 0.8912
