0 0.8216 0.3085 0.8452 0.2951 0.9355 0.6083 0.9120 0.6217
0 0.9003 0.8555 0.6645 0.9137 0.6354 0.6829 0.8712 0.6247
0 0.3190 0.2282 0.4258 0.1419 0.5924 0.5458 0.4856 0.6321
0 0.1693 1.0000 0.1491 0.8864 0.3198 0.8268 0.3401 0.9404
1 0.9659 0.0974 0.9625 0.0945 0.9741 0.0674 0.9775 0.0703
1 0.6906 0.1525 0.7201 0.1475 0.7212 0.1599 0.6916 0.1649
1 0.3978 0.9914 0.3906 0.9949 0.3871 0.9806 0.3942 0.9771
1 0.2273 0.0132 0.2347 0.0170 0.2156 0.0904 0.2082 0.0866
2 0.4099 0.7069 0.4196 0.6859 0.4650 0.7271 0.4552 0.7481
2 0.7954 0.4372 0.8020 0.4459 0.7534 0.5188 0.7468 0.5101
2 0.0531 0.6638 0.0833 0.7060 0.0769 0.7150 0.0467 0.6728
2 0.2149 0.5417 0.2027 0.5234 0.2177 0.5039 0.2298 0.5222
3 0.5738 0.8763 0.5818 0.8936 0.5144 0.9549 0.5064 0.9376
3 0.4841 0.7654 0.4659 0.8542 0.4482 0.8470 0.4664 0.7582
3 0.4175 0.8763 0.4310 0.8776 0.4262 0.9733 0.4127 0.9720
3 0.7471 0.1701 0.7471 0.1571 0.7938 0.1571 0.7938 0.1701
4 0.6362 0.4251 0.6435 0.4273 0.6427 0.4329 0.6353 0.4307
4 0.7310 0.0905 0.7245 0.0625 0.7293 0.0603 0.7358 0.0883
4 0.6689 0.9998 0.6590 0.9483 0.6645 0.9462 0.6744 0.9977
4 0.2684 0.6732 0.2533 0.6785 0.2356 0.5796 0.2507 0.5743
6 0.8288 0.0793 0.8681 0.0332 0.8757 0.0459 0.8365 0.0920
6 0.2536 0.2586 0.1980 0.3216 0.1527 0.2434 0.2083 0.1804
6 0.2796 0.5004 0.1139 0.5004 0.1139 0.3836 0.2796 0.3836
6 0.2070 0.1545 0.2129 0.1075 0.2207 0.1095 0.2148 0.1565
7 0.6605 0.2353 0.6525 0.1963 0.7312 0.1647 0.7392 0.2037
7 0.1013 0.7821 0.0908 0.7669 0.1196 0.7279 0.1301 0.7431
7 0.0977 0.8253 0.0960 0.8079 0.1694 0.7935 0.1712 0.8109
7 0.5235 0.7083 0.5064 0.7205 0.4868 0.6665 0.5038 0.6543
9 0.0503 0.2542 0.0282 0.2283 0.0743 0.1514 0.0963 0.1773
9 0.9328 0.8396 0.9512 0.8521 0.9192 0.9440 0.9008 0.9315
9 0.9393 0.5250 0.9758 0.5179 0.9972 0.7314 0.9608 0.7385
12 0.1880 0.8229 0.1797 0.7978 0.2697 0.7391 0.2780 0.7642
12 0.6624 0.0819 0.3629 0.0966 0.3616 0.0445 0.6611 0.0298
12 0.3489 -0.0002 0.3616 0.0331 0.2919 0.0850 0.2793 0.0517
12 0.0548 0.8454 0.0573 0.8482 0.0043 0.9398 0.0019 0.9370
13 0.6109 0.6937 0.6097 0.7032 0.5783 0.6955 0.5795 0.6860
13 0.0940 0.4038 0.0936 0.4196 0.0723 0.4186 0.0727 0.4028
13 0.8221 0.2404 0.7920 0.2841 0.7519 0.2300 0.7820 0.1863
13 0.7382 0.0526 0.7570 0.0223 0.7727 0.0414 0.7539 0.0717
15 0.0766 0.3429 0.0168 0.3189 0.0294 0.2571 0.0892 0.2811
15 0.0582 0.5059 0.1101 0.5367 0.0872 0.6121 0.0354 0.5813
15 0.3432 0.8005 0.3097 0.7767 0.3328 0.7131 0.3663 0.7369
15 0.6396 0.5235 0.6228 0.5642 0.5930 0.5401 0.6098 0.4994
