0 0.3951 0.2519 0.2920 0.3352 0.2031 0.1197 0.3063 0.0364
0 0.7178 0.8017 0.5531 0.7937 0.5668 0.2447 0.7315 0.2527
0 0.2018 0.4968 0.0651 0.5516 0.0328 0.3936 0.1694 0.3388
0 0.3983 0.9412 0.4098 0.6336 0.4486 0.6364 0.4371 0.9440
1 0.5130 0.5359 0.5169 0.5339 0.5258 0.5681 0.5219 0.5701
1 0.0229 0.6462 0.0104 0.6478 0.0102 0.6446 0.0227 0.6430
1 0.4785 0.7831 0.4821 0.7795 0.4969 0.8081 0.4933 0.8117
1 0.1658 0.0758 0.1700 0.0830 0.1340 0.1254 0.1297 0.1182
2 0.9151 0.7137 0.8962 0.5776 0.9526 0.5623 0.9715 0.6984
2 0.3957 0.9829 0.4240 0.9723 0.4260 0.9827 0.3977 0.9933
2 0.7431 0.3919 0.7981 0.2407 0.9055 0.3173 0.8504 0.4685
2 0.7690 0.1828 0.6868 0.0595 0.7279 0.0060 0.8100 0.1293
3 0.9582 0.9037 0.9477 0.9001 0.9609 0.8255 0.9715 0.8291
3 0.9520 0.8096 0.9399 0.7944 0.9703 0.7472 0.9824 0.7624
3 0.0293 0.7732 0.0638 0.7527 0.0670 0.7632 0.0325 0.7837
3 0.5235 0.2279 0.5297 0.2627 0.4605 0.2869 0.4543 0.2521
4 0.0377 0.1886 0.0471 0.1771 0.0558 0.1910 0.0463 0.2025
4 0.9855 0.3842 0.9636 0.3685 0.9691 0.3534 0.9910 0.3691
4 0.0802 0.9768 0.0802 0.9572 0.1729 0.9572 0.1729 0.9768
4 0.4834 0.1576 0.4996 0.1888 0.4889 0.1996 0.4727 0.1684
6 0.4319 0.5457 0.4172 0.6281 0.3776 0.6143 0.3923 0.5319
6 0.3090 0.5009 0.2460 0.5229 0.2302 0.4343 0.2932 0.4123
6 0.1070 0.8518 0.0919 0.8644 0.0827 0.8430 0.0978 0.8304
6 0.4627 0.4428 0.4981 0.3695 0.5333 0.4028 0.4979 0.4761
7 0.8117 0.4755 0.8297 0.4901 0.7974 0.5685 0.7794 0.5539
7 0.3801 0.3941 0.3782 0.3828 0.4279 0.3667 0.4298 0.3780
7 0.3483 0.5951 0.3544 0.5968 0.3517 0.6165 0.3456 0.6148
7 0.2205 0.6319 0.2324 0.6227 0.2472 0.6601 0.2354 0.6693
9 0.9071 0.8043 0.9146 0.9043 0.7500 0.9285 0.7425 0.8285
9 0.9583 0.2267 0.9856 0.2793 0.9600 0.3053 0.9327 0.2527
9 0.3349 0.8575 0.2931 0.9381 0.1759 0.8189 0.2177 0.7383
12 0.5062 0.0383 0.5515 0.1086 0.5420 0.1205 0.4968 0.0502
12 0.0561 0.5751 0.1187 0.6627 0.1016 0.6865 0.0391 0.5989
12 0.5808 0.8458 0.5940 0.8721 0.5274 0.9374 0.5143 0.9111
13 0.4046 0.4259 0.4112 0.4267 0.4108 0.4329 0.4042 0.4321
13 0.8587 0.5851 0.8907 0.5731 0.8958 0.6001 0.8639 0.6121
13 0.7167 0.9531 0.7218 0.9527 0.7221 0.9609 0.7170 0.9613
13 0.1479 0.1950 0.1303 0.1883 0.1364 0.1566 0.1540 0.1633
15 0.4019 0.4331 0.4452 0.4640 0.4221 0.5277 0.3788 0.4968
15 0.9512 0.0633 0.9352 0.1902 0.8628 0.1723 0.8788 0.0454
15 0.1847 0.6416 0.1697 0.6067 0.1910 0.5888 0.2060 0.6237
