0 0.9429 0.9625 0.8537 0.9936 0.8205 0.8071 0.9097 0.7760
0 0.4983 0.7396 0.4937 0.5542 0.8834 0.5352 0.8880 0.7206
0 0.1925 0.1190 0.2743 0.2889 0.0992 0.4542 0.0174 0.2843
0 0.4359 0.2955 0.5062 0.0098 0.9921 0.2441 0.9218 0.5298
1 0.9592 0.5652 0.9627 0.5720 0.9328 0.6024 0.9293 0.5956
1 0.2249 0.6705 0.2138 0.7184 0.2091 0.7163 0.2202 0.6684
1 0.1836 0.8134 0.1659 0.8099 0.1667 0.8018 0.1844 0.8053
1 0.3251 0.5430 0.3285 0.5416 0.3421 0.6078 0.3387 0.6092
2 0.3054 0.9577 0.2400 0.9027 0.2877 0.7915 0.3532 0.8465
2 0.0975 0.6202 0.0835 0.6452 0.0485 0.6070 0.0625 0.5820
2 0.3826 0.7367 0.4716 0.7609 0.4671 0.7929 0.3782 0.7687
2 0.1872 0.8921 0.1556 0.8622 0.1631 0.8467 0.1947 0.8766
3 0.0630 0.5495 0.1555 0.4919 0.1624 0.5137 0.0699 0.5713
3 0.6936 0.8604 0.7432 0.8928 0.7376 0.9096 0.6879 0.8772
3 0.9302 0.7757 0.8894 0.6972 0.8990 0.6875 0.9397 0.7660
3 0.5291 0.8253 0.5276 0.8160 0.5611 0.8051 0.5627 0.8144
4 0.4083 0.4928 0.4153 0.6315 0.3931 0.6336 0.3862 0.4949
4 0.9561 0.8087 0.9627 0.8090 0.9619 0.8377 0.9553 0.8374
4 0.9390 0.6145 0.9247 0.6173 0.9239 0.6091 0.9381 0.6063
4 0.4113 0.9809 0.3845 0.9593 0.3996 0.9227 0.4263 0.9443
6 0.0847 0.8623 0.0446 0.9225 0.0013 0.8661 0.0414 0.8059
6 0.9496 0.7056 0.9735 0.6914 0.9758 0.6992 0.9520 0.7134
6 0.4116 0.7033 0.3374 0.6696 0.3455 0.6347 0.4197 0.6684
7 0.4051 0.3949 0.4057 0.3827 0.4224 0.3843 0.4217 0.3965
7 0.3048 0.4692 0.3140 0.4835 0.2889 0.5152 0.2797 0.5009
7 0.0307 0.7037 0.0259 0.6688 0.0996 0.6487 0.1044 0.6836
7 0.3825 0.0167 0.3838 0.0333 0.3457 0.0389 0.3445 0.0223
9 0.3311 0.2575 0.3531 0.2255 0.4101 0.3025 0.3880 0.3345
9 0.2492 0.5674 0.1948 0.5674 0.1948 0.5362 0.2492 0.5362
9 0.3827 0.1985 0.3562 0.0964 0.3730 0.0879 0.3995 0.1900
9 0.7200 0.8149 0.7171 0.7859 0.7902 0.7715 0.7932 0.8005
12 0.4582 0.8514 0.4703 0.8863 0.4535 0.8978 0.4414 0.8629
12 0.5312 0.9900 0.5296 0.9591 0.7125 0.9412 0.7141 0.9721
12 0.1461 0.8113 0.1062 0.8973 0.1019 0.8935 0.1418 0.8075
13 0.2309 0.6536 0.2342 0.6399 0.2469 0.6460 0.2435 0.6597
13 0.2621 0.0976 0.2535 0.1049 0.2424 0.0792 0.2511 0.0719
13 0.0465 0.7992 0.0439 0.7969 0.0484 0.7872 0.0510 0.7895
13 0.2844 0.1934 0.2833 0.1925 0.3148 0.1162 0.3158 0.1171
15 0.6282 0.8042 0.6648 0.7431 0.6906 0.7734 0.6540 0.8345
15 0.3805 0.8386 0.4061 0.8666 0.3855 0.9034 0.3599 0.8754
15 0.1375 0.0372 0.1168 0.1170 0.0576 0.0868 0.0783 0.0070
