0 0.3600 0.9466 0.2559 0.7221 0.3680 0.6202 0.4721 0.8447
0 0.6905 0.5034 0.5986 0.4028 0.7926 0.0550 0.8846 0.1556
0 0.2880 0.5380 0.2056 0.1357 0.2817 0.1052 0.3641 0.5075
1 0.3688 0.4677 0.3835 0.4439 0.3901 0.4519 0.3753 0.4757
1 0.9299 0.7339 0.9309 0.7411 0.8918 0.7517 0.8908 0.7445
1 0.9747 0.4208 0.9695 0.4408 0.9607 0.4364 0.9659 0.4164
1 0.4412 0.9739 0.4411 0.9757 0.4251 0.9733 0.4252 0.9715
2 0.0444 0.8603 0.0154 0.8856 0.0042 0.8605 0.0331 0.8352
2 0.1782 0.0801 0.1711 0.0172 0.1969 0.0115 0.2040 0.0744
2 0.1859 0.6844 0.2144 0.6154 0.2512 0.6452 0.2228 0.7142
2 0.1534 0.2024 0.0857 0.1200 0.0911 0.1112 0.1589 0.1936
3 0.8706 0.6156 0.8758 0.7000 0.8657 0.7012 0.8604 0.6168
3 0.8988 0.9444 0.8763 0.8474 0.8935 0.8396 0.9160 0.9366
3 0.5323 0.9220 0.4942 0.9637 0.4877 0.9520 0.5258 0.9103
3 0.1272 0.5013 0.0728 0.4625 0.0777 0.4491 0.1321 0.4879
4 0.5632 0.7482 0.5411 0.7240 0.5579 0.6938 0.5800 0.7180
4 0.0800 0.9636 0.0895 0.9744 0.0843 0.9832 0.0748 0.9724
4 0.0929 0.4205 0.0882 0.4140 0.0931 0.4071 0.0978 0.4136
4 0.6118 0.6593 0.6090 0.6524 0.6244 0.6399 0.6273 0.6468
6 0.0933 0.5906 0.1135 0.5299 0.1427 0.5490 0.1225 0.6097
6 0.0659 0.6727 0.0845 0.6278 0.1061 0.6453 0.0875 0.6902
6 0.1648 0.3502 0.1668 0.2970 0.2049 0.2998 0.2029 0.3530
6 0.6749 0.7714 0.6142 0.7640 0.6160 0.7354 0.6767 0.7428
7 0.9855 0.3343 0.9915 0.3418 0.9777 0.3641 0.9716 0.3566
7 0.6926 0.8061 0.6897 0.8222 0.6660 0.8139 0.6689 0.7978
7 0.3987 0.3205 0.4079 0.3180 0.4158 0.3747 0.4066 0.3772
7 0.7514 0.5816 0.7654 0.5711 0.7803 0.6104 0.7663 0.6209
9 0.4222 0.3134 0.3979 0.2089 0.5498 0.1398 0.5741 0.2443
9 0.8519 0.9607 0.8159 0.9985 0.7193 0.8189 0.7552 0.7811
9 0.6311 0.6348 0.6355 0.5912 0.7089 0.6056 0.7045 0.6492
9 0.1765 0.7592 0.2478 0.9394 0.2181 0.9624 0.1468 0.7822
12 0.9000 0.4826 0.9055 0.4775 0.9943 0.6690 0.9888 0.6741
12 0.8646 0.7654 0.8182 0.7455 0.8191 0.7410 0.8656 0.7609
12 0.5177 0.4001 0.5332 0.3922 0.5651 0.5151 0.5497 0.5230
12 0.9390 0.2600 0.9543 0.2682 0.9247 0.3760 0.9094 0.3678
13 0.0790 0.3540 0.0036 0.3048 0.0055 0.2992 0.0809 0.3484
13 0.8966 0.1665 0.8914 0.1392 0.8971 0.1371 0.9023 0.1644
13 0.7979 0.5454 0.8026 0.5766 0.7961 0.5786 0.7914 0.5474
13 0.1545 0.2535 0.1893 0.2276 0.2012 0.2589 0.1664 0.2848
15 0.4776 0.5736 0.5672 0.5279 0.5873 0.6048 0.4976 0.6505
15 0.1384 0.4413 0.1056 0.4189 0.1193 0.3795 0.1521 0.4019
15 0.6840 0.9405 0.6331 0.8785 0.6603 0.8347 0.7112 0.8967
