0 0.4972 0.4343 0.4476 0.4453 0.4231 0.2289 0.4727 0.2179
0 0.1499 0.0346 0.1784 0.1386 0.0712 0.1962 0.0427 0.0922
0 0.6856 0.6971 0.7366 0.5508 0.9564 0.7009 0.9054 0.8472
0 0.6426 0.7550 0.6260 0.8416 0.5337 0.8070 0.5502 0.7204
1 0.5792 0.4833 0.5760 0.4885 0.5531 0.4607 0.5563 0.4555
1 0.5334 0.6510 0.5406 0.6522 0.5383 0.6786 0.5311 0.6774
1 0.2568 0.0802 0.2652 0.0970 0.2480 0.1138 0.2397 0.0970
1 0.7479 0.0588 0.7351 0.0512 0.7361 0.0480 0.7489 0.0556
2 0.8749 0.0600 0.8806 0.1242 0.7771 0.1420 0.7714 0.0778
2 0.4317 0.9677 0.0137 0.7547 0.0403 0.6523 0.4583 0.8653
2 0.0737 0.5919 0.1321 0.6233 0.1260 0.6453 0.0676 0.6139
2 0.9247 0.9016 0.9114 0.9762 0.8650 0.9600 0.8783 0.8854
3 0.1980 0.2746 0.1248 0.2311 0.1317 0.2082 0.2049 0.2517
3 0.2093 0.4253 0.1385 0.3073 0.1527 0.2907 0.2235 0.4087
3 0.1694 0.5209 0.2382 0.4915 0.2434 0.5155 0.1746 0.5449
3 0.2635 0.2877 0.2108 0.2416 0.2165 0.2287 0.2692 0.2748
4 0.7333 0.5127 0.7441 0.4911 0.7590 0.5057 0.7482 0.5273
4 0.5251 0.4646 0.5395 0.4430 0.5431 0.4478 0.5288 0.4694
4 0.6654 0.2719 0.6690 0.2905 0.6560 0.2953 0.6525 0.2767
4 0.2849 0.2666 0.3052 0.2851 0.2914 0.3150 0.2710 0.2965
6 0.3627 0.5526 0.3091 0.5420 0.3167 0.4666 0.3703 0.4772
6 0.9317 0.1752 0.9815 0.4773 0.8728 0.5124 0.8230 0.2103
6 0.6550 0.1873 0.6184 0.1810 0.6230 0.1295 0.6596 0.1358
6 0.3507 0.2150 0.3019 0.2346 0.2924 0.1886 0.3413 0.1690
7 0.3553 0.6408 0.3545 0.6281 0.3719 0.6260 0.3727 0.6387
7 0.5240 0.1702 0.5197 0.1636 0.5345 0.1442 0.5389 0.1508
7 0.4506 0.0491 0.4468 0.0665 0.4143 0.0525 0.4180 0.0351
7 0.5224 0.1856 0.5492 0.1942 0.5479 0.2020 0.5211 0.1934
9 0.6496 0.2501 0.5343 0.4358 0.4976 0.3911 0.6129 0.2054
9 0.0681 0.5295 0.0116 0.5365 0.0002 0.3541 0.0567 0.3471
9 0.2484 0.4656 0.2265 0.4265 0.3268 0.3168 0.3487 0.3559
12 0.4705 0.0220 0.5197 0.0444 0.5089 0.0908 0.4597 0.0684
12 0.6770 0.1275 0.6955 0.1293 0.6890 0.2597 0.6705 0.2579
12 0.4618 0.6269 0.4459 0.5852 0.5277 0.5243 0.5435 0.5660
13 0.7729 0.1494 0.7813 0.1511 0.7805 0.1590 0.7722 0.1573
13 0.7595 0.9102 0.7258 0.9801 0.7002 0.9558 0.7339 0.8859
13 0.5665 0.5650 0.5628 0.5459 0.5704 0.5430 0.5741 0.5621
13 0.2358 0.0656 0.2293 0.0893 0.2180 0.0832 0.2245 0.0595
15 0.7304 0.2737 0.7270 0.2985 0.7027 0.2919 0.7062 0.2671
15 0.7276 0.3892 0.7414 0.2988 0.7898 0.3132 0.7761 0.4036
