AL-DH-31 0.9410004275331338 0.03506650544135429 0.9828986746472852 0.03506650544135429 0.9828986746472852 0.05078597339782346 0.9410004275331338 0.05078597339782346
17.05.2012 0.9354424967935014 0.053204353083434096 0.9850363403163745 0.053204353083434096 0.9850363403163745 0.06892382103990327 0.9354424967935014 0.06892382103990327
ALPHATON 0.7930739632321505 0.08827085852478839 0.8691748610517315 0.08827085852478839 0.8691748610517315 0.11003627569528417 0.7930739632321505 0.11003627569528417
Ziegelfassade 0.8785805899957246 0.08887545344619105 0.970072680632749 0.08887545344619105 0.970072680632749 0.11426844014510278 0.8785805899957246 0.11426844014510278
Querformat- Ausführung 0.7922188969645148 0.11970979443772672 0.9136383069687901 0.11970979443772672 0.9136383069687901 0.14328899637243048 0.7922188969645148 0.14328899637243048
2 0.8319794784095768 0.14631197097944376 0.8601966652415562 0.14631197097944376 0.8601966652415562 0.16324062877871826 0.8319794784095768 0.16324062877871826
2.5.1c 0.7926464300983326 0.1475211608222491 0.8259940145361265 0.1475211608222491 0.8259940145361265 0.16444981862152358 0.7926464300983326 0.16444981862152358
Ortgang 0.7917913638306969 0.1656590084643289 0.8366823428815733 0.1656590084643289 0.8366823428815733 0.18863361547763 0.7917913638306969 0.18863361547763
geneigtes Dach mit Blechblende 0.7922188969645148 0.18802902055622733 0.9546814878153057 0.18802902055622733 0.9546814878153057 0.21100362756952842 0.7922188969645148 0.21100362756952842
DOPPELWULSTZIEGEL 0.4053014108593416 0.2067714631197098 0.5079093629756306 0.2067714631197098 0.5079093629756306 0.22370012091898428 0.4053014108593416 0.22370012091898428
Alu-Unterkonstruktion 0.7935014963659683 0.22007255139056833 0.9003847798204361 0.22007255139056833 0.9003847798204361 0.23941958887545345 0.7935014963659683 0.23941958887545345
BLECH 0.1308251389482685 0.2672309552599758 0.14194100042753313 0.2672309552599758 0.14194100042753313 0.3143893591293833 0.1308251389482685 0.3143893591293833
ORTGANG 0.12997007268063274 0.3216444981862152 0.14279606669516887 0.3216444981862152 0.14279606669516887 0.39177750906892383 0.12997007268063274 0.39177750906892383
DACHLATTE 0.18127404873877725 0.4316807738814994 0.23685335613510047 0.4316807738814994 0.23685335613510047 0.44740024183796856 0.18127404873877725 0.44740024183796856
O-HALTER 0.2573749465583583 0.46311970979443773 0.3052586575459598 0.46311970979443773 0.3052586575459598 0.4788391777509069 0.2573749465583583 0.4788391777509069
1 0.033347584437793926 0.5054413542926239 0.14194100042753313 0.5054413542926239 0.14194100042753313 0.5223700120918985 0.033347584437793926 0.5223700120918985
ENTSPRECHEND 0.034202650705429674 0.5223700120918985 0.11030354852501069 0.5223700120918985 0.11030354852501069 0.5380894800483675 0.034202650705429674 0.5380894800483675
BOHRSCHR. 0.39247541684480547 0.524788391777509 0.4480547242411287 0.524788391777509 0.4480547242411287 0.5405078597339782 0.39247541684480547 0.5405078597339782
DACHNEIGUNG 0.0337751175716118 0.5392986698911729 0.10474561778537837 0.5392986698911729 0.10474561778537837 0.5550181378476421 0.0337751175716118 0.5550181378476421
SCHRÄG GESCHNITTEN 0.033347584437793926 0.5538089480048367 0.14194100042753313 0.5538089480048367 0.14194100042753313 0.5719467956469165 0.033347584437793926 0.5719467956469165
TRAG- 0.34117144078666095 0.5743651753325272 0.3719538264215477 0.5743651753325272 0.3719538264215477 0.5900846432889963 0.34117144078666095 0.5900846432889963
PROFIL 0.34117144078666095 0.5912938331318017 0.3762291577597264 0.5912938331318017 0.3762291577597264 0.6070133010882709 0.34117144078666095 0.6070133010882709
WÄRMEDÄMMUNG 0.4719965797349295 0.6457073760580411 0.5583582727661394 0.6457073760580411 0.5583582727661394 0.6650544135429263 0.4719965797349295 0.6650544135429263
ZIEGELPLATTE 0.19067977768277042 0.656590084643289 0.20350577169730655 0.656590084643289 0.20350577169730655 0.7617896009673518 0.19067977768277042 0.7617896009673518
X 0.4450619923044036 0.6801692865779927 0.45275758871312527 0.6801692865779927 0.45275758871312527 0.6934703748488513 0.4450619923044036 0.6934703748488513
THENNELEMENT 0.6028217186831979 0.7019347037484885 0.6806327490380505 0.7019347037484885 0.6806327490380505 0.7400241837968561 0.6028217186831979 0.7400241837968561
ALPHATON 0.19067977768277042 0.7702539298669892 0.20350577169730655 0.7702539298669892 0.20350577169730655 0.8512696493349455 0.19067977768277042 0.8512696493349455
30 0.24882428388200087 0.7787182587666264 0.26079521162890124 0.7787182587666264 0.26079521162890124 0.7956469165659008 0.24882428388200087 0.7956469165659008
30 0.34117144078666095 0.7787182587666264 0.35314236853356135 0.7787182587666264 0.35314236853356135 0.7944377267230955 0.34117144078666095 0.7944377267230955
10 0.29585292860196666 0.7799274486094316 0.30611372381359553 0.7799274486094316 0.30611372381359553 0.7944377267230955 0.29585292860196666 0.7944377267230955
WANDHALTER 0.48225737494655835 0.8053204353083434 0.5472424112868748 0.8053204353083434 0.5472424112868748 0.8210399032648126 0.48225737494655835 0.8210399032648126
DÜBEL 0.6079521162890124 0.8270858524788391 0.6412997007268063 0.8270858524788391 0.6412997007268063 0.845223700120919 0.6079521162890124 0.845223700120919
1 0.5972637879435656 0.8712212817412334 0.6365968362548098 0.8712212817412334 0.6365968362548098 0.880894800483676 0.5972637879435656 0.880894800483676
40 0.32920051303976056 0.8742442563482467 0.3420265070542967 0.8742442563482467 0.3420265070542967 0.8899637243047158 0.32920051303976056 0.8899637243047158
GEMÄß STATIK 0.6079521162890124 0.9081015719467956 0.675502351432236 0.9081015719467956 0.675502351432236 0.9274486094316807 0.6079521162890124 0.9274486094316807
Der Inhalt dieser Zeichnung bleibt unser geistiges Eigentum. Jede Verwendung; insbesondere die Weitergabe; Vervielfältigung; Veröffentlichung und Zurverfügungstellung bedarf unserer ausdrücklichen Zustimmung 0.08294142796066695 0.9649334945586457 0.903805044890979 0.9649334945586457 0.903805044890979 0.9842805320435308 0.08294142796066695 0.9842805320435308
