Unterschehe 0.6206166868198307 0.31979478409576745 0.6429866989117291 0.31979478409576745 0.6429866989117291 0.3262077811030355 0.6206166868198307 0.3262077811030355
Sonnenschutz 0.6215235792019347 0.32535271483539974 0.6438935912938332 0.32535271483539974 0.6438935912938332 0.3304831124412142 0.6215235792019347 0.3304831124412142
5 0.6216581922018666 0.33055491650519975 0.6308873763609637 0.33252660928968164 0.6304578900230428 0.33767937165213247 0.6209264084032443 0.33570767886765057
tahren 0.6299879081015719 0.3309106455750321 0.6423821039903265 0.3309106455750321 0.6423821039903265 0.3360410431808465 0.6299879081015719 0.3360410431808465
Ansicht 0.5151148730350665 0.3629756306113724 0.528415961305925 0.3629756306113724 0.528415961305925 0.36810602821718685 0.5151148730350665 0.36810602821718685
1 0.619105199516324 0.3629756306113724 0.6448004836759371 0.3629756306113724 0.6448004836759371 0.36810602821718685 0.619105199516324 0.36810602821718685
9 0.5160217654171705 0.3685335613510047 0.532043530834341 0.3685335613510047 0.532043530834341 0.37366395895681914 0.5160217654171705 0.37366395895681914
Deckleist= 0.619105199516324 0.3685335613510047 0.6369407496977025 0.3685335613510047 0.6369407496977025 0.37366395895681914 0.619105199516324 0.37366395895681914
1 0.619105199516324 0.4035912783240701 0.6526602176541717 0.4035912783240701 0.6526602176541717 0.4112868747327918 0.619105199516324 0.4112868747327918
[ 0.6197097944377267 0.41043180846515603 0.6423821039903265 0.41043180846515603 0.6423821039903265 0.4155622060709705 0.6197097944377267 0.4155622060709705
1 0.4229141475211608 0.41684480547242414 0.4268440145102781 0.41684480547242414 0.4268440145102781 0.4433518597691321 0.4229141475211608 0.4433518597691321
1 0.6324062877871826 0.4356562633604104 0.6487303506650545 0.4356562633604104 0.6487303506650545 0.4433518597691321 0.6324062877871826 0.4433518597691321
Ansleht 0.6197097944377267 0.43693886276186406 0.6321039903264812 0.43693886276186406 0.6321039903264812 0.4420692603676785 0.6197097944377267 0.4420692603676785
1 0.619105199516324 0.44249679350149634 0.6369407496977025 0.44249679350149634 0.6369407496977025 0.4476271911073108 0.619105199516324 0.4476271911073108
1 0.619105199516324 0.5416844805472424 0.6478234582829504 0.5416844805472424 0.6478234582829504 0.5480974775545104 0.619105199516324 0.5480974775545104
Derkleiste 0.619105199516324 0.5485250106883284 0.6369407496977025 0.5485250106883284 0.6369407496977025 0.5536554082941428 0.619105199516324 0.5536554082941428
1 0.619105199516324 0.55622060709705 0.6526602176541717 0.55622060709705 0.6526602176541717 0.5626336041043181 0.619105199516324 0.5626336041043181
Fana6gfhut - 0.6200120918984281 0.5634886703719538 0.6420798065296252 0.5634886703719538 0.6420798065296252 0.5664814023086789 0.6200120918984281 0.5664814023086789
Ansicht 0.5151148730350665 0.579307396323215 0.5290205562273277 0.579307396323215 0.5290205562273277 0.5870029927319367 0.5151148730350665 0.5870029927319367
Ansicht Riegel - 0.619105199516324 0.579307396323215 0.6454050785973398 0.579307396323215 0.6454050785973398 0.5870029927319367 0.619105199516324 0.5870029927319367
Wcllblcrh 0.5160217654171705 0.586147926464301 0.532043530834341 0.586147926464301 0.532043530834341 0.5912783240701154 0.5160217654171705 0.5912783240701154
Derklciste 0.619105199516324 0.586147926464301 0.6369407496977025 0.586147926464301 0.6369407496977025 0.5912783240701154 0.619105199516324 0.5912783240701154
Blendenlande 0.38784764207980654 0.658828559213339 0.4105199516324063 0.658828559213339 0.4105199516324063 0.6665241556220607 0.38784764207980654 0.6665241556220607
[ 0.43319226118500603 0.672082086361693 0.4570737605804111 0.672082086361693 0.4570737605804111 0.6797776827704147 0.43319226118500603 0.6797776827704147
1 0.4337968561064087 0.678922616502779 0.4718863361547763 0.678922616502779 0.4718863361547763 0.6840530141085934 0.4337968561064087 0.6840530141085934
1 0.3056227327690447 0.7400598546387345 0.32285368802902054 0.7400598546387345 0.32285368802902054 0.7473279179136383 0.3056227327690447 0.7473279179136383
| 0.2512091898428053 0.7409149209063702 0.3032043530834341 0.7409149209063702 0.3032043530834341 0.7473279179136383 0.2512091898428053 0.7473279179136383
| 0.250906892382104 0.7473279179136383 0.3101571946795647 0.7473279179136383 0.3101571946795647 0.7563061137238136 0.250906892382104 0.7563061137238136
Detail Horizontalschnitt PR-Fassade 0.23548972188633616 0.7986318939717828 0.40024183796856105 0.7986318939717828 0.40024183796856105 0.8191534843950407 0.23548972188633616 0.8191534843950407
