120 0.5048367593712213 0.155622060709705 0.5208585247883918 0.155622060709705 0.5208585247883918 0.1675929884566054 0.5048367593712213 0.1675929884566054
1 0.310459492140266 0.1671654553227875 0.3515719467956469 0.1671654553227875 0.3515719467956469 0.18255664814023087 0.310459492140266 0.18255664814023087
9 0.3866384522370012 0.1778537836682343 0.3981257557436518 0.1778537836682343 0.3981257557436518 0.1893971782813168 0.3866384522370012 0.1893971782813168
160 0.48428053204353083 0.1778537836682343 0.5006045949214026 0.1778537836682343 0.5006045949214026 0.1893971782813168 0.48428053204353083 0.1893971782813168
1 0.31106408706166866 0.1791363830696879 0.3558041112454655 0.1791363830696879 0.3558041112454655 0.19196237708422403 0.31106408706166866 0.19196237708422403
0 0.6082224909310762 0.18041898247114152 0.6181983071342201 0.18041898247114152 0.6181983071342201 0.1881145788798632 0.6082224909310762 0.1881145788798632
{ 0.31076178960096734 0.18982471141513468 0.344316807738815 0.18982471141513468 0.344316807738815 0.2039333048311244 0.31076178960096734 0.2039333048311244
Dämmung 0.310459492140266 0.21034630183839248 0.35096735187424427 0.21034630183839248 0.35096735187424427 0.22659256092347158 0.310459492140266 0.22659256092347158
1 0.31106408706166866 0.2231722958529286 0.344316807738815 0.2231722958529286 0.344316807738815 0.23471569046601112 0.31106408706166866 0.23471569046601112
Sturzprofil_geklinkt 0.1777509068923821 0.22530996152201796 0.25332527206771466 0.22530996152201796 0.25332527206771466 0.2419837537409149 0.1777509068923821 0.2419837537409149
E-Kobel / fur Sonnenschutz 0.6674727932285369 0.2436938862761864 0.7732769044740024 0.2436938862761864 0.7732769044740024 0.25951261222744765 0.6674727932285369 0.25951261222744765
1 0.722490931076179 0.2552372808892689 0.8210399032648126 0.2552372808892689 0.8210399032648126 0.28131680205215903 0.722490931076179 0.28131680205215903
1 0.6686819830713422 0.25651988029072254 0.721584038694075 0.25651988029072254 0.721584038694075 0.26806327490380505 0.6686819830713422 0.26806327490380505
una 0.7554413542926239 0.25651988029072254 0.7714631197097944 0.25651988029072254 0.7714631197097944 0.26806327490380505 0.7554413542926239 0.26806327490380505
1 0.6680773881499396 0.2663531423685336 0.7230955259975816 0.2663531423685336 0.7230955259975816 0.2791791363830697 0.6680773881499396 0.2791791363830697
verlegt 0.6686819830713422 0.2783240701154339 0.6964933494558646 0.2783240701154339 0.6964933494558646 0.2911500641299701 0.6686819830713422 0.2911500641299701
1 0.7418379685610641 0.28559213339033773 0.8071342200725514 0.28559213339033773 0.8071342200725514 0.3026934587430526 0.7418379685610641 0.3026934587430526
Leistungsgrenze 0.6683796856106409 0.2864471996579735 0.7312575574365175 0.2864471996579735 0.7312575574365175 0.3026934587430526 0.6683796856106409 0.3026934587430526
Sonnenschutzkosten 0.6922611850060459 0.2984181274048739 0.7714631197097944 0.2984181274048739 0.7714631197097944 0.31124412141941 0.6922611850060459 0.31124412141941
3 0.6798669891172914 0.3022659256092347 0.6901451027811366 0.3022659256092347 0.6901451027811366 0.3095339888841385 0.6798669891172914 0.3095339888841385
| 0.6680773881499396 0.3095339888841385 0.7917170495767836 0.3095339888841385 0.7917170495767836 0.3232150491663104 0.6680773881499396 0.3232150491663104
T_Verbinder In 0.19649334945586458 0.31124412141941 0.25544135429262393 0.31124412141941 0.25544135429262393 0.3270628473706712 0.19649334945586458 0.3270628473706712
an Fußpunkt ohne 0.6804715840386941 0.31936725096194957 0.7551390568319226 0.31936725096194957 0.7551390568319226 0.33219324497648567 0.6804715840386941 0.33219324497648567
Stecker 0.7578597339782346 0.31936725096194957 0.7880894800483675 0.31936725096194957 0.7880894800483675 0.33219324497648567 0.7578597339782346 0.33219324497648567
E 0.7899032648125756 0.32064985036340315 0.8010882708585247 0.32064985036340315 0.8010882708585247 0.3309106455750321 0.7899032648125756 0.3309106455750321
2 0.6698911729141476 0.32107738349722104 0.6759371221281741 0.32107738349722104 0.6759371221281741 0.3317657118426678 0.6698911729141476 0.3317657118426678
Eigentertlgung 0.19619105199516323 0.32364258230012827 0.253627569528416 0.32364258230012827 0.253627569528416 0.33646857631466437 0.19619105199516323 0.33646857631466437
1 0.6680773881499396 0.3304831124412142 0.727932285368803 0.3304831124412142 0.727932285368803 0.3433091064557503 0.6680773881499396 0.3433091064557503
Ueueulul 0.44709794437726724 0.41342454040188115 0.46432889963724305 0.41342454040188115 0.46432889963724305 0.47327917913638307 0.44709794437726724 0.47327917913638307
sichtbarer_Blendrahnen 0.22339782345828296 0.4142796066695169 0.3162031438935913 0.4142796066695169 0.3162031438935913 0.427105600684053 0.22339782345828296 0.427105600684053
8 0.46795646916565903 0.4241128687473279 0.4848851269649335 0.4241128687473279 0.4848851269649335 0.43693886276186406 0.46795646916565903 0.43693886276186406
80 0.5764812575574365 0.4275331338178709 0.587968561064087 0.4275331338178709 0.587968561064087 0.4390765284309534 0.5764812575574365 0.4390765284309534
1 0.590689238210399 0.4275331338178709 0.6372430471584039 0.4275331338178709 0.6372430471584039 0.4390765284309534 0.590689238210399 0.4390765284309534
Alu_Zorgs 0.22370012091898428 0.42967079948696024 0.26571946795646917 0.42967079948696024 0.26571946795646917 0.44548952543822146 0.22370012091898428 0.44548952543822146
Dubel 0.6844014510278114 0.4322359982898675 0.7058645707376058 0.4322359982898675 0.7058645707376058 0.4446344591705857 0.6844014510278114 0.4446344591705857
6 0.7373035066505441 0.44121419410004276 0.7699516324062878 0.44121419410004276 0.7699516324062878 0.45703292005130397 0.7373035066505441 0.45703292005130397
HILI 0.6844014510278114 0.4429243266353142 0.7034461910519951 0.4429243266353142 0.7034461910519951 0.4548952543822146 0.6844014510278114 0.4548952543822146
5 0.7061668681983071 0.4429243266353142 0.7246070133010882 0.4429243266353142 0.7246070133010882 0.4548952543822146 0.7061668681983071 0.4548952543822146
Ax_Blendrohmen 0.2240024183796856 0.4467721248396751 0.2892986698911729 0.4467721248396751 0.2892986698911729 0.463445917058572 0.2240024183796856 0.463445917058572
1 0.7297460701330108 0.45318512184694315 0.7974607013301088 0.45318512184694315 0.7974607013301088 0.466866182129115 0.7297460701330108 0.466866182129115
1 0.7291414752116082 0.4638734501923899 0.7805320435308344 0.4638734501923899 0.7805320435308344 0.4796921761436511 0.7291414752116082 0.4796921761436511
Kante_Natursteinplatten 0.22339782345828296 0.4643009833262078 0.31680773881499397 0.4643009833262078 0.31680773881499397 0.47798204360837965 0.22339782345828296 0.47798204360837965
Bautoleranzen beachten 0.7297460701330108 0.47755451047456177 0.8074365175332527 0.47755451047456177 0.8074365175332527 0.4890979050876443 0.7297460701330108 0.4890979050876443
IK_Rohbau 0.2227932285368803 0.48182984181274047 0.26451027811366384 0.48182984181274047 0.26451027811366384 0.4946558358272766 0.2227932285368803 0.4946558358272766
2 0.7336759371221282 0.4882428388200086 0.7457678355501813 0.4882428388200086 0.7457678355501813 0.4989311671654553 0.7336759371221282 0.4989311671654553
Folie_dampfoffen 0.5798065296251511 0.49080803762291575 0.6466142684401451 0.49080803762291575 0.6466142684401451 0.5032064985036341 0.5798065296251511 0.5032064985036341
Sonnenschutzkosten 0.24455864570737607 0.4916631038905515 0.3231559854897219 0.4916631038905515 0.3231559854897219 0.5044890979050877 0.24455864570737607 0.5044890979050877
1e 0.5804111245465539 0.5014963659683626 0.5958282950423216 0.5014963659683626 0.5958282950423216 0.5134672937152629 0.5804111245465539 0.5134672937152629
1 0.6124546553808948 0.5014963659683626 0.6481257557436517 0.5014963659683626 0.6481257557436517 0.5134672937152629 0.6124546553808948 0.5134672937152629
Kantteil 0.24455864570737607 0.5027789653698161 0.2753929866989117 0.5027789653698161 0.2753929866989117 0.5156049593843522 0.24455864570737607 0.5156049593843522
2 0.2781136638452237 0.5027789653698161 0.29171704957678357 0.5027789653698161 0.29171704957678357 0.5143223599828987 0.2781136638452237 0.5143223599828987
Smm 0.2953446191051995 0.5040615647712697 0.3143893591293833 0.5040615647712697 0.3143893591293833 0.5143223599828987 0.2953446191051995 0.5143223599828987
DS 0.5979443772672309 0.5044890979050877 0.6079201934703748 0.5044890979050877 0.6079201934703748 0.5130397605814451 0.5979443772672309 0.5130397605814451
1 0.7276299879081015 0.51004702864472 0.8016928657799275 0.51004702864472 0.8016928657799275 0.5271483539974348 0.7276299879081015 0.5271483539974348
Kompribondes 0.5801088270858524 0.5109020949123557 0.6360338573155986 0.5109020949123557 0.6360338573155986 0.5267208208636169 0.5801088270858524 0.5267208208636169
1 0.7391172914147521 0.5224454895254382 0.7871825876662636 0.5224454895254382 0.7871825876662636 0.5352714835399743 0.7391172914147521 0.5352714835399743
1 0.5813180169286578 0.5250106883283454 0.626360338573156 0.5250106883283454 0.626360338573156 0.5352714835399743 0.5813180169286578 0.5352714835399743
MaBtoleranzen 0.24365175332527206 0.5335613510047028 0.29957678355501816 0.5335613510047028 0.29957678355501816 0.546387345019239 0.24365175332527206 0.546387345019239
Qus 0.3022974607013301 0.5348439504061565 0.3183192261185006 0.5348439504061565 0.3183192261185006 0.546387345019239 0.3022974607013301 0.546387345019239
Ansicht obere Ranmenecke 0.12273276904474002 0.5361265498076101 0.2097944377267231 0.5361265498076101 0.2097944377267231 0.5476699444206926 0.12273276904474002 0.5476699444206926
50 0.621825876662636 0.5438221462163317 0.6333131801692866 0.5438221462163317 0.6333131801692866 0.5553655408294143 0.621825876662636 0.5553655408294143
25 0.6795646916565901 0.5438221462163317 0.6910519951632407 0.5438221462163317 0.6910519951632407 0.5553655408294143 0.6795646916565901 0.5553655408294143
1 0.24365175332527206 0.5446772124839675 0.3050181378476421 0.5446772124839675 0.3050181378476421 0.55622060709705 0.24365175332527206 0.55622060709705
2 0.3080411124546554 0.5472424112868748 0.3174123337363966 0.5472424112868748 0.3174123337363966 0.5557930739632322 0.3080411124546554 0.5557930739632322
benennen 0.24365175332527206 0.5557930739632322 0.28174123337363965 0.5557930739632322 0.28174123337363965 0.5673364685763147 0.24365175332527206 0.5673364685763147
Winkelprotil umlautend 0.7297460701330108 0.5767421975203079 0.8162031438935913 0.5767421975203079 0.8162031438935913 0.589568191534844 0.7297460701330108 0.589568191534844
25x25x2 0.7726723095525998 0.5865754595981189 0.8068319226118501 0.5865754595981189 0.8068319226118501 0.599401453612655 0.7726723095525998 0.599401453612655
Aluminium 0.7297460701330108 0.5878580589995724 0.7699516324062878 0.5878580589995724 0.7699516324062878 0.599401453612655 0.7297460701330108 0.599401453612655
qu1 Gehrung_gstoBen 0.7639056831922612 0.5968362548097478 0.8509673518742442 0.5968362548097478 0.8509673518742442 0.612654980761009 0.7639056831922612 0.612654980761009
geklebL 0.7288391777509069 0.5976913210773835 0.7590689238210399 0.5976913210773835 0.7590689238210399 0.6105173150919196 0.7288391777509069 0.6105173150919196
320090 0.6571946795646917 0.6032492518170158 0.6653567110036276 0.6032492518170158 0.6653567110036276 0.639162035057717 0.6571946795646917 0.639162035057717
Winkelgröße den 0.7297460701330108 0.6143651132962804 0.7841596130592503 0.6143651132962804 0.7841596130592503 0.6280461735784524 0.7297460701330108 0.6280461735784524
Bautoleranzen anpassen 0.7288391777509069 0.6263360410431809 0.8074365175332527 0.6263360410431809 0.8074365175332527 0.639162035057717 0.7288391777509069 0.639162035057717
90 0.38301088270858524 0.6468576314664386 0.39238210399032647 0.6468576314664386 0.39238210399032647 0.6554082941427961 0.38301088270858524 0.6554082941427961
Zarge Kantteil 0.2430471584038694 0.6554082941427961 0.3013905683192261 0.6554082941427961 0.3013905683192261 0.6716545532278752 0.2430471584038694 0.6716545532278752
1 0.7282345828295043 0.6579734929457033 0.8440145102781137 0.6579734929457033 0.8440145102781137 0.675502351432236 0.7282345828295043 0.675502351432236
2 0.3041112454655381 0.6601111586147926 0.31892382103990324 0.6601111586147926 0.31892382103990324 0.66866182129115 0.3041112454655381 0.66866182129115
8 0.6472188633615478 0.6601111586147926 0.6650544135429263 0.6601111586147926 0.6650544135429263 0.6673792218896965 0.6472188633615478 0.6673792218896965
1 0.43530834340991537 0.6618212911500642 0.5021160822249093 0.6618212911500642 0.5021160822249093 0.6759298845660539 0.43530834340991537 0.6759298845660539
4 0.5211608222490931 0.6618212911500642 0.5362756952841596 0.6618212911500642 0.5362756952841596 0.6746472851646003 0.5211608222490931 0.6746472851646003
ttungp 0.4906287787182588 0.6618212911500642 0.5202539298669892 0.6618212911500642 0.5202539298669892 0.6904660111158615 0.4906287787182588 0.6904660111158615
4 0.2874848851269649 0.6673792218896965 0.3083434099153567 0.6673792218896965 0.3083434099153567 0.6802052159042326 0.2874848851269649 0.6802052159042326
Aluminlum 0.24455864570737607 0.66866182129115 0.28476420798065294 0.66866182129115 0.28476420798065294 0.6810602821718683 0.24455864570737607 0.6810602821718683
(vor Nachtbelu 0.43530834340991537 0.6716545532278752 0.49334945586457074 0.6716545532278752 0.49334945586457074 0.685763146643865 0.43530834340991537 0.685763146643865
mit 0.435912938331318 0.6861906797776828 0.4498186215235792 0.6861906797776828 0.4498186215235792 0.6968790081231295 0.435912938331318 0.6968790081231295
Inseken sqhuiz 0.45223700120918986 0.6861906797776828 0.5090689238210399 0.6861906797776828 0.5090689238210399 0.6968790081231295 0.45223700120918986 0.6968790081231295
Beschlagsaus fuhrung 0.7285368802902056 0.6866182129115006 0.81136638452237 0.6866182129115006 0.81136638452237 0.7037195382642155 0.7285368802902056 0.7037195382642155
Karung 0.7611850060459492 0.6973065412569475 0.7932285368802902 0.6973065412569475 0.7932285368802902 0.7126977340743907 0.7611850060459492 0.7126977340743907
noch 0.7288391777509069 0.6994442069260368 0.7496977025392987 0.6994442069260368 0.7496977025392987 0.7109876015391193 0.7288391777509069 0.7109876015391193
0 0.751813784764208 0.702009405728944 0.7596735187424426 0.702009405728944 0.7596735187424426 0.7105600684053014 0.751813784764208 0.7105600684053014
319520 0.6532648125755743 0.7062847370671227 0.6786577992744861 0.7062847370671227 0.6786577992744861 0.718683197947841 0.6532648125755743 0.718683197947841
| 0.7285368802902056 0.7233860624198375 0.8648730350665055 0.7233860624198375 0.8648730350665055 0.7387772552372809 0.7285368802902056 0.7387772552372809
Ausführung des 0.4607013301088271 0.7242411286874733 0.5099758162031439 0.7242411286874733 0.5099758162031439 0.7379221889696451 0.4607013301088271 0.7379221889696451
Konstruktion 0.4147521160822249 0.7246686618212912 0.4573760580411125 0.7246686618212912 0.4573760580411125 0.7366395895681915 0.4147521160822249 0.7366395895681915
Austührung des bauseitigen 0.7744860943168077 0.73492945703292 0.8615477629987908 0.73492945703292 0.8615477629987908 0.7503206498503634 0.7744860943168077 0.7503206498503634
Konstruktion 0.7297460701330108 0.7357845233005558 0.7714631197097944 0.7357845233005558 0.7714631197097944 0.7486105173150919 0.7297460701330108 0.7486105173150919
| 0.4156590084643289 0.7370671227020094 0.5060459492140266 0.7370671227020094 0.5060459492140266 0.7498931167165456 0.4156590084643289 0.7498931167165456
slehe Fachplanung 0.4144498186215236 0.7469003847798205 0.47672309552599756 0.7469003847798205 0.47672309552599756 0.7627191107310817 0.4144498186215236 0.7627191107310817
Sonnenschutzes (Abstand Lamelle zum 0.7297460701330108 0.7490380504489098 0.8527811366384522 0.7490380504489098 0.8527811366384522 0.7610089781958101 0.7297460701330108 0.7610089781958101
2390 0.5305320435308344 0.7558785805899957 0.5386940749697703 0.7558785805899957 0.5386940749697703 0.7862334330910645 0.5305320435308344 0.7862334330910645
1 0.656590084643289 0.7571611799914494 0.6735187424425635 0.7571611799914494 0.6735187424425635 0.7657118426678068 0.656590084643289 0.7657118426678068
ausführende Firma 0.4147521160822249 0.7601539119281744 0.47611850060459493 0.7601539119281744 0.47611850060459493 0.7716973065412569 0.4147521160822249 0.7716973065412569
| 0.7297460701330108 0.7601539119281744 0.8742442563482467 0.7601539119281744 0.8742442563482467 0.7742625053441642 0.7297460701330108 0.7742625053441642
5 0.5417170495767836 0.7704147071398033 0.5486698911729141 0.7704147071398033 0.5486698911729141 0.7781103035485251 0.5417170495767836 0.7781103035485251
Abstimmungsbedart; 0.4156590084643289 0.7716973065412569 0.4800483675937122 0.7716973065412569 0.4800483675937122 0.7853783668234288 0.4156590084643289 0.7853783668234288
nach Kenntnis der bauseitigen Planung 0.7288391777509069 0.7716973065412569 0.851571946795647 0.7716973065412569 0.851571946795647 0.7853783668234288 0.7288391777509069 0.7853783668234288
13 0.660217654171705 0.7734074390765284 0.6707980652962515 0.7734074390765284 0.6707980652962515 0.7849508336896109 0.660217654171705 0.7849508336896109
31 0.5405078597339782 0.774690038477982 0.5489721886336155 0.774690038477982 0.5489721886336155 0.7849508336896109 0.5405078597339782 0.7849508336896109
festgelegt werden. Koordination der Gewerke 0.7288391777509069 0.7845233005557931 0.8700120918984281 0.7845233005557931 0.8700120918984281 0.7973492945703292 0.7288391777509069 0.7973492945703292
durch die Bauleitung 0.7294437726723095 0.7943565626336041 0.7962515114873036 0.7943565626336041 0.7962515114873036 0.8101752885848653 0.7294437726723095 0.8101752885848653
AK_Rohbau 0.49365175332527206 0.8033347584437794 0.5380894800483675 0.8033347584437794 0.5380894800483675 0.8161607524583155 0.49365175332527206 0.8161607524583155
1 0.7288391777509069 0.8123129542539547 0.8019951632406288 0.8123129542539547 0.8019951632406288 0.8247114151346729 0.7288391777509069 0.8247114151346729
Berelch 0.8047158403869408 0.8123129542539547 0.8340386940749698 0.8123129542539547 0.8340386940749698 0.8247114151346729 0.8047158403869408 0.8247114151346729
Eliigel_Nachtouskuhlung 0.7282345828295043 0.82129115006413 0.8219467956469165 0.82129115006413 0.8219467956469165 0.837964942283027 0.7282345828295043 0.837964942283027
Detail Kopfpunkt Fenster 0.10912938331318017 0.8747327917913639 0.22249093107617895 0.8747327917913639 0.22249093107617895 0.893971782813168 0.10912938331318017 0.893971782813168
