Detail Glasfassade 0.3594316807738815 0.17229585292860197 0.4316807738814994 0.17229585292860197 0.4316807738814994 0.1851218469431381 0.3594316807738815 0.1851218469431381
LV-Pos 0.3594316807738815 0.18683197947840957 0.3902660217654172 0.18683197947840957 0.3902660217654172 0.1996579734929457 0.3594316807738815 0.1996579734929457
1.1.1200 0.39298669891172916 0.18683197947840957 0.42623941958887546 0.18683197947840957 0.42623941958887546 0.1996579734929457 0.39298669891172916 0.1996579734929457
siehe Blatt D410a 0.3594316807738815 0.20094057289439932 0.4277509068923821 0.20094057289439932 0.4277509068923821 0.21376656690893545 0.3594316807738815 0.21376656690893545
1 0.7515114873035067 0.20094057289439932 0.8222490931076178 0.20094057289439932 0.8222490931076178 0.21504916631038906 0.7515114873035067 0.21504916631038906
Falzgrund Pfosten 0.3642684401451028 0.21932449764856776 0.43500604594921405 0.21932449764856776 0.43500604594921405 0.23728088926891835 0.3642684401451028 0.23728088926891835
Fremdleistungen 0.7512091898428053 0.22873022659256093 0.8165054413542926 0.22873022659256093 0.8165054413542926 0.24711415134672937 0.7512091898428053 0.24711415134672937
Entwasserung auf 0.3642684401451028 0.231722958529286 0.43440145102781136 0.231722958529286 0.43440145102781136 0.2501068832834545 0.3642684401451028 0.2501068832834545
angedeutet; 0.7657194679564692 0.24326635314236852 0.8119709794437727 0.24326635314236852 0.8119709794437727 0.261650277896537 0.7657194679564692 0.261650277896537
1 0.3648730350665054 0.24625908507909364 0.41686819830713423 0.24625908507909364 0.41686819830713423 0.26036767849508335 0.3648730350665054 0.26036767849508335
nur 0.7515114873035067 0.24625908507909364 0.7660217654171705 0.24625908507909364 0.7660217654171705 0.258230012825994 0.7515114873035067 0.258230012825994
siehe hierzu Arch Detail 0.7515114873035067 0.25951261222744765 0.842503022974607 0.25951261222744765 0.842503022974607 0.27233860624198375 0.7515114873035067 0.27233860624198375
1 0.7515114873035067 0.2740487387772552 0.8050181378476421 0.2740487387772552 0.8050181378476421 0.2868747327917914 0.7515114873035067 0.2868747327917914
09 0.5529020556227328 0.3056861906797777 0.5646916565900847 0.3056861906797777 0.5646916565900847 0.3227875160324925 0.5529020556227328 0.3227875160324925
1 0.6674727932285369 0.3095339888841385 0.7366989117291415 0.3095339888841385 0.7366989117291415 0.3270628473706712 0.6674727932285369 0.3270628473706712
7 0.6644498186215235 0.31295425395468146 0.6695888754534461 0.31295425395468146 0.6695888754534461 0.3227875160324925 0.6644498186215235 0.3227875160324925
4 0.4325876662636034 0.34886703719538265 0.4443772672309553 0.34886703719538265 0.4443772672309553 0.3655408294142796 0.4325876662636034 0.3655408294142796
1ol 0.4443772672309553 0.3552800342026507 0.45556227327690446 0.3552800342026507 0.45556227327690446 0.3877725523728089 0.4443772672309553 0.3877725523728089
Fassadentolie (Windsperre 0.529322853688029 0.387345019238991 0.629081015719468 0.387345019238991 0.629081015719468 0.404018811457888 0.529322853688029 0.404018811457888
1240 0.47788704114209135 0.398240999318461 0.48721496577424017 0.38779403699516635 0.4997429467660102 0.41107922299876853 0.4904150221338614 0.4219537184558811
1 0.530229746070133 0.3993159469858914 0.6408706166868199 0.3993159469858914 0.6408706166868199 0.41684480547242414 0.530229746070133 0.41684480547242414
9 0.5544135429262395 0.4236853356135101 0.5909915356711004 0.4236853356135101 0.5909915356711004 0.43993159469858917 0.5544135429262395 0.43993159469858917
Blech 0.5305320435308344 0.4241128687473279 0.5519951632406288 0.4241128687473279 0.5519951632406288 0.43822146216331764 0.5305320435308344 0.43822146216331764
068'2 + 0.19619105199516323 0.42967079948696024 0.22218863361547764 0.42967079948696024 0.22218863361547764 0.44377939290295 0.19619105199516323 0.44377939290295
2 0.22581620314389358 0.4322359982898675 0.24334945586457074 0.4322359982898675 0.24334945586457074 0.44377939290295 0.22581620314389358 0.44377939290295
Festpunkt 0.812273276904474 0.4638734501923899 0.8521765417170496 0.4638734501923899 0.8521765417170496 0.4796921761436511 0.812273276904474 0.4796921761436511
517 0.5635758168343311 0.4737324377517806 0.5773607293107942 0.49001837820093064 0.570341958256358 0.5014706404867829 0.5568593432405964 0.48518470003763287
Rankhilfe 0.813180169286578 0.47755451047456177 0.848851269649335 0.47755451047456177 0.848851269649335 0.49123557075673363 0.813180169286578 0.49123557075673363
Rinne 0.5402055622732769 0.49123557075673363 0.5640870616686819 0.49123557075673363 0.5640870616686819 0.5070542967079948 0.5402055622732769 0.5070542967079948
bouseits 0.5405078597339782 0.5061992304403591 0.5737605804111245 0.5061992304403591 0.5737605804111245 0.519880290722531 0.5405078597339782 0.519880290722531
315 0.6404065596635983 0.543689751570847 0.6542464241778012 0.5259333224884699 0.6618909010377318 0.5401067426574557 0.6483533339842302 0.5582907048736506
Dämmung bayseitg 0.46432889963724305 0.5904232578024797 0.5414147521160823 0.5904232578024797 0.5414147521160823 0.6079521162890124 0.46432889963724305 0.6079521162890124
{ur ongedeutl 0.466142684401451 0.6041043180846516 0.5290205562273277 0.6041043180846516 0.5290205562273277 0.6203505771697306 0.466142684401451 0.6203505771697306
Kantteil, 0.4649334945586457 0.6365968362548098 0.49667472793228534 0.6365968362548098 0.49667472793228534 0.6502778965369816 0.4649334945586457 0.6502778965369816
10 0.3938935912938331 0.6451474989311672 0.40447400241837966 0.6451474989311672 0.40447400241837966 0.6579734929457033 0.3938935912938331 0.6579734929457033
sasnDq 0.4649334945586457 0.6507054296707995 0.49818621523579204 0.6507054296707995 0.49818621523579204 0.6635314236853356 0.4649334945586457 0.6635314236853356
Rteiler 0.4735640758837925 0.712789601529642 0.49295396770471817 0.6867442878917074 0.5013452348779971 0.7027726045413285 0.48225764051777276 0.7288179181792631
1 0.4597797600349914 0.7319524925414609 0.4727918076243805 0.714878180163356 0.48127223512824924 0.7297832919818397 0.4682601875388602 0.7464300712261267
Parkhaus Detail Hof 0.10912938331318017 0.8747327917913639 0.20223700120918983 0.8747327917913639 0.20223700120918983 0.8905515177426251 0.10912938331318017 0.8905515177426251
