7 0.414450 0.536366 0.476672 0.536366 0.476672 0.598722 0.414450 0.598722
4 0.441829 0.233151 0.456049 0.233151 0.456049 0.363386 0.441829 0.363386
4 0.475109 0.253463 0.483996 0.253463 0.483996 0.381189 0.475109 0.381189
4 0.404353 0.415883 0.440263 0.415883 0.440263 0.447563 0.404353 0.447563
4 0.460175 0.417392 0.493951 0.417392 0.493951 0.447563 0.460175 0.447563
4 0.537591 0.400346 0.550629 0.400346 0.550629 0.435545 0.537591 0.435545
4 0.573117 0.401813 0.583782 0.401813 0.583782 0.432822 0.573117 0.432822
4 0.600967 0.418995 0.665559 0.418995 0.665559 0.435755 0.600967 0.435755
4 0.615402 0.450141 0.676717 0.450141 0.676717 0.470804 0.615402 0.470804
4 0.335372 0.584391 0.365889 0.584391 0.365889 0.607020 0.335372 0.607020
4 0.334580 0.683407 0.365444 0.683407 0.365444 0.705408 0.334580 0.705408
4 0.547367 0.895652 0.576998 0.895652 0.576998 0.930436 0.547367 0.930436
13 0.464583 0.259299 0.496312 0.259299 0.496312 0.329192 0.464583 0.329192
13 0.487213 0.370167 0.506587 0.370167 0.506587 0.415271 0.487213 0.415271
13 0.582376 0.260068 0.614096 0.260068 0.614096 0.330154 0.582376 0.330154
13 0.626100 0.399316 0.660668 0.399316 0.660668 0.438794 0.626100 0.438794
1 0.626663 0.438995 0.658455 0.438995 0.658455 0.446238 0.626663 0.446238
2 0.496472 0.259585 0.582034 0.259585 0.582034 0.329910 0.496472 0.329910
2 0.613927 0.260073 0.710976 0.260073 0.710976 0.330154 0.613927 0.330154
2 0.622739 0.329936 0.660976 0.329936 0.660976 0.399534 0.622739 0.399534
2 0.510051 0.337815 0.593803 0.337815 0.593803 0.409406 0.510051 0.409406
2 0.489271 0.337525 0.510257 0.337525 0.510257 0.366917 0.489271 0.366917
12 0.021400 0.251629 0.436557 0.251629 0.436557 0.337131 0.021400 0.337131
7 0.250898 0.892484 0.353295 0.892484 0.353295 0.913604 0.250898 0.913604
7 0.346980 0.919337 0.441273 0.919337 0.441273 0.954938 0.346980 0.954938
7 0.415248 0.823395 0.499725 0.823395 0.499725 0.917529 0.415248 0.917529
7 0.419002 0.726546 0.485989 0.726546 0.485989 0.766973 0.419002 0.766973
7 0.251409 0.752792 0.329063 0.752792 0.329063 0.804686 0.251409 0.804686
6 0.398144 0.502779 0.500097 0.502779 0.500097 0.789209 0.398144 0.789209
7 0.261648 0.659867 0.314556 0.659867 0.314556 0.679782 0.261648 0.679782
7 0.251750 0.494831 0.376336 0.494831 0.376336 0.582933 0.251750 0.582933
7 0.643425 0.196443 0.756490 0.196443 0.756490 0.218568 0.643425 0.218568
7 0.568371 0.222740 0.613168 0.222740 0.613168 0.245370 0.568371 0.245370
7 0.503658 0.221231 0.556635 0.221231 0.556635 0.248384 0.503658 0.248384
7 0.217119 0.372437 0.339785 0.372437 0.339785 0.431774 0.217119 0.431774
7 0.257582 0.432882 0.338292 0.432882 0.338292 0.457520 0.257582 0.457520
7 0.148652 0.664857 0.281360 0.664857 0.281360 0.752445 0.148652 0.752445
7 0.145260 0.790188 0.271342 0.790188 0.271342 0.887161 0.145260 0.887161
7 0.768697 0.657559 0.969235 0.657559 0.969235 0.881740 0.768697 0.881740
7 0.777104 0.538906 0.928244 0.538906 0.928244 0.589991 0.777104 0.589991
7 0.765196 0.218345 0.836363 0.218345 0.836363 0.287858 0.765196 0.287858
7 0.777485 0.130004 0.873226 0.130004 0.873226 0.167657 0.777485 0.167657
7 0.535695 0.180851 0.596493 0.180851 0.596493 0.219572 0.535695 0.219572
9 0.411714 0.221676 0.490051 0.221676 0.490051 0.478735 0.411714 0.478735
9 0.530716 0.413673 0.686448 0.413673 0.686448 0.507204 0.530716 0.507204
7 0.729114 0.423728 0.786714 0.423728 0.786714 0.443339 0.729114 0.443339
7 0.360638 0.388264 0.396917 0.388264 0.396917 0.408559 0.360638 0.408559
7 0.362198 0.365814 0.398473 0.365814 0.398473 0.386114 0.362198 0.386114
7 0.487884 0.196832 0.524160 0.196832 0.524160 0.217131 0.487884 0.217131
7 0.489876 0.177101 0.526155 0.177101 0.526155 0.197396 0.489876 0.197396
7 0.489876 0.163570 0.526155 0.163570 0.526155 0.183865 0.489876 0.183865
7 0.725299 0.502176 0.761575 0.502176 0.761575 0.522475 0.725299 0.522475
7 0.726255 0.525857 0.762533 0.525857 0.762533 0.546152 0.726255 0.546152
7 0.726735 0.549538 0.763011 0.549538 0.763011 0.569833 0.726735 0.569833
7 0.726735 0.570509 0.763011 0.570509 0.763011 0.590808 0.726735 0.590808
7 0.726735 0.590808 0.763011 0.590808 0.763011 0.611103 0.726735 0.611103
7 0.540163 0.508914 0.576442 0.508914 0.576442 0.529209 0.540163 0.529209
