7 0.376845 0.122971 0.442459 0.122971 0.442459 0.144530 0.376845 0.144530
7 0.249242 0.221886 0.286349 0.221886 0.286349 0.243446 0.249242 0.243446
7 0.335403 0.221886 0.377144 0.221886 0.377144 0.259371 0.335403 0.259371
7 0.371194 0.273442 0.447421 0.273442 0.447421 0.313744 0.371194 0.313744
7 0.089513 0.491858 0.179652 0.491858 0.179652 0.513418 0.089513 0.513418
7 0.283044 0.381245 0.348661 0.381245 0.348661 0.402805 0.283044 0.402805
7 0.273103 0.478734 0.347991 0.478734 0.347991 0.517170 0.273103 0.517170
7 0.307566 0.535913 0.381790 0.535913 0.381790 0.575292 0.307566 0.575292
7 0.687999 0.209702 0.774836 0.209702 0.774836 0.253769 0.687999 0.253769
7 0.152476 0.612781 0.218093 0.612781 0.218093 0.634341 0.152476 0.634341
7 0.305580 0.612781 0.389085 0.612781 0.389085 0.634341 0.305580 0.634341
7 0.159105 0.697146 0.224719 0.697146 0.224719 0.718706 0.159105 0.718706
7 0.353961 0.703708 0.399031 0.703708 0.399031 0.725268 0.353961 0.725268
7 0.442773 0.725268 0.485865 0.725268 0.485865 0.761830 0.442773 0.761830
7 0.299612 0.840568 0.442120 0.840568 0.442120 0.862128 0.299612 0.862128
7 0.240627 0.900560 0.295640 0.900560 0.295640 0.922120 0.240627 0.922120
7 0.087526 0.960556 0.915332 0.960556 0.915332 0.982116 0.087526 0.982116
7 0.629014 0.739331 0.734397 0.739331 0.734397 0.782467 0.629014 0.782467
4 0.637917 0.095518 0.679023 0.095518 0.679023 0.206759 0.637917 0.206759
7 0.570690 0.441237 0.585266 0.441237 0.585266 0.462797 0.570690 0.462797
7 0.857672 0.480609 0.959077 0.480609 0.959077 0.502168 0.857672 0.502168
7 0.792055 0.086900 0.974979 0.086900 0.974979 0.236880 0.792055 0.236880
7 0.934554 0.030657 0.988059 0.030657 0.988059 0.070012 0.934554 0.070012
7 0.106689 0.787119 0.106717 0.764624 0.121960 0.764662 0.121933 0.787157
7 0.105406 0.719155 0.105434 0.696660 0.120678 0.696698 0.120650 0.719193
7 0.105406 0.631041 0.105434 0.608546 0.120678 0.608584 0.120650 0.631079
7 0.062326 0.431376 0.062354 0.408881 0.077597 0.408918 0.077569 0.431413
7 0.635626 0.669473 0.635853 0.485802 0.651097 0.485839 0.650870 0.669511
7 0.735044 0.632913 0.735127 0.565425 0.750371 0.565462 0.750288 0.632951
7 0.599846 0.849944 0.616415 0.849944 0.616415 0.871503 0.599846 0.871503
3 0.299014 0.161411 0.325503 0.161411 0.325503 0.359214 0.299014 0.359214
0 0.010351 0.073684 0.508202 0.073684 0.508202 0.330790 0.010351 0.330790
2 0.010351 0.329496 0.510943 0.329496 0.510943 0.594357 0.010351 0.594357
13 0.508202 0.094357 0.531040 0.094357 0.531040 0.160246 0.508202 0.160246
7 0.605150 0.898686 0.615759 0.898686 0.615759 0.920246 0.605150 0.920246
4 0.282571 0.555466 0.305409 0.555466 0.305409 0.620198 0.282571 0.620198
4 0.295361 0.158827 0.330986 0.158827 0.330986 0.376010 0.295361 0.376010
