7 0.063004 0.961024 0.896124 0.961024 0.896124 0.983523 0.063004 0.983523
15 0.249684 0.368130 0.328245 0.368130 0.328245 0.478077 0.249684 0.478077
0 0.534694 0.073684 0.987783 0.073684 0.987783 0.500040 0.534694 0.500040
2 0.348341 0.073684 0.536520 0.073684 0.536520 0.634410 0.348341 0.634410
2 0.535606 0.503789 0.904654 0.503789 0.904654 0.635699 0.535606 0.635699
3 0.515509 0.220971 0.651619 0.220971 0.651619 0.262314 0.515509 0.262314
4 0.502722 0.213220 0.658014 0.213220 0.658014 0.270069 0.502722 0.270069
4 0.309974 0.354047 0.355648 0.354047 0.355648 0.381177 0.309974 0.381177
4 0.307236 0.484538 0.357475 0.484538 0.357475 0.515546 0.307236 0.515546
4 0.304494 0.627819 0.326418 0.627819 0.326418 0.691254 0.304494 0.691254
4 0.789555 0.627819 0.811479 0.627819 0.811479 0.691254 0.789555 0.691254
4 0.890952 0.730016 0.933887 0.730016 0.933887 0.764897 0.890952 0.764897
7 0.449749 0.151092 0.512713 0.151092 0.512713 0.173591 0.449749 0.173591
7 0.450063 0.305784 0.520975 0.305784 0.520975 0.328283 0.450063 0.328283
7 0.558096 0.190484 0.593217 0.190484 0.593217 0.212983 0.558096 0.212983
7 0.558096 0.267352 0.629011 0.267352 0.629011 0.289847 0.558096 0.289847
7 0.556771 0.335780 0.635651 0.335780 0.635651 0.381701 0.556771 0.381701
7 0.443437 0.462330 0.532260 0.462330 0.532260 0.484825 0.443437 0.484825
7 0.336728 0.462330 0.399692 0.462330 0.399692 0.484825 0.336728 0.484825
7 0.241952 0.337654 0.291650 0.337654 0.291650 0.360153 0.241952 0.360153
7 0.284369 0.427646 0.322143 0.427646 0.322143 0.466062 0.284369 0.466062
7 0.264486 0.522322 0.300285 0.522322 0.300285 0.563563 0.264486 0.563563
7 0.268464 0.570129 0.308236 0.570129 0.308236 0.607618 0.268464 0.607618
7 0.242613 0.617936 0.305577 0.617936 0.305577 0.640435 0.242613 0.640435
7 0.141211 0.806352 0.184298 0.806352 0.184298 0.828851 0.141211 0.828851
7 0.352636 0.664805 0.437475 0.664805 0.437475 0.695728 0.352636 0.695728
7 0.497783 0.635748 0.599202 0.635748 0.599202 0.658247 0.497783 0.658247
7 0.671431 0.542007 0.734394 0.542007 0.734394 0.564506 0.671431 0.564506
7 0.775486 0.553257 0.838450 0.553257 0.838450 0.575756 0.775486 0.575756
7 0.850379 0.640435 0.900085 0.640435 0.900085 0.662930 0.850379 0.662930
7 0.338718 0.829790 0.487176 0.829790 0.487176 0.852285 0.338718 0.852285
7 0.820556 0.812914 0.835138 0.812914 0.835138 0.835413 0.820556 0.835413
7 0.858997 0.851350 0.878227 0.851350 0.878227 0.873845 0.858997 0.873845
7 0.792055 0.086433 0.974979 0.086433 0.974979 0.242967 0.792055 0.242967
7 0.933890 0.027376 0.987575 0.027376 0.987575 0.072390 0.933890 0.072390
7 0.068635 0.490919 0.068635 0.317513 0.084543 0.317513 0.084543 0.490919
7 0.125636 0.534033 0.125636 0.317487 0.141543 0.317487 0.141543 0.534033
7 0.686344 0.435607 0.686344 0.339065 0.702251 0.339065 0.702251 0.435607
7 0.477568 0.763694 0.477568 0.734629 0.493475 0.734629 0.493475 0.763694
7 0.476244 0.699952 0.476244 0.669980 0.492152 0.669980 0.492152 0.699952
7 0.109728 0.839623 0.109728 0.815250 0.125636 0.815250 0.125636 0.839623
7 0.334409 0.294059 0.334409 0.145949 0.350316 0.145949 0.350316 0.294059
7 0.188934 0.223293 0.208806 0.223293 0.208806 0.245792 0.188934 0.245792
7 0.272115 0.224232 0.291986 0.224232 0.291986 0.246727 0.272115 0.246727
7 0.282058 0.275788 0.301926 0.275788 0.301926 0.298283 0.282058 0.298283
7 0.476250 0.395772 0.496121 0.395772 0.496121 0.418271 0.476250 0.418271
7 0.333753 0.392023 0.353625 0.392023 0.353625 0.414522 0.333753 0.414522
