7 0.584898 0.403684 0.585009 0.313402 0.595642 0.313429 0.595531 0.403711
2 0.289357 0.292006 0.407627 0.292006 0.407627 0.323266 0.289357 0.323266
2 0.655376 0.292129 0.773564 0.292129 0.773564 0.323064 0.655376 0.323064
2 0.774223 0.291983 0.784812 0.291983 0.784812 0.426663 0.774223 0.426663
2 0.726551 0.407703 0.766892 0.407703 0.766892 0.560302 0.726551 0.560302
4 0.289095 0.327150 0.297468 0.327150 0.297468 0.346386 0.289095 0.346386
4 0.655176 0.326700 0.663550 0.326700 0.663550 0.345936 0.655176 0.345936
4 0.655215 0.621086 0.663588 0.621086 0.663588 0.639869 0.655215 0.639869
4 0.700117 0.621530 0.708490 0.621530 0.708490 0.638330 0.700117 0.638330
4 0.334348 0.621545 0.342719 0.621545 0.342719 0.638387 0.334348 0.638387
4 0.289202 0.620636 0.297575 0.620636 0.297575 0.639872 0.289202 0.639872
7 0.333624 0.238350 0.349827 0.238350 0.349827 0.252733 0.333624 0.252733
7 0.277452 0.260256 0.288389 0.260256 0.288389 0.274639 0.277452 0.274639
7 0.313247 0.260522 0.325297 0.260522 0.325297 0.274905 0.313247 0.274905
7 0.373159 0.260789 0.385225 0.260789 0.385225 0.275172 0.373159 0.275172
7 0.699512 0.238629 0.715715 0.238629 0.715715 0.253012 0.699512 0.253012
7 0.642469 0.259718 0.654102 0.259718 0.654102 0.274101 0.642469 0.274101
7 0.679557 0.261012 0.691189 0.261012 0.691189 0.275395 0.679557 0.275395
7 0.739476 0.260271 0.751109 0.260271 0.751109 0.274654 0.739476 0.274654
7 0.158865 0.437717 0.196271 0.437717 0.196271 0.452750 0.158865 0.452750
7 0.158458 0.514030 0.195864 0.514030 0.195864 0.529062 0.158458 0.529062
7 0.523949 0.438510 0.561355 0.438510 0.561355 0.453542 0.523949 0.453542
7 0.523080 0.514748 0.560486 0.514748 0.560486 0.529778 0.523080 0.529778
7 0.209522 0.473428 0.263132 0.473428 0.263132 0.495383 0.209522 0.495383
7 0.425648 0.473149 0.466035 0.473149 0.466035 0.495104 0.425648 0.495104
7 0.576003 0.473425 0.629613 0.473425 0.629613 0.495380 0.576003 0.495380
7 0.792070 0.472918 0.832735 0.472918 0.832735 0.494873 0.792070 0.494873
7 0.219070 0.402408 0.219182 0.312143 0.229815 0.312169 0.229703 0.402434
7 0.234410 0.384592 0.234431 0.366807 0.245064 0.366833 0.245042 0.384618
7 0.234347 0.316308 0.234369 0.298522 0.245002 0.298548 0.244980 0.316334
7 0.249267 0.390716 0.249289 0.372931 0.259922 0.372957 0.259900 0.390743
7 0.249541 0.339703 0.249562 0.321918 0.260193 0.321944 0.260171 0.339730
7 0.418555 0.369621 0.418577 0.351835 0.429208 0.351861 0.429186 0.369647
7 0.418826 0.421400 0.418848 0.403615 0.429481 0.403641 0.429459 0.421427
7 0.433746 0.384196 0.433768 0.366410 0.444401 0.366437 0.444379 0.384222
7 0.434289 0.317074 0.434311 0.299289 0.444943 0.299315 0.444921 0.317101
7 0.449482 0.406825 0.449597 0.313864 0.460230 0.313890 0.460115 0.406851
7 0.600363 0.383357 0.600385 0.365571 0.611016 0.365597 0.610994 0.383383
7 0.615825 0.391027 0.615847 0.373241 0.626479 0.373268 0.626457 0.391053
7 0.615825 0.340782 0.615847 0.322996 0.626479 0.323023 0.626457 0.340808
7 0.600904 0.316618 0.600926 0.298833 0.611559 0.298859 0.611537 0.316645
7 0.785114 0.422032 0.785136 0.404246 0.795767 0.404272 0.795745 0.422058
7 0.784173 0.370892 0.784195 0.353106 0.794826 0.353132 0.794804 0.370918
7 0.799808 0.383677 0.799830 0.365892 0.810462 0.365918 0.810441 0.383704
7 0.800791 0.316738 0.800813 0.298952 0.811446 0.298979 0.811424 0.316764
7 0.816026 0.403774 0.816137 0.314185 0.826770 0.314211 0.826659 0.403800
7 0.233839 0.602512 0.233861 0.584726 0.244494 0.584752 0.244472 0.602538
7 0.250041 0.593190 0.250063 0.575404 0.260696 0.575431 0.260674 0.593216
7 0.249666 0.644596 0.249687 0.626811 0.260318 0.626837 0.260296 0.644623
7 0.219710 0.651788 0.219823 0.560508 0.230453 0.560535 0.230341 0.651814
7 0.427512 0.608904 0.427534 0.591118 0.438167 0.591145 0.438145 0.608930
7 0.426818 0.563042 0.426840 0.545256 0.437473 0.545282 0.437451 0.563068
7 0.426818 0.673313 0.426840 0.655527 0.437473 0.655553 0.437451 0.673339
7 0.441514 0.683220 0.441536 0.665434 0.452167 0.665461 0.452145 0.683246
7 0.442416 0.648702 0.442438 0.630916 0.453071 0.630942 0.453049 0.648728
7 0.441739 0.595644 0.441761 0.577858 0.452394 0.577884 0.452372 0.595670
7 0.457337 0.666600 0.457448 0.576569 0.468081 0.576595 0.467970 0.666626
7 0.426938 0.757593 0.426995 0.711047 0.437628 0.711073 0.437571 0.757619
7 0.600759 0.603005 0.600781 0.585219 0.611414 0.585245 0.611392 0.603031
7 0.615673 0.594128 0.615695 0.576342 0.626328 0.576368 0.626306 0.594154
7 0.615832 0.645622 0.615854 0.627837 0.626484 0.627863 0.626463 0.645649
7 0.584745 0.650061 0.584854 0.561475 0.595487 0.561501 0.595378 0.650087
7 0.792210 0.609528 0.792232 0.591742 0.802865 0.591769 0.802843 0.609554
7 0.792995 0.674121 0.793017 0.656335 0.803648 0.656361 0.803626 0.674147
7 0.807597 0.595768 0.807619 0.577982 0.818250 0.578008 0.818228 0.595794
7 0.807911 0.684108 0.807933 0.666322 0.818566 0.666348 0.818544 0.684134
7 0.808068 0.648152 0.808090 0.630363 0.818721 0.630389 0.818699 0.648178
7 0.792097 0.562352 0.792119 0.544567 0.802752 0.544593 0.802730 0.562378
7 0.823594 0.666395 0.823705 0.577045 0.834336 0.577071 0.834225 0.666421
7 0.792339 0.757526 0.792396 0.710877 0.803027 0.710904 0.802970 0.757552
