0 0.8694 0.0144 0.9360 0.0144 0.9360 0.5300 0.8694 0.5300
0 0.5320 0.2596 0.6797 0.2596 0.6797 0.7520 0.5320 0.7520
0 0.7889 0.4856 0.8934 0.4856 0.8934 0.9164 0.7889 0.9164
0 0.6400 0.4584 0.8077 0.4584 0.8077 0.7516 0.6400 0.7516
1 0.1900 0.2172 0.2043 0.2172 0.2043 0.2480 0.1900 0.2480
1 0.2217 0.8340 0.2266 0.8340 0.2266 0.8760 0.2217 0.8760
1 0.4609 0.2208 0.4957 0.2208 0.4957 0.3088 0.4609 0.3088
1 0.0374 0.4260 0.0423 0.4260 0.0423 0.4680 0.0374 0.4680
2 0.0429 0.4044 0.0737 0.4044 0.0737 0.4280 0.0429 0.4280
2 0.4606 0.3944 0.6891 0.3944 0.6891 0.4612 0.4606 0.4612
2 0.4049 0.4064 0.4883 0.4064 0.4883 0.5080 0.4049 0.5080
2 0.1020 0.5988 0.1200 0.5988 0.1200 0.6344 0.1020 0.6344
3 0.9097 0.5304 0.9591 0.5304 0.9591 0.5472 0.9097 0.5472
3 0.6817 0.3820 0.7511 0.3820 0.7511 0.4004 0.6817 0.4004
3 0.1017 0.6156 0.1080 0.6156 0.1080 0.7176 0.1017 0.7176
3 0.6026 0.7072 0.6966 0.7072 0.6966 0.7296 0.6026 0.7296
4 0.8217 0.7476 0.8331 0.7476 0.8331 0.7628 0.8217 0.7628
4 0.2334 0.5844 0.2614 0.5844 0.2614 0.5916 0.2334 0.5916
4 0.9471 0.8720 0.9517 0.8720 0.9517 0.8944 0.9471 0.8944
4 0.3274 0.1504 0.3446 0.1504 0.3446 0.1664 0.3274 0.1664
6 0.0443 0.3644 0.2354 0.3644 0.2354 0.4992 0.0443 0.4992
6 0.4611 0.8676 0.5266 0.8676 0.5266 0.8984 0.4611 0.8984
6 0.7580 0.8948 0.8077 0.8948 0.8077 0.9416 0.7580 0.9416
6 0.1569 0.4660 0.1746 0.4660 0.1746 0.4912 0.1569 0.4912
7 0.1123 0.1672 0.1189 0.1672 0.1189 0.1852 0.1123 0.1852
7 0.5409 0.2528 0.6103 0.2528 0.6103 0.2880 0.5409 0.2880
7 0.4354 0.5140 0.4614 0.5140 0.4614 0.5260 0.4354 0.5260
7 0.0526 0.5344 0.0649 0.5344 0.0649 0.6040 0.0526 0.6040
9 0.3960 0.7652 0.4337 0.7652 0.4337 0.8968 0.3960 0.8968
9 0.8369 0.6676 0.8771 0.6676 0.8771 0.8640 0.8369 0.8640
9 0.0697 0.3484 0.1409 0.3484 0.1409 0.5512 0.0697 0.5512
9 0.5466 0.1092 0.5980 0.1092 0.5980 0.2788 0.5466 0.2788
12 0.7814 0.5944 0.8020 0.5944 0.8020 0.8328 0.7814 0.8328
12 0.0326 0.6196 0.1026 0.6196 0.1026 0.6264 0.0326 0.6264
12 0.9191 0.4288 0.9277 0.4288 0.9277 0.7260 0.9191 0.7260
12 0.8391 0.1004 0.8963 0.1004 0.8963 0.6500 0.8391 0.6500
13 0.4377 0.5888 0.4483 0.5888 0.4483 0.5976 0.4377 0.5976
13 0.2029 0.9124 0.2097 0.9124 0.2097 0.9592 0.2029 0.9592
13 0.6220 0.3920 0.6346 0.3920 0.6346 0.4004 0.6220 0.4004
13 0.0366 0.3728 0.0446 0.3728 0.0446 0.3940 0.0366 0.3940
15 0.2380 0.0464 0.2843 0.0464 0.2843 0.1148 0.2380 0.1148
15 0.0069 0.9372 0.0377 0.9372 0.0377 0.9964 0.0069 0.9964
15 0.4946 0.9364 0.5226 0.9364 0.5226 0.9892 0.4946 0.9892
15 0.5214 0.0992 0.5757 0.0992 0.5757 0.1720 0.5214 0.1720
