0 0.6737 0.5892 0.7571 0.5892 0.7571 0.7636 0.6737 0.7636
0 0.7734 0.6576 0.8569 0.6576 0.8569 0.8320 0.7734 0.8320
0 0.3609 0.1256 0.5129 0.1256 0.5129 0.5132 0.3609 0.5132
0 0.3260 0.0892 0.4591 0.0892 0.4591 0.4556 0.3260 0.4556
1 0.0729 0.2832 0.0791 0.2832 0.0791 0.3644 0.0729 0.3644
1 0.5600 0.7712 0.5631 0.7712 0.5631 0.7964 0.5600 0.7964
1 0.3369 0.5284 0.3389 0.5284 0.3389 0.5640 0.3369 0.5640
1 0.6980 0.4280 0.7180 0.4280 0.7180 0.4364 0.6980 0.4364
2 0.1220 0.5860 0.1911 0.5860 0.1911 0.6416 0.1220 0.6416
2 0.3297 0.2404 0.4934 0.2404 0.4934 0.2992 0.3297 0.2992
2 0.1509 0.0332 0.1954 0.0332 0.1954 0.0884 0.1509 0.0884
2 0.8274 0.0980 0.9069 0.0980 0.9069 0.1564 0.8274 0.1564
3 0.0106 0.8860 0.1057 0.8860 0.1057 0.9084 0.0106 0.9084
3 0.8083 0.6264 0.8186 0.6264 0.8186 0.6996 0.8083 0.6996
3 0.4480 0.2476 0.5431 0.2476 0.5431 0.2700 0.4480 0.2700
3 0.3154 0.0876 0.3257 0.0876 0.3257 0.1604 0.3154 0.1604
4 0.6437 0.0556 0.6663 0.0556 0.6663 0.0688 0.6437 0.0688
4 0.9340 0.0680 0.9620 0.0680 0.9620 0.0752 0.9340 0.0752
4 0.7297 0.3624 0.7374 0.3624 0.7374 0.3964 0.7297 0.3964
4 0.6291 0.8748 0.6691 0.8748 0.6691 0.8832 0.6291 0.8832
6 0.5749 0.3196 0.6403 0.3196 0.6403 0.3504 0.5749 0.3504
6 0.1014 0.4400 0.1669 0.4400 0.1669 0.4708 0.1014 0.4708
6 0.2831 0.0296 0.3329 0.0296 0.3329 0.0764 0.2831 0.0764
6 0.6389 0.7288 0.6734 0.7288 0.6734 0.7400 0.6389 0.7400
7 0.5129 0.7808 0.5260 0.7808 0.5260 0.7904 0.5129 0.7904
7 0.9529 0.7520 0.9680 0.7520 0.9680 0.7596 0.9529 0.7596
7 0.9160 0.7648 0.9289 0.7648 0.9289 0.8008 0.9160 0.8008
7 0.4123 0.8048 0.4229 0.8048 0.4229 0.8412 0.4123 0.8412
9 0.8317 0.3448 0.9029 0.3448 0.9029 0.5476 0.8317 0.5476
9 0.3303 0.4464 0.4357 0.4464 0.4357 0.5068 0.3303 0.5068
9 0.8351 0.0224 0.8651 0.0224 0.8651 0.1980 0.8351 0.1980
9 0.4466 0.5920 0.4883 0.5920 0.4883 0.8012 0.4466 0.8012
12 0.6823 0.5416 0.7263 0.5416 0.7263 0.9664 0.6823 0.9664
12 0.7729 0.5512 0.7960 0.5512 0.7960 0.6660 0.7729 0.6660
12 0.3360 0.3840 0.4060 0.3840 0.4060 0.3908 0.3360 0.3908
12 0.3760 0.6104 0.3966 0.6104 0.3966 0.7552 0.3760 0.7552
13 0.8211 0.6028 0.8383 0.6028 0.8383 0.6188 0.8211 0.6188
13 0.2274 0.7856 0.2740 0.7856 0.2740 0.8276 0.2274 0.8276
13 0.3714 0.6516 0.3769 0.6516 0.3769 0.8696 0.3714 0.8696
13 0.5194 0.2976 0.5360 0.2976 0.5360 0.3096 0.5194 0.3096
15 0.2174 0.2416 0.2914 0.2416 0.2914 0.3044 0.2174 0.3044
15 0.8977 0.1088 0.9720 0.1088 0.9720 0.1692 0.8977 0.1692
15 0.0760 0.6768 0.1806 0.6768 0.1806 0.7916 0.0760 0.7916
15 0.3783 0.7328 0.4211 0.7328 0.4211 0.7952 0.3783 0.7952
