0 0.6154 0.9112 0.8440 0.9112 0.8440 0.9960 0.6154 0.9960
0 0.8560 0.5232 0.9106 0.5232 0.9106 0.7612 0.8560 0.7612
0 0.5109 0.1564 0.6786 0.1564 0.6786 0.4496 0.5109 0.4496
0 0.5997 0.2256 0.7291 0.2256 0.7291 0.6068 0.5997 0.6068
1 0.2774 0.9316 0.2917 0.9316 0.2917 0.9624 0.2774 0.9624
1 0.9500 0.6124 0.9577 0.6124 0.9577 0.6956 0.9500 0.6956
1 0.7031 0.3508 0.7094 0.3508 0.7094 0.4320 0.7031 0.4320
1 0.0306 0.2932 0.0431 0.2932 0.0431 0.3040 0.0306 0.3040
2 0.6209 0.1520 0.6386 0.1520 0.6386 0.1884 0.6209 0.1884
2 0.0017 0.7428 0.1051 0.7428 0.1051 0.8024 0.0017 0.8024
2 0.6311 0.4456 0.7243 0.4456 0.7243 0.5180 0.6311 0.5180
2 0.1826 0.3792 0.2317 0.3792 0.2317 0.4220 0.1826 0.4220
3 0.4029 0.0072 0.4131 0.0072 0.4131 0.0804 0.4029 0.0804
3 0.7009 0.3840 0.7111 0.3840 0.7111 0.4568 0.7009 0.4568
3 0.0754 0.7952 0.0857 0.7952 0.0857 0.8680 0.0754 0.8680
3 0.8943 0.5684 0.9106 0.5684 0.9106 0.6932 0.8943 0.6932
4 0.3094 0.5520 0.3283 0.5520 0.3283 0.5620 0.3094 0.5620
4 0.5854 0.2140 0.5986 0.2140 0.5986 0.3352 0.5854 0.3352
4 0.8097 0.3772 0.8140 0.3772 0.8140 0.3824 0.8097 0.3824
4 0.5263 0.6520 0.5343 0.6520 0.5343 0.6776 0.5263 0.6776
6 0.0489 0.6996 0.1163 0.6996 0.1163 0.8896 0.0489 0.8896
6 0.5580 0.2904 0.7491 0.2904 0.7491 0.4252 0.5580 0.4252
6 0.8360 0.2940 0.8857 0.2940 0.8857 0.3408 0.8360 0.3408
6 0.5600 0.5124 0.6097 0.5124 0.6097 0.5592 0.5600 0.5592
7 0.9797 0.6120 0.9911 0.6120 0.9911 0.6404 0.9797 0.6404
7 0.2520 0.4892 0.2671 0.4892 0.2671 0.4968 0.2520 0.4968
7 0.2954 0.3896 0.3060 0.3896 0.3060 0.4248 0.2954 0.4248
7 0.2694 0.0016 0.2860 0.0016 0.2860 0.0796 0.2694 0.0796
9 0.7014 0.3492 0.7529 0.3492 0.7529 0.5188 0.7014 0.5188
9 0.8420 0.5896 0.8797 0.5896 0.8797 0.7212 0.8420 0.7212
9 0.8969 0.2384 0.9343 0.2384 0.9343 0.4256 0.8969 0.4256
9 0.5297 0.3456 0.6009 0.3456 0.6009 0.5484 0.5297 0.5484
12 0.3783 0.2264 0.4014 0.2264 0.4014 0.4100 0.3783 0.4100
12 0.4720 0.6804 0.5851 0.6804 0.5851 0.7112 0.4720 0.7112
12 0.7069 0.5608 0.7380 0.5608 0.7380 0.5880 0.7069 0.5880
12 0.5480 0.8352 0.5654 0.8352 0.5654 0.9576 0.5480 0.9576
13 0.0474 0.0368 0.1229 0.0368 0.1229 0.0788 0.0474 0.0788
13 0.3394 0.5012 0.3703 0.5012 0.3703 0.5324 0.3394 0.5324
13 0.8117 0.7908 0.8243 0.7908 0.8243 0.8052 0.8117 0.8052
13 0.7263 0.8308 0.7406 0.8308 0.7406 0.9508 0.7263 0.9508
15 0.1883 0.3628 0.2417 0.3628 0.2417 0.4268 0.1883 0.4268
15 0.1791 0.0740 0.2326 0.0740 0.2326 0.1380 0.1791 0.1380
15 0.3931 0.5560 0.4974 0.5560 0.4974 0.6684 0.3931 0.6684
15 0.4754 0.5508 0.5094 0.5508 0.5094 0.5988 0.4754 0.5988
