0 0.6051 0.1388 0.7571 0.1388 0.7571 0.5264 0.6051 0.5264
0 0.6963 0.5436 0.8849 0.5436 0.8849 0.6464 0.6963 0.6464
0 0.0171 0.0596 0.1503 0.0596 0.1503 0.4260 0.0171 0.4260
0 0.1686 0.1056 0.2691 0.1056 0.2691 0.3088 0.1686 0.3088
1 0.0331 0.1444 0.0409 0.1444 0.0409 0.2276 0.0331 0.2276
1 0.3723 0.0524 0.3751 0.0524 0.3751 0.1080 0.3723 0.1080
1 0.4289 0.4764 0.4309 0.4764 0.4309 0.5120 0.4289 0.5120
1 0.3417 0.8740 0.3549 0.8740 0.3549 0.9004 0.3417 0.9004
2 0.0326 0.5276 0.0651 0.5276 0.0651 0.5436 0.0326 0.5436
2 0.1874 0.2564 0.3511 0.2564 0.3511 0.3152 0.1874 0.3152
2 0.5749 0.4672 0.6191 0.4672 0.6191 0.4804 0.5749 0.4804
2 0.0166 0.3500 0.1037 0.3500 0.1037 0.6064 0.0166 0.6064
3 0.7680 0.3744 0.8631 0.3744 0.8631 0.3968 0.7680 0.3968
3 0.0437 0.5144 0.0540 0.5144 0.0540 0.5872 0.0437 0.5872
3 0.8597 0.2880 0.9291 0.2880 0.9291 0.3064 0.8597 0.3064
3 0.9771 0.7144 0.9874 0.7144 0.9874 0.7872 0.9771 0.7872
4 0.5254 0.4388 0.5374 0.4388 0.5374 0.4564 0.5254 0.4564
4 0.0334 0.5312 0.0757 0.5312 0.0757 0.5424 0.0334 0.5424
4 0.5083 0.8096 0.5254 0.8096 0.5254 0.8240 0.5083 0.8240
4 0.3431 0.5760 0.3657 0.5760 0.3657 0.5880 0.3431 0.5880
6 0.1931 0.8240 0.2517 0.8240 0.2517 0.9064 0.1931 0.9064
6 0.7751 0.5172 0.8406 0.5172 0.8406 0.5480 0.7751 0.5480
6 0.3380 0.7328 0.5291 0.7328 0.5291 0.8676 0.3380 0.8676
6 0.6526 0.6500 0.7111 0.6500 0.7111 0.7324 0.6526 0.7324
7 0.7340 0.1852 0.7540 0.1852 0.7540 0.2592 0.7340 0.2592
7 0.5109 0.8188 0.5397 0.8188 0.5397 0.9764 0.5109 0.9764
7 0.5266 0.4688 0.5380 0.4688 0.5380 0.5108 0.5266 0.5108
7 0.0637 0.8556 0.0746 0.8556 0.0746 0.9028 0.0637 0.9028
9 0.6194 0.1624 0.6817 0.1624 0.6817 0.3680 0.6194 0.3680
9 0.3166 0.2992 0.3886 0.2992 0.3886 0.5316 0.3166 0.5316
9 0.4146 0.6092 0.6349 0.6092 0.6349 0.6816 0.4146 0.6816
9 0.1991 0.5032 0.3046 0.5032 0.3046 0.5636 0.1991 0.5636
12 0.8811 0.7380 0.9034 0.7380 0.9034 0.9980 0.8811 0.9980
12 0.1763 0.4004 0.1969 0.4004 0.1969 0.5452 0.1763 0.5452
12 0.5143 0.7708 0.6117 0.7708 0.6117 0.7964 0.5143 0.7964
12 0.5429 0.0256 0.6223 0.0256 0.6223 0.0688 0.5429 0.0688
13 0.6443 0.1252 0.6543 0.1252 0.6543 0.1404 0.6443 0.1404
13 0.7723 0.2960 0.7837 0.2960 0.7837 0.3376 0.7723 0.3376
13 0.3683 0.9084 0.3991 0.9084 0.3991 0.9396 0.3683 0.9396
13 0.2631 0.9500 0.3043 0.9500 0.3043 0.9796 0.2631 0.9796
15 0.5374 0.3508 0.5717 0.3508 0.5717 0.3984 0.5374 0.3984
15 0.9054 0.0160 0.9794 0.0160 0.9794 0.0788 0.9054 0.0788
15 0.4260 0.1424 0.4994 0.1424 0.4994 0.2128 0.4260 0.2128
15 0.0280 0.8208 0.1129 0.8208 0.1129 0.9296 0.0280 0.9296
