0 0.6197 0.4812 0.7529 0.4812 0.7529 0.8476 0.6197 0.8476
0 0.3314 0.4504 0.4694 0.4504 0.4694 0.6100 0.3314 0.6100
0 0.1751 0.0840 0.4037 0.0840 0.4037 0.1688 0.1751 0.1688
0 0.2263 0.5200 0.2937 0.5200 0.2937 0.5740 0.2263 0.5740
1 0.9497 0.6736 0.9597 0.6736 0.9597 0.7804 0.9497 0.7804
1 0.2291 0.5064 0.2323 0.5064 0.2323 0.5316 0.2291 0.5316
1 0.2700 0.4780 0.2831 0.4780 0.2831 0.5044 0.2700 0.5044
1 0.6391 0.7068 0.6474 0.7068 0.6474 0.7888 0.6391 0.7888
2 0.5446 0.4648 0.5617 0.4648 0.5617 0.5080 0.5446 0.5080
2 0.4020 0.6832 0.4369 0.6832 0.4369 0.7788 0.4020 0.7788
2 0.2031 0.4912 0.3286 0.4912 0.3286 0.7960 0.2031 0.7960
2 0.8174 0.6704 0.9777 0.6704 0.9777 0.8140 0.8174 0.8140
3 0.9706 0.7392 0.9869 0.7392 0.9869 0.8640 0.9706 0.8640
3 0.0977 0.3416 0.1917 0.3416 0.1917 0.3640 0.0977 0.3640
3 0.4700 0.4820 0.4803 0.4820 0.4803 0.5552 0.4700 0.5552
3 0.1877 0.8236 0.1980 0.8236 0.1980 0.8968 0.1877 0.8968
4 0.2869 0.7116 0.3723 0.7116 0.3723 0.7236 0.2869 0.7236
4 0.2823 0.1096 0.3083 0.1096 0.3083 0.1244 0.2823 0.1244
4 0.3620 0.8788 0.3686 0.8788 0.3686 0.9416 0.3620 0.9416
4 0.1849 0.8720 0.1957 0.8720 0.1957 0.8880 0.1849 0.8880
6 0.2063 0.4248 0.2737 0.4248 0.2737 0.6148 0.2063 0.6148
6 0.0857 0.3824 0.1511 0.3824 0.1511 0.4132 0.0857 0.4132
6 0.3511 0.1620 0.4009 0.1620 0.4009 0.2088 0.3511 0.2088
6 0.2734 0.9168 0.3231 0.9168 0.3231 0.9636 0.2734 0.9636
7 0.3174 0.3344 0.3437 0.3344 0.3437 0.4964 0.3174 0.4964
7 0.4049 0.3972 0.4189 0.3972 0.4189 0.4752 0.4049 0.4752
7 0.1043 0.8152 0.1149 0.8152 0.1149 0.8504 0.1043 0.8504
7 0.1354 0.0572 0.1466 0.0572 0.1466 0.0872 0.1354 0.0872
9 0.4449 0.1904 0.5603 0.1904 0.5603 0.2280 0.4449 0.2280
9 0.1191 0.1460 0.3394 0.1460 0.3394 0.2184 0.1191 0.2184
9 0.2917 0.5688 0.4191 0.5688 0.4191 0.6100 0.2917 0.6100
9 0.1054 0.1296 0.1431 0.1296 0.1431 0.2612 0.1054 0.2612
12 0.1386 0.2824 0.1957 0.2824 0.1957 0.8320 0.1386 0.8320
12 0.0709 0.7880 0.1409 0.7880 0.1409 0.7948 0.0709 0.7948
12 0.4180 0.4400 0.5126 0.4400 0.5126 0.4760 0.4180 0.4760
12 0.1546 0.1116 0.1751 0.1116 0.1751 0.2564 0.1546 0.2564
13 0.3297 0.4472 0.3354 0.4472 0.3354 0.4676 0.3297 0.4676
13 0.2126 0.5512 0.2177 0.5512 0.2177 0.5704 0.2126 0.5704
13 0.8614 0.3620 0.8740 0.3620 0.8740 0.3764 0.8614 0.3764
13 0.3529 0.3612 0.3634 0.3612 0.3634 0.3700 0.3529 0.3700
15 0.6429 0.7468 0.7169 0.7468 0.7169 0.8096 0.6429 0.8096
15 0.4657 0.5132 0.4937 0.5132 0.4937 0.5660 0.4657 0.5660
15 0.3049 0.7592 0.3791 0.7592 0.3791 0.8196 0.3049 0.8196
15 0.7349 0.0884 0.8049 0.0884 0.8049 0.2072 0.7349 0.2072
