0 0.0746 0.0520 0.1411 0.0520 0.1411 0.5676 0.0746 0.5676
0 0.4817 0.1316 0.5160 0.1316 0.5160 0.5876 0.4817 0.5876
0 0.7986 0.3288 0.9280 0.3288 0.9280 0.7100 0.7986 0.7100
0 0.4303 0.8288 0.7540 0.8288 0.7540 0.9088 0.4303 0.9088
1 0.9269 0.2808 0.9343 0.2808 0.9343 0.3080 0.9269 0.3080
1 0.2931 0.0772 0.3043 0.0772 0.3043 0.1140 0.2931 0.1140
1 0.1123 0.3192 0.1151 0.3192 0.1151 0.3444 0.1123 0.3444
1 0.5609 0.5288 0.5740 0.5288 0.5740 0.5552 0.5609 0.5552
2 0.1520 0.6264 0.2349 0.6264 0.2349 0.7468 0.1520 0.7468
2 0.3286 0.5136 0.4157 0.5136 0.4157 0.7700 0.3286 0.7700
2 0.8700 0.0604 0.8920 0.0604 0.8920 0.1536 0.8700 0.1536
2 0.1503 0.0292 0.2094 0.0292 0.2094 0.0368 0.1503 0.0368
3 0.8069 0.6316 0.8171 0.6316 0.8171 0.7044 0.8069 0.7044
3 0.8329 0.0488 0.8466 0.0488 0.8466 0.1512 0.8329 0.1512
3 0.2577 0.2528 0.3320 0.2528 0.3320 0.2756 0.2577 0.2756
3 0.0891 0.7728 0.1586 0.7728 0.1586 0.7912 0.0891 0.7912
4 0.0923 0.2728 0.0963 0.2728 0.0963 0.2780 0.0923 0.2780
4 0.4043 0.8928 0.4277 0.8928 0.4277 0.9248 0.4043 0.9248
4 0.2834 0.0392 0.2900 0.0392 0.2900 0.0480 0.2834 0.0480
4 0.7626 0.4056 0.7711 0.4056 0.7711 0.4360 0.7626 0.4360
6 0.8520 0.7696 0.9017 0.7696 0.9017 0.8164 0.8520 0.8164
6 0.8914 0.0224 0.9569 0.0224 0.9569 0.0532 0.8914 0.0532
6 0.4751 0.3108 0.4929 0.3108 0.4929 0.3360 0.4751 0.3360
6 0.5040 0.3924 0.6951 0.3924 0.6951 0.5272 0.5040 0.5272
7 0.6106 0.8704 0.6289 0.8704 0.6289 0.8852 0.6106 0.8852
7 0.4337 0.5796 0.4417 0.5796 0.4417 0.6012 0.4337 0.6012
7 0.8697 0.4004 0.9391 0.4004 0.9391 0.4356 0.8697 0.4356
7 0.2846 0.1344 0.2900 0.1344 0.2900 0.1500 0.2846 0.1500
9 0.6423 0.3888 0.7580 0.3888 0.7580 0.4268 0.6423 0.4268
9 0.4091 0.7396 0.4494 0.7396 0.4494 0.9360 0.4091 0.9360
9 0.5380 0.5816 0.6537 0.5816 0.6537 0.6196 0.5380 0.6196
9 0.1603 0.3996 0.2006 0.3996 0.2006 0.5960 0.1603 0.5960
12 0.2983 0.3664 0.3069 0.3664 0.3069 0.6636 0.2983 0.6636
12 0.9586 0.6600 0.9860 0.6600 0.9860 0.7724 0.9586 0.7724
12 0.8669 0.2480 0.9369 0.2480 0.9369 0.2548 0.8669 0.2548
12 0.2551 0.7496 0.2757 0.7496 0.2757 0.9880 0.2551 0.9880
13 0.3240 0.1760 0.3320 0.1760 0.3320 0.1972 0.3240 0.1972
13 0.1026 0.5056 0.1257 0.5056 0.1257 0.5692 0.1026 0.5692
13 0.0260 0.2396 0.0386 0.2396 0.0386 0.2540 0.0260 0.2540
13 0.7917 0.0560 0.8023 0.0560 0.8023 0.0648 0.7917 0.0648
15 0.0286 0.4972 0.1020 0.4972 0.1020 0.5676 0.0286 0.5676
15 0.3857 0.6148 0.4166 0.6148 0.4166 0.6740 0.3857 0.6740
15 0.4157 0.1948 0.4771 0.1948 0.4771 0.3072 0.4157 0.3072
15 0.0183 0.1940 0.1226 0.1940 0.1226 0.3064 0.0183 0.3064
