0 0.2517 0.1432 0.5754 0.1432 0.5754 0.2232 0.2517 0.2232
0 0.3609 0.3528 0.5494 0.3528 0.5494 0.4556 0.3609 0.4556
0 0.1877 0.0684 0.3354 0.0684 0.3354 0.5608 0.1877 0.5608
0 0.5349 0.1648 0.5691 0.1648 0.5691 0.6208 0.5349 0.6208
1 0.7537 0.4260 0.7611 0.4260 0.7611 0.4532 0.7537 0.4532
1 0.0694 0.2376 0.0943 0.2376 0.0943 0.2424 0.0694 0.2424
1 0.0551 0.4768 0.0583 0.4768 0.0583 0.5020 0.0551 0.5020
1 0.9531 0.3664 0.9594 0.3664 0.9594 0.4476 0.9531 0.4476
2 0.7671 0.7912 0.8337 0.7912 0.8337 0.9144 0.7671 0.9144
2 0.1334 0.2400 0.1800 0.2400 0.1800 0.3680 0.1334 0.3680
2 0.9360 0.6920 0.9714 0.6920 0.9714 0.7104 0.9360 0.7104
2 0.0863 0.2108 0.1849 0.2108 0.1849 0.6844 0.0863 0.6844
3 0.1357 0.5088 0.2151 0.5088 0.2151 0.5336 0.1357 0.5336
3 0.0223 0.7664 0.0386 0.7664 0.0386 0.8912 0.0223 0.8912
3 0.7089 0.6148 0.7191 0.6148 0.7191 0.6876 0.7089 0.6876
3 0.0857 0.0144 0.1029 0.0144 0.1029 0.1364 0.0857 0.1364
4 0.3406 0.3532 0.3483 0.3532 0.3483 0.3872 0.3406 0.3872
4 0.3046 0.2452 0.3640 0.2452 0.3640 0.2652 0.3046 0.2652
4 0.8600 0.4468 0.8769 0.4468 0.8769 0.4552 0.8600 0.4552
4 0.2777 0.6644 0.2951 0.6644 0.2951 0.6788 0.2777 0.6788
6 0.3534 0.3144 0.4189 0.3144 0.4189 0.3452 0.3534 0.3452
6 0.8923 0.0940 0.9577 0.0940 0.9577 0.1248 0.8923 0.1248
6 0.5640 0.2412 0.7551 0.2412 0.7551 0.3760 0.5640 0.3760
6 0.3903 0.1440 0.5814 0.1440 0.5814 0.2788 0.3903 0.2788
7 0.0629 0.5092 0.0700 0.5092 0.0700 0.5340 0.0629 0.5340
7 0.0614 0.8888 0.0874 0.8888 0.0874 0.9004 0.0614 0.9004
7 0.7197 0.4556 0.7420 0.4556 0.7420 0.5404 0.7197 0.5404
7 0.1109 0.0076 0.1211 0.0076 0.1211 0.0432 0.1109 0.0432
9 0.3440 0.7372 0.5643 0.7372 0.5643 0.8096 0.3440 0.8096
9 0.8277 0.5724 0.8997 0.5724 0.8997 0.8048 0.8277 0.8048
9 0.0663 0.6896 0.1820 0.6896 0.1820 0.7276 0.0663 0.7276
9 0.0051 0.8384 0.2254 0.8384 0.2254 0.9108 0.0051 0.9108
12 0.4926 0.9060 0.5217 0.9060 0.5217 0.9304 0.4926 0.9304
12 0.1397 0.5372 0.1671 0.5372 0.1671 0.6496 0.1397 0.6496
12 0.2651 0.0512 0.3626 0.0512 0.3626 0.0768 0.2651 0.0768
12 0.9397 0.2544 0.9743 0.2544 0.9743 0.4088 0.9397 0.4088
13 0.8114 0.5412 0.8326 0.5412 0.8326 0.5612 0.8114 0.5612
13 0.4343 0.7136 0.4560 0.7136 0.4560 0.7692 0.4343 0.7692
13 0.3986 0.6672 0.4080 0.6672 0.4080 0.6992 0.3986 0.6992
13 0.3320 0.8072 0.3420 0.8072 0.3420 0.8272 0.3320 0.8272
15 0.8829 0.0364 0.9171 0.0364 0.9171 0.0840 0.8829 0.0840
15 0.3243 0.3532 0.3809 0.3532 0.3809 0.4364 0.3243 0.4364
15 0.3526 0.6288 0.4140 0.6288 0.4140 0.7412 0.3526 0.7412
15 0.5540 0.8068 0.6134 0.8068 0.6134 0.8760 0.5540 0.8760
