0 0.1146 0.8388 0.3031 0.8388 0.3031 0.9416 0.1146 0.9416
0 0.5257 0.3340 0.6551 0.3340 0.6551 0.7152 0.5257 0.7152
0 0.7197 0.0872 0.8717 0.0872 0.8717 0.4748 0.7197 0.4748
0 0.1886 0.3436 0.3114 0.3436 0.3114 0.7808 0.1886 0.7808
1 0.3963 0.4348 0.4011 0.4348 0.4011 0.4768 0.3963 0.4768
1 0.3123 0.3876 0.3151 0.3876 0.3151 0.4432 0.3123 0.4432
1 0.2480 0.8268 0.2829 0.8268 0.2829 0.9148 0.2480 0.9148
1 0.9514 0.8232 0.9591 0.8232 0.9591 0.9064 0.9514 0.9064
2 0.3283 0.6032 0.4920 0.6032 0.4920 0.6620 0.3283 0.6620
2 0.1929 0.4212 0.3046 0.4212 0.3046 0.4748 0.1929 0.4748
2 0.4734 0.3068 0.6146 0.3068 0.6146 0.3912 0.4734 0.3912
2 0.0674 0.0864 0.1571 0.0864 0.1571 0.2096 0.0674 0.2096
3 0.6686 0.7464 0.6857 0.7464 0.6857 0.8684 0.6686 0.8684
3 0.0271 0.5972 0.0434 0.5972 0.0434 0.7220 0.0271 0.7220
3 0.2511 0.8900 0.2614 0.8900 0.2614 0.9628 0.2511 0.9628
3 0.4491 0.4656 0.4629 0.4656 0.4629 0.5680 0.4491 0.5680
4 0.7071 0.4212 0.7146 0.4212 0.7146 0.4320 0.7071 0.4320
4 0.8617 0.9212 0.8694 0.9212 0.8694 0.9552 0.8617 0.9552
4 0.9083 0.7216 0.9149 0.7216 0.9149 0.7300 0.9083 0.7300
4 0.8569 0.7656 0.8649 0.7656 0.8649 0.7756 0.8569 0.7756
6 0.4777 0.2904 0.5363 0.2904 0.5363 0.3728 0.4777 0.3728
6 0.1454 0.7776 0.1951 0.7776 0.1951 0.8244 0.1454 0.8244
6 0.8646 0.4744 0.8823 0.4744 0.8823 0.4996 0.8646 0.4996
6 0.6380 0.0752 0.6726 0.0752 0.6726 0.0864 0.6380 0.0864
7 0.0380 0.0188 0.0491 0.0188 0.0491 0.0880 0.0380 0.0880
7 0.1574 0.7004 0.1680 0.7004 0.1680 0.7356 0.1574 0.7356
7 0.8663 0.7008 0.8731 0.7008 0.8731 0.7188 0.8663 0.7188
7 0.8671 0.7432 0.9020 0.7432 0.9020 0.8520 0.8671 0.8520
9 0.5734 0.5000 0.6034 0.5000 0.6034 0.6756 0.5734 0.6756
9 0.3609 0.7640 0.4883 0.7640 0.4883 0.8052 0.3609 0.8052
9 0.4649 0.1888 0.6851 0.1888 0.6851 0.2612 0.4649 0.2612
9 0.4137 0.7520 0.6340 0.7520 0.6340 0.8244 0.4137 0.8244
12 0.4700 0.1088 0.4931 0.1088 0.4931 0.2236 0.4700 0.2236
12 0.0097 0.3812 0.0183 0.3812 0.0183 0.6784 0.0097 0.6784
12 0.7906 0.1228 0.8346 0.1228 0.8346 0.5476 0.7906 0.5476
12 0.2603 0.6992 0.2894 0.6992 0.2894 0.7236 0.2603 0.7236
13 0.1166 0.5356 0.1429 0.5356 0.1429 0.5812 0.1166 0.5812
13 0.7320 0.6468 0.7463 0.6468 0.7463 0.7668 0.7320 0.7668
13 0.0434 0.9252 0.0900 0.9252 0.0900 0.9672 0.0434 0.9672
13 0.6526 0.4136 0.6691 0.4136 0.6691 0.4204 0.6526 0.4204
15 0.6023 0.2364 0.6777 0.2364 0.6777 0.2988 0.6023 0.2988
15 0.4206 0.6456 0.4897 0.6456 0.4897 0.7488 0.4206 0.7488
15 0.1769 0.5184 0.2477 0.5184 0.2477 0.6144 0.1769 0.6144
15 0.7294 0.2528 0.8011 0.2528 0.8011 0.3368 0.7294 0.3368
