0 0.6946 0.0132 0.7611 0.0132 0.7611 0.0836 0.6946 0.0836
0 0.0626 0.3948 0.1291 0.3948 0.1291 0.9104 0.0626 0.9104
0 0.4989 0.5524 0.8020 0.5524 0.8020 0.7436 0.4989 0.7436
0 0.1971 0.0076 0.2314 0.0076 0.2314 0.4636 0.1971 0.4636
1 0.6723 0.3752 0.6986 0.3752 0.6986 0.3872 0.6723 0.3872
1 0.6563 0.3152 0.6663 0.3152 0.6663 0.4220 0.6563 0.4220
1 0.3831 0.4180 0.3860 0.4180 0.3860 0.4736 0.3831 0.4736
1 0.5714 0.3160 0.5734 0.3160 0.5734 0.3516 0.5714 0.3516
2 0.6094 0.8856 0.7211 0.8856 0.7211 0.9392 0.6094 0.9392
2 0.4914 0.7888 0.5780 0.7888 0.5780 0.9124 0.4914 0.9124
2 0.2366 0.6408 0.3103 0.6408 0.3103 0.7020 0.2366 0.7020
2 0.7117 0.6592 0.9403 0.6592 0.9403 0.7260 0.7117 0.7260
3 0.3186 0.8752 0.3880 0.8752 0.3880 0.8936 0.3186 0.8936
3 0.1280 0.5176 0.2231 0.5176 0.2231 0.5400 0.1280 0.5400
3 0.0337 0.5540 0.1131 0.5540 0.1131 0.5788 0.0337 0.5788
3 0.2789 0.6056 0.2891 0.6056 0.2891 0.6784 0.2789 0.6784
4 0.3189 0.6084 0.3231 0.6084 0.3231 0.6136 0.3189 0.6136
4 0.0271 0.7128 0.0483 0.7128 0.0483 0.7604 0.0271 0.7604
4 0.6623 0.7416 0.7911 0.7416 0.7911 0.7540 0.6623 0.7540
4 0.6774 0.6348 0.7060 0.6348 0.7060 0.6420 0.6774 0.6420
6 0.8949 0.4084 0.9623 0.4084 0.9623 0.5984 0.8949 0.5984
6 0.4237 0.1528 0.4414 0.1528 0.4414 0.1780 0.4237 0.1780
6 0.3531 0.1884 0.4117 0.1884 0.4117 0.2708 0.3531 0.2708
6 0.5686 0.2748 0.6360 0.2748 0.6360 0.4648 0.5686 0.4648
7 0.3329 0.4580 0.3514 0.4580 0.3514 0.5276 0.3329 0.5276
7 0.2231 0.1300 0.2403 0.1300 0.2403 0.1388 0.2231 0.1388
7 0.8494 0.3028 0.8626 0.3028 0.8626 0.3508 0.8494 0.3508
7 0.5240 0.3312 0.5371 0.3312 0.5371 0.3912 0.5240 0.3912
9 0.4157 0.1444 0.4780 0.1444 0.4780 0.3500 0.4157 0.3500
9 0.6951 0.5780 0.7663 0.5780 0.7663 0.7808 0.6951 0.7808
9 0.1291 0.0204 0.2446 0.0204 0.2446 0.0580 0.1291 0.0580
9 0.9623 0.7588 0.9943 0.7588 0.9943 0.9168 0.9623 0.9168
12 0.6329 0.2456 0.6769 0.2456 0.6769 0.6704 0.6329 0.6704
12 0.1177 0.4800 0.1383 0.4800 0.1383 0.6248 0.1177 0.6248
12 0.2709 0.5644 0.3654 0.5644 0.3654 0.6004 0.2709 0.6004
12 0.0131 0.0036 0.0851 0.0036 0.0851 0.0356 0.0131 0.0356
13 0.1797 0.0700 0.2657 0.0700 0.2657 0.0776 0.1797 0.0776
13 0.2223 0.2976 0.2329 0.2976 0.2329 0.3112 0.2223 0.3112
13 0.4629 0.6608 0.4749 0.6608 0.4749 0.6720 0.4629 0.6720
13 0.2880 0.7724 0.2980 0.7724 0.2980 0.7876 0.2880 0.7876
15 0.3889 0.2700 0.4689 0.2700 0.4689 0.3528 0.3889 0.3528
15 0.4349 0.2528 0.4943 0.2528 0.4943 0.3152 0.4349 0.3152
15 0.3357 0.6076 0.4297 0.6076 0.4297 0.6876 0.3357 0.6876
15 0.8229 0.1008 0.8571 0.1008 0.8571 0.1484 0.8229 0.1484
