0 0.7691 0.1888 0.9577 0.1888 0.9577 0.2916 0.7691 0.2916
0 0.7646 0.2268 0.9123 0.2268 0.9123 0.7192 0.7646 0.7192
0 0.1474 0.2928 0.3583 0.2928 0.3583 0.4992 0.1474 0.4992
0 0.3354 0.7672 0.6591 0.7672 0.6591 0.8472 0.3354 0.8472
1 0.8554 0.6516 0.8726 0.6516 0.8726 0.6560 0.8554 0.6560
1 0.0671 0.8204 0.0783 0.8204 0.0783 0.8572 0.0671 0.8572
1 0.6471 0.2984 0.6543 0.2984 0.6543 0.3244 0.6471 0.3244
1 0.6329 0.1324 0.6529 0.1324 0.6529 0.1408 0.6329 0.1408
2 0.5723 0.2060 0.6557 0.2060 0.6557 0.3076 0.5723 0.3076
2 0.8631 0.2288 0.9397 0.2288 0.9397 0.4392 0.8631 0.4392
2 0.4406 0.1616 0.5660 0.1616 0.5660 0.4664 0.4406 0.4664
2 0.1191 0.2132 0.3189 0.2132 0.3189 0.3344 0.1191 0.3344
3 0.0046 0.1612 0.0149 0.1612 0.0149 0.2344 0.0046 0.2344
3 0.7549 0.7784 0.8494 0.7784 0.8494 0.8016 0.7549 0.8016
3 0.1980 0.5748 0.2931 0.5748 0.2931 0.5972 0.1980 0.5972
3 0.8677 0.7060 0.9471 0.7060 0.9471 0.7308 0.8677 0.7308
4 0.9497 0.1932 0.9746 0.1932 0.9746 0.2100 0.9497 0.2100
4 0.3511 0.8436 0.3771 0.8436 0.3771 0.8584 0.3511 0.8584
4 0.9109 0.9692 0.9240 0.9692 0.9240 0.9792 0.9109 0.9792
4 0.4883 0.2356 0.5114 0.2356 0.5114 0.2744 0.4883 0.2744
6 0.8066 0.5436 0.8411 0.5436 0.8411 0.5548 0.8066 0.5548
6 0.8197 0.5056 0.8871 0.5056 0.8871 0.6956 0.8197 0.6956
6 0.8837 0.9572 0.9014 0.9572 0.9014 0.9824 0.8837 0.9824
6 0.8751 0.2128 0.9406 0.2128 0.9406 0.2436 0.8751 0.2436
7 0.2614 0.3832 0.2769 0.3832 0.2769 0.4356 0.2614 0.4356
7 0.6897 0.0028 0.7131 0.0028 0.7131 0.0844 0.6897 0.0844
7 0.0734 0.1944 0.1286 0.1944 0.1286 0.2236 0.0734 0.2236
7 0.7123 0.8188 0.7311 0.8188 0.7311 0.8900 0.7123 0.8900
9 0.5843 0.5432 0.6260 0.5432 0.6260 0.7524 0.5843 0.7524
9 0.8346 0.8572 0.8723 0.8572 0.8723 0.9888 0.8346 0.9888
9 0.0020 0.2108 0.0534 0.2108 0.0534 0.3804 0.0020 0.3804
9 0.5140 0.1688 0.5543 0.1688 0.5543 0.3652 0.5140 0.3652
12 0.4109 0.3228 0.4680 0.3228 0.4680 0.8724 0.4109 0.8724
12 0.1897 0.4244 0.2469 0.4244 0.2469 0.9740 0.1897 0.9740
12 0.1771 0.3668 0.6183 0.3668 0.6183 0.4480 0.1771 0.4480
12 0.2040 0.5300 0.3171 0.5300 0.3171 0.5608 0.2040 0.5608
13 0.9343 0.6604 0.9754 0.6604 0.9754 0.6900 0.9343 0.6900
13 0.5820 0.1256 0.5966 0.1256 0.5966 0.1556 0.5820 0.1556
13 0.6171 0.5720 0.6583 0.5720 0.6583 0.6016 0.6171 0.6016
13 0.9849 0.5228 0.9977 0.5228 0.9977 0.5336 0.9849 0.5336
15 0.1563 0.4460 0.2106 0.4460 0.2106 0.5188 0.1563 0.5188
15 0.6697 0.7024 0.7126 0.7024 0.7126 0.7648 0.6697 0.7648
15 0.1989 0.8660 0.3031 0.8660 0.3031 0.9784 0.1989 0.9784
15 0.1383 0.7820 0.1691 0.7820 0.1691 0.8412 0.1383 0.8412
