0 0.4966 0.6552 0.6094 0.6552 0.6094 0.8476 0.4966 0.8476
0 0.0829 0.5952 0.2937 0.5952 0.2937 0.8016 0.0829 0.8016
0 0.3554 0.4500 0.4783 0.4500 0.4783 0.8872 0.3554 0.8872
0 0.1646 0.4596 0.3323 0.4596 0.3323 0.7528 0.1646 0.7528
1 0.7543 0.8424 0.7626 0.8424 0.7626 0.9244 0.7543 0.9244
1 0.2417 0.2344 0.2549 0.2344 0.2549 0.2608 0.2417 0.2608
1 0.1511 0.5952 0.1574 0.5952 0.1574 0.6764 0.1511 0.6764
1 0.9243 0.8036 0.9354 0.8036 0.9354 0.8404 0.9243 0.8404
2 0.1189 0.8912 0.1654 0.8912 0.1654 0.9416 0.1189 0.9416
2 0.5746 0.0468 0.6731 0.0468 0.6731 0.5204 0.5746 0.5204
2 0.0346 0.2520 0.0663 0.2520 0.0663 0.3304 0.0346 0.3304
2 0.1100 0.3064 0.2134 0.3064 0.2134 0.3660 0.1100 0.3660
3 0.0089 0.7632 0.0883 0.7632 0.0883 0.7880 0.0089 0.7880
3 0.3483 0.8388 0.3586 0.8388 0.3586 0.9116 0.3483 0.9116
3 0.2457 0.0452 0.2629 0.0452 0.2629 0.1672 0.2457 0.1672
3 0.8797 0.3164 0.8860 0.3164 0.8860 0.4184 0.8797 0.4184
4 0.3214 0.2228 0.3294 0.2228 0.3294 0.2328 0.3214 0.2328
4 0.1457 0.6556 0.1683 0.6556 0.1683 0.6688 0.1457 0.6688
4 0.0197 0.0412 0.0323 0.0412 0.0323 0.1236 0.0197 0.1236
4 0.2360 0.4656 0.2426 0.4656 0.2426 0.4740 0.2360 0.4740
6 0.2949 0.8648 0.3603 0.8648 0.3603 0.8956 0.2949 0.8956
6 0.8534 0.2912 0.9209 0.2912 0.9209 0.4812 0.8534 0.4812
6 0.0983 0.6748 0.1569 0.6748 0.1569 0.7572 0.0983 0.7572
6 0.7511 0.0108 0.9423 0.0108 0.9423 0.1456 0.7511 0.1456
7 0.0791 0.3888 0.0980 0.3888 0.0980 0.4424 0.0791 0.4424
7 0.9211 0.3484 0.9486 0.3484 0.9486 0.4500 0.9211 0.4500
7 0.0120 0.5724 0.0571 0.5724 0.0571 0.5900 0.0120 0.5900
7 0.9263 0.1288 0.9971 0.1288 0.9971 0.1740 0.9263 0.1740
9 0.9289 0.7344 1.0000 0.7344 1.0000 0.9372 0.9289 0.9372
9 0.1914 0.5788 0.2289 0.5788 0.2289 0.7660 0.1914 0.7660
9 0.2403 0.3588 0.2806 0.3588 0.2806 0.5552 0.2403 0.5552
9 0.1320 0.4336 0.1723 0.4336 0.1723 0.6300 0.1320 0.6300
12 0.6566 0.1952 0.6771 0.1952 0.6771 0.3400 0.6566 0.3400
12 0.1351 0.5488 0.1737 0.5488 0.1737 0.5852 0.1351 0.5852
12 0.2194 0.2812 0.3237 0.2812 0.3237 0.3228 0.2194 0.3228
12 0.4869 0.7368 0.5814 0.7368 0.5814 0.7728 0.4869 0.7728
13 0.9037 0.6396 0.9129 0.6396 0.9129 0.6480 0.9037 0.6480
13 0.7491 0.3956 0.7511 0.3956 0.7511 0.5408 0.7491 0.5408
13 0.9831 0.2580 0.9977 0.2580 0.9977 0.2880 0.9831 0.2880
13 0.1571 0.6004 0.1640 0.6004 0.1640 0.6472 0.1571 0.6472
15 0.1097 0.7940 0.1829 0.7940 0.1829 0.8788 0.1097 0.8788
15 0.6929 0.1248 0.7543 0.1248 0.7543 0.2372 0.6929 0.2372
15 0.4069 0.0396 0.5317 0.0396 0.5317 0.1428 0.4069 0.1428
15 0.7383 0.1228 0.7717 0.1228 0.7717 0.1708 0.7383 0.1708
