0 0.1171 0.4308 0.2849 0.4308 0.2849 0.7240 0.1171 0.7240
0 0.5814 0.4220 0.6489 0.4220 0.6489 0.4760 0.5814 0.4760
0 0.1646 0.3188 0.2874 0.3188 0.2874 0.7560 0.1646 0.7560
0 0.6214 0.5676 0.7509 0.5676 0.7509 0.9488 0.6214 0.9488
1 0.5191 0.2328 0.5440 0.2328 0.5440 0.2376 0.5191 0.2376
1 0.9760 0.2868 0.9834 0.2868 0.9834 0.3140 0.9760 0.3140
1 0.7154 0.4272 0.7231 0.4272 0.7231 0.5104 0.7154 0.5104
1 0.8383 0.6648 0.8466 0.6648 0.8466 0.7468 0.8383 0.7468
2 0.4329 0.5364 0.4549 0.5364 0.4549 0.6296 0.4329 0.6296
2 0.8817 0.6896 0.9454 0.6896 0.9454 0.7108 0.8817 0.7108
2 0.4534 0.6224 0.5120 0.6224 0.5120 0.7048 0.4534 0.7048
2 0.0157 0.5680 0.1191 0.5680 0.1191 0.6276 0.0157 0.6276
3 0.0689 0.4544 0.1640 0.4544 0.1640 0.4768 0.0689 0.4768
3 0.0886 0.7060 0.1049 0.7060 0.1049 0.8308 0.0886 0.8308
3 0.8611 0.4908 0.9163 0.4908 0.9163 0.5124 0.8611 0.5124
3 0.4846 0.5320 0.5017 0.5320 0.5017 0.5988 0.4846 0.5988
4 0.3126 0.6528 0.4143 0.6528 0.4143 0.6828 0.3126 0.6828
4 0.4894 0.0256 0.4954 0.0256 0.4954 0.0516 0.4894 0.0516
4 0.8531 0.4348 0.8660 0.4348 0.8660 0.4452 0.8531 0.4452
4 0.0260 0.7812 0.0317 0.7812 0.0317 0.7876 0.0260 0.7876
6 0.0729 0.9268 0.1074 0.9268 0.1074 0.9380 0.0729 0.9380
6 0.3680 0.2392 0.4354 0.2392 0.4354 0.4292 0.3680 0.4292
6 0.8266 0.0380 0.8851 0.0380 0.8851 0.1204 0.8266 0.1204
6 0.3746 0.0908 0.4331 0.0908 0.4331 0.1732 0.3746 0.1732
7 0.2134 0.4160 0.2883 0.4160 0.2883 0.4776 0.2134 0.4776
7 0.5343 0.4780 0.6040 0.4780 0.6040 0.5448 0.5343 0.5448
7 0.7546 0.5096 0.7677 0.5096 0.7677 0.5176 0.7546 0.5176
7 0.4643 0.2520 0.4751 0.2520 0.4751 0.3028 0.4643 0.3028
9 0.6889 0.2564 0.7600 0.2564 0.7600 0.4592 0.6889 0.4592
9 0.8863 0.3708 0.9240 0.3708 0.9240 0.5024 0.8863 0.5024
9 0.1603 0.7284 0.2226 0.7284 0.2226 0.9340 0.1603 0.9340
9 0.5260 0.0116 0.5580 0.0116 0.5580 0.1696 0.5260 0.1696
12 0.3046 0.3816 0.3320 0.3816 0.3320 0.4940 0.3046 0.4940
12 0.9171 0.4888 0.9871 0.4888 0.9871 0.4956 0.9171 0.4956
12 0.9014 0.1732 0.9586 0.1732 0.9586 0.7228 0.9014 0.7228
12 0.7206 0.0348 0.7646 0.0348 0.7646 0.4596 0.7206 0.4596
13 0.7123 0.2216 0.7486 0.2216 0.7486 0.2868 0.7123 0.2868
13 0.1506 0.4932 0.1703 0.4932 0.1703 0.5132 0.1506 0.5132
13 0.8069 0.5952 0.8823 0.5952 0.8823 0.6372 0.8069 0.6372
13 0.6646 0.8924 0.6703 0.8924 0.6703 0.9128 0.6646 0.9128
15 0.4800 0.7124 0.5134 0.7124 0.5134 0.7604 0.4800 0.7604
15 0.6040 0.1056 0.6574 0.1056 0.6574 0.1696 0.6040 0.1696
15 0.0943 0.0772 0.1651 0.0772 0.1651 0.1732 0.0943 0.1732
15 0.8491 0.7640 0.9223 0.7640 0.9223 0.8360 0.8491 0.8360
