0 0.2103 0.1136 0.3483 0.1136 0.3483 0.2732 0.2103 0.2732
0 0.3046 0.4144 0.4114 0.4144 0.4114 0.8184 0.3046 0.8184
0 0.4357 0.1136 0.6643 0.1136 0.6643 0.1984 0.4357 0.1984
0 0.7809 0.1964 0.9037 0.1964 0.9037 0.6336 0.7809 0.6336
1 0.7440 0.4272 0.7654 0.4272 0.7654 0.4388 0.7440 0.4388
1 0.3403 0.6876 0.3574 0.6876 0.3574 0.6920 0.3403 0.6920
1 0.5209 0.1556 0.5334 0.1556 0.5334 0.1664 0.5209 0.1664
1 0.0423 0.3144 0.0549 0.3144 0.0549 0.3252 0.0423 0.3252
2 0.5257 0.3592 0.6020 0.3592 0.6020 0.4212 0.5257 0.4212
2 0.6786 0.5324 0.7103 0.5324 0.7103 0.6108 0.6786 0.6108
2 0.0951 0.4740 0.1269 0.4740 0.1269 0.5524 0.0951 0.5524
2 0.9034 0.3376 0.9629 0.3376 0.9629 0.5252 0.9034 0.5252
3 0.8200 0.3488 0.8263 0.3488 0.8263 0.4508 0.8200 0.4508
3 0.6517 0.6836 0.7011 0.6836 0.7011 0.7004 0.6517 0.7004
3 0.9277 0.6540 0.9971 0.6540 0.9971 0.6724 0.9277 0.6724
3 0.2426 0.8116 0.3371 0.8116 0.3371 0.8348 0.2426 0.8348
4 0.8580 0.1300 0.8806 0.1300 0.8806 0.1420 0.8580 0.1420
4 0.2420 0.0764 0.2671 0.0764 0.2671 0.0900 0.2420 0.0900
4 0.1597 0.2444 0.1791 0.2444 0.1791 0.2588 0.1597 0.2588
4 0.1689 0.7308 0.1754 0.7308 0.1754 0.7556 0.1689 0.7556
6 0.8991 0.3248 0.9646 0.3248 0.9646 0.3556 0.8991 0.3556
6 0.2011 0.1248 0.2666 0.1248 0.2666 0.1556 0.2011 0.1556
6 0.7623 0.1080 0.8277 0.1080 0.8277 0.1388 0.7623 0.1388
6 0.4040 0.1772 0.4537 0.1772 0.4537 0.2240 0.4040 0.2240
7 0.1120 0.1492 0.1346 0.1492 0.1346 0.2840 0.1120 0.2840
7 0.9443 0.3992 0.9791 0.3992 0.9791 0.4940 0.9443 0.4940
7 0.9743 0.0100 0.9823 0.0100 0.9823 0.0292 0.9743 0.0292
7 0.3677 0.4464 0.3731 0.4464 0.3731 0.4888 0.3677 0.4888
9 0.7500 0.2256 0.7800 0.2256 0.7800 0.4012 0.7500 0.4012
9 0.5714 0.2460 0.7431 0.2460 0.7431 0.3500 0.5714 0.3500
9 0.5897 0.1856 0.8100 0.1856 0.8100 0.2580 0.5897 0.2580
9 0.1057 0.4000 0.1434 0.4000 0.1434 0.5316 0.1057 0.5316
12 0.0571 0.5156 0.0803 0.5156 0.0803 0.6304 0.0571 0.6304
12 0.1731 0.6220 0.1954 0.6220 0.1954 0.8820 0.1731 0.8820
12 0.1577 0.1820 0.2277 0.1820 0.2277 0.1888 0.1577 0.1888
12 0.2360 0.5812 0.2566 0.5812 0.2566 0.8196 0.2360 0.8196
13 0.5326 0.0164 0.5426 0.0164 0.5426 0.0364 0.5326 0.0364
13 0.8831 0.2504 0.8946 0.2504 0.8946 0.2920 0.8831 0.2920
13 0.0400 0.3440 0.0763 0.3440 0.0763 0.4092 0.0400 0.4092
13 0.5294 0.4804 0.5694 0.4804 0.5694 0.5052 0.5294 0.5052
15 0.1454 0.3396 0.1883 0.3396 0.1883 0.4020 0.1454 0.4020
15 0.4094 0.3960 0.5040 0.3960 0.5040 0.4772 0.4094 0.4772
15 0.9440 0.6724 0.9731 0.6724 0.9731 0.7264 0.9440 0.7264
15 0.2363 0.3952 0.2954 0.3952 0.2954 0.4632 0.2363 0.4632
