0 0.3711 0.3616 0.6743 0.3616 0.6743 0.5528 0.3711 0.5528
0 0.1363 0.6092 0.3649 0.6092 0.3649 0.6940 0.1363 0.6940
0 0.1317 0.2884 0.2329 0.2884 0.2329 0.4384 0.1317 0.4384
0 0.5543 0.3556 0.6217 0.3556 0.6217 0.4096 0.5543 0.4096
1 0.1540 0.8556 0.1617 0.8556 0.1617 0.9388 0.1540 0.9388
1 0.7466 0.4132 0.7591 0.4132 0.7591 0.4240 0.7466 0.4240
1 0.4446 0.1960 0.4474 0.1960 0.4474 0.2212 0.4446 0.2212
1 0.8871 0.0360 0.8903 0.0360 0.8903 0.0612 0.8871 0.0612
2 0.7260 0.1636 0.8094 0.1636 0.8094 0.1744 0.7260 0.1744
2 0.5951 0.5312 0.6617 0.5312 0.6617 0.6544 0.5951 0.6544
2 0.1491 0.1132 0.2363 0.1132 0.2363 0.3696 0.1491 0.3696
2 0.2214 0.2432 0.3337 0.2432 0.3337 0.3180 0.2214 0.3180
3 0.7694 0.0988 0.7797 0.0988 0.7797 0.1720 0.7694 0.1720
3 0.0314 0.9300 0.1114 0.9300 0.1114 0.9496 0.0314 0.9496
3 0.8500 0.4428 0.8603 0.4428 0.8603 0.5160 0.8500 0.5160
3 0.1666 0.6104 0.2217 0.6104 0.2217 0.6320 0.1666 0.6320
4 0.7837 0.7072 0.8854 0.7072 0.8854 0.7372 0.7837 0.7372
4 0.3189 0.0432 0.3611 0.0432 0.3611 0.0544 0.3189 0.0544
4 0.9591 0.0652 0.9794 0.0652 0.9794 0.0788 0.9591 0.0788
4 0.7863 0.1548 0.7994 0.1548 0.7994 0.1648 0.7863 0.1648
6 0.4854 0.8732 0.5440 0.8732 0.5440 0.9556 0.4854 0.9556
6 0.7340 0.6956 0.7686 0.6956 0.7686 0.7068 0.7340 0.7068
6 0.9266 0.7532 0.9940 0.7532 0.9940 0.9432 0.9266 0.9432
6 0.4346 0.0724 0.4523 0.0724 0.4523 0.0976 0.4346 0.0976
7 0.7374 0.8720 0.7546 0.8720 0.7546 0.8808 0.7374 0.8808
7 0.0737 0.7156 0.0931 0.7156 0.0931 0.7608 0.0737 0.7608
7 0.6580 0.8252 0.6723 0.8252 0.6723 0.9256 0.6580 0.9256
7 0.4929 0.1720 0.5074 0.1720 0.5074 0.2116 0.4929 0.2116
9 0.7011 0.6820 0.7386 0.6820 0.7386 0.8692 0.7011 0.8692
9 0.3094 0.6992 0.4149 0.6992 0.4149 0.7596 0.3094 0.7596
9 0.4386 0.2048 0.4763 0.2048 0.4763 0.3364 0.4386 0.3364
9 0.2731 0.4504 0.3246 0.4504 0.3246 0.6200 0.2731 0.6200
12 0.7891 0.5900 0.8097 0.5900 0.8097 0.8284 0.7891 0.8284
12 0.6049 0.7508 0.6223 0.7508 0.6223 0.8732 0.6049 0.8732
12 0.1449 0.2960 0.2243 0.2960 0.2243 0.3392 0.1449 0.3392
12 0.0743 0.8848 0.1443 0.8848 0.1443 0.8916 0.0743 0.8916
13 0.2480 0.0964 0.2557 0.0964 0.2557 0.1088 0.2480 0.1088
13 0.6563 0.1104 0.7029 0.1104 0.7029 0.1520 0.6563 0.1520
13 0.2200 0.6856 0.2249 0.6856 0.2249 0.7040 0.2200 0.7040
13 0.5620 0.8088 0.5640 0.8088 0.5640 0.9540 0.5620 0.9540
15 0.7586 0.7456 0.8049 0.7456 0.8049 0.8140 0.7586 0.8140
15 0.9520 0.6900 0.9829 0.6900 0.9829 0.7492 0.9520 0.7492
15 0.6466 0.6556 0.6746 0.6556 0.6746 0.7084 0.6466 0.7084
15 0.2694 0.3928 0.3286 0.3928 0.3286 0.4608 0.2694 0.4608
