0 0.8329 0.3200 0.8994 0.3200 0.8994 0.3904 0.8329 0.3904
0 0.2497 0.3828 0.4017 0.3828 0.4017 0.7704 0.2497 0.7704
0 0.4491 0.0968 0.5157 0.0968 0.5157 0.6124 0.4491 0.6124
0 0.7391 0.0832 0.8437 0.0832 0.8437 0.5140 0.7391 0.5140
1 0.1529 0.4568 0.1611 0.4568 0.1611 0.5388 0.1529 0.5388
1 0.3211 0.6416 0.3411 0.6416 0.3411 0.6500 0.3211 0.6500
1 0.1586 0.6536 0.1934 0.6536 0.1934 0.7416 0.1586 0.7416
1 0.6480 0.5060 0.6554 0.5060 0.6554 0.5332 0.6480 0.5332
2 0.7634 0.0160 0.8191 0.0160 0.8191 0.0568 0.7634 0.0568
2 0.6340 0.3920 0.6689 0.3920 0.6689 0.4876 0.6340 0.4876
2 0.3320 0.3672 0.3877 0.3672 0.3877 0.4080 0.3320 0.4080
2 0.9277 0.2876 0.9486 0.2876 0.9486 0.3604 0.9277 0.3604
3 0.6017 0.2912 0.6963 0.2912 0.6963 0.3144 0.6017 0.3144
3 0.4134 0.5456 0.4877 0.5456 0.4877 0.5684 0.4134 0.5684
3 0.2549 0.6636 0.2711 0.6636 0.2711 0.7884 0.2549 0.7884
3 0.2200 0.1924 0.2337 0.1924 0.2337 0.2948 0.2200 0.2948
4 0.0883 0.0296 0.0971 0.0296 0.0971 0.0776 0.0883 0.0776
4 0.5691 0.6176 0.5894 0.6176 0.5894 0.6348 0.5691 0.6348
4 0.2409 0.3864 0.2483 0.3864 0.2483 0.3972 0.2409 0.3972
4 0.5900 0.1888 0.6054 0.1888 0.6054 0.2272 0.5900 0.2272
6 0.2689 0.0516 0.4600 0.0516 0.4600 0.1864 0.2689 0.1864
6 0.3389 0.6208 0.5300 0.6208 0.5300 0.7556 0.3389 0.7556
6 0.5094 0.1468 0.5591 0.1468 0.5591 0.1936 0.5094 0.1936
6 0.2703 0.8460 0.4614 0.8460 0.4614 0.9808 0.2703 0.9808
7 0.3894 0.1732 0.3937 0.1732 0.3937 0.2076 0.3894 0.2076
7 0.4471 0.2592 0.5103 0.2592 0.5103 0.3712 0.4471 0.3712
7 0.3254 0.0868 0.3720 0.0868 0.3720 0.2212 0.3254 0.2212
7 0.6249 0.6368 0.6357 0.6368 0.6357 0.6876 0.6249 0.6876
9 0.5551 0.3520 0.5926 0.3520 0.5926 0.5392 0.5551 0.5392
9 0.2586 0.8072 0.2963 0.8072 0.2963 0.9388 0.2586 0.9388
9 0.4163 0.7460 0.6366 0.7460 0.6366 0.8184 0.4163 0.8184
9 0.9143 0.2196 0.9546 0.2196 0.9546 0.4160 0.9143 0.4160
12 0.9109 0.4076 0.9340 0.4076 0.9340 0.5224 0.9109 0.5224
12 0.7269 0.8228 0.7989 0.8228 0.7989 0.8548 0.7269 0.8548
12 0.0783 0.2356 0.1169 0.2356 0.1169 0.2720 0.0783 0.2720
12 0.7549 0.3028 0.8494 0.3028 0.8494 0.3388 0.7549 0.3388
13 0.9280 0.9696 0.9583 0.9696 0.9583 0.9952 0.9280 0.9952
13 0.5149 0.6532 0.6871 0.6532 0.6871 0.6988 0.5149 0.6988
13 0.8511 0.3472 0.8977 0.3472 0.8977 0.3888 0.8511 0.3888
13 0.1746 0.2604 0.1871 0.2604 0.1871 0.2748 0.1746 0.2748
15 0.1934 0.1072 0.2277 0.1072 0.2277 0.1548 0.1934 0.1548
15 0.8717 0.1592 0.9434 0.1592 0.9434 0.2432 0.8717 0.2432
15 0.3386 0.5684 0.4077 0.5684 0.4077 0.6716 0.3386 0.6716
15 0.7486 0.6400 0.8100 0.6400 0.8100 0.7524 0.7486 0.7524
