0 0.8751 0.5092 0.9980 0.5092 0.9980 0.9464 0.8751 0.9464
0 0.7683 0.5080 0.8357 0.5080 0.8357 0.5620 0.7683 0.5620
0 0.8143 0.4752 0.9437 0.4752 0.9437 0.8564 0.8143 0.8564
0 0.0211 0.0624 0.0554 0.0624 0.0554 0.5184 0.0211 0.5184
1 0.2491 0.7492 0.2691 0.7492 0.2691 0.7576 0.2491 0.7576
1 0.4737 0.4588 0.5000 0.4588 0.5000 0.4708 0.4737 0.4708
1 0.5997 0.8324 0.6140 0.8324 0.6140 0.8632 0.5997 0.8632
1 0.2757 0.8900 0.2829 0.8900 0.2829 0.9160 0.2757 0.9160
2 0.8517 0.6948 0.9929 0.6948 0.9929 0.7792 0.8517 0.7792
2 0.6617 0.4204 0.7083 0.4204 0.7083 0.5332 0.6617 0.5332
2 0.1731 0.2324 0.2717 0.2324 0.2717 0.7060 0.1731 0.7060
2 0.0731 0.4828 0.1566 0.4828 0.1566 0.5844 0.0731 0.5844
3 0.5337 0.0688 0.5440 0.0688 0.5440 0.1420 0.5337 0.1420
3 0.7737 0.1428 0.7840 0.1428 0.7840 0.2156 0.7737 0.2156
3 0.4791 0.7092 0.4954 0.7092 0.4954 0.8340 0.4791 0.8340
3 0.3883 0.0576 0.3946 0.0576 0.3946 0.1596 0.3883 0.1596
4 0.0549 0.0348 0.0606 0.0348 0.0606 0.0412 0.0549 0.0412
4 0.2263 0.6708 0.2383 0.6708 0.2383 0.6884 0.2263 0.6884
4 0.1351 0.6072 0.1563 0.6072 0.1563 0.6548 0.1351 0.6548
4 0.8017 0.4940 0.8269 0.4940 0.8269 0.5076 0.8017 0.5076
6 0.3186 0.5216 0.3531 0.5216 0.3531 0.5328 0.3186 0.5328
6 0.2749 0.6764 0.3246 0.6764 0.3246 0.7232 0.2749 0.7232
6 0.6514 0.0412 0.8426 0.0412 0.8426 0.1760 0.6514 0.1760
6 0.3477 0.1120 0.5389 0.1120 0.5389 0.2468 0.3477 0.2468
7 0.2520 0.6172 0.2777 0.6172 0.2777 0.6976 0.2520 0.6976
7 0.5597 0.4612 0.5654 0.4612 0.5654 0.4880 0.5597 0.4880
7 0.0837 0.7280 0.0991 0.7280 0.0991 0.7804 0.0837 0.7804
7 0.0671 0.0128 0.1429 0.0128 0.1429 0.0348 0.0671 0.0348
9 0.6380 0.7800 0.7537 0.7800 0.7537 0.8180 0.6380 0.8180
9 0.6811 0.2728 0.7189 0.2728 0.7189 0.4044 0.6811 0.4044
9 0.1637 0.4756 0.2040 0.4756 0.2040 0.6720 0.1637 0.6720
9 0.0840 0.6644 0.1217 0.6644 0.1217 0.7960 0.0840 0.7960
12 0.2469 0.8732 0.2760 0.8732 0.2760 0.8976 0.2469 0.8976
12 0.6543 0.8736 0.7586 0.8736 0.7586 0.9152 0.6543 0.9152
12 0.3517 0.6512 0.3763 0.6512 0.3763 0.7764 0.3517 0.7764
12 0.4897 0.2972 0.7551 0.2972 0.7551 0.3564 0.4897 0.3564
13 0.1114 0.1816 0.1311 0.1816 0.1311 0.2016 0.1114 0.2016
13 0.8966 0.8052 0.9720 0.8052 0.9720 0.8472 0.8966 0.8472
13 0.7089 0.3600 0.7554 0.3600 0.7554 0.4016 0.7089 0.4016
13 0.5549 0.2352 0.5703 0.2352 0.5703 0.3004 0.5549 0.3004
15 0.4477 0.3400 0.5523 0.3400 0.5523 0.4548 0.4477 0.4548
15 0.3969 0.0724 0.4260 0.0724 0.4260 0.1264 0.3969 0.1264
15 0.8743 0.4136 0.9543 0.4136 0.9543 0.4964 0.8743 0.4964
15 0.6174 0.5860 0.7120 0.5860 0.7120 0.6672 0.6174 0.6672
