0 0.3226 0.6444 0.4060 0.6444 0.4060 0.8188 0.3226 0.8188
0 0.5649 0.2160 0.7029 0.2160 0.7029 0.3756 0.5649 0.3756
0 0.3257 0.6932 0.4934 0.6932 0.4934 0.9864 0.3257 0.9864
0 0.4694 0.1284 0.6171 0.1284 0.6171 0.6208 0.4694 0.6208
1 0.5089 0.5748 0.5163 0.5748 0.5163 0.6020 0.5089 0.6020
1 0.8986 0.7136 0.9249 0.7136 0.9249 0.7256 0.8986 0.7256
1 0.0771 0.4268 0.0903 0.4268 0.0903 0.4532 0.0771 0.4532
1 0.0351 0.4552 0.0614 0.4552 0.0614 0.4672 0.0351 0.4672
2 0.4614 0.3788 0.4846 0.3788 0.4846 0.4044 0.4614 0.4044
2 0.1857 0.8332 0.4143 0.8332 0.4143 0.9000 0.1857 0.9000
2 0.3109 0.3128 0.3574 0.3128 0.3574 0.4408 0.3109 0.4408
2 0.1143 0.4360 0.2260 0.4360 0.2260 0.4896 0.1143 0.4896
3 0.8169 0.3912 0.8340 0.3912 0.8340 0.5132 0.8169 0.5132
3 0.9171 0.7140 0.9234 0.7140 0.9234 0.8160 0.9171 0.8160
3 0.9286 0.1316 0.9389 0.1316 0.9389 0.2048 0.9286 0.2048
3 0.7557 0.0824 0.8251 0.0824 0.8251 0.1008 0.7557 0.1008
4 0.2734 0.7792 0.2969 0.7792 0.2969 0.7904 0.2734 0.7904
4 0.5097 0.0044 0.6114 0.0044 0.6114 0.0344 0.5097 0.0344
4 0.6580 0.3060 0.6811 0.3060 0.6811 0.3448 0.6580 0.3448
4 0.9220 0.1524 0.9343 0.1524 0.9343 0.1596 0.9220 0.1596
6 0.3989 0.2660 0.4574 0.2660 0.4574 0.3484 0.3989 0.3484
6 0.7949 0.8184 0.9860 0.8184 0.9860 0.9532 0.7949 0.9532
6 0.1909 0.2268 0.2406 0.2268 0.2406 0.2736 0.1909 0.2736
6 0.5100 0.7580 0.5754 0.7580 0.5754 0.7888 0.5100 0.7888
7 0.3589 0.1696 0.3731 0.1696 0.3731 0.2376 0.3589 0.2376
7 0.8817 0.6776 0.9171 0.6776 0.9171 0.7480 0.8817 0.7480
7 0.6503 0.6392 0.6646 0.6392 0.6646 0.7160 0.6503 0.7160
7 0.7980 0.3440 0.8089 0.3440 0.8089 0.3724 0.7980 0.3724
9 0.5271 0.3956 0.6426 0.3956 0.6426 0.4332 0.5271 0.4332
9 0.6569 0.4708 0.6943 0.4708 0.6943 0.6580 0.6569 0.6580
9 0.5923 0.0928 0.8126 0.0928 0.8126 0.1652 0.5923 0.1652
9 0.3700 0.2980 0.4214 0.2980 0.4214 0.4676 0.3700 0.4676
12 0.5171 0.8960 0.6214 0.8960 0.6214 0.9376 0.5171 0.9376
12 0.3480 0.1024 0.3743 0.1024 0.3743 0.3848 0.3480 0.3848
12 0.6214 0.3076 0.6654 0.3076 0.6654 0.7324 0.6214 0.7324
12 0.7097 0.2368 0.7303 0.2368 0.7303 0.4752 0.7097 0.4752
13 0.0029 0.8888 0.0889 0.8888 0.0889 0.8964 0.0029 0.8964
13 0.4266 0.0388 0.4380 0.0388 0.4380 0.0728 0.4266 0.0728
13 0.6540 0.7748 0.7400 0.7748 0.7400 0.7824 0.6540 0.7824
13 0.6137 0.5628 0.6160 0.5628 0.6160 0.6880 0.6137 0.6880
15 0.3511 0.7548 0.4457 0.7548 0.4457 0.8360 0.3511 0.8360
15 0.1037 0.0252 0.1346 0.0252 0.1346 0.0844 0.1037 0.0844
15 0.6366 0.0344 0.6900 0.0344 0.6900 0.0984 0.6366 0.0984
15 0.4946 0.7508 0.5540 0.7508 0.5540 0.8200 0.4946 0.8200
