0 0.3271 0.2796 0.4603 0.2796 0.4603 0.6460 0.3271 0.6460
0 0.5517 0.3340 0.6897 0.3340 0.6897 0.4936 0.5517 0.4936
0 0.4214 0.2720 0.7246 0.2720 0.7246 0.4632 0.4214 0.4632
0 0.8391 0.6692 0.9771 0.6692 0.9771 0.8288 0.8391 0.8288
1 0.1714 0.0372 0.1826 0.0372 0.1826 0.0740 0.1714 0.0740
1 0.1643 0.3704 0.1774 0.3704 0.1774 0.3968 0.1643 0.3968
1 0.8337 0.9044 0.8449 0.9044 0.8449 0.9412 0.8337 0.9412
1 0.4923 0.1452 0.4954 0.1452 0.4954 0.1704 0.4923 0.1704
2 0.2460 0.1364 0.3166 0.1364 0.3166 0.2476 0.2460 0.2476
2 0.2223 0.4500 0.2549 0.4500 0.2549 0.4660 0.2223 0.4660
2 0.1400 0.7628 0.2389 0.7628 0.2389 0.8432 0.1400 0.8432
2 0.7431 0.2608 0.8306 0.2608 0.8306 0.3332 0.7431 0.3332
3 0.9029 0.4112 0.9980 0.4112 0.9980 0.4336 0.9029 0.4336
3 0.1003 0.7900 0.1803 0.7900 0.1803 0.8096 0.1003 0.8096
3 0.1429 0.4372 0.2374 0.4372 0.2374 0.4604 0.1429 0.4604
3 0.8343 0.5324 0.8406 0.5324 0.8406 0.6344 0.8343 0.6344
4 0.3857 0.2632 0.3986 0.2632 0.3986 0.2736 0.3857 0.2736
4 0.2629 0.1016 0.2691 0.1016 0.2691 0.1176 0.2629 0.1176
4 0.6346 0.6860 0.6426 0.6860 0.6426 0.7676 0.6346 0.7676
4 0.0769 0.1468 0.0997 0.1468 0.0997 0.1592 0.0769 0.1592
6 0.5977 0.7112 0.6474 0.7112 0.6474 0.7580 0.5977 0.7580
6 0.6054 0.8108 0.6709 0.8108 0.6709 0.8416 0.6054 0.8416
6 0.5834 0.4240 0.6489 0.4240 0.6489 0.4548 0.5834 0.4548
6 0.7117 0.1728 0.7294 0.1728 0.7294 0.1980 0.7117 0.1980
7 0.4597 0.2944 0.4660 0.2944 0.4660 0.3184 0.4597 0.3184
7 0.2786 0.0596 0.3020 0.0596 0.3020 0.1696 0.2786 0.1696
7 0.1146 0.1980 0.1300 0.1980 0.1300 0.2560 0.1146 0.2560
7 0.5000 0.7316 0.5154 0.7316 0.5154 0.7464 0.5000 0.7464
9 0.1674 0.0640 0.2831 0.0640 0.2831 0.1020 0.1674 0.1020
9 0.9077 0.1920 0.9454 0.1920 0.9454 0.3236 0.9077 0.3236
9 0.5249 0.8644 0.6523 0.8644 0.6523 0.9056 0.5249 0.9056
9 0.2540 0.4712 0.2957 0.4712 0.2957 0.6804 0.2540 0.6804
12 0.4543 0.6764 0.4834 0.6764 0.4834 0.7008 0.4543 0.7008
12 0.5889 0.5304 0.6274 0.5304 0.6274 0.5668 0.5889 0.5668
12 0.2483 0.9392 0.3203 0.9392 0.3203 0.9712 0.2483 0.9712
12 0.4814 0.3968 0.5077 0.3968 0.5077 0.6792 0.4814 0.6792
13 0.5286 0.8232 0.5457 0.8232 0.5457 0.8544 0.5286 0.8544
13 0.8963 0.8776 0.9063 0.8776 0.9063 0.8928 0.8963 0.8928
13 0.6603 0.3684 0.6671 0.3684 0.6671 0.4152 0.6603 0.4152
13 0.9711 0.1764 0.9943 0.1764 0.9943 0.1944 0.9711 0.1944
15 0.1549 0.1688 0.2163 0.1688 0.2163 0.2812 0.1549 0.2812
15 0.1123 0.4888 0.1666 0.4888 0.1666 0.5616 0.1123 0.5616
15 0.4620 0.0788 0.5049 0.0788 0.5049 0.1412 0.4620 0.1412
15 0.2260 0.6988 0.2969 0.6988 0.2969 0.7948 0.2260 0.7948
