0 0.3574 0.1240 0.4906 0.1240 0.4906 0.4904 0.3574 0.4904
0 0.1809 0.5188 0.3037 0.5188 0.3037 0.9560 0.1809 0.9560
0 0.6194 0.4020 0.8480 0.4020 0.8480 0.4868 0.6194 0.4868
0 0.8120 0.0704 0.9166 0.0704 0.9166 0.5012 0.8120 0.5012
1 0.6971 0.6988 0.7186 0.6988 0.7186 0.7104 0.6971 0.7104
1 0.5926 0.1376 0.6057 0.1376 0.6057 0.1640 0.5926 0.1640
1 0.4694 0.8088 0.4769 0.8088 0.4769 0.8360 0.4694 0.8360
1 0.5297 0.5572 0.5346 0.5572 0.5346 0.5992 0.5297 0.5992
2 0.1986 0.4120 0.3109 0.4120 0.3109 0.4868 0.1986 0.4868
2 0.1863 0.4232 0.2329 0.4232 0.2329 0.5512 0.1863 0.5512
2 0.7566 0.0848 0.8300 0.0848 0.8300 0.2096 0.7566 0.2096
2 0.2083 0.4392 0.2337 0.4392 0.2337 0.4584 0.2083 0.4584
3 0.4751 0.7212 0.4889 0.7212 0.4889 0.8236 0.4751 0.8236
3 0.8929 0.7788 0.9729 0.7788 0.9729 0.7984 0.8929 0.7984
3 0.4880 0.0608 0.5043 0.0608 0.5043 0.1856 0.4880 0.1856
3 0.9203 0.5552 0.9306 0.5552 0.9306 0.6280 0.9203 0.6280
4 0.5997 0.2328 0.6057 0.2328 0.6057 0.2588 0.5997 0.2588
4 0.5469 0.0856 0.5626 0.0856 0.5626 0.1084 0.5469 0.1084
4 0.2640 0.6344 0.2714 0.6344 0.2714 0.6452 0.2640 0.6452
4 0.7691 0.6696 0.7823 0.6696 0.7823 0.6884 0.7691 0.6884
6 0.6023 0.3600 0.6200 0.3600 0.6200 0.3852 0.6023 0.3852
6 0.8814 0.9716 0.8991 0.9716 0.8991 0.9968 0.8814 0.9968
6 0.5600 0.2652 0.7511 0.2652 0.7511 0.4000 0.5600 0.4000
6 0.7823 0.2220 0.8497 0.2220 0.8497 0.4120 0.7823 0.4120
7 0.5989 0.4716 0.6289 0.4716 0.6289 0.6104 0.5989 0.6104
7 0.5714 0.4792 0.5869 0.4792 0.5869 0.5868 0.5714 0.5868
7 0.4594 0.2248 0.4666 0.2248 0.4666 0.2540 0.4594 0.2540
7 0.7949 0.6936 0.8051 0.6936 0.8051 0.7292 0.7949 0.7292
9 0.5429 0.0040 0.5806 0.0040 0.5806 0.1356 0.5429 0.1356
9 0.7511 0.4900 0.9229 0.4900 0.9229 0.5940 0.7511 0.5940
9 0.8651 0.7180 0.9223 0.7180 0.9223 0.7724 0.8651 0.7724
9 0.1991 0.5728 0.2369 0.5728 0.2369 0.7044 0.1991 0.7044
12 0.3740 0.7600 0.4871 0.7600 0.4871 0.7908 0.3740 0.7908
12 0.1571 0.3272 0.1817 0.3272 0.1817 0.4524 0.1571 0.4524
12 0.4060 0.0876 0.6106 0.0876 0.6106 0.1232 0.4060 0.1232
12 0.8303 0.9140 0.8911 0.9140 0.8911 0.9496 0.8303 0.9496
13 0.7077 0.5480 0.7171 0.5480 0.7171 0.5800 0.7077 0.5800
13 0.2671 0.5472 0.2797 0.5472 0.2797 0.5616 0.2671 0.5616
13 0.6711 0.5576 0.6826 0.5576 0.6826 0.5992 0.6711 0.5992
13 0.1926 0.5992 0.2026 0.5992 0.2026 0.6144 0.1926 0.6144
15 0.7157 0.3152 0.7700 0.3152 0.7700 0.3880 0.7157 0.3880
15 0.0223 0.8552 0.0817 0.8552 0.0817 0.9244 0.0223 0.9244
15 0.3243 0.3400 0.3523 0.3400 0.3523 0.3928 0.3243 0.3928
15 0.7603 0.1852 0.7894 0.1852 0.7894 0.2392 0.7603 0.2392
