0 0.5791 0.0528 0.6626 0.0528 0.6626 0.2272 0.5791 0.2272
0 0.0651 0.8196 0.2537 0.8196 0.2537 0.9224 0.0651 0.9224
0 0.8751 0.2188 0.9094 0.2188 0.9094 0.6748 0.8751 0.6748
0 0.3666 0.6044 0.4211 0.6044 0.4211 0.8424 0.3666 0.8424
1 0.8337 0.6380 0.8414 0.6380 0.8414 0.7212 0.8337 0.7212
1 0.9820 0.0548 0.9897 0.0548 0.9897 0.1380 0.9820 0.1380
1 0.8983 0.4936 0.9057 0.4936 0.9057 0.5208 0.8983 0.5208
1 0.3897 0.5884 0.3946 0.5884 0.3946 0.6304 0.3897 0.6304
2 0.9143 0.6492 0.9746 0.6492 0.9746 0.6808 0.9143 0.6808
2 0.9086 0.1436 0.9860 0.1436 0.9860 0.1728 0.9086 0.1728
2 0.2049 0.7788 0.2357 0.7788 0.2357 0.9112 0.2049 0.9112
2 0.8029 0.1520 0.8331 0.1520 0.8331 0.1632 0.8029 0.1632
3 0.0663 0.4528 0.0726 0.4528 0.0726 0.5548 0.0663 0.5548
3 0.3066 0.1844 0.3809 0.1844 0.3809 0.2072 0.3066 0.2072
3 0.4489 0.4200 0.5434 0.4200 0.5434 0.4432 0.4489 0.4432
3 0.0051 0.9420 0.0603 0.9420 0.0603 0.9612 0.0051 0.9612
4 0.6506 0.6508 0.6897 0.6508 0.6897 0.6604 0.6506 0.6604
4 0.2003 0.0040 0.2526 0.0040 0.2526 0.0360 0.2003 0.0360
4 0.0431 0.3684 0.0606 0.3684 0.0606 0.3828 0.0431 0.3828
4 0.2980 0.0536 0.3046 0.0536 0.3046 0.0620 0.2980 0.0620
6 0.5457 0.3248 0.7369 0.3248 0.7369 0.4596 0.5457 0.4596
6 0.5597 0.6004 0.6271 0.6004 0.6271 0.7904 0.5597 0.7904
6 0.2686 0.6828 0.2863 0.6828 0.2863 0.7080 0.2686 0.7080
6 0.5183 0.5932 0.5769 0.5932 0.5769 0.6756 0.5183 0.6756
7 0.2580 0.3496 0.2734 0.3496 0.2734 0.3600 0.2580 0.3600
7 0.6611 0.4420 0.6743 0.4420 0.6743 0.4972 0.6611 0.4972
7 0.2429 0.3548 0.2703 0.3548 0.2703 0.4616 0.2429 0.4616
7 0.6340 0.7272 0.6449 0.7272 0.6449 0.7780 0.6340 0.7780
9 0.0794 0.5992 0.1506 0.5992 0.1506 0.8020 0.0794 0.8020
9 0.6029 0.6956 0.8231 0.6956 0.8231 0.7680 0.6029 0.7680
9 0.0866 0.0572 0.2094 0.0572 0.2094 0.1048 0.0866 0.1048
9 0.6569 0.7536 0.7280 0.7536 0.7280 0.9564 0.6569 0.9564
12 0.1340 0.3292 0.2314 0.3292 0.2314 0.3548 0.1340 0.3548
12 0.5966 0.5228 0.6211 0.5228 0.6211 0.6480 0.5966 0.6480
12 0.0003 0.3612 0.0089 0.3612 0.0089 0.6584 0.0003 0.6584
12 0.9117 0.5936 0.9429 0.5936 0.9429 0.6208 0.9117 0.6208
13 0.5826 0.1808 0.5951 0.1808 0.5951 0.1892 0.5826 0.1892
13 0.2520 0.5304 0.2731 0.5304 0.2731 0.5504 0.2520 0.5504
13 0.5706 0.6956 0.6009 0.6956 0.6009 0.7212 0.5706 0.7212
13 0.0460 0.6228 0.0763 0.6228 0.0763 0.6484 0.0460 0.6484
15 0.3089 0.3728 0.3683 0.3728 0.3683 0.4352 0.3089 0.4352
15 0.8729 0.6336 0.9037 0.6336 0.9037 0.6928 0.8729 0.6928
15 0.4846 0.6396 0.5057 0.6396 0.5057 0.7228 0.4846 0.7228
15 0.4914 0.2604 0.5631 0.2604 0.5631 0.3444 0.4914 0.3444
