0 0.0329 0.6704 0.2614 0.6704 0.2614 0.7552 0.0329 0.7552
0 0.1549 0.4652 0.2843 0.4652 0.2843 0.8464 0.1549 0.8464
0 0.8083 0.3908 0.9603 0.3908 0.9603 0.7784 0.8083 0.7784
0 0.5074 0.0836 0.6454 0.0836 0.6454 0.2432 0.5074 0.2432
1 0.6663 0.3300 0.6691 0.3300 0.6691 0.3856 0.6663 0.3856
1 0.3766 0.3964 0.4114 0.3964 0.4114 0.4844 0.3766 0.4844
1 0.4517 0.5988 0.4617 0.5988 0.4617 0.7056 0.4517 0.7056
1 0.2017 0.2452 0.2066 0.2452 0.2066 0.2872 0.2017 0.2872
2 0.0720 0.7760 0.3166 0.7760 0.3166 0.8356 0.0720 0.8356
2 0.6269 0.8476 0.7303 0.8476 0.7303 0.9072 0.6269 0.9072
2 0.1180 0.4544 0.1411 0.4544 0.1411 0.4800 0.1180 0.4800
2 0.2063 0.3220 0.2994 0.3220 0.2994 0.3944 0.2063 0.3944
3 0.4589 0.5608 0.5331 0.5608 0.5331 0.5836 0.4589 0.5836
3 0.1183 0.3044 0.1734 0.3044 0.1734 0.3236 0.1183 0.3236
3 0.6543 0.8688 0.7286 0.8688 0.7286 0.8916 0.6543 0.8916
3 0.4131 0.9096 0.4931 0.9096 0.4931 0.9292 0.4131 0.9292
4 0.9057 0.8940 0.9197 0.8940 0.9197 0.9752 0.9057 0.9752
4 0.1654 0.2940 0.1766 0.2940 0.1766 0.3020 0.1654 0.3020
4 0.8660 0.1260 0.8806 0.1260 0.8806 0.1668 0.8660 0.1668
4 0.7791 0.3636 0.7994 0.3636 0.7994 0.3772 0.7791 0.3772
6 0.4943 0.5212 0.5440 0.5212 0.5440 0.5680 0.4943 0.5680
6 0.5577 0.3836 0.6163 0.3836 0.6163 0.4660 0.5577 0.4660
6 0.9083 0.4896 0.9429 0.4896 0.9429 0.5008 0.9083 0.5008
6 0.3020 0.8424 0.3197 0.8424 0.3197 0.8676 0.3020 0.8676
7 0.4269 0.0032 0.4466 0.0032 0.4466 0.0864 0.4269 0.0864
7 0.3954 0.5980 0.4106 0.5980 0.4106 0.6652 0.3954 0.6652
7 0.3766 0.6940 0.3897 0.6940 0.3897 0.7548 0.3766 0.7548
7 0.1986 0.0604 0.2117 0.0604 0.2117 0.1300 0.1986 0.1300
9 0.2723 0.4372 0.3294 0.4372 0.3294 0.4916 0.2723 0.4916
9 0.3411 0.3660 0.3983 0.3660 0.3983 0.4204 0.3411 0.4204
9 0.3597 0.5628 0.4040 0.5628 0.4040 0.7912 0.3597 0.7912
9 0.3966 0.5384 0.4369 0.5384 0.4369 0.7348 0.3966 0.7348
12 0.6403 0.3476 0.7534 0.3476 0.7534 0.3784 0.6403 0.3784
12 0.0189 0.3744 0.0534 0.3744 0.0534 0.5288 0.0189 0.5288
12 0.4374 0.3328 0.4814 0.3328 0.4814 0.7576 0.4374 0.7576
12 0.3371 0.4740 0.4414 0.4740 0.4414 0.5156 0.3371 0.5156
13 0.2474 0.9536 0.2526 0.9536 0.2526 0.9728 0.2474 0.9728
13 0.3540 0.5588 0.3706 0.5588 0.3706 0.5656 0.3540 0.5656
13 0.0369 0.2332 0.0769 0.2332 0.0769 0.2580 0.0369 0.2580
13 0.4106 0.9528 0.4246 0.9528 0.4246 0.9656 0.4106 0.9656
15 0.6783 0.6652 0.6994 0.6652 0.6994 0.7484 0.6783 0.7484
15 0.9131 0.5784 0.9423 0.5784 0.9423 0.6324 0.9131 0.6324
15 0.6020 0.6072 0.7066 0.6072 0.7066 0.7220 0.6020 0.7220
15 0.3286 0.5416 0.4086 0.5416 0.4086 0.6244 0.3286 0.6244
