0 0.8046 0.2068 0.8711 0.2068 0.8711 0.7224 0.8046 0.7224
0 0.5317 0.4324 0.7203 0.4324 0.7203 0.5352 0.5317 0.5352
0 0.6151 0.7856 0.8260 0.7856 0.8260 0.9920 0.6151 0.9920
0 0.0983 0.6064 0.4014 0.6064 0.4014 0.7976 0.0983 0.7976
1 0.0420 0.3764 0.0440 0.3764 0.0440 0.4120 0.0420 0.4120
1 0.0823 0.4096 0.0897 0.4096 0.0897 0.4368 0.0823 0.4368
1 0.8069 0.4888 0.8169 0.4888 0.8169 0.5956 0.8069 0.5956
1 0.3034 0.3180 0.3283 0.3180 0.3283 0.3228 0.3034 0.3228
2 0.6120 0.4576 0.6994 0.4576 0.6994 0.5300 0.6120 0.5300
2 0.8731 0.7992 0.9057 0.7992 0.9057 0.8152 0.8731 0.8152
2 0.6889 0.5744 0.7060 0.5744 0.7060 0.6176 0.6889 0.6176
2 0.3069 0.1212 0.4191 0.1212 0.4191 0.1960 0.3069 0.1960
3 0.6851 0.4868 0.6954 0.4868 0.6954 0.5596 0.6851 0.5596
3 0.6760 0.1288 0.7554 0.1288 0.7554 0.1536 0.6760 0.1536
3 0.8377 0.4244 0.8929 0.4244 0.8929 0.4460 0.8377 0.4460
3 0.8977 0.1544 0.9529 0.1544 0.9529 0.1736 0.8977 0.1736
4 0.4594 0.2424 0.4797 0.2424 0.4797 0.2560 0.4594 0.2560
4 0.6500 0.2292 0.6557 0.2292 0.6557 0.2360 0.6500 0.2360
4 0.0763 0.1584 0.1357 0.1584 0.1357 0.1784 0.0763 0.1784
4 0.5557 0.4476 0.5669 0.4476 0.5669 0.4580 0.5557 0.4580
6 0.2103 0.6476 0.4014 0.6476 0.4014 0.7824 0.2103 0.7824
6 0.8454 0.3144 0.9040 0.3144 0.9040 0.3968 0.8454 0.3968
6 0.7743 0.2428 0.9654 0.2428 0.9654 0.3776 0.7743 0.3776
6 0.1131 0.3548 0.1806 0.3548 0.1806 0.5448 0.1131 0.5448
7 0.2209 0.5736 0.2660 0.5736 0.2660 0.5912 0.2209 0.5912
7 0.2383 0.1144 0.2531 0.1144 0.2531 0.1560 0.2383 0.1560
7 0.2949 0.7136 0.3349 0.7136 0.3349 0.8280 0.2949 0.8280
7 0.6094 0.4544 0.6249 0.4544 0.6249 0.4628 0.6094 0.4628
9 0.1726 0.7556 0.2103 0.7556 0.2103 0.8872 0.1726 0.8872
9 0.2051 0.5108 0.2763 0.5108 0.2763 0.7136 0.2051 0.7136
9 0.8694 0.7024 0.9111 0.7024 0.9111 0.9116 0.8694 0.9116
9 0.5611 0.3128 0.6014 0.3128 0.6014 0.5092 0.5611 0.5092
12 0.1486 0.3256 0.1731 0.3256 0.1731 0.4508 0.1486 0.4508
12 0.5774 0.0320 0.6120 0.0320 0.6120 0.1864 0.5774 0.1864
12 0.1403 0.1172 0.1489 0.1172 0.1489 0.4144 0.1403 0.4144
12 0.7086 0.6560 0.8129 0.6560 0.8129 0.6976 0.7086 0.6976
13 0.2340 0.1148 0.2571 0.1148 0.2571 0.1328 0.2340 0.1328
13 0.0743 0.3368 0.0954 0.3368 0.0954 0.3568 0.0743 0.3568
13 0.8551 0.3216 0.8854 0.3216 0.8854 0.3400 0.8551 0.3400
13 0.5306 0.5672 0.5357 0.5672 0.5357 0.5864 0.5306 0.5864
15 0.8277 0.8824 0.9223 0.8824 0.9223 0.9636 0.8277 0.9636
15 0.3054 0.0872 0.3797 0.0872 0.3797 0.1476 0.3054 0.1476
15 0.2266 0.3196 0.2577 0.3196 0.2577 0.3788 0.2266 0.3788
15 0.9126 0.1872 0.9720 0.1872 0.9720 0.2496 0.9126 0.2496
