0 0.0349 0.3504 0.1417 0.3504 0.1417 0.7544 0.0349 0.7544
0 0.6589 0.3164 0.9826 0.3164 0.9826 0.3964 0.6589 0.3964
0 0.5329 0.0132 0.6849 0.0132 0.6849 0.4008 0.5329 0.4008
0 0.6549 0.4396 0.7617 0.4396 0.7617 0.8436 0.6549 0.8436
1 0.1769 0.3204 0.1831 0.3204 0.1831 0.4016 0.1769 0.4016
1 0.4911 0.8624 0.5083 0.8624 0.5083 0.8668 0.4911 0.8668
1 0.0069 0.7004 0.0089 0.7004 0.0089 0.7360 0.0069 0.7360
1 0.2006 0.7444 0.2254 0.7444 0.2254 0.7492 0.2006 0.7492
2 0.2926 0.1492 0.3563 0.1492 0.3563 0.1704 0.2926 0.1704
2 0.5043 0.7288 0.5509 0.7288 0.5509 0.8568 0.5043 0.8568
2 0.7537 0.3944 0.8571 0.3944 0.8571 0.4540 0.7537 0.4540
2 0.8809 0.0936 0.9797 0.0936 0.9797 0.1740 0.8809 0.1740
3 0.5740 0.4300 0.5911 0.4300 0.5911 0.5520 0.5740 0.5520
3 0.1503 0.3316 0.2443 0.3316 0.2443 0.3540 0.1503 0.3540
3 0.3763 0.4680 0.4314 0.4680 0.4314 0.4896 0.3763 0.4896
3 0.8909 0.4656 0.9080 0.4656 0.9080 0.5324 0.8909 0.5324
4 0.0534 0.8624 0.0666 0.8624 0.0666 0.8812 0.0534 0.8812
4 0.3640 0.8340 0.3926 0.8340 0.3926 0.8412 0.3640 0.8412
4 0.5054 0.6484 0.5114 0.6484 0.5114 0.6744 0.5054 0.6744
4 0.5311 0.1916 0.5426 0.1916 0.5426 0.2068 0.5311 0.2068
6 0.5280 0.8340 0.5866 0.8340 0.5866 0.9164 0.5280 0.9164
6 0.0909 0.8736 0.1494 0.8736 0.1494 0.9560 0.0909 0.9560
6 0.6317 0.4760 0.6814 0.4760 0.6814 0.5228 0.6317 0.5228
6 0.3857 0.7276 0.4531 0.7276 0.4531 0.9176 0.3857 0.9176
7 0.0923 0.0684 0.1320 0.0684 0.1320 0.1888 0.0923 0.1888
7 0.5946 0.5028 0.5997 0.5028 0.5997 0.5184 0.5946 0.5184
7 0.9443 0.3196 0.9511 0.3196 0.9511 0.3420 0.9443 0.3420
7 0.0094 0.3932 0.0300 0.3932 0.0300 0.4732 0.0094 0.4732
9 0.6480 0.4636 0.6923 0.4636 0.6923 0.6920 0.6480 0.6920
9 0.4994 0.5296 0.7197 0.5296 0.7197 0.6020 0.4994 0.6020
9 0.4286 0.6612 0.5440 0.6612 0.5440 0.6988 0.4286 0.6988
9 0.4909 0.3256 0.5629 0.3256 0.5629 0.5580 0.4909 0.5580
12 0.2800 0.2412 0.3843 0.2412 0.3843 0.2828 0.2800 0.2828
12 0.0114 0.2672 0.0554 0.2672 0.0554 0.6920 0.0114 0.6920
12 0.7023 0.6236 0.7203 0.6236 0.7203 0.7148 0.7023 0.7148
12 0.4097 0.5256 0.4443 0.5256 0.4443 0.6800 0.4097 0.6800
13 0.0080 0.5764 0.0297 0.5764 0.0297 0.6320 0.0080 0.6320
13 0.9700 0.5264 0.9854 0.5264 0.9854 0.5916 0.9700 0.5916
13 0.7560 0.8336 0.7660 0.8336 0.7660 0.8536 0.7560 0.8536
13 0.6509 0.1008 0.6557 0.1008 0.6557 0.1192 0.6509 0.1192
15 0.8489 0.8340 0.9180 0.8340 0.9180 0.9372 0.8489 0.9372
15 0.1669 0.2972 0.2469 0.2972 0.2469 0.3800 0.1669 0.3800
15 0.6403 0.7192 0.6746 0.7192 0.6746 0.7668 0.6403 0.7668
15 0.4200 0.4616 0.4917 0.4616 0.4917 0.5456 0.4200 0.5456
