0 0.1723 0.2356 0.3831 0.2356 0.3831 0.4420 0.1723 0.4420
0 0.8174 0.2556 0.8840 0.2556 0.8840 0.7712 0.8174 0.7712
0 0.6531 0.2844 0.8009 0.2844 0.8009 0.7768 0.6531 0.7768
0 0.3511 0.1288 0.4806 0.1288 0.4806 0.5100 0.3511 0.5100
1 0.4734 0.8088 0.4877 0.8088 0.4877 0.8396 0.4734 0.8396
1 0.4829 0.9512 0.4877 0.9512 0.4877 0.9932 0.4829 0.9932
1 0.4683 0.7660 0.4731 0.7660 0.4731 0.8080 0.4683 0.8080
1 0.4563 0.2344 0.4591 0.2344 0.4591 0.2596 0.4563 0.2596
2 0.3397 0.0972 0.4131 0.0972 0.4131 0.2220 0.3397 0.2220
2 0.3554 0.5148 0.4451 0.5148 0.4451 0.6380 0.3554 0.6380
2 0.2334 0.4480 0.3100 0.4480 0.3100 0.6584 0.2334 0.6584
2 0.2786 0.6716 0.3089 0.6716 0.3089 0.6828 0.2786 0.6828
3 0.4657 0.5552 0.4829 0.5552 0.4829 0.6220 0.4657 0.6220
3 0.7111 0.7716 0.8063 0.7716 0.8063 0.7940 0.7111 0.7940
3 0.6883 0.1344 0.7054 0.1344 0.7054 0.2564 0.6883 0.2564
3 0.8806 0.9040 0.8909 0.9040 0.8909 0.9768 0.8806 0.9768
4 0.8043 0.7952 0.8174 0.7952 0.8174 0.8164 0.8043 0.8164
4 0.0306 0.7400 0.0537 0.7400 0.0537 0.7560 0.0306 0.7560
4 0.3791 0.9264 0.3997 0.9264 0.3997 0.9412 0.3791 0.9412
4 0.8526 0.8392 0.8606 0.8392 0.8606 0.8648 0.8526 0.8648
6 0.0649 0.6800 0.2560 0.6800 0.2560 0.8148 0.0649 0.8148
6 0.4606 0.2380 0.5191 0.2380 0.5191 0.3204 0.4606 0.3204
6 0.5337 0.1928 0.7249 0.1928 0.7249 0.3276 0.5337 0.3276
6 0.7749 0.0152 0.8423 0.0152 0.8423 0.2052 0.7749 0.2052
7 0.1714 0.8592 0.1786 0.8592 0.1786 0.8916 0.1714 0.8916
7 0.0529 0.3208 0.0634 0.3208 0.0634 0.3580 0.0529 0.3580
7 0.7494 0.9240 0.7649 0.9240 0.7649 0.9344 0.7494 0.9344
7 0.5529 0.4380 0.5734 0.4380 0.5734 0.5084 0.5529 0.5084
9 0.2446 0.3080 0.2960 0.3080 0.2960 0.4776 0.2446 0.4776
9 0.1226 0.0736 0.3429 0.0736 0.3429 0.1460 0.1226 0.1460
9 0.3534 0.6088 0.4254 0.6088 0.4254 0.8412 0.3534 0.8412
9 0.7963 0.5012 0.8406 0.5012 0.8406 0.7296 0.7963 0.7296
12 0.2874 0.2004 0.4006 0.2004 0.4006 0.2312 0.2874 0.2312
12 0.2831 0.0260 0.3217 0.0260 0.3217 0.0624 0.2831 0.0624
12 0.5757 0.9000 0.6800 0.9000 0.6800 0.9416 0.5757 0.9416
12 0.7626 0.6116 0.7860 0.6116 0.7860 0.7016 0.7626 0.7016
13 0.1003 0.7868 0.1143 0.7868 0.1143 0.7996 0.1003 0.7996
13 0.7143 0.7984 0.7609 0.7984 0.7609 0.8404 0.7143 0.8404
13 0.9394 0.1588 0.9860 0.1588 0.9860 0.2004 0.9394 0.2004
13 0.5554 0.3768 0.5674 0.3768 0.5674 0.3880 0.5554 0.3880
15 0.9457 0.3968 0.9737 0.3968 0.9737 0.4496 0.9457 0.4496
15 0.6546 0.4472 0.7277 0.4472 0.7277 0.5320 0.6546 0.5320
15 0.6186 0.5104 0.6480 0.5104 0.6480 0.5700 0.6186 0.5700
15 0.4046 0.0756 0.4660 0.0756 0.4660 0.1880 0.4046 0.1880
