0 0.7734 0.5272 0.9114 0.5272 0.9114 0.6868 0.7734 0.6868
0 0.4429 0.0644 0.5723 0.0644 0.5723 0.4456 0.4429 0.4456
0 0.4569 0.1276 0.5234 0.1276 0.5234 0.6432 0.4569 0.6432
0 0.2340 0.0536 0.3634 0.0536 0.3634 0.4348 0.2340 0.4348
1 0.6049 0.6880 0.6249 0.6880 0.6249 0.6964 0.6049 0.6964
1 0.9706 0.9352 0.9777 0.9352 0.9777 0.9612 0.9706 0.9612
1 0.5520 0.3404 0.5734 0.3404 0.5734 0.3520 0.5520 0.3520
1 0.4380 0.3268 0.4411 0.3268 0.4411 0.3520 0.4380 0.3520
2 0.7240 0.8372 0.7977 0.8372 0.7977 0.8984 0.7240 0.8984
2 0.6540 0.2080 0.6794 0.2080 0.6794 0.2272 0.6540 0.2272
2 0.3369 0.8584 0.4103 0.8584 0.4103 0.9832 0.3369 0.9832
2 0.2700 0.7084 0.2831 0.7084 0.2831 0.8644 0.2700 0.8644
3 0.6486 0.1468 0.6649 0.1468 0.6649 0.2716 0.6486 0.2716
3 0.7240 0.2236 0.7411 0.2236 0.7411 0.2904 0.7240 0.2904
3 0.4814 0.3460 0.5366 0.3460 0.5366 0.3676 0.4814 0.3676
3 0.4720 0.3672 0.4823 0.3672 0.4823 0.4400 0.4720 0.4400
4 0.5249 0.7508 0.5426 0.7508 0.5426 0.7792 0.5249 0.7792
4 0.4674 0.1460 0.4903 0.1460 0.4903 0.1584 0.4674 0.1584
4 0.1811 0.8164 0.2020 0.8164 0.2020 0.8308 0.1811 0.8308
4 0.4091 0.5104 0.4700 0.5104 0.4700 0.5256 0.4091 0.5256
6 0.1200 0.0348 0.1377 0.0348 0.1377 0.0600 0.1200 0.0600
6 0.1320 0.3296 0.1666 0.3296 0.1666 0.3408 0.1320 0.3408
6 0.7169 0.4100 0.7843 0.4100 0.7843 0.6000 0.7169 0.6000
6 0.1480 0.2756 0.1657 0.2756 0.1657 0.3008 0.1480 0.3008
7 0.8351 0.7832 0.8523 0.7832 0.8523 0.7920 0.8351 0.7920
7 0.8866 0.9560 0.8909 0.9560 0.8909 0.9792 0.8866 0.9792
7 0.5920 0.8672 0.6406 0.8672 0.6406 0.9660 0.5920 0.9660
7 0.6360 0.1272 0.6540 0.1272 0.6540 0.1972 0.6360 0.1972
9 0.3691 0.0860 0.4069 0.0860 0.4069 0.2176 0.3691 0.2176
9 0.7340 0.6096 0.8060 0.6096 0.8060 0.8420 0.7340 0.8420
9 0.7937 0.9324 0.9166 0.9324 0.9166 0.9800 0.7937 0.9800
9 0.2460 0.6988 0.2837 0.6988 0.2837 0.8304 0.2460 0.8304
12 0.8866 0.4208 0.9997 0.4208 0.9997 0.4516 0.8866 0.4516
12 0.5011 0.1688 0.7666 0.1688 0.7666 0.2280 0.5011 0.2280
12 0.7054 0.5304 0.7260 0.5304 0.7260 0.6752 0.7054 0.6752
12 0.7211 0.5780 0.7486 0.5780 0.7486 0.6904 0.7211 0.6904
13 0.7589 0.0908 0.7743 0.0908 0.7743 0.1140 0.7589 0.1140
13 0.0211 0.4460 0.0677 0.4460 0.0677 0.4880 0.0211 0.4880
13 0.9074 0.0304 0.9143 0.0304 0.9143 0.0500 0.9074 0.0500
13 0.1891 0.5600 0.2057 0.5600 0.2057 0.5668 0.1891 0.5668
15 0.3360 0.3260 0.3974 0.3260 0.3974 0.4384 0.3360 0.4384
15 0.0817 0.0844 0.1763 0.0844 0.1763 0.1656 0.0817 0.1656
15 0.3566 0.5264 0.4320 0.5264 0.4320 0.5888 0.3566 0.5888
15 0.3323 0.7424 0.3617 0.7424 0.3617 0.8020 0.3323 0.8020
