0 0.2254 0.7412 0.4540 0.7412 0.4540 0.8260 0.2254 0.8260
0 0.7531 0.3764 0.8863 0.3764 0.8863 0.7428 0.7531 0.7428
0 0.0534 0.3008 0.3771 0.3008 0.3771 0.3808 0.0534 0.3808
0 0.3434 0.2680 0.4663 0.2680 0.4663 0.7052 0.3434 0.7052
1 0.4203 0.5272 0.4266 0.5272 0.4266 0.6084 0.4203 0.6084
1 0.4840 0.1440 0.4983 0.1440 0.4983 0.1748 0.4840 0.1748
1 0.3120 0.6220 0.3246 0.6220 0.3246 0.6328 0.3120 0.6328
1 0.8437 0.3040 0.8486 0.3040 0.8486 0.3460 0.8437 0.3460
2 0.7197 0.0676 0.7523 0.0676 0.7523 0.0836 0.7197 0.0836
2 0.8889 0.7352 0.9366 0.7352 0.9366 0.8460 0.8889 0.8460
2 0.5320 0.0440 0.5403 0.0440 0.5403 0.1352 0.5320 0.1352
2 0.8083 0.7076 0.8686 0.7076 0.8686 0.7428 0.8083 0.7428
3 0.0951 0.4664 0.1891 0.4664 0.1891 0.4888 0.0951 0.4888
3 0.8509 0.4140 0.9309 0.4140 0.9309 0.4336 0.8509 0.4336
3 0.9066 0.8336 0.9237 0.8336 0.9237 0.9004 0.9066 0.9004
3 0.3497 0.2340 0.4297 0.2340 0.4297 0.2536 0.3497 0.2536
4 0.5411 0.5624 0.5686 0.5624 0.5686 0.5776 0.5411 0.5776
4 0.0197 0.0288 0.0237 0.0288 0.0237 0.0340 0.0197 0.0340
4 0.1586 0.4476 0.1657 0.4476 0.1657 0.4924 0.1586 0.4924
4 0.3340 0.2068 0.3397 0.2068 0.3397 0.2292 0.3340 0.2292
6 0.4817 0.8120 0.4994 0.8120 0.4994 0.8372 0.4817 0.8372
6 0.5466 0.0428 0.6051 0.0428 0.6051 0.1252 0.5466 0.1252
6 0.7089 0.8564 0.7586 0.8564 0.7586 0.9032 0.7089 0.9032
6 0.7760 0.3864 0.8257 0.3864 0.8257 0.4332 0.7760 0.4332
7 0.7466 0.3808 0.7554 0.3808 0.7554 0.4864 0.7466 0.4864
7 0.8600 0.9408 0.9506 0.9408 0.9506 0.9684 0.8600 0.9684
7 0.6257 0.3104 0.6420 0.3104 0.6420 0.3992 0.6257 0.3992
7 0.5071 0.3320 0.5234 0.3320 0.5234 0.4124 0.5071 0.4124
9 0.6794 0.2880 0.8069 0.2880 0.8069 0.3292 0.6794 0.3292
9 0.0826 0.4020 0.1980 0.4020 0.1980 0.4396 0.0826 0.4396
9 0.1123 0.5936 0.1500 0.5936 0.1500 0.7252 0.1123 0.7252
9 0.9514 0.0964 0.9931 0.0964 0.9931 0.3056 0.9514 0.3056
12 0.5743 0.1928 0.6089 0.1928 0.6089 0.3472 0.5743 0.3472
12 0.6397 0.0396 0.9051 0.0396 0.9051 0.0988 0.6397 0.0988
12 0.1949 0.4680 0.2183 0.4680 0.2183 0.5580 0.1949 0.5580
12 0.5769 0.5224 0.6000 0.5224 0.6000 0.7060 0.5769 0.7060
13 0.3606 0.1180 0.3749 0.1180 0.3749 0.2380 0.3606 0.2380
13 0.2849 0.1236 0.2926 0.1236 0.2926 0.1360 0.2849 0.1360
13 0.1594 0.5156 0.1766 0.5156 0.1766 0.5220 0.1594 0.5220
13 0.4626 0.3800 0.4823 0.3800 0.4823 0.4000 0.4626 0.4000
15 0.4243 0.5356 0.5289 0.5356 0.5289 0.6504 0.4243 0.6504
15 0.4043 0.1112 0.4506 0.1112 0.4506 0.1796 0.4043 0.1796
15 0.3503 0.8892 0.4220 0.8892 0.4220 0.9732 0.3503 0.9732
15 0.3660 0.0344 0.4703 0.0344 0.4703 0.1468 0.3660 0.1468
