0 0.2931 0.7748 0.4311 0.7748 0.4311 0.9344 0.2931 0.9344
0 0.4031 0.2516 0.4706 0.2516 0.4706 0.3056 0.4031 0.3056
0 0.0374 0.2464 0.2260 0.2464 0.2260 0.3492 0.0374 0.3492
0 0.0271 0.2924 0.1603 0.2924 0.1603 0.6588 0.0271 0.6588
1 0.4820 0.8640 0.5069 0.8640 0.5069 0.8688 0.4820 0.8688
1 0.5957 0.6056 0.5989 0.6056 0.5989 0.6308 0.5957 0.6308
1 0.2994 0.6708 0.3343 0.6708 0.3343 0.7588 0.2994 0.7588
1 0.2257 0.3912 0.2286 0.3912 0.2286 0.4468 0.2257 0.4468
2 0.7071 0.5456 0.7946 0.5456 0.7946 0.6180 0.7071 0.6180
2 0.2034 0.1336 0.2657 0.1336 0.2657 0.1988 0.2034 0.1988
2 0.9437 0.1452 0.9617 0.1452 0.9617 0.1808 0.9437 0.1808
2 0.3877 0.4796 0.4711 0.4796 0.4711 0.5812 0.3877 0.5812
3 0.2760 0.8920 0.3711 0.8920 0.3711 0.9144 0.2760 0.9144
3 0.0477 0.1592 0.1029 0.1592 0.1029 0.1808 0.0477 0.1808
3 0.7240 0.4636 0.8191 0.4636 0.8191 0.4860 0.7240 0.4860
3 0.7674 0.8572 0.7777 0.8572 0.7777 0.9300 0.7674 0.9300
4 0.3971 0.2320 0.4203 0.2320 0.4203 0.2488 0.3971 0.2488
4 0.3394 0.8492 0.3440 0.8492 0.3440 0.8716 0.3394 0.8716
4 0.5191 0.6096 0.5423 0.6096 0.5423 0.6484 0.5191 0.6484
4 0.1554 0.9700 0.1786 0.9700 0.1786 0.9860 0.1554 0.9860
6 0.5931 0.7640 0.6277 0.7640 0.6277 0.7752 0.5931 0.7752
6 0.0349 0.4232 0.2260 0.4232 0.2260 0.5580 0.0349 0.5580
6 0.3063 0.8584 0.4974 0.8584 0.4974 0.9932 0.3063 0.9932
6 0.8254 0.5452 0.8929 0.5452 0.8929 0.7352 0.8254 0.7352
7 0.6163 0.1520 0.6294 0.1520 0.6294 0.2124 0.6163 0.2124
7 0.8017 0.0232 0.8171 0.0232 0.8171 0.0336 0.8017 0.0336
7 0.2834 0.2972 0.2983 0.2972 0.2983 0.3660 0.2834 0.3660
7 0.2646 0.1776 0.2777 0.1776 0.2777 0.2384 0.2646 0.2384
9 0.0463 0.6636 0.1517 0.6636 0.1517 0.7240 0.0463 0.7240
9 0.4923 0.6952 0.5340 0.6952 0.5340 0.9044 0.4923 0.9044
9 0.0466 0.0692 0.1089 0.0692 0.1089 0.2748 0.0466 0.2748
9 0.2226 0.5936 0.2629 0.5936 0.2629 0.7900 0.2226 0.7900
12 0.9603 0.9512 0.9914 0.9512 0.9914 0.9784 0.9603 0.9784
12 0.5931 0.2348 0.6223 0.2348 0.6223 0.2592 0.5931 0.2592
12 0.1329 0.6292 0.2371 0.6292 0.2371 0.6708 0.1329 0.6708
12 0.4409 0.5024 0.4700 0.5024 0.4700 0.5268 0.4409 0.5268
13 0.0897 0.6972 0.1129 0.6972 0.1129 0.7152 0.0897 0.7152
13 0.9080 0.4184 0.9114 0.4184 0.9114 0.5276 0.9080 0.5276
13 0.1511 0.4636 0.1569 0.4636 0.1569 0.4840 0.1511 0.4840
13 0.0383 0.0496 0.0537 0.0496 0.0537 0.1148 0.0383 0.1148
15 0.5820 0.3460 0.6100 0.3460 0.6100 0.3988 0.5820 0.3988
15 0.8549 0.1176 0.9080 0.1176 0.9080 0.1796 0.8549 0.1796
15 0.3591 0.3928 0.4300 0.3928 0.4300 0.4888 0.3591 0.4888
15 0.6603 0.8252 0.6937 0.8252 0.6937 0.8732 0.6603 0.8732
