0 0.3449 0.1684 0.4677 0.1684 0.4677 0.6056 0.3449 0.6056
0 0.5280 0.3304 0.6800 0.3304 0.6800 0.7180 0.5280 0.7180
0 0.5797 0.4964 0.7317 0.4964 0.7317 0.8840 0.5797 0.8840
0 0.4834 0.6152 0.5500 0.6152 0.5500 0.6856 0.4834 0.6856
1 0.5689 0.1860 0.5720 0.1860 0.5720 0.2112 0.5689 0.2112
1 0.5834 0.3856 0.5966 0.3856 0.5966 0.4120 0.5834 0.4120
1 0.0017 0.6172 0.0046 0.6172 0.0046 0.6424 0.0017 0.6424
1 0.5129 0.4948 0.5329 0.4948 0.5329 0.5032 0.5129 0.5032
2 0.4354 0.3076 0.4831 0.3076 0.4831 0.4184 0.4354 0.4184
2 0.5666 0.2132 0.6243 0.2132 0.6243 0.2716 0.5666 0.2716
2 0.3206 0.5152 0.5651 0.5152 0.5651 0.5748 0.3206 0.5748
2 0.5471 0.1128 0.6266 0.1128 0.6266 0.1712 0.5471 0.1712
3 0.5991 0.6212 0.6543 0.6212 0.6543 0.6404 0.5991 0.6404
3 0.2203 0.2276 0.3154 0.2276 0.3154 0.2500 0.2203 0.2500
3 0.3020 0.1252 0.3763 0.1252 0.3763 0.1480 0.3020 0.1480
3 0.1560 0.8356 0.2054 0.8356 0.2054 0.8524 0.1560 0.8524
4 0.2109 0.9204 0.2274 0.9204 0.2274 0.9428 0.2109 0.9428
4 0.1920 0.9420 0.1977 0.9420 0.1977 0.9488 0.1920 0.9488
4 0.0594 0.7916 0.0803 0.7916 0.0803 0.8092 0.0594 0.8092
4 0.9360 0.5060 0.9537 0.5060 0.9537 0.5192 0.9360 0.5192
6 0.3534 0.6220 0.4189 0.6220 0.4189 0.6528 0.3534 0.6528
6 0.8640 0.7496 0.9137 0.7496 0.9137 0.7964 0.8640 0.7964
6 0.0480 0.7060 0.1154 0.7060 0.1154 0.8960 0.0480 0.8960
6 0.0020 0.9592 0.0674 0.9592 0.0674 0.9900 0.0020 0.9900
7 0.7849 0.1588 0.8166 0.1588 0.8166 0.1672 0.7849 0.1672
7 0.0723 0.1904 0.0794 0.1904 0.0794 0.2208 0.0723 0.2208
7 0.6083 0.3368 0.6609 0.3368 0.6609 0.3620 0.6083 0.3620
7 0.8971 0.6824 0.9237 0.6824 0.9237 0.7704 0.8971 0.7704
9 0.5380 0.3452 0.5757 0.3452 0.5757 0.4768 0.5380 0.4768
9 0.4354 0.6924 0.5629 0.6924 0.5629 0.7336 0.4354 0.7336
9 0.6663 0.7704 0.6983 0.7704 0.6983 0.9284 0.6663 0.9284
9 0.8529 0.5004 0.9249 0.5004 0.9249 0.7328 0.8529 0.7328
12 0.1563 0.5596 0.1826 0.5596 0.1826 0.8420 0.1563 0.8420
12 0.4717 0.3656 0.9129 0.3656 0.9129 0.4468 0.4717 0.4468
12 0.7223 0.6304 0.8197 0.6304 0.8197 0.6560 0.7223 0.6560
12 0.1117 0.2952 0.1171 0.2952 0.1171 0.4968 0.1117 0.4968
13 0.0783 0.8688 0.0817 0.8688 0.0817 0.9780 0.0783 0.9780
13 0.9629 0.4736 0.9683 0.4736 0.9683 0.6916 0.9629 0.6916
13 0.5140 0.4020 0.5240 0.4020 0.5240 0.4172 0.5140 0.4172
13 0.4363 0.6520 0.4463 0.6520 0.4463 0.6720 0.4363 0.6720
15 0.2043 0.8740 0.2383 0.8740 0.2383 0.9220 0.2043 0.9220
15 0.3929 0.6784 0.4660 0.6784 0.4660 0.7632 0.3929 0.7632
15 0.3680 0.2352 0.3991 0.2352 0.3991 0.2944 0.3680 0.2944
15 0.5634 0.0208 0.6177 0.0208 0.6177 0.0936 0.5634 0.0936
