0 0.5914 0.4132 0.7391 0.4132 0.7391 0.9056 0.5914 0.9056
0 0.6563 0.1908 0.7894 0.1908 0.7894 0.5572 0.6563 0.5572
0 0.0671 0.1192 0.1800 0.1192 0.1800 0.3116 0.0671 0.3116
0 0.2109 0.0196 0.3177 0.0196 0.3177 0.4236 0.2109 0.4236
1 0.5823 0.5524 0.5871 0.5524 0.5871 0.5944 0.5823 0.5944
1 0.1806 0.8232 0.1889 0.8232 0.1889 0.9052 0.1806 0.9052
1 0.5837 0.5620 0.5920 0.5620 0.5920 0.6440 0.5837 0.6440
1 0.5966 0.9300 0.5986 0.9300 0.5986 0.9656 0.5966 0.9656
2 0.6169 0.2428 0.6340 0.2428 0.6340 0.2860 0.6169 0.2860
2 0.6263 0.6536 0.6729 0.6536 0.6729 0.7040 0.6263 0.7040
2 0.8920 0.6140 0.9320 0.6140 0.9320 0.7280 0.8920 0.7280
2 0.1111 0.1724 0.1511 0.1724 0.1511 0.2864 0.1111 0.2864
3 0.0977 0.9640 0.1777 0.9640 0.1777 0.9836 0.0977 0.9836
3 0.3403 0.0852 0.3506 0.0852 0.3506 0.1580 0.3403 0.1580
3 0.9014 0.3456 0.9566 0.3456 0.9566 0.3672 0.9014 0.3672
3 0.2517 0.3088 0.3260 0.3088 0.3260 0.3316 0.2517 0.3316
4 0.3111 0.0200 0.3291 0.0200 0.3291 0.0464 0.3111 0.0464
4 0.1834 0.7592 0.1989 0.7592 0.1989 0.7976 0.1834 0.7976
4 0.5271 0.3532 0.5500 0.3532 0.5500 0.3656 0.5271 0.3656
4 0.4889 0.2988 0.5020 0.2988 0.5020 0.3088 0.4889 0.3088
6 0.2934 0.2508 0.4846 0.2508 0.4846 0.3856 0.2934 0.3856
6 0.5237 0.4560 0.5734 0.4560 0.5734 0.5028 0.5237 0.5028
6 0.6520 0.3780 0.7017 0.3780 0.7017 0.4248 0.6520 0.4248
6 0.6714 0.8072 0.7300 0.8072 0.7300 0.8896 0.6714 0.8896
7 0.2357 0.0512 0.2529 0.0512 0.2529 0.0984 0.2357 0.0984
7 0.2340 0.3376 0.2454 0.3376 0.2454 0.4156 0.2340 0.4156
7 0.7051 0.2872 0.7149 0.2872 0.7149 0.3252 0.7051 0.3252
7 0.7951 0.8500 0.8169 0.8500 0.8169 0.9300 0.7951 0.9300
9 0.8089 0.4880 0.8466 0.4880 0.8466 0.6196 0.8089 0.6196
9 0.1743 0.8284 0.3017 0.8284 0.3017 0.8696 0.1743 0.8696
9 0.2060 0.1372 0.3334 0.1372 0.3334 0.1784 0.2060 0.1784
9 0.5320 0.5420 0.5697 0.5420 0.5697 0.6736 0.5320 0.6736
12 0.6146 0.1088 0.6200 0.1088 0.6200 0.3104 0.6146 0.3104
12 0.5729 0.0488 0.6429 0.0488 0.6429 0.0556 0.5729 0.0556
12 0.2640 0.0132 0.7051 0.0132 0.7051 0.0944 0.2640 0.0944
12 0.6923 0.2232 0.7269 0.2232 0.7269 0.3776 0.6923 0.3776
13 0.5723 0.7148 0.5791 0.7148 0.5791 0.7344 0.5723 0.7344
13 0.4114 0.1268 0.4137 0.1268 0.4137 0.2520 0.4114 0.2520
13 0.2326 0.9416 0.2791 0.9416 0.2791 0.9832 0.2326 0.9832
13 0.9114 0.0756 0.9209 0.0756 0.9209 0.1076 0.9114 0.1076
15 0.8903 0.3144 0.9211 0.3144 0.9211 0.3736 0.8903 0.3736
15 0.2329 0.7260 0.3274 0.7260 0.3274 0.8072 0.2329 0.8072
15 0.8934 0.1444 0.9674 0.1444 0.9674 0.2072 0.8934 0.2072
15 0.2066 0.3860 0.2766 0.3860 0.2766 0.5048 0.2066 0.5048
