0 0.3646 0.7961 0.3382 0.8977 0.1422 0.7979 0.1686 0.6963
0 0.9355 0.9714 0.8543 0.9183 0.9016 0.7762 0.9829 0.8293
0 0.5622 0.5820 0.2867 0.4340 0.3607 0.1644 0.6361 0.3124
0 0.3543 0.3048 0.5081 0.6362 0.4014 0.7332 0.2476 0.4018
1 0.6169 0.2875 0.6210 0.2907 0.6069 0.3265 0.6027 0.3233
1 0.9853 0.2271 0.9893 0.2267 0.9932 0.3049 0.9892 0.3053
1 0.5660 0.4852 0.5692 0.4853 0.5689 0.5136 0.5656 0.5135
1 0.7355 0.7670 0.7298 0.8046 0.6814 0.7902 0.6871 0.7526
2 0.0160 0.0617 0.0336 0.0556 0.0360 0.0691 0.0184 0.0752
2 0.5493 0.6892 0.5989 0.7663 0.5759 0.7952 0.5263 0.7181
2 0.7384 0.1900 0.8001 0.2284 0.7716 0.3180 0.7099 0.2796
2 0.4380 0.1696 0.4346 0.2002 0.4048 0.1936 0.4083 0.1630
3 0.7875 0.4846 0.8092 0.5332 0.8031 0.5386 0.7814 0.4900
3 0.7311 0.3050 0.7405 0.2840 0.8226 0.3558 0.8132 0.3768
3 0.5350 0.9213 0.5259 0.9204 0.5333 0.7735 0.5423 0.7744
3 0.1745 0.8696 0.1804 0.8983 0.1232 0.9212 0.1173 0.8925
4 0.5309 0.9234 0.5251 0.8909 0.5477 0.8830 0.5535 0.9155
4 0.9408 0.6558 0.9520 0.6820 0.9424 0.6902 0.9311 0.6640
4 0.0890 0.4963 0.1009 0.4903 0.1053 0.5073 0.0934 0.5133
4 0.6206 0.4274 0.6306 0.4419 0.6260 0.4482 0.6160 0.4337
6 0.2323 0.1527 0.2282 0.2182 0.2174 0.2169 0.2215 0.1514
6 0.4817 0.4594 0.4811 0.4076 0.5554 0.4058 0.5561 0.4576
6 0.4416 0.0717 0.4416 0.0043 0.4527 0.0043 0.4527 0.0717
6 0.9241 0.6287 0.9200 0.6758 0.9122 0.6745 0.9163 0.6274
7 0.5727 0.4972 0.5674 0.4804 0.6007 0.4596 0.6061 0.4764
7 0.2550 0.9357 0.2437 0.9198 0.2695 0.8835 0.2809 0.8994
7 0.2774 0.2541 0.2754 0.2460 0.3055 0.2315 0.3075 0.2396
7 0.6030 0.2223 0.6104 0.2376 0.6064 0.2413 0.5990 0.2260
9 0.7494 0.2860 0.8054 0.3350 0.7229 0.5200 0.6668 0.4710
9 0.9480 0.4666 0.9083 0.4754 0.8820 0.2426 0.9217 0.2338
9 0.4709 0.2917 0.4356 0.2387 0.5248 0.1223 0.5601 0.1753
9 0.6367 0.2126 0.6116 0.2609 0.4913 0.1386 0.5164 0.0903
12 0.8443 0.6954 0.8662 0.6530 0.8843 0.6714 0.8623 0.7138
12 0.3484 0.1871 0.3442 0.2289 0.2385 0.2081 0.2427 0.1663
12 0.0159 0.8637 0.0154 0.8480 0.1086 0.8411 0.1092 0.8568
12 0.4527 0.8085 0.4393 0.8353 0.2807 0.6799 0.2942 0.6531
13 0.9245 0.4392 0.9105 0.4259 0.9675 0.3076 0.9815 0.3209
13 0.9521 0.6229 0.9288 0.6142 0.9305 0.6055 0.9537 0.6142
13 0.2006 0.7902 0.1897 0.8201 0.1506 0.7922 0.1615 0.7623
13 0.3082 0.0396 0.3269 0.0608 0.3081 0.0932 0.2894 0.0720
15 0.2626 0.4919 0.1372 0.5893 0.0836 0.4541 0.2091 0.3567
15 0.7686 0.6453 0.7502 0.6229 0.7719 0.5879 0.7904 0.6103
15 0.9442 0.8929 0.9586 0.8727 0.9784 0.9003 0.9640 0.9205
15 0.1885 0.7008 0.2049 0.7096 0.1987 0.7324 0.1822 0.7236
