0 0.8104 0.4784 0.7088 0.6420 0.4116 0.2804 0.5132 0.1168
0 0.4503 0.5494 0.4370 0.5793 0.2346 0.4022 0.2479 0.3723
0 0.3846 0.1753 0.3274 0.3396 0.1808 0.2395 0.2381 0.0752
0 0.6819 0.4778 0.7269 0.3971 0.8827 0.5674 0.8376 0.6481
1 0.5232 0.0415 0.5275 0.0491 0.5134 0.0645 0.5091 0.0569
1 0.3806 0.1982 0.3725 0.1992 0.3671 0.1126 0.3752 0.1116
1 0.7804 0.1225 0.7791 0.1110 0.7985 0.1067 0.7998 0.1182
1 0.2147 0.2149 0.2136 0.2172 0.1927 0.1983 0.1938 0.1960
2 0.9849 0.2843 0.9353 0.4654 0.8525 0.4209 0.9022 0.2398
2 0.4755 0.7635 0.5318 0.8423 0.4985 0.8889 0.4422 0.8101
2 0.3151 0.8160 0.3490 0.8361 0.3400 0.8656 0.3062 0.8455
2 0.9139 0.9849 0.9091 0.9079 0.9321 0.9051 0.9369 0.9821
3 0.0622 0.8136 0.0681 0.7951 0.1350 0.8368 0.1291 0.8553
3 0.8661 0.5028 0.8713 0.5047 0.8642 0.5416 0.8590 0.5397
3 0.0912 0.7996 0.0889 0.8105 0.0497 0.7948 0.0519 0.7839
3 0.1561 0.4521 0.0652 0.4632 0.0637 0.4391 0.1546 0.4280
4 0.3630 0.2894 0.3768 0.2819 0.3795 0.2918 0.3657 0.2993
4 0.1195 0.4096 0.1147 0.3923 0.1191 0.3900 0.1239 0.4073
4 0.9681 0.2497 0.9250 0.2149 0.9294 0.2043 0.9724 0.2391
4 0.0934 0.0613 0.0946 0.0547 0.1221 0.0643 0.1209 0.0709
6 0.2896 0.5073 0.3028 0.4695 0.3209 0.4819 0.3078 0.5197
6 0.8029 0.2900 0.6985 0.5432 0.6074 0.4696 0.7118 0.2164
6 0.2372 0.6802 0.2331 0.6921 0.2245 0.6862 0.2286 0.6743
6 0.7762 0.3476 0.8728 0.0574 0.9773 0.1256 0.8806 0.4158
7 0.2054 0.1196 0.1994 0.0860 0.2683 0.0620 0.2743 0.0956
7 0.7733 0.8024 0.7722 0.7952 0.7830 0.7920 0.7841 0.7992
7 0.5576 0.8665 0.5451 0.8395 0.5512 0.8339 0.5638 0.8609
7 0.5001 0.7772 0.4826 0.8321 0.3996 0.7804 0.4171 0.7255
9 0.6201 0.4681 0.4608 0.5918 0.4404 0.5403 0.5997 0.4166
9 0.9531 0.6303 0.9898 0.6960 0.8792 0.8169 0.8425 0.7512
9 0.6377 0.0684 0.6740 0.1210 0.5854 0.2408 0.5491 0.1882
9 0.9698 0.7419 0.9790 0.7771 0.8890 0.8229 0.8799 0.7877
12 0.3299 0.8642 0.3008 0.8461 0.3467 0.7018 0.3758 0.7199
12 0.0861 0.8267 0.0804 0.8300 0.0208 0.6333 0.0264 0.6300
12 0.9760 0.8925 0.9725 0.7993 0.9854 0.7983 0.9889 0.8915
12 0.1920 0.6190 0.2141 0.7038 0.1968 0.7126 0.1748 0.6278
13 0.3241 0.9944 0.3239 0.9865 0.3513 0.9852 0.3515 0.9931
13 0.8782 0.0054 0.8842 0.0032 0.8884 0.0250 0.8824 0.0272
13 0.0825 0.4014 0.0465 0.3925 0.0498 0.3666 0.0858 0.3755
13 0.8273 0.7147 0.8353 0.7306 0.8284 0.7373 0.8204 0.7214
15 0.4766 0.4668 0.4766 0.5140 0.4426 0.5140 0.4426 0.4668
15 0.3689 0.6610 0.3886 0.7200 0.3448 0.7486 0.3251 0.6896
15 0.6700 0.3006 0.6199 0.3973 0.5688 0.3454 0.6190 0.2487
15 0.8731 0.6745 0.8536 0.6253 0.8817 0.6035 0.9012 0.6527
