0 0.3767 0.1114 0.4277 0.0718 0.4438 0.1126 0.3929 0.1522
0 0.8287 0.7324 0.7873 0.6465 0.9335 0.5084 0.9750 0.5943
0 0.1387 0.2537 0.1438 0.2304 0.3024 0.2983 0.2973 0.3216
0 0.1226 0.9974 0.0076 0.9188 0.0539 0.7858 0.1690 0.8644
1 0.0432 0.6269 0.0425 0.6361 0.0331 0.6347 0.0338 0.6255
1 0.3762 0.1060 0.3764 0.1100 0.3401 0.1144 0.3399 0.1104
1 0.3145 0.6219 0.3217 0.5983 0.3240 0.5997 0.3169 0.6233
1 0.9466 0.1736 0.9444 0.1952 0.9080 0.1880 0.9101 0.1664
2 0.5762 0.7286 0.6664 0.8237 0.6269 0.8970 0.5368 0.8019
2 0.4480 0.6341 0.3599 0.6010 0.3711 0.5423 0.4592 0.5754
2 0.6093 0.5793 0.6138 0.5403 0.6518 0.5487 0.6474 0.5877
2 0.6860 0.9597 0.6947 0.8603 0.7460 0.8691 0.7373 0.9685
3 0.1665 0.6081 0.1580 0.6077 0.1595 0.5475 0.1680 0.5479
3 0.7940 0.3096 0.7957 0.2923 0.8634 0.3056 0.8617 0.3229
3 0.2593 0.0507 0.2658 0.0557 0.2476 0.1017 0.2411 0.0967
3 0.3280 0.2869 0.4658 0.2563 0.4694 0.2887 0.3317 0.3193
4 0.2309 0.9730 0.2275 0.9957 0.2088 0.9902 0.2122 0.9675
4 0.2665 0.1648 0.2767 0.1700 0.2749 0.1768 0.2647 0.1716
4 0.7727 0.1072 0.7693 0.0960 0.7896 0.0840 0.7930 0.0952
4 0.0773 0.5162 0.0754 0.5034 0.1130 0.4922 0.1149 0.5050
6 0.7205 0.7202 0.7471 0.6951 0.7652 0.7326 0.7386 0.7577
6 0.8357 0.9165 0.8073 0.9151 0.8080 0.8883 0.8364 0.8897
6 0.6062 0.5516 0.6719 0.5532 0.6707 0.6456 0.6050 0.6440
6 0.7773 0.0548 0.7672 0.1113 0.7579 0.1080 0.7679 0.0515
7 0.8959 0.3636 0.8706 0.3448 0.9036 0.2580 0.9289 0.2768
7 0.8983 0.7634 0.8827 0.7765 0.8794 0.7686 0.8950 0.7555
7 0.0829 0.8428 0.0788 0.8725 0.0371 0.8612 0.0412 0.8315
7 0.0882 0.7651 0.0957 0.7511 0.1115 0.7677 0.1040 0.7817
9 0.9906 0.1508 0.9548 0.1605 0.9374 0.0356 0.9732 0.0259
9 0.6771 0.9428 0.7386 0.7738 0.7669 0.7940 0.7054 0.9630
9 0.4229 0.5820 0.4068 0.5315 0.4920 0.4784 0.5081 0.5289
9 0.6278 0.7561 0.5754 0.7664 0.5490 0.5035 0.6014 0.4932
12 0.2260 0.0610 0.2396 0.0491 0.3100 0.2070 0.2964 0.2189
12 0.6648 0.9733 0.7504 0.8863 0.7620 0.9087 0.6765 0.9957
12 0.2540 0.8626 0.2399 0.8818 0.1711 0.7822 0.1853 0.7630
12 0.4503 0.6211 0.4627 0.6815 0.1654 0.8009 0.1530 0.7405
13 0.0711 0.2015 0.0949 0.2216 0.0869 0.2401 0.0631 0.2200
13 0.9790 0.4984 0.9824 0.5030 0.8879 0.6400 0.8845 0.6354
13 0.4348 0.6544 0.4216 0.6339 0.4298 0.6236 0.4430 0.6441
13 0.6548 0.1629 0.6147 0.1520 0.6204 0.1115 0.6604 0.1224
15 0.1952 0.0724 0.2212 0.1329 0.1842 0.1640 0.1582 0.1035
15 0.7695 0.6948 0.7360 0.7056 0.7279 0.6568 0.7615 0.6460
15 0.1654 0.4136 0.2002 0.3807 0.2320 0.4468 0.1973 0.4797
15 0.0167 0.2400 0.0609 0.2601 0.0456 0.3260 0.0014 0.3059
