0 0.1071 0.3247 0.1864 0.4054 0.1429 0.4893 0.0636 0.4086
0 0.7171 0.6590 0.7278 0.8731 0.5369 0.8918 0.5262 0.6777
0 0.3475 0.2584 0.4015 0.4779 0.1159 0.6156 0.0619 0.3961
0 0.1516 0.8149 0.3028 0.8038 0.3084 0.9519 0.1572 0.9630
1 0.4219 0.2391 0.4261 0.2324 0.4387 0.2477 0.4345 0.2544
1 0.0409 0.5702 0.0303 0.5734 0.0131 0.4602 0.0237 0.4570
1 0.8394 0.1445 0.8400 0.1407 0.8783 0.1511 0.8778 0.1549
1 0.8900 0.1397 0.8876 0.0759 0.9697 0.0699 0.9721 0.1337
2 0.5329 0.5216 0.4091 0.5337 0.4083 0.5176 0.5321 0.5055
2 0.8729 0.3969 0.8700 0.3858 0.8823 0.3795 0.8852 0.3906
2 0.1460 0.5953 0.0505 0.3814 0.0897 0.3471 0.1852 0.5610
2 0.4511 0.6709 0.4538 0.5975 0.5083 0.6015 0.5056 0.6749
3 0.1547 0.4461 0.1360 0.6113 0.1153 0.6067 0.1340 0.4415
3 0.8477 0.2796 0.8889 0.1559 0.9086 0.1688 0.8674 0.2925
3 0.1258 0.3810 0.1193 0.3989 0.0545 0.3526 0.0610 0.3347
3 0.8337 0.3520 0.8755 0.4065 0.8646 0.4228 0.8228 0.3683
4 0.5209 0.6349 0.4919 0.5898 0.5000 0.5795 0.5290 0.6246
4 0.0637 0.6627 0.0819 0.6363 0.0897 0.6469 0.0716 0.6733
4 0.6602 0.9387 0.6620 0.9316 0.6672 0.9341 0.6655 0.9412
4 0.3912 0.7822 0.3900 0.7743 0.3928 0.7734 0.3940 0.7813
6 0.8626 0.6458 0.8961 0.7303 0.8354 0.7774 0.8019 0.6929
6 0.4535 0.5061 0.4168 0.4962 0.4185 0.4843 0.4552 0.4942
6 0.7673 0.6050 0.8378 0.5786 0.8441 0.6118 0.7737 0.6382
6 0.3898 0.2227 0.3866 0.3486 0.2056 0.3397 0.2088 0.2138
7 0.9551 0.9173 0.9291 0.8971 0.9337 0.8855 0.9597 0.9057
7 0.4799 0.1957 0.4987 0.1906 0.5090 0.2647 0.4902 0.2698
7 0.8248 0.3559 0.8336 0.3394 0.8832 0.3917 0.8744 0.4082
7 0.0838 0.7487 0.0830 0.7604 0.0545 0.7569 0.0552 0.7452
9 0.9749 0.6169 0.9404 0.6534 0.8485 0.4827 0.8831 0.4462
9 0.3941 0.2238 0.3437 0.1814 0.4151 0.0150 0.4655 0.0574
9 0.4216 0.5358 0.5174 0.5023 0.5661 0.7754 0.4703 0.8089
9 0.1649 0.5982 0.1649 0.7586 0.1385 0.7586 0.1385 0.5982
12 0.5971 0.5873 0.5467 0.4971 0.5672 0.4747 0.6175 0.5649
12 0.8884 0.8806 0.8564 0.9649 0.4427 0.6570 0.4748 0.5727
12 0.4651 0.1212 0.4634 0.1013 0.5152 0.0924 0.5169 0.1123
12 0.9800 0.8559 0.9681 0.9613 0.9388 0.9549 0.9508 0.8495
13 0.9219 0.3489 0.8853 0.2564 0.8895 0.2531 0.9261 0.3456
13 0.4645 0.7594 0.4553 0.7540 0.4787 0.6770 0.4878 0.6824
13 0.9574 0.5164 0.9623 0.5080 0.9652 0.5112 0.9603 0.5196
13 0.3941 0.3240 0.4166 0.3859 0.3968 0.4000 0.3742 0.3381
15 0.0928 0.8346 0.0362 0.8010 0.0561 0.7354 0.1126 0.7690
15 0.1829 0.8845 0.1219 0.8448 0.1391 0.7931 0.2001 0.8328
15 0.2122 0.7008 0.1990 0.6629 0.2215 0.6476 0.2347 0.6855
15 0.4115 0.9298 0.3996 0.9689 0.3211 0.9222 0.3329 0.8831
