0 0.6755 0.1452 0.7218 0.1554 0.6522 0.7704 0.6059 0.7602
0 0.0753 0.2692 0.1128 0.2491 0.2492 0.7468 0.2118 0.7669
0 0.0717 0.3984 0.1518 0.4263 0.1403 0.4904 0.0602 0.4625
0 0.6072 0.3557 0.5900 0.5852 0.1733 0.5239 0.1906 0.2944
1 0.9471 0.8104 0.9460 0.8009 0.9881 0.7916 0.9892 0.8011
1 0.6460 0.4358 0.6472 0.4335 0.6566 0.4430 0.6554 0.4453
1 0.0246 0.2998 0.0125 0.3249 0.0100 0.3226 0.0221 0.2975
1 0.5771 0.7942 0.5800 0.7879 0.5917 0.7986 0.5888 0.8049
2 0.5796 0.3711 0.6979 0.3419 0.7195 0.5137 0.6013 0.5429
2 0.9862 0.6028 0.9585 0.5714 0.9633 0.5632 0.9909 0.5946
2 0.6765 0.7033 0.6559 0.6196 0.6686 0.6135 0.6892 0.6972
2 0.5988 0.6761 0.4408 0.6127 0.4698 0.4711 0.6278 0.5345
3 0.9076 0.9897 0.7973 0.9242 0.8055 0.8971 0.9158 0.9626
3 0.1878 0.1934 0.1064 0.2646 0.0968 0.2430 0.1781 0.1718
3 0.0504 0.5767 0.0157 0.5897 0.0139 0.5805 0.0486 0.5675
3 0.8267 0.4400 0.8181 0.4525 0.7707 0.3884 0.7793 0.3759
4 0.9112 0.8734 0.9198 0.8788 0.9128 0.9006 0.9042 0.8952
4 0.6719 0.3884 0.6664 0.3804 0.6712 0.3740 0.6767 0.3820
4 0.5853 0.6127 0.5941 0.6324 0.5707 0.6529 0.5619 0.6332
4 0.5902 0.7018 0.5886 0.6798 0.6535 0.6702 0.6552 0.6922
6 0.4492 0.6899 0.3958 0.7729 0.2765 0.6225 0.3299 0.5395
6 0.0087 0.4945 0.0004 0.4745 0.0150 0.4627 0.0233 0.4827
6 0.1225 0.3926 0.3195 0.4513 0.2984 0.5902 0.1014 0.5315
6 0.9092 0.5827 0.8591 0.6481 0.8276 0.6009 0.8778 0.5355
7 0.9627 0.0759 0.9780 0.0797 0.9598 0.2241 0.9446 0.2203
7 0.8754 0.9039 0.8802 0.8719 0.8878 0.8741 0.8829 0.9061
7 0.1975 0.2011 0.2101 0.2467 0.1122 0.2993 0.0997 0.2537
7 0.5012 0.6229 0.4929 0.6885 0.4111 0.6683 0.4194 0.6027
9 0.3474 0.5513 0.3655 0.4415 0.5463 0.4999 0.5282 0.6097
9 0.5827 0.8738 0.5156 0.6628 0.5808 0.6222 0.6478 0.8332
9 0.5867 0.5574 0.5128 0.4150 0.5544 0.3726 0.6284 0.5150
9 0.5790 0.6735 0.7046 0.7173 0.6918 0.7893 0.5662 0.7455
12 0.2000 0.5416 0.2020 0.5954 0.1780 0.5972 0.1760 0.5434
12 0.9618 0.4961 0.9610 0.5181 0.8819 0.5123 0.8827 0.4903
12 0.3819 0.6051 0.4628 0.5616 0.4758 0.6089 0.3949 0.6524
12 0.0363 0.1630 0.1654 0.1278 0.1703 0.1630 0.0411 0.1982
13 0.9184 0.8809 0.8926 0.9026 0.8827 0.8795 0.9085 0.8578
13 0.2196 0.2851 0.2241 0.2975 0.2115 0.3065 0.2070 0.2941
13 0.0858 0.4866 0.0759 0.4873 0.0753 0.4714 0.0852 0.4707
13 0.3514 0.9209 0.3470 0.9194 0.3720 0.7791 0.3764 0.7806
15 0.6092 0.1695 0.6592 0.2326 0.6222 0.2901 0.5722 0.2270
15 0.8614 0.4650 0.8758 0.5398 0.8363 0.5546 0.8220 0.4798
15 0.2554 0.7382 0.2345 0.7361 0.2360 0.7062 0.2569 0.7083
15 0.6816 0.4981 0.5859 0.4671 0.6127 0.3047 0.7084 0.3357
