0 0.4285 0.1897 0.4251 0.1352 0.7949 0.0899 0.7984 0.1444
0 0.0313 0.3031 0.1823 0.2659 0.2147 0.5233 0.0637 0.5605
0 0.6020 0.6544 0.6866 0.5683 0.8075 0.8012 0.7228 0.8873
0 0.2650 0.3098 0.3569 0.5005 0.3038 0.5506 0.2120 0.3599
1 0.2988 0.2700 0.2992 0.2639 0.3244 0.2676 0.3239 0.2737
1 0.2136 0.7440 0.2189 0.7532 0.1681 0.8108 0.1628 0.8016
1 0.2362 0.6845 0.2396 0.6803 0.2475 0.6931 0.2441 0.6973
1 0.3882 0.8726 0.3893 0.8739 0.3836 0.8838 0.3824 0.8825
2 0.7371 0.5624 0.7455 0.5806 0.7061 0.6164 0.6976 0.5982
2 0.7688 0.6241 0.9329 0.5794 0.9480 0.6887 0.7840 0.7334
2 0.2154 0.2814 0.2190 0.2947 0.2095 0.2998 0.2059 0.2865
2 0.4304 0.9601 0.2563 0.6892 0.3401 0.5835 0.5143 0.8544
3 0.3383 0.4402 0.2887 0.4836 0.2800 0.4642 0.3296 0.4208
3 0.1209 0.7919 0.0855 0.8024 0.0837 0.7901 0.1190 0.7796
3 0.6237 0.0894 0.6345 0.0662 0.7229 0.1466 0.7121 0.1698
3 0.2922 0.3719 0.3060 0.3887 0.2418 0.4921 0.2280 0.4753
4 0.4010 0.4221 0.4307 0.3919 0.4390 0.4079 0.4093 0.4381
4 0.8920 0.4033 0.8820 0.4013 0.8883 0.3383 0.8983 0.3403
4 0.1195 0.7883 0.1133 0.7990 0.1094 0.7945 0.1156 0.7838
4 0.7792 0.5466 0.7716 0.5485 0.7685 0.5242 0.7761 0.5223
6 0.9563 0.7588 0.9557 0.8077 0.9322 0.8072 0.9328 0.7583
6 0.4567 0.4025 0.4067 0.4025 0.4067 0.3555 0.4567 0.3555
6 0.2908 0.3137 0.2956 0.2987 0.3066 0.3055 0.3018 0.3205
6 0.6562 0.1575 0.7387 0.0379 0.7818 0.0961 0.6993 0.2157
7 0.8587 0.2107 0.8638 0.2508 0.7790 0.2717 0.7740 0.2316
7 0.1635 0.6742 0.1579 0.7193 0.0967 0.7042 0.1024 0.6591
7 0.5426 0.6324 0.5263 0.6473 0.4885 0.5660 0.5049 0.5511
7 0.2835 0.2803 0.2604 0.2968 0.2259 0.2021 0.2491 0.1856
9 0.6226 0.3198 0.6216 0.3593 0.5514 0.3558 0.5524 0.3163
9 0.6040 0.4527 0.6107 0.5112 0.4568 0.5453 0.4502 0.4868
9 0.1021 0.5480 0.0368 0.4176 0.0585 0.3964 0.1237 0.5268
9 0.3182 0.3426 0.3658 0.2783 0.4741 0.4354 0.4265 0.4997
12 0.6043 0.8676 0.6102 0.7724 0.6234 0.7740 0.6175 0.8692
12 0.8751 0.5077 0.8720 0.4853 0.9301 0.4695 0.9332 0.4919
12 0.4702 0.1088 0.4792 0.0944 0.5584 0.1908 0.5494 0.2052
12 0.0293 0.2373 0.0127 0.2360 0.0159 0.1523 0.0324 0.1536
13 0.2906 0.6336 0.2833 0.6303 0.2897 0.6032 0.2969 0.6065
13 0.7741 0.6371 0.7654 0.6401 0.7648 0.6365 0.7734 0.6335
13 0.0149 0.4380 0.0108 0.4222 0.0402 0.4072 0.0444 0.4230
13 0.2419 0.7553 0.2543 0.6987 0.2675 0.7043 0.2552 0.7609
15 0.7314 0.2971 0.8136 0.2871 0.8189 0.3721 0.7367 0.3821
15 0.7276 0.7191 0.7495 0.7367 0.7364 0.7685 0.7145 0.7509
15 0.3487 0.9050 0.3593 0.8700 0.3833 0.8842 0.3727 0.9192
15 0.6344 0.9047 0.6467 0.7966 0.7290 0.8149 0.7168 0.9230
