0 0.7691 0.8060 0.6887 0.2766 0.7555 0.2568 0.8359 0.7862
0 0.2191 0.7193 0.1714 0.6949 0.3363 0.0603 0.3841 0.0847
0 0.8514 0.3804 0.7416 0.2371 0.8894 0.0152 0.9992 0.1585
0 0.7910 0.2153 0.7022 0.2350 0.6942 0.1639 0.7829 0.1442
1 0.8675 0.3141 0.8651 0.3043 0.9182 0.2787 0.9206 0.2885
1 0.8013 0.3167 0.8088 0.3143 0.8210 0.3881 0.8135 0.3905
1 0.7449 0.2293 0.7436 0.2268 0.7540 0.2167 0.7552 0.2192
1 0.8022 0.7104 0.8076 0.7103 0.8078 0.7300 0.8024 0.7301
2 0.1391 0.3847 0.1486 0.4381 0.1201 0.4481 0.1105 0.3947
2 0.1387 0.1967 0.1804 0.3344 0.1385 0.3593 0.0967 0.2216
2 0.1593 0.7992 0.2177 0.9530 0.1567 0.9984 0.0983 0.8446
2 0.8939 0.3324 0.9718 0.8048 0.8146 0.8556 0.7367 0.3832
3 0.5651 0.1747 0.6375 0.2431 0.6266 0.2657 0.5542 0.1973
3 0.3972 0.5135 0.3892 0.6050 0.3748 0.6025 0.3828 0.5110
3 0.4824 0.1500 0.4344 0.1718 0.4316 0.1600 0.4796 0.1382
3 0.8070 0.6913 0.8148 0.6711 0.8884 0.7259 0.8807 0.7461
4 0.6407 0.8032 0.6376 0.8045 0.6367 0.8004 0.6398 0.7991
4 0.3701 0.0375 0.3710 0.0465 0.3548 0.0497 0.3539 0.0407
4 0.3248 0.3663 0.3341 0.3931 0.2987 0.4173 0.2893 0.3905
4 0.3241 0.5002 0.3441 0.5361 0.3342 0.5470 0.3142 0.5111
6 0.2415 0.8671 0.2409 0.9121 0.2085 0.9113 0.2091 0.8663
6 0.5187 0.6732 0.4890 0.6092 0.5044 0.5952 0.5341 0.6592
6 0.9378 0.2758 0.9282 0.3228 0.9056 0.3138 0.9152 0.2668
6 0.0419 0.2131 0.0583 0.2304 0.0458 0.2537 0.0294 0.2364
7 0.5540 0.2488 0.5512 0.2657 0.5200 0.2556 0.5228 0.2387
7 0.2150 0.3793 0.1977 0.3494 0.2625 0.2759 0.2798 0.3058
7 0.1944 0.5824 0.1608 0.4814 0.2107 0.4488 0.2444 0.5498
7 0.8796 0.8025 0.9010 0.7626 0.9133 0.7755 0.8918 0.8154
9 0.5056 0.6971 0.6097 0.7746 0.5858 0.8377 0.4817 0.7602
9 0.8824 0.5735 0.9229 0.6388 0.8154 0.7697 0.7748 0.7044
9 0.7542 0.4142 0.7632 0.5948 0.7330 0.5978 0.7239 0.4172
9 0.1806 0.6657 0.0841 0.6920 0.0408 0.3803 0.1374 0.3540
12 0.8871 0.8858 0.8998 0.8595 0.9941 0.9486 0.9814 0.9749
12 0.2805 0.7961 0.2600 0.6809 0.8255 0.4835 0.8460 0.5987
12 0.2585 0.7184 0.5264 0.4146 0.5610 0.4744 0.2930 0.7782
12 0.4321 0.5614 0.4455 0.5718 0.4410 0.5830 0.4277 0.5726
13 0.6506 0.0595 0.6661 0.0678 0.6574 0.0997 0.6419 0.0914
13 0.0140 0.0145 0.0125 0.0282 0.0074 0.0271 0.0090 0.0134
13 0.9405 0.3344 0.9717 0.2618 0.9923 0.2792 0.9612 0.3518
13 0.5005 0.0587 0.5047 0.0631 0.4966 0.0781 0.4925 0.0737
15 0.5848 0.2974 0.6256 0.2732 0.6358 0.3070 0.5950 0.3312
15 0.0954 0.8087 0.1517 0.7976 0.1601 0.8805 0.1037 0.8916
15 0.5817 0.3801 0.6078 0.3435 0.6423 0.3919 0.6162 0.4285
15 0.0046 0.8280 0.0235 0.7872 0.0657 0.8256 0.0468 0.8664
