0 0.3128 0.1388 0.3793 0.0635 0.6769 0.5780 0.6104 0.6533
0 0.6494 0.0160 0.6718 0.3749 0.4926 0.3968 0.4702 0.0379
0 0.2946 0.4985 0.2421 0.5601 0.1048 0.3311 0.1573 0.2695
0 0.6659 0.1190 0.8034 0.1495 0.7446 0.6694 0.6071 0.6389
1 0.8194 0.6185 0.8102 0.5881 0.8186 0.5831 0.8278 0.6135
1 0.4497 0.0571 0.4515 0.0597 0.4251 0.0941 0.4234 0.0915
1 0.2261 0.6110 0.2221 0.6193 0.2082 0.6062 0.2122 0.5979
1 0.9318 0.0192 0.9315 0.0246 0.9073 0.0216 0.9077 0.0162
2 0.6775 0.4487 0.7472 0.4730 0.7071 0.6985 0.6373 0.6742
2 0.3996 0.4481 0.4495 0.4370 0.4541 0.4771 0.4042 0.4882
2 0.5655 0.4883 0.5655 0.5197 0.5571 0.5197 0.5571 0.4883
2 0.2519 0.8621 0.2847 0.7539 0.3232 0.7767 0.2904 0.8849
3 0.4486 0.8877 0.4425 0.9577 0.4340 0.9563 0.4401 0.8863
3 0.5880 0.4062 0.4879 0.4973 0.4768 0.4734 0.5770 0.3823
3 0.6060 0.8135 0.5936 0.8321 0.5263 0.7441 0.5386 0.7255
3 0.2899 0.2192 0.3443 0.1062 0.3584 0.1196 0.3040 0.2326
4 0.1967 0.8617 0.1890 0.8669 0.1856 0.8571 0.1933 0.8519
4 0.1584 0.9511 0.1632 0.9516 0.1628 0.9601 0.1579 0.9596
4 0.2523 0.1726 0.2649 0.1915 0.2597 0.1982 0.2471 0.1793
4 0.4109 0.9132 0.4022 0.9209 0.3896 0.8928 0.3984 0.8851
6 0.1906 0.1379 0.2295 0.2548 0.0614 0.3645 0.0225 0.2476
6 0.6548 0.4524 0.6651 0.3947 0.6746 0.3980 0.6643 0.4557
6 0.8290 0.6844 0.8830 0.6316 0.9084 0.6824 0.8544 0.7352
6 0.9166 0.7488 0.9478 0.8027 0.9389 0.8128 0.9077 0.7589
7 0.4883 0.9547 0.4774 0.9577 0.4720 0.9185 0.4829 0.9155
7 0.8295 0.2283 0.8435 0.2553 0.7925 0.3073 0.7785 0.2803
7 0.4677 0.3923 0.4799 0.4365 0.3660 0.4977 0.3539 0.4535
7 0.1154 0.8743 0.1170 0.8563 0.1435 0.8609 0.1419 0.8789
9 0.0999 0.0360 0.1138 0.0600 0.0710 0.1084 0.0571 0.0844
9 0.2980 0.2051 0.3130 0.1715 0.4014 0.2489 0.3864 0.2825
9 0.0783 0.4658 0.0485 0.4255 0.1688 0.2510 0.1987 0.2913
9 0.2631 0.3368 0.2823 0.2999 0.3481 0.3668 0.3289 0.4037
12 0.6428 0.4924 0.5462 0.4079 0.5626 0.3712 0.6592 0.4557
12 0.7696 0.1434 0.8524 0.1618 0.7624 0.9574 0.6796 0.9390
12 0.9310 0.3634 0.8990 0.3853 0.8422 0.2222 0.8742 0.2003
12 0.3382 0.7253 0.3364 0.6533 0.6912 0.6359 0.6930 0.7079
13 0.1300 0.0927 0.1408 0.0883 0.1449 0.1081 0.1340 0.1125
13 0.5664 0.2410 0.5497 0.2334 0.5576 0.1990 0.5743 0.2066
13 0.8983 0.5241 0.8971 0.5174 0.9097 0.5127 0.9109 0.5194
13 0.2848 0.0957 0.2843 0.0810 0.3097 0.0791 0.3103 0.0938
15 0.5490 0.2527 0.6448 0.2362 0.6547 0.3485 0.5589 0.3650
15 0.4621 0.5553 0.4210 0.5273 0.4402 0.4723 0.4813 0.5003
15 0.5557 0.5869 0.5895 0.5716 0.6061 0.6431 0.5723 0.6584
15 0.8259 0.5001 0.7885 0.4512 0.8341 0.3827 0.8715 0.4316
