0 0.6180 0.2063 0.7371 0.1355 0.8738 0.5861 0.7546 0.6569
0 0.2288 0.6798 0.2983 0.9334 0.2663 0.9506 0.1968 0.6970
0 0.7416 0.5202 0.7812 0.5798 0.5459 0.8870 0.5062 0.8274
0 0.5561 0.4234 0.5528 0.4613 0.2953 0.4170 0.2986 0.3791
1 0.2411 0.3059 0.2417 0.2952 0.3003 0.3009 0.2998 0.3116
1 0.9671 0.2358 0.9687 0.2667 0.9620 0.2674 0.9605 0.2365
1 0.2092 0.1775 0.2052 0.1786 0.2002 0.1429 0.2043 0.1418
1 0.7080 0.0623 0.7216 0.0756 0.6991 0.1205 0.6856 0.1072
2 0.1050 0.4265 0.2407 0.3895 0.2555 0.4967 0.1199 0.5337
2 0.0812 0.5150 0.0113 0.3455 0.0242 0.3350 0.0941 0.5045
2 0.1473 0.5680 0.1895 0.6837 0.1807 0.6900 0.1385 0.5743
2 0.1953 0.1796 0.2132 0.2976 0.1109 0.3280 0.0930 0.2100
3 0.7924 0.0424 0.7407 0.1678 0.7207 0.1516 0.7724 0.0262
3 0.4164 0.8177 0.4054 0.8270 0.3690 0.7423 0.3801 0.7330
3 0.5045 0.6962 0.5059 0.6851 0.5461 0.6950 0.5447 0.7061
3 0.8601 0.5368 0.8613 0.5482 0.7665 0.5668 0.7653 0.5554
4 0.7401 0.7045 0.7348 0.7229 0.7302 0.7203 0.7355 0.7019
4 0.1579 0.9097 0.1730 0.8870 0.1807 0.8971 0.1656 0.9198
4 0.9671 0.8498 0.9648 0.8396 0.9681 0.8382 0.9703 0.8484
4 0.8909 0.8557 0.8846 0.8717 0.8725 0.8623 0.8789 0.8463
6 0.4882 0.5093 0.5518 0.4640 0.5626 0.4939 0.4991 0.5392
6 0.8138 0.4600 0.8998 0.5213 0.8116 0.7636 0.7256 0.7023
6 0.3931 0.9587 0.4005 0.9439 0.4112 0.9545 0.4038 0.9693
6 0.2232 0.9657 0.1776 0.8675 0.3188 0.7391 0.3644 0.8373
7 0.6025 0.3762 0.6272 0.4053 0.5910 0.4658 0.5662 0.4367
7 0.6736 0.4841 0.6445 0.4820 0.6481 0.3855 0.6772 0.3876
7 0.5203 0.7497 0.5556 0.7346 0.5700 0.8007 0.5347 0.8158
7 0.9440 0.3042 0.9521 0.3103 0.9409 0.3398 0.9327 0.3337
9 0.2263 0.1999 0.1970 0.2805 0.1734 0.2637 0.2027 0.1831
9 0.6644 0.5898 0.7650 0.7767 0.7336 0.8098 0.6330 0.6229
9 0.2533 0.1379 0.4180 0.2503 0.3958 0.3141 0.2311 0.2017
9 0.2072 0.4101 0.1694 0.3908 0.1974 0.2831 0.2352 0.3024
12 0.3655 0.1371 0.3608 0.1532 0.3199 0.1301 0.3246 0.1140
12 0.4825 0.2803 0.4885 0.2799 0.4969 0.5029 0.4909 0.5033
12 0.7860 0.2618 0.7822 0.2550 0.9106 0.1146 0.9144 0.1214
12 0.9023 0.8740 0.8910 0.8765 0.8845 0.8192 0.8958 0.8167
13 0.1267 0.9556 0.1317 0.9507 0.1355 0.9584 0.1305 0.9633
13 0.6831 0.3687 0.6920 0.3487 0.7037 0.3589 0.6948 0.3789
13 0.9360 0.5422 0.9717 0.5422 0.9717 0.5586 0.9360 0.5586
13 0.2558 0.8082 0.2455 0.8661 0.2319 0.8614 0.2422 0.8035
15 0.9051 0.2233 0.8925 0.0797 0.9729 0.0659 0.9855 0.2095
15 0.2967 0.3946 0.3049 0.5270 0.2402 0.5350 0.2319 0.4026
15 0.1678 0.4882 0.1257 0.4205 0.1765 0.3586 0.2186 0.4263
15 0.4013 0.4386 0.4036 0.3934 0.4312 0.3962 0.4290 0.4414
