0 0.8287 0.0830 0.8232 0.3020 0.4256 0.2826 0.4310 0.0636
0 0.7414 0.7390 0.8157 0.6764 0.8495 0.7550 0.7751 0.8176
0 0.6739 0.6700 0.4154 0.6511 0.4178 0.5872 0.6763 0.6061
0 0.2451 0.8501 0.0770 0.7403 0.1123 0.6343 0.2804 0.7441
1 0.2488 0.3191 0.2489 0.3241 0.2001 0.3265 0.1999 0.3215
1 0.2651 0.5236 0.2666 0.5219 0.2840 0.5520 0.2825 0.5537
1 0.4434 0.2873 0.4362 0.2735 0.4503 0.2591 0.4575 0.2729
1 0.8363 0.6750 0.8252 0.6829 0.7820 0.5642 0.7931 0.5563
2 0.5922 0.5438 0.6195 0.9800 0.4743 0.9978 0.4471 0.5616
2 0.4320 0.7827 0.4464 0.8351 0.3620 0.8805 0.3476 0.8281
2 0.7741 0.2366 0.6607 0.2449 0.6573 0.1526 0.7707 0.1443
2 0.1231 0.1701 0.0936 0.0891 0.1537 0.0463 0.1832 0.1273
3 0.4654 0.7761 0.4094 0.7252 0.4158 0.7115 0.4717 0.7624
3 0.4868 0.8533 0.4739 0.8391 0.5277 0.7427 0.5406 0.7569
3 0.3874 0.0609 0.3857 0.0499 0.4275 0.0375 0.4292 0.0485
3 0.3591 0.0002 0.4149 0.0509 0.4086 0.0646 0.3528 0.0139
4 0.4380 0.8466 0.4273 0.8633 0.4160 0.8490 0.4267 0.8323
4 0.5821 0.4020 0.5801 0.4434 0.5622 0.4416 0.5642 0.4002
4 0.2521 0.9099 0.2578 0.8936 0.2639 0.8977 0.2582 0.9140
4 0.9389 0.3699 0.9228 0.3925 0.9142 0.3805 0.9303 0.3579
6 0.7291 0.1163 0.7477 0.1308 0.7372 0.1573 0.7186 0.1428
6 0.8717 0.6896 0.7922 0.7112 0.7611 0.4872 0.8406 0.4656
6 0.1306 0.0847 0.1127 0.2024 0.0283 0.1773 0.0461 0.0596
6 0.5094 0.3776 0.5558 0.4051 0.5426 0.4488 0.4962 0.4213
7 0.7561 0.2586 0.7419 0.2945 0.6539 0.2262 0.6681 0.1903
7 0.3383 0.3825 0.3229 0.3950 0.3205 0.3891 0.3359 0.3766
7 0.4523 0.7806 0.4497 0.7622 0.5100 0.7458 0.5126 0.7642
7 0.6930 0.7742 0.6690 0.7826 0.6550 0.7042 0.6790 0.6958
9 0.6683 0.0708 0.7129 0.0752 0.7017 0.2988 0.6571 0.2944
9 0.8445 0.6298 0.9429 0.7193 0.9252 0.7574 0.8268 0.6679
9 0.0922 0.1144 0.1423 0.1008 0.1781 0.3592 0.1280 0.3728
9 0.8082 0.2702 0.8194 0.1819 0.9680 0.2186 0.9569 0.3069
12 0.5264 0.8876 0.5755 0.9022 0.5722 0.9240 0.5230 0.9094
12 0.9393 0.5966 0.9641 0.6826 0.9522 0.6894 0.9273 0.6034
12 0.0279 0.3778 0.0170 0.3772 0.0189 0.3002 0.0299 0.3008
12 0.8108 0.5306 0.8115 0.5480 0.7492 0.5526 0.7485 0.5352
13 0.2853 0.6665 0.2956 0.6607 0.3032 0.6871 0.2929 0.6929
13 0.4971 0.6621 0.5043 0.6414 0.5132 0.6475 0.5060 0.6682
13 0.4188 0.3897 0.4252 0.3843 0.4278 0.3903 0.4214 0.3957
13 0.0794 0.6853 0.0827 0.6791 0.1032 0.7007 0.0999 0.7069
15 0.3656 0.1791 0.3159 0.1889 0.3101 0.1317 0.3598 0.1219
15 0.4889 0.4452 0.5352 0.4314 0.5411 0.4708 0.4948 0.4846
15 0.4437 0.3383 0.5522 0.2976 0.5746 0.4145 0.4661 0.4552
15 0.1602 0.2067 0.2187 0.3906 0.1175 0.4537 0.0590 0.2698
