0 0.5534 0.7068 0.6260 0.5375 0.6581 0.5644 0.5854 0.7337
0 0.3238 0.2032 0.3102 0.7474 0.1351 0.7388 0.1487 0.1946
0 0.8826 0.0855 0.9113 0.1243 0.7582 0.3461 0.7296 0.3073
0 0.7952 0.5381 0.6517 0.6685 0.4148 0.1579 0.5583 0.0275
1 0.9169 0.5214 0.8996 0.4971 0.9048 0.4898 0.9221 0.5141
1 0.1174 0.0426 0.1207 0.0447 0.1068 0.0862 0.1036 0.0841
1 0.2476 0.4895 0.2558 0.4435 0.3150 0.4641 0.3068 0.5101
1 0.4758 0.3744 0.4723 0.3656 0.4888 0.3528 0.4923 0.3616
2 0.8606 0.7331 0.7608 0.8728 0.7434 0.8485 0.8432 0.7088
2 0.6634 0.8886 0.6679 0.7975 0.8146 0.8118 0.8101 0.9029
2 0.4518 0.1606 0.4392 0.2224 0.3808 0.1990 0.3934 0.1372
2 0.4885 0.6484 0.4808 0.6483 0.4821 0.5456 0.4898 0.5457
3 0.0803 0.8842 0.1580 0.7895 0.1729 0.8134 0.0951 0.9081
3 0.3270 0.6281 0.3231 0.5941 0.3908 0.5791 0.3946 0.6131
3 0.7454 0.4848 0.7458 0.4747 0.7843 0.4776 0.7839 0.4877
3 0.0979 0.5380 0.1078 0.5268 0.1504 0.6004 0.1405 0.6116
4 0.8356 0.4047 0.8430 0.3998 0.8459 0.4085 0.8385 0.4134
4 0.6142 0.0738 0.6194 0.0903 0.6138 0.0938 0.6086 0.0773
4 0.2421 0.1544 0.2738 0.1800 0.2668 0.1972 0.2350 0.1716
4 0.2234 0.5493 0.2199 0.5501 0.2183 0.5355 0.2218 0.5347
6 0.4307 0.6389 0.4389 0.6286 0.4464 0.6403 0.4382 0.6506
6 0.9645 0.4463 0.9773 0.5593 0.8961 0.5773 0.8833 0.4643
6 0.7318 0.7169 0.7235 0.7997 0.6045 0.7763 0.6128 0.6935
6 0.8061 0.7103 0.7950 0.7422 0.7796 0.7317 0.7908 0.6998
7 0.4481 0.5432 0.4424 0.5577 0.4210 0.5412 0.4268 0.5267
7 0.3199 0.6106 0.3414 0.6143 0.3361 0.6754 0.3146 0.6717
7 0.7290 0.8974 0.7298 0.8771 0.7661 0.8798 0.7654 0.9001
7 0.5366 0.8137 0.5275 0.8169 0.5266 0.8119 0.5357 0.8087
9 0.3148 0.6662 0.3513 0.4880 0.3807 0.4998 0.3442 0.6780
9 0.6109 0.2437 0.5693 0.2697 0.5028 0.0607 0.5445 0.0347
9 0.1621 0.7813 0.1368 0.7267 0.2802 0.5963 0.3055 0.6509
9 0.2714 0.2154 0.2847 0.0827 0.3066 0.0870 0.2933 0.2197
12 0.9844 0.2086 0.9890 0.2694 0.8505 0.2898 0.8459 0.2290
12 0.4773 0.8936 0.4702 0.8741 0.5084 0.8468 0.5156 0.8663
12 0.0659 0.8497 0.0496 0.8391 0.0704 0.7767 0.0867 0.7873
12 0.7243 0.3270 0.7432 0.3635 0.5432 0.5670 0.5242 0.5305
13 0.9245 0.2854 0.9417 0.2807 0.9478 0.3246 0.9306 0.3293
13 0.1373 0.8795 0.1387 0.8835 0.1309 0.8885 0.1296 0.8845
13 0.0595 0.9267 0.0675 0.9308 0.0651 0.9401 0.0571 0.9360
13 0.8707 0.6380 0.9026 0.5788 0.9216 0.5988 0.8897 0.6580
15 0.4517 0.5562 0.4484 0.6905 0.3606 0.6862 0.3639 0.5519
15 0.7669 0.1287 0.7741 0.3207 0.6665 0.3285 0.6594 0.1365
15 0.5877 0.0876 0.5615 0.1269 0.5234 0.0772 0.5496 0.0379
15 0.5302 0.0900 0.5586 0.1085 0.5406 0.1624 0.5123 0.1439
