0 0.4945 0.8364 0.4853 0.6898 0.7681 0.6552 0.7773 0.8018
0 0.1907 0.2000 0.1542 0.1242 0.1950 0.0856 0.2316 0.1614
0 0.2400 0.2297 0.1564 0.5054 0.1217 0.4847 0.2053 0.2090
0 0.2479 0.4128 0.3411 0.3375 0.4083 0.5004 0.3151 0.5757
1 0.5875 0.7680 0.5987 0.7688 0.5973 0.8056 0.5862 0.8048
1 0.1534 0.6970 0.1445 0.6955 0.1452 0.6878 0.1541 0.6893
1 0.9343 0.4198 0.9358 0.4396 0.8283 0.4554 0.8268 0.4356
1 0.7413 0.4285 0.7388 0.4336 0.7293 0.4247 0.7318 0.4196
2 0.9291 0.4263 0.9671 0.3731 0.9752 0.3845 0.9372 0.4377
2 0.7565 0.7925 0.7780 0.7358 0.8480 0.7879 0.8265 0.8446
2 0.8421 0.3322 0.8337 0.3644 0.8168 0.3558 0.8252 0.3236
2 0.7437 0.1838 0.8018 0.2087 0.7957 0.2366 0.7376 0.2117
3 0.1982 0.7443 0.2299 0.6447 0.2424 0.6525 0.2107 0.7521
3 0.6862 0.1069 0.6839 0.1003 0.7078 0.0839 0.7101 0.0905
3 0.9446 0.2665 0.8851 0.2361 0.8888 0.2219 0.9483 0.2523
3 0.2857 0.1114 0.2748 0.0995 0.2985 0.0570 0.3094 0.0689
4 0.1620 0.1562 0.1422 0.1686 0.1386 0.1570 0.1583 0.1446
4 0.5854 0.7237 0.5861 0.7095 0.6181 0.7127 0.6174 0.7269
4 0.4097 0.6789 0.3905 0.6775 0.3908 0.6679 0.4101 0.6693
4 0.1261 0.4848 0.1196 0.4644 0.1499 0.4456 0.1564 0.4660
6 0.8117 0.8114 0.7945 0.6979 0.8217 0.6898 0.8390 0.8033
6 0.6878 0.0763 0.6958 0.0918 0.6845 0.1033 0.6765 0.0878
6 0.3967 0.4540 0.3791 0.4409 0.3813 0.4352 0.3989 0.4483
6 0.2341 0.7288 0.2487 0.7421 0.2465 0.7468 0.2319 0.7335
7 0.7544 0.9312 0.7482 0.9661 0.6996 0.9492 0.7058 0.9143
7 0.0803 0.9554 0.0761 0.9561 0.0745 0.9382 0.0787 0.9375
7 0.9212 0.8295 0.9644 0.8492 0.9342 0.9793 0.8910 0.9596
7 0.6274 0.9709 0.6139 0.9418 0.6617 0.8983 0.6753 0.9274
9 0.9846 0.9019 0.9105 0.9920 0.7794 0.7809 0.8535 0.6908
9 0.9792 0.4844 0.9649 0.5293 0.8531 0.4596 0.8674 0.4147
9 0.2270 0.7152 0.1925 0.7338 0.1596 0.6136 0.1940 0.5950
9 0.0058 0.7615 0.1660 0.7811 0.1627 0.8337 0.0025 0.8141
12 0.2141 0.3295 0.2175 0.3359 0.0956 0.4645 0.0922 0.4581
12 0.1704 0.4362 0.1434 0.4484 0.1382 0.4258 0.1651 0.4136
12 0.4286 0.4374 0.4226 0.4389 0.3965 0.2314 0.4025 0.2299
12 0.6597 0.8005 0.5786 0.7985 0.5788 0.7771 0.6600 0.7791
13 0.2084 0.1085 0.2013 0.1138 0.1987 0.1071 0.2059 0.1018
13 0.3948 0.8469 0.4022 0.8411 0.4130 0.8683 0.4055 0.8741
13 0.2734 0.9390 0.2553 0.9066 0.2977 0.8602 0.3158 0.8926
13 0.1799 0.6871 0.1905 0.6688 0.1973 0.6765 0.1867 0.6948
15 0.7996 0.4849 0.8036 0.4499 0.8398 0.4579 0.8358 0.4929
15 0.3919 0.9098 0.2913 0.8318 0.3255 0.7454 0.4261 0.8234
15 0.4438 0.7282 0.4083 0.7524 0.3856 0.6874 0.4212 0.6632
15 0.6678 0.4373 0.6503 0.4797 0.6214 0.4563 0.6388 0.4139
