0 0.5231 0.5721 0.7429 0.2536 0.8032 0.3351 0.5834 0.6536
0 0.3593 0.6314 0.5250 0.5028 0.5893 0.6650 0.4235 0.7936
0 0.8478 0.6208 0.8242 0.6696 0.6311 0.4872 0.6546 0.4384
0 0.6824 0.3594 0.6184 0.3250 0.6325 0.2738 0.6964 0.3082
1 0.4242 0.3048 0.4275 0.3007 0.4504 0.3364 0.4471 0.3405
1 0.7035 0.7821 0.6994 0.7708 0.7562 0.7303 0.7603 0.7416
1 0.7477 0.3833 0.7436 0.3821 0.7486 0.3491 0.7527 0.3503
1 0.2712 0.3949 0.2653 0.3969 0.2548 0.3383 0.2607 0.3363
2 0.7707 0.9896 0.7306 0.9877 0.7330 0.8904 0.7732 0.8923
2 0.6161 0.1350 0.6127 0.1390 0.5904 0.1006 0.5939 0.0966
2 0.6816 0.4660 0.8367 0.7879 0.7887 0.8332 0.6336 0.5113
2 0.7894 0.0100 0.8569 0.0318 0.8209 0.2500 0.7534 0.2282
3 0.6992 0.0459 0.7121 0.0507 0.6946 0.1425 0.6816 0.1377
3 0.9349 0.4872 0.8625 0.5921 0.8494 0.5744 0.9218 0.4695
3 0.2611 0.2591 0.2473 0.2662 0.2217 0.1677 0.2355 0.1606
3 0.0345 0.7910 0.0829 0.8878 0.0698 0.9006 0.0214 0.8038
4 0.7234 0.1061 0.7478 0.0795 0.7663 0.1127 0.7420 0.1393
4 0.8477 0.8387 0.8735 0.8564 0.8612 0.8917 0.8353 0.8740
4 0.5058 0.8871 0.5789 0.9614 0.5736 0.9717 0.5005 0.8974
4 0.9208 0.5880 0.9154 0.5845 0.9186 0.5748 0.9241 0.5783
6 0.3460 0.9610 0.3287 0.9392 0.3446 0.9146 0.3618 0.9364
6 0.2217 0.8012 0.1268 0.8978 0.0920 0.8308 0.1870 0.7342
6 0.9216 0.4080 0.9736 0.3939 0.9770 0.4184 0.9250 0.4325
6 0.6766 0.1079 0.6431 0.2185 0.5637 0.1713 0.5972 0.0607
7 0.2376 0.6606 0.2419 0.6450 0.2932 0.6726 0.2889 0.6882
7 0.5143 0.2409 0.4997 0.2409 0.4997 0.1851 0.5143 0.1851
7 0.3229 0.3008 0.2932 0.3184 0.2531 0.1860 0.2828 0.1684
7 0.3261 0.5968 0.3256 0.5876 0.3379 0.5864 0.3384 0.5956
9 0.6742 0.6797 0.5486 0.6156 0.5684 0.5395 0.6940 0.6036
9 0.3784 0.0631 0.6196 0.3780 0.5668 0.4573 0.3256 0.1424
9 0.6613 0.5553 0.6414 0.5195 0.7050 0.4499 0.7249 0.4857
9 0.2686 0.2021 0.2584 0.1667 0.3214 0.1311 0.3316 0.1665
12 0.4845 0.8973 0.6968 0.2296 0.7595 0.2687 0.5472 0.9364
12 0.0951 0.6159 0.1110 0.6166 0.1064 0.8009 0.0905 0.8002
12 0.6391 0.5239 0.7012 0.6631 0.6626 0.6969 0.6005 0.5577
12 0.5640 0.0930 0.4639 0.0881 0.4646 0.0618 0.5646 0.0667
13 0.5113 0.9079 0.5209 0.9113 0.5098 0.9737 0.5002 0.9703
13 0.3127 0.8598 0.3077 0.8625 0.3056 0.8550 0.3106 0.8523
13 0.6532 0.3074 0.6261 0.3285 0.5965 0.2538 0.6237 0.2327
13 0.8960 0.4374 0.8963 0.4632 0.8914 0.4634 0.8911 0.4376
15 0.5561 0.7415 0.5385 0.7689 0.5182 0.7433 0.5358 0.7159
15 0.8835 0.7987 0.8694 0.8500 0.8419 0.8353 0.8560 0.7840
15 0.7465 0.4453 0.7333 0.2950 0.8190 0.2803 0.8321 0.4306
15 0.1652 0.7472 0.1554 0.6690 0.2016 0.6576 0.2115 0.7358
