0 0.7436 0.1454 0.9145 0.0338 0.9455 0.1270 0.7746 0.2386
0 0.9508 0.5172 0.9946 0.8059 0.8504 0.8488 0.8065 0.5601
0 0.0859 0.4751 0.1638 0.5169 0.1192 0.6797 0.0413 0.6379
0 0.6044 0.4651 0.7080 0.5013 0.6382 0.8933 0.5345 0.8571
1 0.2285 0.6989 0.2359 0.6847 0.2421 0.6911 0.2347 0.7053
1 0.1336 0.8110 0.1403 0.8042 0.1747 0.8706 0.1680 0.8774
1 0.4673 0.8282 0.4597 0.8397 0.4404 0.8146 0.4480 0.8031
1 0.3634 0.6168 0.3534 0.6062 0.3580 0.5976 0.3681 0.6082
2 0.6298 0.2716 0.5142 0.1583 0.5488 0.0892 0.6644 0.2025
2 0.6348 0.0384 0.6171 0.0380 0.6175 0.0016 0.6352 0.0020
2 0.1851 0.8911 0.3310 0.8439 0.3346 0.8657 0.1887 0.9129
2 0.1489 0.2184 0.3089 0.2066 0.3143 0.3500 0.1542 0.3618
3 0.5352 0.9097 0.5348 0.9241 0.4828 0.9215 0.4832 0.9071
3 0.7799 0.3755 0.8155 0.4990 0.8007 0.5073 0.7650 0.3838
3 0.1430 0.8969 0.0817 0.9689 0.0727 0.9539 0.1340 0.8819
3 0.3920 0.1963 0.3821 0.2000 0.3686 0.1293 0.3785 0.1256
4 0.7640 0.6866 0.7772 0.6746 0.7860 0.6938 0.7728 0.7058
4 0.4488 0.8637 0.4588 0.8635 0.4592 0.8939 0.4492 0.8941
4 0.7486 0.0055 0.7600 0.0069 0.7591 0.0221 0.7477 0.0207
4 0.4389 0.7707 0.4264 0.7760 0.4011 0.6601 0.4136 0.6548
6 0.5130 0.4518 0.4787 0.4585 0.4776 0.4474 0.5118 0.4407
6 0.3479 0.0777 0.3665 0.0132 0.3975 0.0307 0.3789 0.0952
6 0.5654 0.3570 0.5061 0.3957 0.4968 0.3678 0.5561 0.3291
6 0.9344 0.9002 0.9192 0.9922 0.7870 0.9494 0.8022 0.8574
7 0.9582 0.2787 0.9597 0.2897 0.9409 0.2949 0.9394 0.2839
7 0.6963 0.0807 0.7212 0.0900 0.7000 0.2009 0.6751 0.1916
7 0.4803 0.0140 0.5130 0.0237 0.4960 0.1356 0.4633 0.1259
7 0.4792 0.5425 0.4787 0.5529 0.4488 0.5499 0.4493 0.5395
9 0.3351 0.3162 0.3671 0.2882 0.4169 0.3998 0.3849 0.4278
9 0.3026 0.4424 0.3458 0.4563 0.3091 0.6788 0.2659 0.6649
9 0.6271 0.3421 0.6519 0.3139 0.7229 0.4367 0.6981 0.4649
12 0.2109 0.6101 0.1873 0.4551 0.2089 0.4487 0.2324 0.6037
12 0.7972 0.6617 0.7911 0.5641 0.7959 0.5635 0.8020 0.6611
12 0.0973 0.0338 0.1076 -0.0001 0.2933 0.1102 0.2830 0.1441
13 0.0499 0.0424 0.0514 0.0330 0.0841 0.0428 0.0826 0.0522
13 0.7338 0.9844 0.7027 0.9583 0.7267 0.9024 0.7578 0.9285
13 0.4127 0.4919 0.3793 0.5117 0.3611 0.4517 0.3945 0.4319
13 0.8927 0.4631 0.9021 0.4583 0.9058 0.4725 0.8964 0.4773
15 0.4545 0.5531 0.4563 0.6279 0.4107 0.6301 0.4088 0.5553
15 0.1265 0.7096 0.1501 0.7335 0.1275 0.7772 0.1039 0.7533
15 0.3780 0.7467 0.3121 0.7937 0.2917 0.7377 0.3576 0.6907
15 0.1104 0.1659 0.1278 0.2455 0.0805 0.2657 0.0631 0.1861
