0 0.3779 0.1959 0.4317 0.1411 0.4613 0.1981 0.4074 0.2529
0 0.6952 0.2290 0.6420 0.1729 0.6723 0.1166 0.7254 0.1727
0 0.7016 0.6934 0.3861 0.7953 0.3733 0.7174 0.6887 0.6155
0 0.0893 0.0078 0.2175 0.0331 0.1796 0.4106 0.0514 0.3853
1 0.4949 0.5163 0.5027 0.5420 0.4971 0.5453 0.4893 0.5196
1 0.0732 0.5690 0.0619 0.5229 0.1213 0.4942 0.1327 0.5403
1 0.8278 0.2757 0.8265 0.2691 0.8553 0.2575 0.8567 0.2641
1 0.7655 0.4494 0.7675 0.4523 0.7545 0.4698 0.7525 0.4669
2 0.0105 0.8367 0.0801 0.8842 0.0709 0.9105 0.0013 0.8630
2 0.9415 0.5942 0.8855 0.6673 0.7830 0.5134 0.8390 0.4403
2 0.5618 0.0513 0.5112 0.2693 0.4713 0.2511 0.5219 0.0331
2 0.4468 0.0777 0.4436 0.0623 0.4607 0.0555 0.4638 0.0709
3 0.6557 0.8478 0.6546 0.8705 0.5657 0.8618 0.5668 0.8391
3 0.8860 0.2331 0.9395 0.2144 0.9432 0.2353 0.8897 0.2540
3 0.2128 0.6850 0.2343 0.6139 0.2469 0.6214 0.2254 0.6925
3 0.3337 0.2234 0.3439 0.2211 0.3520 0.2930 0.3418 0.2953
4 0.8783 0.2937 0.8743 0.3052 0.8571 0.2935 0.8611 0.2820
4 0.4672 0.8590 0.4612 0.8629 0.4586 0.8550 0.4645 0.8511
4 0.4329 0.9300 0.4458 0.9452 0.4420 0.9516 0.4290 0.9364
4 0.8347 0.0906 0.8513 0.0890 0.8524 0.1114 0.8359 0.1130
6 0.5861 0.5043 0.5325 0.5569 0.5199 0.5317 0.5735 0.4791
6 0.7117 0.0721 0.7419 0.0018 0.7923 0.0443 0.7621 0.1146
6 0.3699 0.2763 0.4169 0.2990 0.4061 0.3433 0.3591 0.3206
6 0.8867 0.9279 0.8194 0.9345 0.8099 0.7449 0.8772 0.7383
7 0.9572 0.2824 0.9440 0.2721 0.9645 0.2204 0.9777 0.2307
7 0.7083 0.4963 0.7120 0.5157 0.6331 0.5453 0.6294 0.5259
7 0.2491 0.2883 0.2555 0.2804 0.2698 0.3033 0.2633 0.3112
7 0.9868 0.7064 0.9921 0.8121 0.9764 0.8136 0.9711 0.7079
9 0.4358 0.4929 0.4104 0.5437 0.2768 0.4127 0.3022 0.3619
9 0.7255 0.8010 0.7490 0.9699 0.7156 0.9790 0.6922 0.8101
9 0.0368 0.5915 0.0751 0.5687 0.1335 0.7613 0.0951 0.7841
9 0.1405 0.7929 0.1541 0.7554 0.2658 0.8351 0.2522 0.8726
12 0.2331 0.2236 0.2803 0.1043 0.2963 0.1168 0.2491 0.2361
12 0.5874 0.2959 0.5980 0.2712 0.6866 0.3457 0.6760 0.3704
12 0.7961 0.6908 0.8569 0.6953 0.8556 0.7308 0.7948 0.7263
13 0.1590 0.9646 0.1620 0.9745 0.1539 0.9794 0.1508 0.9695
13 0.9856 0.4697 0.9465 0.4620 0.9490 0.4375 0.9880 0.4452
13 0.6963 0.4210 0.6888 0.3994 0.6929 0.3966 0.7004 0.4182
13 0.8878 0.6791 0.8933 0.6815 0.8888 0.7009 0.8833 0.6985
15 0.1731 0.5175 0.1867 0.5517 0.1537 0.5773 0.1401 0.5431
15 0.6409 0.0180 0.6409 0.1368 0.5631 0.1368 0.5631 0.0180
15 0.3883 0.9121 0.3331 0.9498 0.2979 0.8487 0.3532 0.8110
15 0.8673 0.1515 0.8939 0.1394 0.9056 0.1897 0.8789 0.2018
