0 0.0829 0.1848 0.0166 0.1929 0.0122 0.1228 0.0785 0.1147
0 0.2649 0.8994 0.1639 0.9068 0.1583 0.7570 0.2593 0.7496
0 0.4838 0.5419 0.1818 0.5789 0.1699 0.3885 0.4719 0.3515
0 0.7764 0.7338 0.7758 0.7818 0.4502 0.7738 0.4508 0.7258
1 0.5865 0.2603 0.5880 0.2742 0.5127 0.2909 0.5111 0.2770
1 0.9209 0.0831 0.9186 0.0860 0.9065 0.0673 0.9089 0.0644
1 0.6543 0.3873 0.6578 0.3638 0.6609 0.3647 0.6573 0.3882
1 0.5959 0.0739 0.5933 0.0874 0.5196 0.0597 0.5222 0.0462
2 0.9950 0.4080 0.9892 0.4145 0.9702 0.3816 0.9759 0.3751
2 0.1991 0.1553 0.1735 0.1814 0.1406 0.1179 0.1662 0.0918
2 0.6479 0.5330 0.6956 0.5318 0.6970 0.6426 0.6493 0.6438
2 0.5810 0.4136 0.5857 0.4231 0.5579 0.4504 0.5531 0.4409
3 0.8318 0.8645 0.8314 0.8501 0.8834 0.8475 0.8837 0.8619
3 0.7477 0.1520 0.6606 0.1027 0.6666 0.0820 0.7537 0.1313
3 0.1591 0.7288 0.1531 0.7264 0.1732 0.6284 0.1792 0.6308
3 0.6897 0.8726 0.7575 0.9149 0.7509 0.9358 0.6830 0.8935
4 0.4048 0.7420 0.4073 0.7584 0.3950 0.7620 0.3925 0.7456
4 0.7862 0.4160 0.7922 0.3847 0.8032 0.3888 0.7972 0.4201
4 0.4963 0.6368 0.4959 0.6288 0.5008 0.6284 0.5012 0.6364
4 0.4329 0.9242 0.4933 0.9139 0.4946 0.9290 0.4342 0.9393
6 0.8350 0.2283 0.8392 0.2763 0.8313 0.2777 0.8271 0.2297
6 0.7836 0.5999 0.9745 0.5859 0.9795 0.7205 0.7887 0.7345
6 0.1854 0.3044 0.1588 0.2314 0.2112 0.1940 0.2378 0.2670
7 0.2594 0.6410 0.2536 0.6492 0.2194 0.6014 0.2253 0.5932
7 0.2516 0.0879 0.2294 0.1105 0.2030 0.0597 0.2252 0.0371
7 0.1173 0.3989 0.1144 0.4080 0.0982 0.3979 0.1011 0.3888
7 0.9164 0.2146 0.9263 0.2226 0.9113 0.2590 0.9014 0.2510
9 0.0059 0.7494 0.0646 0.5235 0.1344 0.5590 0.0757 0.7849
9 0.4047 0.1797 0.3343 0.0388 0.3621 0.0115 0.4326 0.1524
9 0.0114 0.8474 0.0508 0.8011 0.1286 0.9310 0.0892 0.9773
9 0.7276 0.4290 0.8306 0.5227 0.8121 0.5626 0.7091 0.4689
12 0.9512 0.3156 0.8921 0.3362 0.8860 0.3016 0.9450 0.2810
12 0.6650 0.2332 0.7292 0.1875 0.7396 0.2160 0.6754 0.2617
12 0.5237 0.1528 0.5481 0.1354 0.5846 0.2356 0.5601 0.2530
12 0.8971 0.9684 0.9492 0.8420 0.9749 0.8628 0.9228 0.9892
13 0.4645 0.9735 0.4707 0.9520 0.4786 0.9565 0.4724 0.9780
13 0.4877 0.5620 0.4891 0.5543 0.5032 0.5596 0.5017 0.5673
13 0.9787 0.0810 0.9867 0.0814 0.9862 0.1026 0.9782 0.1022
13 0.5866 0.3247 0.6152 0.3559 0.5865 0.4073 0.5579 0.3761
15 0.0712 0.2978 0.0230 0.3292 0.0043 0.2730 0.0524 0.2416
15 0.3536 0.8640 0.3946 0.8815 0.3815 0.9412 0.3406 0.9237
15 0.4683 0.2971 0.4360 0.3118 0.4254 0.2661 0.4577 0.2514
15 0.8310 0.2030 0.7975 0.2138 0.7899 0.1674 0.8233 0.1566
