0 0.2898 0.5148 0.2659 0.4803 0.5002 0.1636 0.5241 0.1981
0 0.6687 0.7222 0.6456 0.6335 0.6819 0.6150 0.7049 0.7037
0 0.4186 0.9610 0.2894 0.9705 0.2751 0.5898 0.4044 0.5803
0 0.7097 0.5052 0.6833 0.2957 0.9560 0.2284 0.9824 0.4379
1 0.6783 0.7523 0.6792 0.7560 0.6417 0.7741 0.6408 0.7704
1 0.5388 0.8959 0.5393 0.8859 0.5578 0.8877 0.5573 0.8977
1 0.9651 0.9080 0.9667 0.9096 0.9518 0.9384 0.9501 0.9368
1 0.9780 0.5608 0.9760 0.5670 0.9488 0.5492 0.9509 0.5430
2 0.6927 0.9431 0.7126 0.9460 0.7093 0.9905 0.6894 0.9876
2 0.8275 0.5492 0.8154 0.6692 0.7280 0.6520 0.7400 0.5320
2 0.1149 0.1370 0.1560 0.1677 0.1391 0.2122 0.0980 0.1815
2 0.1597 0.9248 0.1603 0.9735 0.0746 0.9756 0.0740 0.9269
3 0.6815 0.1873 0.6737 0.1659 0.7162 0.1355 0.7240 0.1569
3 0.4994 0.6152 0.5152 0.6245 0.4966 0.6860 0.4808 0.6767
3 0.7908 0.8409 0.7996 0.8203 0.8743 0.8831 0.8655 0.9037
3 0.1365 0.3128 0.1456 0.2939 0.2195 0.3636 0.2104 0.3825
4 0.4710 0.9221 0.4631 0.9050 0.4875 0.8827 0.4955 0.8998
4 0.9329 0.9443 0.9353 0.9765 0.9077 0.9805 0.9053 0.9483
4 0.8574 0.7833 0.8554 0.7941 0.8377 0.7875 0.8398 0.7767
4 0.9143 0.8970 0.9164 0.8688 0.9260 0.8702 0.9239 0.8984
6 0.1298 0.4511 0.2339 0.6755 0.1531 0.7489 0.0490 0.5245
6 0.5597 0.9080 0.6229 0.8843 0.6286 0.9140 0.5654 0.9377
7 0.7778 0.8999 0.7824 0.9059 0.7725 0.9209 0.7679 0.9149
7 0.3049 0.5693 0.2986 0.5657 0.3034 0.5491 0.3097 0.5527
7 0.5853 0.5460 0.6000 0.5351 0.6261 0.6040 0.6115 0.6149
7 0.6738 0.9473 0.6632 0.9626 0.6328 0.9215 0.6433 0.9062
9 0.6247 0.7275 0.6332 0.7789 0.5416 0.8085 0.5331 0.7571
9 0.9955 0.6587 0.9781 0.7158 0.8280 0.6265 0.8453 0.5694
9 0.8836 0.2221 0.8574 0.1767 0.9735 0.0451 0.9998 0.0905
9 0.6011 0.3883 0.6230 0.2439 0.6652 0.2565 0.6433 0.4009
12 0.4004 0.1273 0.3962 0.0967 0.5785 0.0471 0.5827 0.0777
12 0.7158 0.0335 0.6350 0.1097 0.6248 0.0885 0.7056 0.0123
12 0.9870 0.7364 0.9485 0.8574 0.9250 0.8428 0.9635 0.7218
13 0.0177 0.5168 0.0315 0.5027 0.0446 0.5280 0.0308 0.5421
13 0.2787 0.0126 0.2925 0.0075 0.3147 0.1234 0.3009 0.1285
13 0.5519 0.4521 0.5547 0.3970 0.5724 0.3987 0.5696 0.4538
13 0.5878 0.2929 0.5784 0.3332 0.5659 0.3275 0.5753 0.2872
15 0.7169 0.5066 0.7238 0.5852 0.6648 0.5954 0.6579 0.5168
15 0.2189 0.8460 0.2127 0.7633 0.2571 0.7568 0.2633 0.8395
15 0.8506 0.0617 0.8129 0.1429 0.7511 0.0867 0.7888 0.0055
15 0.6729 0.7890 0.6987 0.8044 0.6839 0.8530 0.6582 0.8376
