0 0.7527 0.7895 0.6352 0.8398 0.5439 0.4217 0.6614 0.3714
0 0.2537 0.7824 0.2590 0.9230 0.1140 0.9336 0.1088 0.7930
0 0.3709 0.6098 0.2420 0.5940 0.2657 0.2142 0.3946 0.2300
0 0.9232 0.9292 0.8022 0.8993 0.8565 0.4688 0.9775 0.4987
1 0.7138 0.9250 0.7381 0.9323 0.7374 0.9370 0.7131 0.9297
1 0.7715 0.5719 0.7838 0.5886 0.7816 0.5917 0.7693 0.5750
1 0.4409 0.3101 0.4267 0.3125 0.4240 0.2819 0.4382 0.2795
1 0.9046 0.2299 0.9209 0.2562 0.9183 0.2593 0.9020 0.2330
2 0.1368 0.1539 0.1473 0.0336 0.3458 0.0677 0.3353 0.1880
2 0.4460 0.9125 0.3537 0.8629 0.3743 0.7879 0.4666 0.8375
2 0.0967 0.4935 0.1081 0.5164 0.0819 0.5421 0.0704 0.5192
2 0.8951 0.4277 0.8096 0.4023 0.8203 0.3315 0.9058 0.3569
3 0.1649 0.2813 0.0716 0.2973 0.0697 0.2751 0.1630 0.2591
3 0.0298 0.6168 0.0427 0.6236 0.0164 0.7192 0.0036 0.7124
3 0.8092 0.1197 0.7761 0.0683 0.7851 0.0571 0.8181 0.1085
3 0.4440 0.5922 0.5270 0.6540 0.5195 0.6738 0.4365 0.6120
4 0.5527 0.1014 0.5677 0.1146 0.5627 0.1258 0.5477 0.1126
4 0.5700 0.1518 0.5712 0.1194 0.5826 0.1202 0.5814 0.1526
4 0.4082 0.2212 0.4100 0.2078 0.4650 0.2228 0.4631 0.2362
4 0.4217 0.1420 0.5259 0.0360 0.5312 0.0460 0.4269 0.1520
6 0.2132 0.4884 0.1879 0.5214 0.1825 0.5132 0.2078 0.4802
6 0.0859 0.0488 0.0682 0.0467 0.0698 0.0216 0.0875 0.0237
6 0.8202 0.1867 0.8264 0.1051 0.8849 0.1137 0.8788 0.1953
7 0.7256 0.3045 0.7143 0.2758 0.7652 0.2363 0.7766 0.2650
7 0.7281 0.8753 0.7347 0.8622 0.7593 0.8863 0.7527 0.8994
7 0.8092 0.9428 0.8069 0.9698 0.7408 0.9584 0.7431 0.9314
7 0.5073 0.7920 0.5045 0.7765 0.5336 0.7664 0.5364 0.7819
9 0.0320 0.3489 0.0033 0.3366 0.0400 0.1687 0.0687 0.1810
9 0.4691 0.3212 0.5109 0.2666 0.5374 0.3064 0.4956 0.3610
9 0.6961 0.2964 0.5990 0.3540 0.5822 0.2984 0.6792 0.2408
12 0.2731 0.6311 0.2764 0.6371 0.1629 0.7613 0.1596 0.7553
12 0.4815 0.4792 0.4080 0.3897 0.4199 0.3704 0.4935 0.4599
13 0.2665 0.9307 0.2716 0.9146 0.2810 0.9205 0.2759 0.9366
13 0.0462 0.8533 0.0373 0.8505 0.0386 0.8423 0.0476 0.8451
13 0.0037 0.4855 0.0149 0.4372 0.0592 0.4573 0.0480 0.5056
13 0.2037 0.9662 0.2081 0.9691 0.2026 0.9854 0.1982 0.9825
15 0.7002 0.1733 0.7049 0.0976 0.7567 0.1039 0.7520 0.1796
15 0.7046 0.9266 0.6334 0.9442 0.6234 0.8646 0.6946 0.8470
15 0.8682 0.2039 0.8872 0.2969 0.8164 0.3253 0.7973 0.2323
15 0.3754 0.7532 0.3354 0.6972 0.3774 0.6384 0.4174 0.6944
