0 0.7946 0.3760 0.7186 0.5532 0.4171 0.2996 0.4932 0.1224
0 0.0019 0.8009 0.1801 0.4575 0.2906 0.5699 0.1124 0.9133
0 0.2844 0.3490 0.2031 0.3753 0.1751 0.2054 0.2563 0.1791
0 0.7678 0.7852 0.5870 0.9373 0.5111 0.7604 0.6918 0.6083
1 0.2303 0.1529 0.2261 0.1629 0.1754 0.1219 0.1796 0.1119
1 0.8761 0.1346 0.8716 0.1369 0.8613 0.0974 0.8659 0.0951
1 0.5331 0.0138 0.5357 0.0080 0.5612 0.0302 0.5586 0.0360
1 0.9557 0.6015 0.9629 0.6159 0.9566 0.6221 0.9494 0.6077
2 0.2432 0.9515 0.2405 0.9613 0.2122 0.9461 0.2149 0.9363
2 0.7768 0.8671 0.8841 0.7004 0.9603 0.7965 0.8531 0.9632
2 0.5050 0.7288 0.4376 0.8300 0.3956 0.7752 0.4630 0.6740
2 0.4257 0.6326 0.4056 0.6729 0.3726 0.6406 0.3927 0.6003
3 0.8254 0.3431 0.8267 0.3288 0.8786 0.3377 0.8773 0.3520
3 0.9877 0.4132 0.9437 0.4446 0.9383 0.4296 0.9823 0.3982
3 0.1145 0.1921 0.1428 0.1354 0.1527 0.1451 0.1243 0.2018
3 0.0592 0.1569 0.0587 0.1713 0.0068 0.1675 0.0073 0.1531
4 0.7210 0.5686 0.7395 0.5736 0.7376 0.5870 0.7191 0.5820
4 0.2569 0.0629 0.2487 0.0296 0.2579 0.0251 0.2661 0.0584
4 0.4731 0.6167 0.4935 0.6367 0.4866 0.6505 0.4662 0.6305
4 0.9274 0.0578 0.9222 0.0521 0.9498 0.0026 0.9550 0.0083
6 0.3124 0.9405 0.2953 0.8620 0.3516 0.8379 0.3687 0.9164
6 0.3320 0.3311 0.3630 0.2616 0.4129 0.3053 0.3819 0.3748
6 0.8329 0.6522 0.8163 0.3856 0.9122 0.3738 0.9289 0.6404
6 0.8980 0.2736 0.8453 0.2377 0.8712 0.1636 0.9238 0.1995
7 0.0243 0.3630 0.0076 0.3572 0.0092 0.3486 0.0258 0.3544
7 0.4156 0.1867 0.3938 0.1978 0.3667 0.0937 0.3885 0.0826
7 0.1618 0.3043 0.1281 0.3338 0.0825 0.2317 0.1162 0.2022
7 0.0720 0.0115 0.0699 0.0185 0.0597 0.0125 0.0618 0.0055
9 0.9149 0.0819 0.6946 0.0873 0.6937 0.0149 0.9140 0.0095
12 0.3396 0.5257 0.3202 0.5164 0.3538 0.3795 0.3733 0.3888
12 0.9221 0.1369 0.9535 0.0639 0.9753 0.0823 0.9439 0.1553
12 0.3731 0.9045 0.4625 0.8614 0.4709 0.8955 0.3815 0.9386
12 0.4413 0.0643 0.5097 0.0847 0.5087 0.0913 0.4403 0.0709
13 0.5104 0.6072 0.5028 0.6108 0.4979 0.5908 0.5055 0.5872
13 0.9772 0.3840 0.9771 0.3940 0.9439 0.3932 0.9441 0.3832
13 0.3811 0.9781 0.3821 0.9714 0.3947 0.9751 0.3936 0.9818
13 0.0299 0.3198 0.0432 0.3047 0.0572 0.3290 0.0439 0.3441
15 0.3479 0.7439 0.3644 0.7122 0.3949 0.7433 0.3785 0.7750
15 0.9622 0.2651 0.9826 0.2980 0.9507 0.3369 0.9303 0.3040
