0 0.6018 0.3796 0.5682 0.4398 0.4342 0.2932 0.4678 0.2330
0 0.2496 0.7537 0.5716 0.7063 0.5775 0.7859 0.2556 0.8333
0 0.8704 0.0903 0.9512 0.1755 0.8867 0.2953 0.8059 0.2101
0 0.4568 0.5977 0.4803 0.4550 0.7801 0.5519 0.7566 0.6946
1 0.6566 0.0374 0.6609 0.0548 0.6431 0.0634 0.6388 0.0460
1 0.0547 0.5589 0.0545 0.5545 0.0724 0.5523 0.0727 0.5567
1 0.4739 0.1629 0.4642 0.1595 0.4827 0.0559 0.4924 0.0593
1 0.3680 0.5130 0.3869 0.5039 0.3889 0.5118 0.3700 0.5209
2 0.1513 0.1121 0.3082 0.0143 0.3487 0.1419 0.1918 0.2397
2 0.8716 0.5118 0.8787 0.4886 0.9021 0.5026 0.8950 0.5258
2 0.2502 0.4038 0.3387 0.6099 0.2532 0.6818 0.1648 0.4757
2 0.3107 0.8741 0.5540 0.8383 0.5584 0.8975 0.3152 0.9333
3 0.7171 0.2032 0.7292 0.2185 0.6695 0.3112 0.6574 0.2959
3 0.1100 0.4917 0.1016 0.4835 0.1314 0.4239 0.1398 0.4321
3 0.9182 0.5896 0.9222 0.5763 0.9701 0.6048 0.9661 0.6181
3 0.6469 0.8241 0.6309 0.8280 0.6154 0.7051 0.6314 0.7012
4 0.1592 0.2598 0.1493 0.2678 0.1439 0.2546 0.1538 0.2466
4 0.5660 0.0555 0.5525 0.0709 0.5460 0.0597 0.5595 0.0443
4 0.3775 0.2946 0.3711 0.2970 0.3665 0.2730 0.3729 0.2706
4 0.7298 0.3377 0.7277 0.3526 0.7165 0.3495 0.7186 0.3346
6 0.9503 0.5057 0.9488 0.5305 0.9308 0.5283 0.9324 0.5035
6 0.2583 0.2576 0.3149 0.2788 0.2997 0.3584 0.2431 0.3372
6 0.9153 0.7606 0.8604 0.8105 0.8484 0.7846 0.9033 0.7347
6 0.4191 0.0995 0.4311 0.0320 0.4635 0.0433 0.4515 0.1108
7 0.6305 0.1870 0.6309 0.2242 0.5364 0.2266 0.5359 0.1894
7 0.9630 0.4593 0.9436 0.4455 0.9636 0.3907 0.9829 0.4045
7 0.6414 0.9008 0.6357 0.9174 0.5874 0.8844 0.5932 0.8678
7 0.5412 0.1345 0.5070 0.1413 0.4968 0.0399 0.5310 0.0331
9 0.0151 0.8010 0.0604 0.7227 0.1894 0.8690 0.1441 0.9473
9 0.8347 0.4734 0.7885 0.3407 0.8273 0.3142 0.8735 0.4469
9 0.7897 0.8023 0.8363 0.8328 0.7851 0.9865 0.7385 0.9560
9 0.6753 0.7094 0.7372 0.7185 0.7219 0.9230 0.6599 0.9139
12 0.1160 0.0236 0.0983 0.1800 0.0766 0.1752 0.0943 0.0188
12 0.0794 0.2583 0.1429 0.3252 0.1243 0.3597 0.0609 0.2928
12 0.8633 0.8768 0.8872 0.9048 0.8747 0.9256 0.8508 0.8976
12 0.7510 0.1250 0.7443 0.1522 0.6465 0.1050 0.6532 0.0778
13 0.9079 0.8916 0.9145 0.8891 0.9181 0.9080 0.9115 0.9105
13 0.5941 0.0283 0.6177 0.0755 0.6004 0.0925 0.5768 0.0453
13 0.4296 0.1395 0.4554 0.1465 0.4492 0.1913 0.4234 0.1843
13 0.6411 0.9607 0.6440 0.9661 0.6338 0.9769 0.6308 0.9715
15 0.0783 0.6253 0.0575 0.6544 0.0274 0.6123 0.0482 0.5832
15 0.2230 0.3539 0.1772 0.3640 0.1696 0.2965 0.2153 0.2864
15 0.8124 0.5647 0.8831 0.5326 0.8964 0.5901 0.8258 0.6222
