0 0.3517 0.3965 0.1950 0.1989 0.2937 0.0455 0.4504 0.2431
0 0.5580 0.7872 0.4600 0.7556 0.4926 0.5576 0.5906 0.5892
0 0.2122 0.9193 0.2194 0.7264 0.3332 0.7347 0.3260 0.9276
0 0.6375 0.4034 0.5751 0.2159 0.8939 0.0078 0.9563 0.1953
1 0.0738 0.5598 0.0747 0.5640 0.0574 0.5710 0.0565 0.5668
1 0.1007 0.6444 0.0980 0.6422 0.1070 0.6204 0.1097 0.6226
1 0.1353 0.5470 0.1434 0.5442 0.1575 0.6238 0.1495 0.6266
1 0.7244 0.4820 0.7293 0.4827 0.7261 0.5244 0.7213 0.5237
2 0.3310 0.4859 0.3591 0.4390 0.4138 0.5033 0.3857 0.5502
2 0.6714 0.7450 0.6539 0.5711 0.8695 0.5286 0.8870 0.7025
2 0.8996 0.9231 0.8067 0.9704 0.7870 0.8949 0.8799 0.8476
2 0.4556 0.2079 0.4572 0.1655 0.4652 0.1661 0.4636 0.2085
3 0.2362 0.5243 0.2410 0.5116 0.2869 0.5457 0.2821 0.5584
3 0.6035 0.5266 0.5110 0.5541 0.5076 0.5314 0.6001 0.5039
3 0.4508 0.3572 0.4610 0.3547 0.4700 0.4264 0.4599 0.4289
3 0.0025 0.7114 0.0094 0.7007 0.0480 0.7494 0.0412 0.7601
4 0.0701 0.1889 0.0660 0.2064 0.0516 0.1999 0.0557 0.1824
4 0.9838 0.4613 0.9762 0.4467 0.9825 0.4403 0.9900 0.4549
4 0.5494 0.0940 0.5028 0.0392 0.5098 0.0276 0.5564 0.0824
4 0.2075 0.7060 0.2023 0.7144 0.1885 0.6976 0.1937 0.6892
6 0.1199 0.3457 0.1834 0.3236 0.1887 0.3535 0.1252 0.3756
6 0.8568 0.4944 0.8698 0.4775 0.8820 0.4960 0.8691 0.5129
6 0.4530 0.7938 0.4875 0.8602 0.4398 0.9086 0.4054 0.8422
6 0.2305 0.6862 0.2447 0.6067 0.3018 0.6266 0.2876 0.7061
7 0.1796 0.1644 0.1845 0.1603 0.1944 0.1832 0.1895 0.1873
7 0.6479 0.4761 0.6434 0.4694 0.6587 0.4495 0.6632 0.4562
7 0.3969 0.7505 0.3866 0.7350 0.4217 0.6891 0.4320 0.7046
7 0.0157 0.4977 0.0128 0.4769 0.1132 0.4495 0.1161 0.4703
9 0.5317 0.2419 0.5604 0.4157 0.5317 0.4249 0.5030 0.2511
9 0.0519 0.8854 0.0695 0.8514 0.1710 0.9546 0.1533 0.9886
9 0.1797 0.1891 0.1932 0.2297 0.0909 0.2965 0.0774 0.2559
12 0.1683 0.7889 0.0754 0.7226 0.0889 0.6855 0.1818 0.7518
12 0.5282 0.8533 0.5407 0.8254 0.5952 0.8731 0.5828 0.9010
12 0.7589 0.8440 0.7479 0.8630 0.6800 0.7860 0.6909 0.7670
13 0.0662 0.0970 0.0733 0.0871 0.0809 0.0978 0.0739 0.1077
13 0.6689 0.9800 0.6920 0.9800 0.6920 0.9980 0.6689 0.9980
13 0.6819 0.4294 0.6823 0.4262 0.7706 0.4458 0.7703 0.4490
13 0.9372 0.5436 0.9206 0.5440 0.9205 0.5320 0.9371 0.5316
15 0.9028 0.6193 0.9649 0.5691 0.9949 0.6419 0.9328 0.6921
15 0.9389 0.9684 0.9191 0.8719 0.9768 0.8488 0.9966 0.9453
15 0.5932 0.9658 0.5384 0.9968 0.5202 0.9338 0.5750 0.9028
