0 0.6409 0.5254 0.4713 0.1735 0.5846 0.0666 0.7541 0.4185
0 0.9348 0.5008 0.9690 0.4975 0.9917 0.9524 0.9575 0.9557
0 0.0356 0.8337 0.0987 0.7027 0.2127 0.8103 0.1496 0.9413
0 0.3445 0.7927 0.4086 0.8219 0.3967 0.8733 0.3325 0.8441
1 0.7388 0.5591 0.7451 0.5439 0.7518 0.5493 0.7455 0.5645
1 0.7190 0.7606 0.7093 0.7339 0.7167 0.7286 0.7264 0.7553
1 0.7347 0.6551 0.7593 0.6606 0.7587 0.6653 0.7342 0.6598
1 0.9389 0.9704 0.9388 0.9732 0.9134 0.9720 0.9135 0.9692
2 0.7412 0.9085 0.6676 0.9031 0.6699 0.8419 0.7435 0.8473
2 0.4475 0.1418 0.4377 0.2397 0.3590 0.2242 0.3689 0.1263
2 0.8297 0.4809 0.7900 0.5213 0.7720 0.4867 0.8118 0.4463
2 0.5384 0.7527 0.6072 0.7897 0.5916 0.8469 0.5228 0.8099
3 0.0609 0.2867 0.1335 0.3319 0.1262 0.3545 0.0537 0.3093
3 0.7605 0.2569 0.7712 0.2448 0.8172 0.3243 0.8065 0.3364
3 0.3078 0.6120 0.3064 0.6206 0.2354 0.5976 0.2368 0.5890
3 0.3376 0.5542 0.3820 0.4620 0.3967 0.4758 0.3523 0.5680
4 0.3193 0.3468 0.2258 0.3893 0.2190 0.3600 0.3125 0.3175
4 0.3230 0.6420 0.3813 0.7294 0.3750 0.7376 0.3167 0.6502
4 0.1399 0.1075 0.1417 0.1233 0.1383 0.1241 0.1366 0.1083
4 0.9214 0.7217 0.9145 0.7301 0.9020 0.7099 0.9089 0.7015
6 0.1077 0.2593 0.0628 0.2066 0.1006 0.1435 0.1455 0.1962
6 0.1429 0.3943 0.1558 0.4870 0.0225 0.5233 0.0097 0.4306
6 0.9627 0.1239 0.9229 0.3857 0.8288 0.3577 0.8685 0.0959
6 0.1780 0.5593 0.1674 0.4660 0.3015 0.4363 0.3120 0.5296
7 0.6673 0.7486 0.6465 0.7162 0.6601 0.6990 0.6809 0.7314
7 0.4231 0.0232 0.4231 0.0636 0.3106 0.0636 0.3106 0.0232
7 0.4328 0.7636 0.4162 0.7578 0.4243 0.7120 0.4410 0.7178
7 0.0497 0.5994 0.0402 0.5856 0.0649 0.5522 0.0744 0.5660
9 0.8905 0.8075 0.9027 0.8633 0.7598 0.9245 0.7476 0.8687
9 0.1759 0.1079 0.2052 0.0746 0.2644 0.1769 0.2351 0.2102
9 0.9121 0.5906 0.8607 0.5868 0.8671 0.4174 0.9184 0.4212
9 0.4470 0.9566 0.4227 0.9319 0.4964 0.7898 0.5207 0.8145
12 0.4662 0.6147 0.4875 0.5766 0.5744 0.6717 0.5531 0.7098
12 0.3847 0.4029 0.3520 0.3871 0.3879 0.2411 0.4206 0.2569
12 0.0848 0.6246 0.0852 0.6170 0.2287 0.6346 0.2282 0.6422
13 0.2748 0.7351 0.2895 0.7287 0.2944 0.7509 0.2796 0.7573
13 0.1842 0.3368 0.1819 0.3308 0.1933 0.3224 0.1955 0.3284
13 0.2755 0.2827 0.2734 0.2914 0.2582 0.2841 0.2604 0.2754
13 0.3549 0.2276 0.3514 0.2276 0.3514 0.1184 0.3549 0.1184
15 0.6432 0.6561 0.6016 0.6277 0.6231 0.5663 0.6647 0.5947
15 0.7519 0.5641 0.8249 0.5588 0.8281 0.6435 0.7551 0.6488
15 0.3266 0.9970 0.2753 0.9722 0.2922 0.9034 0.3436 0.9282
