0 0.1243 0.2892 0.0618 0.3245 0.0474 0.2744 0.1099 0.2391
0 0.6367 0.4465 0.6216 0.3731 0.7850 0.3075 0.8001 0.3809
0 0.5046 0.3516 0.5358 0.4599 0.4203 0.5252 0.3891 0.4169
0 0.4649 0.9969 0.4062 0.8354 0.6488 0.6623 0.7075 0.8238
1 0.3138 0.1308 0.3110 0.1316 0.3028 0.0772 0.3056 0.0764
1 0.1808 0.5762 0.1754 0.5280 0.2375 0.5142 0.2429 0.5624
1 0.4916 0.0604 0.4934 0.0568 0.5081 0.0712 0.5063 0.0748
1 0.2262 0.7479 0.2264 0.7339 0.3027 0.7357 0.3025 0.7497
2 0.1497 0.8734 0.1616 0.8275 0.2258 0.8602 0.2138 0.9061
2 0.0222 0.9688 0.0079 0.8942 0.0341 0.8844 0.0484 0.9590
2 0.8900 0.5291 0.9246 0.4339 0.9640 0.4621 0.9294 0.5573
2 0.5628 0.2732 0.5340 0.1412 0.8575 0.0028 0.8863 0.1348
3 0.9769 0.9892 0.9608 0.9856 0.9748 0.8624 0.9909 0.8660
3 0.5326 0.3302 0.5233 0.3365 0.5006 0.2710 0.5098 0.2647
3 0.9216 0.7147 0.9723 0.7448 0.9670 0.7625 0.9162 0.7324
3 0.8268 0.8870 0.7683 0.7820 0.7809 0.7682 0.8394 0.8732
4 0.7236 0.5775 0.7322 0.5615 0.7995 0.6325 0.7909 0.6485
4 0.4720 0.6534 0.4582 0.6404 0.4672 0.6218 0.4809 0.6348
4 0.4119 0.3224 0.4332 0.3327 0.4304 0.3440 0.4091 0.3337
4 0.0353 0.3427 0.0406 0.3276 0.0519 0.3353 0.0466 0.3504
6 0.8427 0.4939 0.8826 0.5539 0.8396 0.6101 0.7996 0.5501
6 0.1464 0.5519 0.1066 0.8137 0.0125 0.7857 0.0522 0.5239
6 0.5961 0.5873 0.5625 0.5756 0.5645 0.5647 0.5980 0.5764
6 0.1151 0.2269 0.0716 0.1932 0.0878 0.1523 0.1313 0.1860
7 0.3170 0.1132 0.3279 0.0915 0.3332 0.0968 0.3224 0.1185
7 0.0287 0.1132 0.0180 0.1486 0.0096 0.1436 0.0203 0.1082
7 0.4054 0.6085 0.4029 0.6216 0.3643 0.6071 0.3668 0.5940
7 0.8653 0.3292 0.8726 0.2848 0.9247 0.3016 0.9174 0.3460
9 0.2980 0.9729 0.2819 0.8124 0.3088 0.8071 0.3249 0.9676
9 0.1536 0.2522 0.1708 0.2178 0.2735 0.3186 0.2563 0.3530
9 0.4613 0.0257 0.4285 0.2617 0.3556 0.2419 0.3884 0.0059
9 0.1710 0.3902 0.1898 0.4360 0.1084 0.5018 0.0896 0.4560
12 0.8322 0.3254 0.8598 0.3387 0.8541 0.3618 0.8265 0.3485
12 0.6862 0.4723 0.7506 0.5106 0.7487 0.5169 0.6843 0.4786
12 0.2849 0.1073 0.2755 0.1369 0.1557 0.0623 0.1651 0.0327
12 0.2579 0.5036 0.3686 0.4707 0.3732 0.5008 0.2625 0.5337
13 0.3329 0.8050 0.3419 0.7900 0.3489 0.7982 0.3399 0.8132
13 0.0650 0.8880 0.0675 0.8943 0.0555 0.9036 0.0530 0.8973
13 0.9103 0.1625 0.9097 0.1386 0.9157 0.1383 0.9163 0.1622
13 0.0713 0.9420 0.0729 0.9602 0.0650 0.9616 0.0634 0.9434
15 0.9867 0.0572 0.9741 0.1568 0.9173 0.1428 0.9299 0.0432
15 0.8206 0.6480 0.9146 0.6480 0.9146 0.7280 0.8206 0.7280
15 0.0784 0.9274 0.1092 0.9282 0.1085 0.9874 0.0776 0.9866
15 0.3269 0.1767 0.3446 0.2121 0.3100 0.2461 0.2923 0.2107
