0 0.2487 0.6600 0.2100 0.7374 0.1784 0.7064 0.2171 0.6290
0 0.7014 0.5727 0.7112 0.7301 0.5743 0.7469 0.5645 0.5895
0 0.5384 0.1866 0.5002 0.2630 0.4590 0.2226 0.4972 0.1462
0 0.6606 0.0807 0.7989 0.3035 0.6877 0.4389 0.5493 0.2161
1 0.3853 0.8193 0.3734 0.7865 0.3810 0.7811 0.3929 0.8139
1 0.4358 0.9168 0.4330 0.9113 0.4576 0.8872 0.4604 0.8927
1 0.2396 0.7964 0.2486 0.7619 0.2567 0.7660 0.2477 0.8005
1 0.0354 0.5838 0.0481 0.5747 0.0581 0.6022 0.0453 0.6113
2 0.9709 0.8639 0.9528 0.9209 0.9168 0.8985 0.9349 0.8415
2 0.3347 0.6798 0.4015 0.7049 0.3913 0.7586 0.3245 0.7335
2 0.1637 0.8505 0.0974 0.9041 0.0223 0.7219 0.0886 0.6683
2 0.8983 0.6919 0.8313 0.7153 0.8217 0.6613 0.8887 0.6379
3 0.3057 0.5739 0.3138 0.5827 0.2818 0.6401 0.2737 0.6313
3 0.7007 0.8244 0.7106 0.9560 0.6941 0.9584 0.6842 0.8268
3 0.3641 0.0619 0.2843 0.1345 0.2756 0.1157 0.3554 0.0431
3 0.4964 0.3739 0.4852 0.4848 0.4714 0.4821 0.4825 0.3712
4 0.7470 0.4833 0.7244 0.4811 0.7250 0.4691 0.7476 0.4713
4 0.2699 0.9825 0.2738 0.9591 0.2838 0.9623 0.2799 0.9857
4 0.9750 0.2355 0.9552 0.2450 0.9519 0.2313 0.9716 0.2218
4 0.3439 0.4550 0.3512 0.4502 0.3589 0.4734 0.3517 0.4782
6 0.8436 0.7628 0.8108 0.7478 0.8132 0.7372 0.8461 0.7522
6 0.2374 0.3009 0.2834 0.2319 0.3826 0.3615 0.3366 0.4305
6 0.8660 0.1826 0.8836 0.1800 0.8855 0.2050 0.8678 0.2076
6 0.5007 0.6398 0.4694 0.5857 0.4953 0.5562 0.5266 0.6103
7 0.2467 0.4428 0.2567 0.4887 0.1807 0.5212 0.1707 0.4753
7 0.3686 0.6013 0.3953 0.5927 0.3977 0.6075 0.3710 0.6161
7 0.4688 0.9357 0.4676 0.9041 0.5638 0.8971 0.5650 0.9287
7 0.8667 0.7997 0.8628 0.7913 0.8753 0.7799 0.8792 0.7883
9 0.0539 0.2630 0.0039 0.1905 0.1233 0.0290 0.1733 0.1015
9 0.9284 0.4627 0.9487 0.5452 0.8099 0.6121 0.7896 0.5296
9 0.5527 0.7473 0.4685 0.8361 0.4425 0.7879 0.5267 0.6991
9 0.0360 0.3624 0.0660 0.3624 0.0660 0.5380 0.0360 0.5380
12 0.2009 0.0759 0.2236 0.0826 0.2065 0.1949 0.1839 0.1882
12 0.8180 0.3473 0.8202 0.3403 0.9517 0.4223 0.9495 0.4293
12 0.5918 0.5396 0.5091 0.4754 0.5216 0.4440 0.6043 0.5082
13 0.7419 0.7691 0.7834 0.7395 0.7969 0.7765 0.7554 0.8061
13 0.6585 0.9838 0.6706 0.9419 0.6804 0.9474 0.6683 0.9893
13 0.0688 0.5765 0.0679 0.5740 0.1595 0.5059 0.1604 0.5084
13 0.7049 0.5366 0.6993 0.5482 0.6874 0.5370 0.6930 0.5254
15 0.6735 0.8431 0.6246 0.9166 0.5807 0.8593 0.6297 0.7858
15 0.7835 0.8616 0.7504 0.8740 0.7416 0.8280 0.7747 0.8156
15 0.8684 0.1529 0.8482 0.0751 0.8938 0.0519 0.9141 0.1297
15 0.4616 0.3423 0.4692 0.4429 0.4118 0.4513 0.4042 0.3507
