0 0.7291 0.9953 0.5794 0.9584 0.6275 0.5767 0.7772 0.6136
0 0.2935 0.0666 0.2642 0.3589 0.1182 0.3302 0.1475 0.0379
0 0.6233 0.5025 0.4899 0.3158 0.5419 0.2431 0.6752 0.4298
0 0.1319 0.4112 0.1447 0.3667 0.4467 0.5376 0.4339 0.5821
1 0.5762 0.1470 0.5818 0.1131 0.5852 0.1142 0.5796 0.1481
1 0.9383 0.9642 0.9285 0.9615 0.9431 0.8566 0.9529 0.8593
1 0.9431 0.5336 0.9458 0.5323 0.9581 0.5852 0.9553 0.5865
1 0.6414 0.5316 0.6566 0.5425 0.6552 0.5464 0.6399 0.5355
2 0.7220 0.3123 0.7654 0.2255 0.7975 0.2569 0.7540 0.3437
2 0.7608 0.4996 0.9176 0.4920 0.9183 0.5196 0.7615 0.5272
2 0.9742 0.8325 0.9082 0.7791 0.9303 0.7255 0.9964 0.7789
2 0.9679 0.6936 0.9645 0.6250 0.9950 0.6220 0.9984 0.6906
3 0.3060 0.9089 0.2613 0.7913 0.2754 0.7807 0.3201 0.8983
3 0.5031 0.6249 0.5142 0.5140 0.5281 0.5167 0.5169 0.6276
3 0.8911 0.1576 0.8859 0.1452 0.9309 0.1088 0.9361 0.1212
3 0.0398 0.2253 0.0302 0.2054 0.1025 0.1371 0.1121 0.1570
4 0.7097 0.2734 0.7185 0.2614 0.7221 0.2666 0.7132 0.2786
4 0.3022 0.7517 0.3191 0.7431 0.3255 0.7679 0.3086 0.7765
4 0.8824 0.9205 0.8765 0.9234 0.8727 0.9083 0.8787 0.9054
4 0.7320 0.1239 0.7207 0.1261 0.7202 0.1213 0.7316 0.1191
6 0.3869 0.9724 0.3375 0.9797 0.3340 0.9332 0.3834 0.9259
6 0.4065 0.8642 0.4113 0.8163 0.4192 0.8178 0.4144 0.8657
6 0.4484 0.1088 0.4219 0.0777 0.4270 0.0692 0.4535 0.1003
6 0.7322 0.3511 0.7524 0.4382 0.7315 0.4477 0.7113 0.3606
7 0.0738 0.6819 0.0557 0.6878 0.0385 0.5837 0.0566 0.5778
7 0.8136 0.5731 0.8172 0.5812 0.8061 0.5909 0.8025 0.5828
7 0.3824 0.0943 0.3853 0.0899 0.4036 0.1129 0.4007 0.1173
7 0.1988 0.6664 0.2051 0.6539 0.2395 0.6876 0.2332 0.7001
9 0.9007 0.2054 0.9726 0.1984 0.9841 0.4302 0.9123 0.4372
9 0.5560 0.7690 0.4415 0.8472 0.4286 0.8102 0.5431 0.7320
9 0.4352 0.2198 0.3154 0.2809 0.3054 0.2422 0.4251 0.1811
9 0.8774 0.0138 0.8829 0.1007 0.7366 0.1186 0.7311 0.0317
12 0.3908 0.0077 0.3915 0.0002 0.5341 0.0283 0.5334 0.0358
12 0.6961 0.5457 0.6679 0.5641 0.6596 0.5395 0.6879 0.5211
12 0.3715 0.6460 0.3889 0.6679 0.3459 0.7348 0.3285 0.7129
13 0.8662 0.7469 0.8640 0.7460 0.8901 0.6263 0.8923 0.6272
13 0.3986 0.0581 0.3928 0.0466 0.4017 0.0379 0.4075 0.0494
13 0.3661 0.8454 0.3656 0.8670 0.3490 0.8662 0.3496 0.8446
13 0.0498 0.9473 0.0162 0.9283 0.0336 0.8679 0.0673 0.8869
15 0.5521 0.6159 0.5718 0.6265 0.5505 0.7041 0.5308 0.6935
15 0.2276 0.7715 0.2569 0.7679 0.2607 0.8273 0.2313 0.8309
15 0.8272 0.7852 0.8864 0.8454 0.8562 0.9036 0.7970 0.8434
15 0.1251 0.7143 0.2087 0.7349 0.1952 0.8421 0.1116 0.8215
