0 0.2566 0.7471 0.3354 0.7852 0.2949 0.9501 0.2160 0.9120
0 0.6320 0.0816 0.7063 0.1346 0.6497 0.2900 0.5754 0.2370
0 0.7914 0.4678 0.6199 0.8522 0.5714 0.8098 0.7430 0.4254
0 0.0545 0.4448 0.3222 0.2456 0.3863 0.4144 0.1187 0.6136
1 0.5456 0.2590 0.5226 0.2411 0.5267 0.2306 0.5497 0.2485
1 0.4257 0.8481 0.4227 0.8373 0.4774 0.8079 0.4804 0.8187
1 0.1549 0.9661 0.1489 0.9773 0.0880 0.9131 0.0940 0.9019
1 0.8365 0.9730 0.8356 0.9688 0.8529 0.9618 0.8538 0.9660
2 0.4784 0.6568 0.4538 0.6828 0.4436 0.6640 0.4682 0.6380
2 0.1243 0.1206 0.1373 0.0814 0.1526 0.0914 0.1395 0.1306
2 0.7945 0.7436 0.9461 0.6307 0.9929 0.7540 0.8413 0.8669
2 0.5380 0.2876 0.5599 0.2854 0.5646 0.3784 0.5426 0.3806
3 0.8619 0.3468 0.8259 0.2558 0.8401 0.2448 0.8761 0.3358
3 0.5041 0.2078 0.4227 0.1420 0.4307 0.1226 0.5121 0.1884
3 0.9262 0.2129 0.8914 0.1210 0.9058 0.1103 0.9406 0.2022
3 0.8420 0.1022 0.8222 0.2325 0.8066 0.2278 0.8264 0.0975
4 0.9339 0.9336 0.9469 0.9218 0.9618 0.9540 0.9489 0.9658
4 0.5555 0.4374 0.5497 0.4297 0.5622 0.4110 0.5680 0.4187
4 0.1759 0.0856 0.1775 0.0937 0.1595 0.1004 0.1580 0.0923
4 0.1118 0.7407 0.1040 0.7428 0.1005 0.7177 0.1083 0.7156
6 0.4079 0.1218 0.3722 0.0450 0.3907 0.0282 0.4263 0.1050
6 0.1426 0.2186 0.1447 0.1940 0.1626 0.1970 0.1604 0.2216
6 0.2307 0.7243 0.1730 0.7385 0.1628 0.6573 0.2204 0.6431
6 0.8858 0.9638 0.9009 0.9766 0.8917 0.9982 0.8765 0.9854
7 0.2147 0.1588 0.2215 0.1536 0.2293 0.1732 0.2225 0.1784
7 0.4572 0.3549 0.4262 0.3408 0.4291 0.3287 0.4600 0.3428
7 0.5103 0.2810 0.5143 0.2868 0.5005 0.3054 0.4966 0.2996
7 0.5324 0.9728 0.5299 0.9680 0.5433 0.9544 0.5458 0.9592
9 0.3464 0.1135 0.2905 0.1301 0.2824 0.0769 0.3383 0.0603
9 0.3359 0.7349 0.3789 0.7199 0.4184 0.9415 0.3754 0.9565
12 0.4999 0.6084 0.4634 0.4820 0.4804 0.4724 0.5169 0.5988
12 0.3973 0.1598 0.2974 0.2342 0.2870 0.2070 0.3869 0.1326
12 0.1100 0.8056 0.1208 0.7747 0.2011 0.8296 0.1904 0.8605
13 0.2586 0.6180 0.2792 0.6279 0.2662 0.6804 0.2457 0.6705
13 0.3179 0.0389 0.3226 0.0183 0.3384 0.0255 0.3336 0.0461
13 0.9753 0.9360 0.9696 0.9250 0.9749 0.9196 0.9807 0.9306
13 0.6299 0.0360 0.6366 0.0336 0.6452 0.0788 0.6386 0.0812
15 0.8444 0.4727 0.8905 0.3931 0.9376 0.4465 0.8915 0.5261
15 0.5684 0.5789 0.5420 0.6088 0.5204 0.5715 0.5469 0.5416
15 0.4517 0.4309 0.4256 0.4168 0.4391 0.3675 0.4653 0.3816
15 0.6765 0.9499 0.7356 0.8875 0.7626 0.9377 0.7035 1.0001
