0 0.3062 0.4920 0.4322 0.3730 0.5870 0.6944 0.4610 0.8134
0 0.5963 0.3128 0.6590 0.1544 0.8972 0.3392 0.8344 0.4976
0 0.8777 0.7836 0.7162 0.9733 0.6214 0.8152 0.7830 0.6255
0 0.1138 0.1751 0.1890 0.3372 0.0933 0.4241 0.0182 0.2620
1 0.2594 0.6701 0.2477 0.6450 0.2546 0.6387 0.2663 0.6638
1 0.7662 0.0504 0.7683 0.0322 0.7869 0.0364 0.7849 0.0546
1 0.9063 0.6184 0.9216 0.6004 0.9254 0.6068 0.9101 0.6248
1 0.1217 0.8407 0.1393 0.8681 0.1329 0.8761 0.1153 0.8487
2 0.2275 0.0071 0.2738 0.1109 0.2300 0.1493 0.1836 0.0455
2 0.3909 0.3453 0.3594 0.3227 0.3653 0.3063 0.3969 0.3289
2 0.5538 0.0412 0.5451 0.0712 0.5282 0.0616 0.5369 0.0316
2 0.2064 0.7696 0.2986 0.8353 0.2793 0.8884 0.1871 0.8227
3 0.1497 0.4714 0.1482 0.4953 0.0614 0.4846 0.0629 0.4607
3 0.5236 0.1421 0.5324 0.1347 0.5592 0.1971 0.5504 0.2045
3 0.9690 0.4006 0.9628 0.3997 0.9704 0.2982 0.9766 0.2991
3 0.1391 0.7324 0.1291 0.7287 0.1427 0.6580 0.1526 0.6617
4 0.9014 0.6756 0.9049 0.6783 0.9031 0.6828 0.8996 0.6801
4 0.0343 0.9324 0.0229 0.9469 0.0045 0.9184 0.0160 0.9039
4 0.5090 0.0163 0.5123 0.0242 0.4739 0.0565 0.4705 0.0486
4 0.3279 0.9676 0.3500 0.9564 0.3578 0.9864 0.3358 0.9976
6 0.2917 0.4768 0.3053 0.5664 0.2838 0.5728 0.2702 0.4832
6 0.3741 0.8206 0.4395 0.8238 0.4387 0.8546 0.3734 0.8514
6 0.2312 0.5594 0.1701 0.5922 0.1622 0.5634 0.2233 0.5306
6 0.2288 0.3384 0.2917 0.3132 0.2978 0.3428 0.2349 0.3680
7 0.9083 0.4543 0.9320 0.4491 0.9412 0.5305 0.9175 0.5357
7 0.4915 0.3453 0.4634 0.3362 0.4887 0.1827 0.5169 0.1918
7 0.0270 0.6289 0.0108 0.6118 0.0470 0.5447 0.0632 0.5618
7 0.5869 0.2184 0.5941 0.2374 0.5863 0.2432 0.5790 0.2242
9 0.3098 0.1906 0.4138 0.2616 0.4019 0.2958 0.2979 0.2248
9 0.8896 0.5855 0.8755 0.6226 0.7647 0.5401 0.7788 0.5030
9 0.4811 0.9764 0.5405 0.8379 0.5635 0.8572 0.5041 0.9957
12 0.9014 0.1987 0.9711 0.0902 0.9932 0.1181 0.9234 0.2266
12 0.7449 0.0842 0.6832 0.1361 0.6714 0.1086 0.7331 0.0567
12 0.9446 0.7055 0.9837 0.7867 0.9797 0.7905 0.9406 0.7093
13 0.1304 0.1321 0.1210 0.1356 0.1193 0.1267 0.1287 0.1232
13 0.4376 0.9049 0.4254 0.8954 0.4298 0.8843 0.4421 0.8938
13 0.2333 0.9319 0.2279 0.9460 0.2065 0.9301 0.2118 0.9160
13 0.5805 0.9730 0.5919 0.9658 0.5961 0.9790 0.5846 0.9862
15 0.9368 0.8952 0.9830 0.9475 0.9549 0.9960 0.9087 0.9437
15 0.6788 0.5133 0.7119 0.5068 0.7167 0.5543 0.6835 0.5608
15 0.2421 0.2781 0.2131 0.1823 0.2528 0.1587 0.2818 0.2545
