0 0.1318 0.0071 0.1406 0.1482 0.0339 0.1613 0.0251 0.0202
0 0.8904 0.3582 0.9463 0.4110 0.9247 0.4558 0.8688 0.4030
0 0.2889 0.7856 0.2889 0.5728 0.5657 0.5728 0.5657 0.7856
0 0.1503 0.5127 0.2727 0.5717 0.1840 0.9321 0.0616 0.8731
1 0.7039 0.6802 0.7205 0.6744 0.7213 0.6786 0.7046 0.6844
1 0.1850 0.2203 0.1841 0.2246 0.1668 0.2181 0.1676 0.2138
1 0.6717 0.6488 0.6781 0.6547 0.6458 0.7244 0.6393 0.7185
1 0.3292 0.2095 0.3240 0.2185 0.2785 0.1669 0.2837 0.1579
2 0.7052 0.3940 0.7318 0.3953 0.7305 0.4460 0.7039 0.4447
2 0.7285 0.3852 0.6554 0.3578 0.6652 0.3068 0.7383 0.3342
2 0.3624 0.4411 0.4247 0.4441 0.4230 0.5093 0.3608 0.5063
2 0.1198 0.3443 0.0672 0.4206 0.0391 0.3825 0.0916 0.3062
3 0.7673 0.3098 0.8117 0.2176 0.8264 0.2314 0.7820 0.3236
3 0.5816 0.3054 0.5824 0.2966 0.6547 0.3090 0.6539 0.3178
3 0.5237 0.9481 0.5761 0.9242 0.5809 0.9447 0.5284 0.9686
3 0.3522 0.3911 0.4057 0.3724 0.4095 0.3933 0.3560 0.4120
4 0.0931 0.4541 0.1083 0.4447 0.1149 0.4655 0.0997 0.4749
4 0.7246 0.1144 0.7162 0.1334 0.7128 0.1304 0.7213 0.1114
4 0.0270 0.5841 0.0077 0.5822 0.0084 0.5679 0.0278 0.5698
4 0.4333 0.9117 0.4125 0.8975 0.4224 0.8691 0.4432 0.8833
6 0.5617 0.3025 0.5450 0.3449 0.5380 0.3395 0.5547 0.2971
6 0.9555 0.5826 0.8135 0.7616 0.7490 0.6614 0.8911 0.4824
6 0.6307 0.1229 0.4574 0.2360 0.4168 0.1139 0.5900 0.0008
6 0.3099 0.8163 0.3653 0.8430 0.3461 0.9209 0.2907 0.8942
7 0.8806 0.9162 0.8677 0.9126 0.8765 0.8490 0.8894 0.8526
7 0.6174 0.9005 0.6235 0.8842 0.6538 0.9067 0.6476 0.9230
7 0.1777 0.1341 0.1471 0.1258 0.1506 0.1007 0.1812 0.1090
7 0.9087 0.1850 0.9276 0.1727 0.9513 0.2438 0.9324 0.2561
9 0.1804 0.2458 0.1782 0.4241 0.1487 0.4234 0.1510 0.2451
9 0.1899 0.2748 0.2576 0.2404 0.3144 0.4588 0.2467 0.4932
9 0.9295 0.0315 0.9458 0.0852 0.8082 0.1669 0.7919 0.1132
12 0.2950 0.9783 0.3544 0.9264 0.3570 0.9321 0.2976 0.9840
12 0.5003 0.5175 0.4951 0.5193 0.4602 0.3237 0.4655 0.3219
12 0.5855 0.6052 0.5662 0.5651 0.6576 0.4788 0.6770 0.5189
13 0.3504 0.0901 0.3403 0.0826 0.3542 0.0459 0.3643 0.0534
13 0.4543 0.8476 0.4851 0.8476 0.4851 0.8788 0.4543 0.8788
13 0.6997 0.8879 0.7149 0.8912 0.7123 0.9141 0.6971 0.9108
13 0.9459 0.8384 0.9408 0.8320 0.9632 0.7972 0.9683 0.8036
15 0.2187 0.0821 0.2432 0.0490 0.2670 0.0835 0.2425 0.1166
15 0.5559 0.3691 0.6078 0.3913 0.5926 0.4609 0.5407 0.4387
