0 0.5587 0.7397 0.5521 0.6925 0.8719 0.6055 0.8784 0.6527
0 0.6653 0.4462 0.4368 0.4406 0.4378 0.3558 0.6664 0.3614
0 0.3641 0.8704 0.2261 0.6904 0.2762 0.6152 0.4141 0.7952
0 0.8933 0.3017 0.8394 0.1239 0.9444 0.0615 0.9983 0.2393
1 0.5413 0.1797 0.5376 0.1432 0.5461 0.1415 0.5498 0.1780
1 0.9148 0.4912 0.9316 0.4961 0.9309 0.5004 0.9141 0.4955
1 0.7696 0.0589 0.7721 0.0495 0.7895 0.0583 0.7871 0.0677
1 0.9646 0.6027 0.9461 0.6177 0.9419 0.6077 0.9605 0.5927
2 0.8062 0.4231 0.8971 0.4142 0.8998 0.4685 0.8089 0.4774
2 0.6629 0.8171 0.8552 0.7500 0.8754 0.8633 0.6830 0.9304
2 0.0042 0.8030 0.0574 0.7203 0.0884 0.7594 0.0352 0.8421
2 0.7527 0.5572 0.6548 0.5764 0.6468 0.4968 0.7447 0.4776
3 0.1871 0.5028 0.1937 0.6357 0.1778 0.6372 0.1711 0.5043
3 0.8056 0.2286 0.7993 0.2289 0.7967 0.1270 0.8030 0.1267
3 0.9496 0.3140 0.9651 0.3039 0.9853 0.3644 0.9697 0.3745
3 0.2966 0.2678 0.2590 0.2113 0.2691 0.1982 0.3067 0.2547
4 0.5092 0.2988 0.4873 0.2713 0.4923 0.2636 0.5141 0.2911
4 0.6341 0.0508 0.6421 0.0513 0.6390 0.1328 0.6311 0.1323
4 0.2165 0.8706 0.2235 0.8876 0.1732 0.9282 0.1662 0.9112
4 0.3123 0.3223 0.3167 0.3243 0.3105 0.3509 0.3062 0.3489
6 0.4819 0.8016 0.4325 0.8101 0.4284 0.7636 0.4778 0.7551
6 0.0936 0.2271 0.0643 0.2981 0.0133 0.2569 0.0426 0.1859
6 0.3072 0.9517 0.2921 0.9385 0.3017 0.9171 0.3167 0.9303
6 0.5172 0.5933 0.4660 0.5536 0.4945 0.4815 0.5457 0.5212
7 0.5931 0.0229 0.5976 0.0162 0.6126 0.0359 0.6081 0.0426
7 0.5276 0.2070 0.5290 0.1980 0.5418 0.2018 0.5405 0.2108
7 0.0849 0.3831 0.1020 0.4283 0.0377 0.4761 0.0205 0.4309
7 0.3521 0.4157 0.3508 0.4076 0.3647 0.4031 0.3661 0.4112
9 0.2697 0.1284 0.4792 0.0331 0.4952 0.1020 0.2857 0.1973
9 0.8893 0.7122 0.9254 0.6830 1.0001 0.8642 0.9640 0.8934
9 0.1718 0.0868 0.1618 0.2481 0.1347 0.2448 0.1448 0.0835
12 0.2910 0.3850 0.3101 0.3542 0.3233 0.3702 0.3042 0.4010
12 0.7045 0.1412 0.7130 0.1400 0.7352 0.4356 0.7267 0.4368
13 0.2038 0.4198 0.1911 0.4746 0.1710 0.4654 0.1837 0.4106
13 0.7649 0.3398 0.7586 0.3425 0.7539 0.3210 0.7602 0.3183
13 0.6826 0.2236 0.6991 0.2244 0.6988 0.2364 0.6823 0.2356
13 0.5360 0.0241 0.5316 0.0072 0.5389 0.0035 0.5433 0.0204
15 0.8863 0.5802 0.8637 0.5956 0.8471 0.5478 0.8697 0.5324
15 0.0145 0.1817 0.0042 0.0791 0.0486 0.0703 0.0589 0.1729
15 0.1650 0.6501 0.0608 0.6450 0.0636 0.5327 0.1678 0.5378
15 0.6274 0.5745 0.5967 0.5700 0.6012 0.5111 0.6318 0.5156
