0 0.9142 0.5185 0.8205 0.4654 0.8606 0.3263 0.9544 0.3794
0 0.3748 0.7856 0.4065 0.3636 0.5423 0.3836 0.5106 0.8056
0 0.7302 0.9276 0.7494 0.7362 0.8623 0.7584 0.8431 0.9498
0 0.1208 0.3354 0.0688 0.1638 0.3097 0.0206 0.3618 0.1922
1 0.7675 0.6573 0.7632 0.6605 0.7491 0.6235 0.7534 0.6203
1 0.0028 0.9516 0.0046 0.9415 0.0235 0.9480 0.0217 0.9581
1 0.6854 0.4538 0.6965 0.4527 0.6983 0.4894 0.6872 0.4905
1 0.9617 0.1604 0.9607 0.1646 0.9437 0.1564 0.9447 0.1522
2 0.9156 0.7401 0.9224 0.7359 0.9347 0.7747 0.9279 0.7789
2 0.1309 0.8260 0.0324 0.8309 0.0206 0.3576 0.1191 0.3527
2 0.5099 0.2957 0.5120 0.2775 0.6221 0.3019 0.6200 0.3201
2 0.6651 0.6059 0.6964 0.8309 0.6551 0.8421 0.6239 0.6171
3 0.3541 0.6954 0.3153 0.7933 0.3031 0.7838 0.3418 0.6859
3 0.4575 0.8512 0.4589 0.8654 0.4071 0.8756 0.4057 0.8614
3 0.7191 0.4337 0.6499 0.3777 0.6569 0.3607 0.7261 0.4167
3 0.8752 0.2897 0.8251 0.1774 0.8391 0.1651 0.8892 0.2774
4 0.5911 0.7268 0.5816 0.7369 0.5740 0.7228 0.5836 0.7127
4 0.9571 0.8517 0.9565 0.8625 0.9323 0.8595 0.9330 0.8487
4 0.5642 0.2331 0.5821 0.2191 0.5873 0.2321 0.5693 0.2461
4 0.1891 0.6346 0.1940 0.6248 0.2200 0.6502 0.2151 0.6600
6 0.8656 0.9299 0.8849 0.8898 0.8916 0.8961 0.8722 0.9362
6 0.5347 0.0827 0.5844 0.0790 0.5861 0.1257 0.5365 0.1294
6 0.4793 0.0826 0.4827 0.1070 0.4650 0.1118 0.4616 0.0874
6 0.1839 0.7139 0.2458 0.7438 0.2386 0.7729 0.1768 0.7430
7 0.6259 0.3744 0.6438 0.3540 0.6501 0.3648 0.6322 0.3852
7 0.7726 0.5281 0.7679 0.5162 0.8029 0.4891 0.8076 0.5010
7 0.3907 0.3278 0.3650 0.3252 0.3690 0.2450 0.3947 0.2476
7 0.6041 0.3719 0.6124 0.3862 0.5764 0.4269 0.5682 0.4126
9 0.8019 0.1458 0.6788 0.0996 0.6864 0.0598 0.8095 0.1060
9 0.7580 0.2385 0.6727 0.3252 0.6474 0.2763 0.7327 0.1896
9 0.3015 0.9018 0.2671 0.9553 0.1771 0.8418 0.2115 0.7883
9 0.4437 0.9356 0.5642 0.8775 0.5737 0.9164 0.4533 0.9745
12 0.7178 0.9890 0.6948 0.9856 0.7033 0.8714 0.7264 0.8748
12 0.9144 0.6426 0.8105 0.6553 0.8079 0.6138 0.9118 0.6011
12 0.8949 0.0833 0.8162 0.0679 0.8205 0.0251 0.8992 0.0405
13 0.0479 0.9604 0.0345 0.9496 0.0578 0.8932 0.0712 0.9040
13 0.1956 0.5771 0.3628 0.5187 0.3707 0.5629 0.2035 0.6213
13 0.5816 0.6659 0.5986 0.6634 0.6010 0.6945 0.5839 0.6970
13 0.5456 0.6587 0.5541 0.6635 0.5518 0.6713 0.5434 0.6665
15 0.2149 0.4944 0.1925 0.4641 0.2219 0.4216 0.2443 0.4519
15 0.4361 0.2267 0.5016 0.2734 0.4787 0.3361 0.4133 0.2894
15 0.8719 0.6639 0.8821 0.6898 0.8301 0.7301 0.8199 0.7042
15 0.6378 0.9988 0.5822 0.9183 0.6248 0.8608 0.6803 0.9413
