0 0.2061 -0.0002 0.3044 0.0583 0.1917 0.4302 0.0933 0.3717
0 0.7431 0.3498 0.7571 0.2574 0.7949 0.2686 0.7809 0.3610
0 0.8920 0.3916 0.8205 0.3315 0.8846 0.1820 0.9561 0.2421
0 0.6398 0.0904 0.3396 0.2602 0.3182 0.1860 0.6184 0.0162
1 0.8867 0.8163 0.8870 0.8231 0.8571 0.8261 0.8567 0.8193
1 0.0195 0.7561 0.0139 0.7629 0.0011 0.7423 0.0067 0.7355
1 0.6807 0.4237 0.6788 0.4124 0.7359 0.3939 0.7378 0.4052
1 0.6538 0.6390 0.6465 0.6561 0.6276 0.6402 0.6350 0.6231
2 0.5518 0.3787 0.5247 0.4094 0.4708 0.3161 0.4979 0.2854
2 0.7284 0.0572 0.7217 0.0528 0.7345 0.0144 0.7412 0.0188
2 0.3465 0.9099 0.3774 0.8564 0.4012 0.8833 0.3703 0.9368
2 0.4035 0.6433 0.2238 0.7606 0.1885 0.6547 0.3682 0.5374
3 0.1108 0.4839 0.1289 0.6146 0.1132 0.6189 0.0951 0.4882
3 0.3659 0.7980 0.3718 0.7862 0.4144 0.8280 0.4085 0.8398
3 0.7676 0.6459 0.8401 0.6932 0.8342 0.7109 0.7616 0.6636
3 0.6839 0.2229 0.6667 0.2217 0.6713 0.0999 0.6884 0.1011
4 0.9600 0.1960 0.9690 0.1892 0.9712 0.1948 0.9621 0.2016
4 0.1490 0.4485 0.1502 0.4386 0.1561 0.4399 0.1550 0.4498
4 0.3676 0.3920 0.3635 0.3981 0.3499 0.3804 0.3540 0.3743
4 0.0504 0.7992 0.0575 0.8001 0.0570 0.8084 0.0499 0.8075
6 0.9263 0.5547 0.9303 0.5788 0.9128 0.5845 0.9088 0.5604
6 0.4174 0.2802 0.4298 0.3254 0.4223 0.3294 0.4099 0.2842
6 0.6886 0.3211 0.7053 0.3296 0.6991 0.3533 0.6825 0.3448
6 0.4980 0.7230 0.4833 0.7091 0.4934 0.6882 0.5081 0.7021
7 0.2298 0.7963 0.2366 0.8226 0.1896 0.8465 0.1828 0.8202
7 0.9594 0.7637 0.9662 0.7627 0.9675 0.7799 0.9607 0.7809
7 0.0308 0.9568 0.0187 0.9441 0.0220 0.9380 0.0341 0.9507
7 0.5376 0.5956 0.5500 0.6234 0.5447 0.6280 0.5323 0.6002
9 0.6956 0.7401 0.6697 0.7191 0.7324 0.5671 0.7583 0.5881
9 0.0002 0.5262 0.0299 0.5196 0.0495 0.6930 0.0199 0.6996
9 0.5950 0.3757 0.6218 0.3566 0.6787 0.5131 0.6520 0.5322
9 0.1961 0.8503 0.3183 0.8683 0.3147 0.9157 0.1926 0.8977
12 0.9100 0.8332 0.9440 0.8248 0.9632 0.9768 0.9291 0.9852
12 0.5141 0.5558 0.4958 0.5757 0.4151 0.4310 0.4333 0.4111
12 0.0451 0.1239 0.0536 0.1258 0.0203 0.4193 0.0119 0.4174
13 0.8829 0.6828 0.8829 0.6964 0.8763 0.6964 0.8763 0.6828
13 0.8764 0.5773 0.8749 0.5817 0.8042 0.5355 0.8057 0.5311
13 0.5754 0.3397 0.5702 0.3277 0.5795 0.3199 0.5847 0.3319
13 0.7668 0.5599 0.7784 0.5686 0.7746 0.5785 0.7630 0.5698
15 0.7169 0.5196 0.7054 0.4817 0.7446 0.4584 0.7561 0.4963
15 0.1516 0.8669 0.0951 0.8613 0.0993 0.7783 0.1557 0.7839
15 0.6097 0.9788 0.6097 0.8752 0.6546 0.8752 0.6546 0.9788
15 0.6725 0.8923 0.7280 0.7852 0.7750 0.8329 0.7194 0.9400
