0 0.6969 0.7065 0.6082 0.3006 0.7388 0.2447 0.8275 0.6506
0 0.2984 0.0804 0.4887 0.4470 0.4425 0.4940 0.2522 0.1274
0 0.0545 0.3230 0.1501 0.3691 0.1152 0.5110 0.0196 0.4649
0 0.3549 0.6878 0.3039 0.9742 0.1608 0.9242 0.2118 0.6378
1 0.2216 0.3940 0.2176 0.3765 0.2355 0.3684 0.2396 0.3859
1 0.6964 0.9544 0.6933 0.9678 0.6208 0.9348 0.6238 0.9214
1 0.8453 0.1271 0.8190 0.1297 0.8184 0.1177 0.8447 0.1151
1 0.7392 0.0852 0.7373 0.1025 0.7296 0.1008 0.7316 0.0835
2 0.8348 0.5142 0.9176 0.4788 0.9761 0.7466 0.8933 0.7820
2 0.7756 0.7127 0.7855 0.7248 0.7124 0.8425 0.7025 0.8304
2 0.4954 0.8527 0.4758 0.8581 0.4697 0.8141 0.4893 0.8087
2 0.9072 0.2987 0.9383 0.3339 0.8871 0.4225 0.8560 0.3873
3 0.5687 0.8085 0.5639 0.7116 0.5770 0.7103 0.5818 0.8072
3 0.9575 0.2353 0.8799 0.2082 0.8833 0.1891 0.9609 0.2162
3 0.1314 0.3061 0.1302 0.3204 0.0783 0.3115 0.0795 0.2972
3 0.1007 0.6018 0.1106 0.5978 0.1250 0.6678 0.1151 0.6718
4 0.6049 0.4418 0.6010 0.4524 0.5817 0.4386 0.5856 0.4280
4 0.4477 0.8857 0.4555 0.8752 0.4634 0.8867 0.4556 0.8972
4 0.8096 0.1824 0.8103 0.1915 0.8044 0.1924 0.8037 0.1833
4 0.1740 0.3099 0.1815 0.3346 0.1757 0.3381 0.1682 0.3134
6 0.3872 0.6798 0.3653 0.5905 0.4936 0.5286 0.5156 0.6179
6 0.1798 0.1003 0.2203 0.1757 0.1120 0.2901 0.0714 0.2147
6 0.5403 0.2173 0.4988 0.1429 0.6057 0.0259 0.6472 0.1003
7 0.3619 0.7709 0.3756 0.7495 0.4181 0.8031 0.4044 0.8245
7 0.7902 0.7702 0.7964 0.7732 0.7921 0.7906 0.7859 0.7876
7 0.1266 0.9661 0.1048 0.9550 0.1277 0.8671 0.1494 0.8782
7 0.5697 0.8416 0.5694 0.8500 0.5574 0.8492 0.5577 0.8408
9 0.0832 0.8496 0.0137 0.7206 0.0351 0.6980 0.1046 0.8270
9 0.4965 0.7790 0.5334 0.7699 0.5566 0.9542 0.5198 0.9633
12 0.5317 0.2330 0.5621 0.2429 0.5577 0.2694 0.5274 0.2595
12 0.8004 0.8150 0.8051 0.8110 0.8793 0.9838 0.8746 0.9878
12 0.7962 0.1693 0.7956 0.1449 0.8830 0.1407 0.8836 0.1651
12 0.7611 0.1238 0.7784 0.1658 0.6829 0.2430 0.6656 0.2010
13 0.1280 0.0260 0.1288 0.0231 0.2117 0.0700 0.2109 0.0729
13 0.8912 0.8847 0.9140 0.9126 0.9054 0.9265 0.8825 0.8986
13 0.3583 0.5459 0.3527 0.5584 0.3474 0.5537 0.3530 0.5412
13 0.5625 0.4489 0.5500 0.4325 0.5541 0.4263 0.5666 0.4427
15 0.1395 0.8409 0.1060 0.8309 0.1131 0.7843 0.1466 0.7943
15 0.9633 0.1277 0.8725 0.0936 0.8873 0.0163 0.9781 0.0504
15 0.4470 0.0615 0.4192 0.0749 0.4053 0.0185 0.4331 0.0051
