0 0.0473 0.1365 0.1670 0.0979 0.2373 0.5239 0.1176 0.5625
0 0.4876 0.3146 0.5836 0.2491 0.7101 0.6122 0.6141 0.6777
0 0.7161 0.1210 0.6643 0.2417 0.5399 0.1370 0.5917 0.0163
1 0.2311 0.6674 0.2374 0.6668 0.2414 0.7478 0.2352 0.7484
1 0.5264 0.8454 0.5292 0.8447 0.5361 0.8994 0.5333 0.9001
1 0.7828 0.5551 0.7928 0.5482 0.8043 0.5813 0.7943 0.5882
1 0.8493 0.5039 0.8507 0.5074 0.8350 0.5197 0.8336 0.5162
2 0.4243 0.0956 0.4077 0.1962 0.3651 0.1824 0.3817 0.0818
2 0.2161 0.6188 0.1536 0.7484 0.1219 0.7184 0.1844 0.5888
2 0.4303 0.5054 0.3713 0.4878 0.3766 0.4534 0.4355 0.4710
2 0.7045 0.7035 0.7263 0.7753 0.6995 0.7913 0.6777 0.7195
3 0.7798 0.3053 0.7745 0.2824 0.8574 0.2447 0.8627 0.2676
3 0.6292 0.9047 0.6935 0.9567 0.6854 0.9765 0.6210 0.9245
3 0.8794 0.8036 0.8623 0.8036 0.8623 0.7368 0.8794 0.7368
3 0.4515 0.3247 0.4201 0.4189 0.4054 0.4093 0.4367 0.3151
4 0.3098 0.7776 0.3130 0.8097 0.3011 0.8120 0.2979 0.7799
4 0.9374 0.1362 0.9413 0.1355 0.9418 0.1406 0.9378 0.1413
4 0.2696 0.7680 0.2584 0.7873 0.2513 0.7792 0.2624 0.7599
4 0.4320 0.9631 0.4363 0.9407 0.4517 0.9465 0.4474 0.9689
6 0.9318 0.0246 0.9283 0.1189 0.7928 0.1090 0.7963 0.0147
6 0.8547 0.5993 0.8931 0.5374 0.9376 0.5915 0.8991 0.6534
6 0.7158 0.9230 0.7415 0.9554 0.7362 0.9638 0.7105 0.9314
6 0.3677 0.8377 0.3526 0.7585 0.4094 0.7371 0.4246 0.8163
7 0.1371 0.8532 0.1677 0.9305 0.0977 0.9848 0.0671 0.9075
7 0.2940 0.0850 0.3130 0.0883 0.3066 0.1610 0.2876 0.1577
7 0.9183 0.3744 0.9015 0.3794 0.8945 0.3332 0.9113 0.3282
7 0.0960 0.6218 0.1203 0.6309 0.0969 0.7534 0.0726 0.7443
9 0.5055 0.1979 0.4692 0.2106 0.4368 0.0289 0.4731 0.0162
9 0.6008 0.8762 0.6408 0.7135 0.6729 0.7290 0.6329 0.8917
12 0.9245 0.4368 0.9272 0.4907 0.9012 0.4932 0.8985 0.4393
12 0.9646 0.2384 0.9731 0.2384 0.9731 0.5356 0.9646 0.5356
12 0.4057 0.8769 0.3671 0.8750 0.3680 0.8387 0.4066 0.8406
12 0.1820 0.9224 0.2157 0.9486 0.2031 0.9804 0.1694 0.9542
13 0.3030 0.9253 0.2991 0.9213 0.3067 0.9067 0.3106 0.9107
13 0.4584 0.9292 0.4565 0.9284 0.4868 0.7896 0.4887 0.7904
13 0.8543 0.4467 0.8622 0.4370 0.8686 0.4473 0.8606 0.4570
13 0.2454 0.6357 0.3043 0.4091 0.3349 0.4247 0.2760 0.6513
15 0.3594 0.5826 0.3679 0.5076 0.4192 0.5190 0.4107 0.5940
15 0.7111 0.8453 0.7371 0.8158 0.7586 0.8531 0.7327 0.8826
15 0.9595 0.8683 0.9281 0.9546 0.8625 0.9077 0.8939 0.8214
15 0.7792 0.4476 0.7255 0.4581 0.7182 0.3860 0.7720 0.3755
