0 0.7041 0.2415 0.9030 0.5618 0.7999 0.6873 0.6010 0.3670
0 0.0282 0.2860 0.0943 0.2746 0.1392 0.7864 0.0731 0.7978
0 0.5752 0.4851 0.5119 0.6325 0.2442 0.4073 0.3075 0.2599
0 0.9974 0.7430 0.9637 0.7513 0.9071 0.3022 0.9409 0.2939
1 0.6958 0.7863 0.7035 0.7874 0.6973 0.8701 0.6896 0.8690
1 0.7487 0.0771 0.7501 0.0491 0.7561 0.0497 0.7547 0.0777
1 0.5031 0.1627 0.5050 0.1619 0.5120 0.1961 0.5101 0.1969
1 0.2357 0.6521 0.2403 0.6498 0.2500 0.6895 0.2454 0.6918
2 0.2884 0.2290 0.0885 0.0738 0.1116 0.0154 0.3115 0.1706
2 0.0581 0.2094 0.0617 0.2146 0.0233 0.2666 0.0197 0.2614
2 0.1010 0.9717 0.0967 0.9228 0.1367 0.9159 0.1410 0.9648
2 0.4213 0.1054 0.4655 0.1130 0.4607 0.1678 0.4165 0.1602
3 0.5709 0.7279 0.5824 0.8593 0.5660 0.8621 0.5544 0.7307
3 0.3476 0.6741 0.3538 0.6727 0.3652 0.7735 0.3590 0.7749
3 0.9775 0.0855 0.9748 0.1966 0.9570 0.1957 0.9598 0.0846
3 0.0556 0.0503 0.0690 0.0654 0.0389 0.1173 0.0256 0.1022
4 0.9690 0.7650 0.9710 0.7917 0.9619 0.7930 0.9599 0.7663
4 0.6487 0.0848 0.6413 0.0890 0.6344 0.0652 0.6419 0.0610
4 0.1894 0.7199 0.1956 0.6372 0.2098 0.6393 0.2036 0.7220
4 0.9080 0.8027 0.9135 0.8123 0.8869 0.8425 0.8813 0.8329
6 0.6534 0.8024 0.5902 0.8261 0.5846 0.7964 0.6478 0.7727
6 0.4396 0.2116 0.4886 0.1995 0.4944 0.2456 0.4454 0.2577
6 0.6212 0.9049 0.6197 0.8801 0.6376 0.8779 0.6392 0.9027
6 0.4374 0.8888 0.3708 0.8740 0.3920 0.6864 0.4586 0.7012
7 0.7028 0.0211 0.7137 0.0380 0.6657 0.0985 0.6548 0.0816
7 0.6283 0.9593 0.6267 0.9508 0.6409 0.9459 0.6424 0.9544
7 0.2600 0.8690 0.2717 0.8606 0.2871 0.9030 0.2754 0.9114
7 0.2273 0.5791 0.2352 0.5938 0.2081 0.6225 0.2002 0.6078
9 0.2045 0.4720 0.1608 0.4623 0.1863 0.2368 0.2301 0.2465
9 0.7697 0.7272 0.8417 0.7272 0.8417 0.9596 0.7697 0.9596
9 0.7931 0.1006 0.7986 0.1447 0.6875 0.1722 0.6819 0.1281
12 0.1985 0.9680 0.2021 0.9199 0.3118 0.9360 0.3082 0.9841
12 0.6991 0.7360 0.7295 0.7450 0.7255 0.7716 0.6950 0.7626
12 0.9816 0.9119 0.9881 0.9354 0.9272 0.9681 0.9208 0.9446
13 -0.0001 0.7124 0.0065 0.6842 0.0201 0.6904 0.0135 0.7186
13 0.9331 0.1418 0.9302 0.1242 0.9377 0.1218 0.9406 0.1394
13 0.9060 0.0462 0.9000 0.0661 0.8571 0.0406 0.8632 0.0207
13 0.2176 0.8778 0.2299 0.8611 0.2378 0.8726 0.2255 0.8893
15 0.5040 0.9499 0.5150 0.8772 0.5583 0.8901 0.5473 0.9628
15 0.3042 0.7140 0.3118 0.7538 0.2707 0.7692 0.2631 0.7294
15 0.3408 0.8758 0.3569 0.9028 0.3278 0.9370 0.3117 0.9100
15 0.3607 0.1054 0.4100 0.1795 0.3678 0.2346 0.3185 0.1605
