0 0.9221 0.5566 0.8008 0.5297 0.8496 0.0978 0.9710 0.1247
0 0.3572 0.4989 0.2102 0.1278 0.3297 0.0351 0.4766 0.4062
0 0.0761 0.0886 0.1706 0.1368 0.1210 0.3278 0.0265 0.2796
0 0.5399 0.7825 0.5445 0.5963 0.8061 0.6091 0.8015 0.7953
1 0.3305 0.8873 0.3373 0.8538 0.3406 0.8551 0.3338 0.8886
1 0.8187 0.6808 0.8253 0.6760 0.8344 0.7000 0.8279 0.7048
1 0.6261 0.4678 0.6066 0.4736 0.6053 0.4654 0.6249 0.4596
1 0.7547 0.4011 0.7590 0.4111 0.7087 0.4533 0.7045 0.4433
2 0.2723 0.7177 0.1695 0.7788 0.1545 0.7295 0.2574 0.6684
2 0.0800 0.3790 0.1493 0.8348 0.0922 0.8518 0.0230 0.3960
2 0.6150 0.1988 0.5977 0.1798 0.6387 0.1064 0.6560 0.1254
2 0.5469 0.5073 0.4905 0.4579 0.5371 0.3535 0.5935 0.4029
3 0.3645 0.5623 0.3675 0.5760 0.3178 0.5973 0.3148 0.5836
3 0.9309 0.8837 0.9259 0.8711 0.9714 0.8359 0.9764 0.8485
3 0.3663 0.7440 0.3607 0.7213 0.4431 0.6816 0.4487 0.7043
3 0.5315 0.3482 0.5305 0.2710 0.5442 0.2706 0.5452 0.3478
4 0.7544 0.3872 0.6882 0.3824 0.6890 0.3608 0.7552 0.3656
4 0.9749 0.3243 0.9958 0.3249 0.9956 0.3393 0.9748 0.3387
4 0.6796 0.2483 0.6853 0.2286 0.7121 0.2437 0.7064 0.2634
4 0.1410 0.8528 0.1523 0.8651 0.1004 0.9580 0.0891 0.9457
6 0.7892 0.2952 0.7639 0.3282 0.7585 0.3200 0.7838 0.2870
6 0.7099 0.1084 0.6797 0.0850 0.6835 0.0752 0.7138 0.0986
6 0.4494 0.5085 0.4431 0.5317 0.4263 0.5227 0.4326 0.4995
7 0.2574 0.7963 0.2713 0.7939 0.2778 0.8681 0.2639 0.8705
7 0.9015 0.8731 0.8741 0.8764 0.8654 0.7361 0.8927 0.7328
7 0.5083 0.5383 0.5252 0.5555 0.4923 0.6189 0.4754 0.6017
7 0.7098 0.5568 0.6967 0.5722 0.6750 0.5360 0.6882 0.5206
9 0.6958 0.9816 0.6791 0.9136 0.7936 0.8584 0.8104 0.9264
9 0.5164 0.8067 0.4060 0.8821 0.3911 0.8393 0.5015 0.7639
12 0.3712 0.9654 0.3645 0.9382 0.4623 0.8910 0.4690 0.9182
12 0.2268 0.5859 0.2977 0.6034 0.2938 0.6349 0.2228 0.6174
12 0.8275 0.0007 0.8375 0.0207 0.7659 0.0909 0.7559 0.0709
12 0.3661 0.7842 0.3465 0.8181 0.3314 0.8010 0.3510 0.7671
13 0.8553 0.6104 0.8606 0.6263 0.8513 0.6324 0.8460 0.6165
13 0.4551 0.7154 0.4739 0.7020 0.4804 0.7198 0.4615 0.7332
13 0.1903 0.6094 0.1960 0.6103 0.1945 0.6306 0.1888 0.6297
13 0.1595 0.0120 0.1603 0.0195 0.0065 0.0536 0.0057 0.0461
15 0.7034 0.2671 0.7224 0.2801 0.6963 0.3549 0.6773 0.3419
15 0.9800 0.6464 0.9502 0.6252 0.9657 0.5824 0.9955 0.6036
15 0.6006 0.2305 0.5859 0.2726 0.5551 0.2515 0.5698 0.2094
15 0.8553 0.9811 0.8745 0.8810 0.9178 0.8973 0.8987 0.9974
