0 0.4580 0.4049 0.1383 0.4758 0.1294 0.3967 0.4491 0.3258
0 0.4177 0.7495 0.4434 0.5458 0.7897 0.6313 0.7641 0.8350
0 0.8742 0.2004 0.8812 0.0591 0.9881 0.0696 0.9811 0.2109
0 0.0159 0.8194 0.3325 0.7252 0.3444 0.8034 0.0278 0.8976
1 0.3909 0.9136 0.3898 0.9160 0.3683 0.8972 0.3693 0.8948
1 0.8805 0.5455 0.8824 0.5355 0.9012 0.5425 0.8993 0.5525
1 0.7194 0.2383 0.7254 0.2462 0.6855 0.3061 0.6794 0.2982
1 0.0844 0.4451 0.0966 0.4520 0.0896 0.4765 0.0774 0.4696
2 0.2689 0.2332 0.2540 0.2724 0.2045 0.2356 0.2194 0.1964
2 0.0457 0.6093 0.0368 0.5992 0.0480 0.5799 0.0569 0.5900
2 0.8361 0.7175 0.8789 0.7734 0.8388 0.8337 0.7959 0.7778
2 0.8035 0.3545 0.8022 0.4613 0.7579 0.4603 0.7592 0.3535
3 0.3474 0.2585 0.3537 0.2375 0.4358 0.2863 0.4294 0.3073
3 0.0905 0.0717 0.1058 0.0639 0.1363 0.1811 0.1210 0.1889
3 0.1329 0.5022 0.1930 0.5633 0.1834 0.5818 0.1233 0.5207
3 0.7205 0.3288 0.7329 0.4040 0.7178 0.4088 0.7054 0.3336
4 0.3795 0.4803 0.4033 0.6138 0.3819 0.6213 0.3582 0.4878
4 0.4915 0.0601 0.4902 0.0491 0.5082 0.0447 0.5096 0.0557
4 0.3628 0.6855 0.3886 0.6427 0.3932 0.6481 0.3674 0.6909
4 0.6785 0.1937 0.6856 0.1662 0.6953 0.1711 0.6881 0.1986
6 0.3853 0.9569 0.4472 0.9271 0.4544 0.9563 0.3925 0.9861
6 0.5154 0.2803 0.5523 0.2166 0.5980 0.2685 0.5612 0.3322
6 0.3095 0.5446 0.3453 0.6247 0.2302 0.7254 0.1944 0.6453
6 0.9621 0.8327 0.9154 0.8565 0.9039 0.8125 0.9506 0.7887
7 0.8893 0.2319 0.8895 0.2419 0.8464 0.2441 0.8462 0.2341
7 0.4578 0.0352 0.4612 0.0389 0.4545 0.0508 0.4511 0.0471
7 0.1622 0.0120 0.1672 0.0337 0.1058 0.0616 0.1008 0.0399
9 0.7509 0.0783 0.8373 0.1630 0.8125 0.2125 0.7262 0.1278
9 0.8443 0.3863 0.9261 0.5008 0.9069 0.5277 0.8251 0.4132
9 0.4566 0.1407 0.4435 0.1940 0.3108 0.1301 0.3240 0.0768
9 0.0309 0.2858 0.0886 0.4258 0.0654 0.4446 0.0077 0.3046
12 0.8948 0.5774 0.8981 0.7097 0.8724 0.7110 0.8691 0.5787
12 0.6133 0.5097 0.5934 0.5022 0.6202 0.3623 0.6400 0.3698
12 0.5659 0.0868 0.5816 0.1299 0.4833 0.2000 0.4676 0.1569
13 0.8598 0.6727 0.8615 0.6820 0.8290 0.6933 0.8274 0.6840
13 0.4841 0.3406 0.4966 0.3418 0.4959 0.3562 0.4834 0.3550
13 0.1935 0.1732 0.1885 0.1528 0.2325 0.1316 0.2375 0.1520
13 0.7550 0.9021 0.7423 0.9145 0.7156 0.8611 0.7282 0.8487
15 0.9140 0.3696 0.9034 0.3286 0.9431 0.3084 0.9538 0.3494
15 0.5677 0.4240 0.5602 0.5093 0.4806 0.4956 0.4880 0.4103
