0 0.9029 0.3814 0.9424 0.8312 0.8857 0.8410 0.8462 0.3912
0 0.4854 0.0906 0.6317 0.0618 0.6806 0.5494 0.5343 0.5782
0 0.0736 0.6130 0.1324 0.4515 0.3750 0.6246 0.3162 0.7861
0 0.0401 0.0475 0.1021 0.0844 0.0871 0.1341 0.0250 0.0972
1 0.3956 0.6381 0.3933 0.6357 0.4167 0.5907 0.4190 0.5931
1 0.5930 0.8811 0.5891 0.8852 0.5710 0.8517 0.5749 0.8476
1 0.7640 0.0087 0.7649 0.0153 0.7355 0.0233 0.7345 0.0167
1 0.4630 0.7234 0.4639 0.7127 0.5230 0.7214 0.5221 0.7321
2 0.1059 0.1628 0.2371 0.2446 0.2041 0.3484 0.0729 0.2666
2 0.7662 0.3241 0.8354 0.2002 0.8775 0.2463 0.8083 0.3702
2 0.4126 0.1256 0.3092 0.2653 0.2528 0.1836 0.3562 0.0439
2 0.8046 0.6976 0.7400 0.9601 0.6611 0.9220 0.7257 0.6595
3 0.6163 0.6155 0.6209 0.6283 0.5746 0.6613 0.5699 0.6485
3 0.4990 0.8730 0.5584 0.9480 0.5490 0.9626 0.4896 0.8876
3 0.7756 0.1641 0.7700 0.1520 0.8136 0.1123 0.8192 0.1244
3 0.8665 0.9182 0.9441 0.8951 0.9478 0.9194 0.8701 0.9425
4 0.9014 0.9986 0.8903 0.9978 0.8915 0.9654 0.9026 0.9662
4 0.8652 0.1710 0.8506 0.1962 0.8291 0.1718 0.8437 0.1466
4 0.1530 0.8229 0.1575 0.8166 0.1655 0.8279 0.1611 0.8342
4 0.6481 0.8144 0.6580 0.8282 0.6170 0.8856 0.6071 0.8718
6 0.4578 0.8435 0.4186 0.9044 0.3748 0.8493 0.4140 0.7884
6 0.2903 0.8614 0.3400 0.8179 0.3711 0.8878 0.3215 0.9313
6 0.3223 0.0014 0.3875 0.0078 0.3860 0.0386 0.3207 0.0322
7 0.0936 0.8807 0.1028 0.8727 0.1332 0.9409 0.1240 0.9489
7 0.4755 0.0313 0.4510 0.0139 0.4560 0.0003 0.4804 0.0177
7 0.3842 0.2674 0.3903 0.2769 0.3192 0.3666 0.3131 0.3571
7 0.2565 0.9564 0.2657 0.9411 0.3029 0.9848 0.2937 1.0001
9 0.9520 0.2992 0.9130 0.2407 0.9414 0.2036 0.9804 0.2621
9 0.9496 0.0663 0.9532 0.1079 0.8287 0.1293 0.8251 0.0877
9 0.7179 0.4919 0.7432 0.4644 0.8126 0.5889 0.7874 0.6164
12 0.6836 0.2960 0.7426 0.2215 0.7633 0.2536 0.7042 0.3281
12 0.6020 0.7488 0.5868 0.7621 0.5523 0.6848 0.5675 0.6715
12 0.4306 0.3040 0.4483 0.4604 0.4266 0.4652 0.4089 0.3088
13 0.2132 0.0814 0.1845 0.1328 0.1608 0.1070 0.1895 0.0556
13 0.7409 0.3635 0.7074 0.4088 0.6868 0.3789 0.7203 0.3336
13 0.0445 0.8935 0.0464 0.8868 0.0592 0.8937 0.0573 0.9004
13 0.0257 0.7098 0.0469 0.7034 0.0552 0.7578 0.0339 0.7642
15 0.5178 0.8244 0.4904 0.8513 0.4708 0.8120 0.4981 0.7851
15 0.4128 0.1217 0.4297 0.1039 0.4655 0.1703 0.4486 0.1881
15 0.3840 0.4968 0.4183 0.4968 0.4183 0.5444 0.3840 0.5444
15 0.2580 0.8691 0.2088 0.9012 0.1868 0.8353 0.2360 0.8032
