0 0.0511 0.2906 0.3286 0.5240 0.2992 0.5926 0.0217 0.3592
0 0.4147 0.1423 0.4772 0.1776 0.4627 0.2277 0.4002 0.1924
0 0.6743 0.8358 0.5416 0.9264 0.3874 0.4838 0.5201 0.3932
0 0.7476 0.5382 0.6965 0.2518 0.8396 0.2018 0.8906 0.4882
1 0.0262 0.6320 0.0392 0.6342 0.0369 0.6604 0.0239 0.6582
1 0.5082 0.2519 0.5202 0.2444 0.5278 0.2685 0.5158 0.2760
1 0.6652 0.0741 0.6644 0.0897 0.6382 0.0871 0.6390 0.0715
1 0.8085 0.1226 0.8153 0.1079 0.8218 0.1138 0.8150 0.1285
2 0.8722 0.8109 0.9802 0.7647 0.9843 0.7839 0.8764 0.8301
2 0.1886 0.7748 0.2551 0.7748 0.2551 0.8980 0.1886 0.8980
2 0.8591 0.7163 0.8601 0.7047 0.8938 0.7105 0.8928 0.7221
2 0.1395 0.1993 0.0663 0.2538 0.0259 0.1475 0.0991 0.0930
3 0.8282 0.9794 0.8488 0.9078 0.8615 0.9150 0.8409 0.9866
3 0.6310 0.2036 0.6674 0.1039 0.6798 0.1128 0.6435 0.2125
3 0.9715 0.5582 0.9257 0.6013 0.9171 0.5834 0.9628 0.5403
3 0.7421 0.7675 0.7580 0.7765 0.7402 0.8385 0.7243 0.8295
4 0.3622 0.1415 0.3709 0.1603 0.3675 0.1633 0.3588 0.1445
4 0.2267 0.1155 0.2349 0.1242 0.2322 0.1293 0.2239 0.1206
4 0.0580 0.9790 0.0542 0.9761 0.0694 0.9362 0.0732 0.9391
4 0.8702 0.5884 0.8733 0.5607 0.9047 0.5676 0.9015 0.5953
6 0.9916 0.2609 0.9699 0.2233 0.9761 0.2163 0.9978 0.2539
6 0.9640 0.3897 0.9815 0.3858 0.9843 0.4107 0.9668 0.4146
6 0.3162 0.9476 0.3361 0.9080 0.3426 0.9144 0.3228 0.9540
7 0.2167 0.1818 0.2672 0.2062 0.2619 0.2278 0.2114 0.2034
7 0.3495 0.5423 0.3442 0.5441 0.3417 0.5289 0.3470 0.5271
7 0.4177 0.3152 0.4059 0.3072 0.4232 0.2576 0.4350 0.2656
7 0.9323 0.1393 0.9071 0.1641 0.8548 0.0595 0.8801 0.0347
9 0.6889 0.9994 0.6777 0.9604 0.7940 0.8946 0.8052 0.9336
9 0.4985 0.0554 0.5255 0.0135 0.6297 0.1450 0.6028 0.1869
9 0.1210 0.8123 0.1681 0.9603 0.1433 0.9757 0.0962 0.8277
9 0.2663 0.6052 0.3374 0.6052 0.3374 0.8080 0.2663 0.8080
12 0.3369 0.1510 0.2988 0.2766 0.2820 0.2666 0.3200 0.1410
12 0.0275 0.8509 0.0120 0.8398 0.0517 0.7307 0.0672 0.7418
12 0.9279 0.4476 0.9619 0.4223 0.9741 0.4544 0.9401 0.4797
12 0.6378 0.3254 0.6358 0.3565 0.4508 0.3338 0.4528 0.3027
13 0.1826 0.9383 0.1921 0.9573 0.1851 0.9641 0.1756 0.9451
13 0.5954 0.2521 0.6050 0.2480 0.6092 0.2671 0.5996 0.2712
13 0.1589 0.7858 0.1413 0.8036 0.1180 0.7586 0.1355 0.7408
13 0.9267 0.6747 0.9244 0.6820 0.9110 0.6737 0.9134 0.6664
15 0.3259 0.0949 0.3128 0.0518 0.3444 0.0331 0.3575 0.0762
15 0.7826 0.6127 0.8343 0.6851 0.7980 0.7361 0.7462 0.6637
15 0.9708 0.1147 0.9998 0.1401 0.9818 0.1805 0.9527 0.1551
