0 0.8147 0.8509 0.8757 0.7712 0.9607 0.8987 0.8997 0.9784
0 0.9113 0.6555 0.9743 0.6251 0.9907 0.6917 0.9277 0.7221
0 0.2893 0.3282 0.1571 0.4728 0.0282 0.2418 0.1603 0.0972
0 0.1151 0.4868 0.1446 0.7475 0.0721 0.7636 0.0426 0.5029
1 0.9747 0.4603 0.9766 0.4611 0.9696 0.4953 0.9677 0.4945
1 0.6333 0.8798 0.6382 0.8315 0.7004 0.8438 0.6956 0.8921
1 0.8190 0.5898 0.8159 0.5890 0.8190 0.5642 0.8221 0.5650
1 0.8258 0.3410 0.8300 0.3895 0.7676 0.4002 0.7634 0.3517
2 0.8407 0.1216 0.7856 0.1094 0.7902 0.0692 0.8452 0.0814
2 0.1688 0.8798 0.2248 0.8558 0.2420 0.9346 0.1860 0.9586
2 0.6829 0.5020 0.7180 0.5020 0.7180 0.5584 0.6829 0.5584
2 0.5701 0.0514 0.4847 0.2356 0.4682 0.2206 0.5536 0.0364
3 0.4317 0.0729 0.4085 0.0118 0.4191 0.0039 0.4423 0.0650
3 0.5871 0.7851 0.6006 0.7999 0.5469 0.8961 0.5334 0.8813
3 0.3319 0.8949 0.3385 0.8839 0.3784 0.9307 0.3718 0.9417
3 0.4974 0.7562 0.5074 0.7757 0.4369 0.8474 0.4269 0.8279
4 0.7333 0.5469 0.7359 0.5363 0.7532 0.5447 0.7506 0.5553
4 0.8952 0.0035 0.8927 0.0158 0.8836 0.0121 0.8862 -0.0002
4 0.5431 0.9160 0.5658 0.9099 0.5681 0.9264 0.5454 0.9325
4 0.3707 0.2604 0.3617 0.2528 0.3636 0.2484 0.3726 0.2560
6 0.3609 0.4316 0.3428 0.5197 0.3217 0.5112 0.3397 0.4231
6 0.8578 0.0954 0.8886 0.1174 0.8850 0.1274 0.8542 0.1054
6 0.5754 0.7302 0.3899 0.6654 0.4132 0.5346 0.5987 0.5994
6 0.5782 0.2659 0.6430 0.2399 0.6804 0.4225 0.6156 0.4485
7 0.3385 0.7019 0.3391 0.7143 0.3252 0.7157 0.3246 0.7033
7 0.5719 0.9160 0.5738 0.9063 0.6209 0.9240 0.6191 0.9337
7 0.7454 0.4851 0.7491 0.4556 0.7983 0.4677 0.7946 0.4972
7 0.7688 0.0736 0.7749 0.0985 0.7644 0.1036 0.7582 0.0787
9 0.4114 0.4765 0.3899 0.4223 0.5326 0.3115 0.5541 0.3657
9 0.7276 0.9480 0.7099 0.9014 0.7929 0.8396 0.8106 0.8862
9 0.9780 0.2465 0.8907 0.1402 0.9085 0.1115 0.9959 0.2178
9 0.6510 0.0600 0.7038 0.1878 0.6664 0.2180 0.6137 0.0902
12 0.0647 0.9564 0.0351 0.9315 0.0919 0.7992 0.1215 0.8241
12 0.8945 0.3463 0.9123 0.3498 0.9032 0.4401 0.8854 0.4366
12 0.1521 0.4902 0.2295 0.5153 0.2225 0.5574 0.1451 0.5323
12 0.3059 0.0881 0.3356 0.0632 0.3924 0.1955 0.3627 0.2204
13 0.8574 0.4311 0.8810 0.4578 0.8694 0.4777 0.8459 0.4510
13 0.7085 0.4638 0.7092 0.4531 0.7180 0.4542 0.7174 0.4649
13 0.7981 0.5487 0.7960 0.5701 0.7796 0.5669 0.7817 0.5455
13 0.3179 0.8603 0.3843 0.7535 0.3884 0.7585 0.3220 0.8653
15 0.2789 0.5371 0.3100 0.5574 0.2956 0.6005 0.2646 0.5802
15 0.6863 0.9092 0.6946 0.9557 0.6617 0.9672 0.6534 0.9207
15 0.1531 0.5771 0.1936 0.5575 0.2081 0.6165 0.1676 0.6361
15 0.4356 0.1750 0.4541 0.2071 0.4210 0.2446 0.4025 0.2125
