0 0.5659 0.4276 0.2827 0.2079 0.3104 0.1380 0.5936 0.3577
0 0.8156 0.7212 0.7482 0.7179 0.7496 0.6640 0.8169 0.6673
0 0.1056 0.5334 0.4244 0.4547 0.4344 0.5334 0.1156 0.6121
0 0.6903 0.1622 0.7667 0.0623 0.9766 0.3774 0.9001 0.4773
1 0.5819 0.8107 0.5887 0.8138 0.5830 0.8385 0.5762 0.8354
1 0.3426 0.0654 0.3429 0.0682 0.3176 0.0726 0.3174 0.0698
1 0.2050 0.6799 0.2080 0.6787 0.2130 0.7029 0.2100 0.7041
1 0.4247 0.6832 0.4229 0.6868 0.4082 0.6724 0.4100 0.6688
2 0.4615 0.8217 0.4419 0.8246 0.4399 0.7971 0.4595 0.7942
2 0.5636 0.4659 0.5934 0.7027 0.4952 0.7269 0.4654 0.4901
2 0.1147 0.2385 0.1133 0.1273 0.1550 0.1263 0.1564 0.2375
2 0.2956 0.7607 0.3569 0.9629 0.3387 0.9737 0.2774 0.7715
3 0.6569 0.0547 0.6332 0.1460 0.6208 0.1397 0.6446 0.0484
3 0.5953 0.9490 0.5992 0.9624 0.5507 0.9898 0.5468 0.9764
3 0.3668 0.8026 0.3654 0.7883 0.4169 0.7782 0.4183 0.7925
3 0.2358 0.6162 0.2978 0.7162 0.2853 0.7314 0.2233 0.6314
4 0.3192 0.0980 0.3191 0.0924 0.3228 0.0924 0.3229 0.0980
4 0.6688 0.7052 0.6660 0.6969 0.7067 0.6704 0.7094 0.6787
4 0.7993 0.0132 0.8201 0.0157 0.8190 0.0332 0.7982 0.0307
4 0.2409 0.0984 0.2569 0.1165 0.2502 0.1280 0.2343 0.1099
6 0.6185 0.9107 0.6271 0.8890 0.6429 0.9013 0.6343 0.9230
6 0.1940 0.8182 0.1793 0.8043 0.1894 0.7834 0.2041 0.7973
6 0.1130 0.4018 0.1013 0.3088 0.2350 0.2758 0.2467 0.3688
6 0.2541 0.1436 0.2405 0.2332 0.2190 0.2268 0.2326 0.1372
7 0.4617 0.9427 0.4682 0.9231 0.4949 0.9405 0.4884 0.9601
7 0.9060 0.6869 0.8887 0.6800 0.9065 0.5931 0.9238 0.6000
7 0.1019 0.1974 0.0944 0.2034 0.0836 0.1770 0.0910 0.1710
7 0.4646 0.0320 0.4413 0.0291 0.4422 0.0144 0.4656 0.0173
9 0.9084 0.8446 0.8891 0.9113 0.7768 0.8478 0.7960 0.7811
9 0.4941 0.8672 0.4882 0.9194 0.3953 0.8988 0.4012 0.8466
9 0.6248 0.5869 0.5950 0.5818 0.6103 0.4075 0.6401 0.4126
9 0.0837 0.9473 0.0531 0.6419 0.1043 0.6319 0.1349 0.9373
12 0.0204 0.5394 0.0154 0.4388 0.0382 0.4366 0.0432 0.5372
12 0.8240 0.5456 0.8586 0.5456 0.8586 0.7000 0.8240 0.7000
12 0.9088 0.8087 0.9319 0.7795 0.9449 0.7997 0.9218 0.8289
13 0.1705 0.0790 0.1832 0.0838 0.1812 0.0946 0.1685 0.0898
13 0.2836 0.1050 0.2929 0.0932 0.2970 0.0994 0.2876 0.1112
13 0.1021 0.6033 0.0816 0.5961 0.0850 0.5767 0.1056 0.5839
15 0.0411 0.1506 0.0176 0.1258 0.0432 0.0782 0.0667 0.1030
15 0.7006 0.7768 0.6554 0.8245 0.6197 0.7580 0.6649 0.7103
15 0.5663 0.8081 0.5548 0.9097 0.5051 0.8987 0.5166 0.7971
15 0.0154 0.2761 0.0279 0.2327 0.0597 0.2507 0.0472 0.2941
