0 0.1048 0.5581 0.1963 0.4871 0.3455 0.8639 0.2540 0.9349
0 0.4346 0.4347 0.4529 0.5243 0.4046 0.5437 0.3862 0.4541
0 0.5710 0.6032 0.5827 0.5102 0.6207 0.5196 0.6090 0.6126
0 0.9778 0.1531 0.9052 0.2742 0.7999 0.1505 0.8725 0.0294
1 0.6432 0.3688 0.6473 0.3982 0.6391 0.4004 0.6350 0.3710
1 0.2965 0.1329 0.2796 0.1291 0.2801 0.1247 0.2970 0.1285
1 0.6516 0.1593 0.6715 0.1564 0.6721 0.1647 0.6522 0.1676
1 0.9205 0.9932 0.9206 0.9976 0.9026 0.9980 0.9025 0.9936
2 0.8038 0.8525 0.7960 0.9001 0.7125 0.8731 0.7203 0.8255
2 0.3519 0.2199 0.3972 0.2467 0.3852 0.2861 0.3400 0.2593
2 0.3752 0.0985 0.3717 0.0880 0.4025 0.0679 0.4060 0.0784
2 0.9146 0.3621 0.8460 0.3503 0.8508 0.2951 0.9194 0.3069
3 0.7444 0.3669 0.7018 0.4521 0.6885 0.4391 0.7311 0.3539
3 0.4762 0.6028 0.5198 0.5186 0.5330 0.5320 0.4893 0.6162
3 0.5874 0.9937 0.5442 0.9602 0.5500 0.9455 0.5932 0.9790
3 0.4710 0.3059 0.5420 0.3363 0.5373 0.3581 0.4662 0.3277
4 0.7275 0.9771 0.7183 0.9930 0.6957 0.9673 0.7048 0.9514
4 0.2667 0.2429 0.2764 0.2304 0.2867 0.2459 0.2771 0.2584
4 0.0767 0.0132 0.1398 0.0419 0.1350 0.0624 0.0720 0.0337
4 0.4393 0.5942 0.4075 0.6220 0.4062 0.6190 0.4379 0.5912
6 0.4891 0.8723 0.4951 0.8490 0.5121 0.8577 0.5060 0.8810
6 0.8473 0.7692 0.8517 0.6999 0.8850 0.7040 0.8806 0.7733
6 0.0664 0.0635 0.2501 0.1373 0.2236 0.2669 0.0399 0.1931
7 0.7223 0.6352 0.6937 0.6644 0.6428 0.5664 0.6715 0.5372
7 0.6386 0.1635 0.6170 0.1997 0.5428 0.1125 0.5645 0.0763
7 0.8376 0.4560 0.8510 0.4503 0.8793 0.5800 0.8659 0.5857
7 0.5011 0.2867 0.5032 0.2742 0.5238 0.2809 0.5217 0.2934
9 0.2764 0.3214 0.2193 0.3242 0.2179 0.2698 0.2750 0.2670
9 0.7655 0.4089 0.7574 0.2473 0.7845 0.2447 0.7926 0.4063
9 0.9695 0.9057 0.9505 0.9577 0.8174 0.8627 0.8363 0.8107
9 0.4316 0.9258 0.4437 0.7651 0.4704 0.7690 0.4583 0.9297
12 0.6600 0.0239 0.6949 0.0937 0.6740 0.1141 0.6391 0.0443
12 0.7967 0.0322 0.7981 0.1434 0.7673 0.1442 0.7659 0.0330
12 0.7860 0.6786 0.7662 0.6706 0.8132 0.4414 0.8329 0.4494
12 0.1224 0.3912 0.0636 0.4132 0.0570 0.3788 0.1158 0.3568
13 0.9594 0.5848 0.9486 0.5921 0.9451 0.5820 0.9559 0.5747
13 0.0370 0.7266 0.0353 0.7250 0.0933 0.6046 0.0950 0.6062
13 0.5595 0.8958 0.5511 0.8851 0.5673 0.8598 0.5758 0.8705
13 0.5961 0.8441 0.5123 0.7650 0.5153 0.7587 0.5992 0.8378
15 0.4256 0.2098 0.4484 0.1171 0.5287 0.1558 0.5059 0.2485
15 0.0238 0.8318 0.0105 0.7507 0.0539 0.7366 0.0673 0.8177
15 0.8957 0.7225 0.9106 0.6494 0.9606 0.6695 0.9457 0.7426
15 0.6101 0.4948 0.5065 0.4745 0.5179 0.3608 0.6215 0.3811
