0 0.4627 0.5428 0.5887 0.4238 0.7436 0.7452 0.6175 0.8642
0 0.6939 0.0452 0.7140 0.0064 0.9775 0.2744 0.9574 0.3132
0 0.2632 0.2381 0.1193 0.4868 0.0723 0.4335 0.2161 0.1848
0 0.9806 0.6010 0.9296 0.8874 0.7865 0.8374 0.8376 0.5510
1 0.7741 0.6121 0.7694 0.6133 0.7641 0.5719 0.7689 0.5707
1 0.1870 0.8086 0.2207 0.7960 0.2370 0.8810 0.2033 0.8936
1 0.4958 0.1430 0.4933 0.1708 0.4874 0.1698 0.4898 0.1420
1 0.6527 0.9444 0.6470 0.9359 0.6899 0.8800 0.6955 0.8885
2 0.2612 0.4952 0.2933 0.5161 0.2877 0.5328 0.2556 0.5119
2 0.3453 0.1464 0.4572 0.1327 0.4618 0.2072 0.3500 0.2209
3 0.6644 0.0370 0.6151 0.0406 0.6144 0.0238 0.6638 0.0202
3 0.5735 0.2289 0.5625 0.2105 0.5991 0.1675 0.6101 0.1859
3 0.3624 0.3555 0.4024 0.4755 0.3873 0.4853 0.3474 0.3653
3 0.2409 0.9911 0.2312 0.9961 0.2134 0.9277 0.2231 0.9227
4 0.9380 0.9924 0.9324 0.9651 0.9443 0.9604 0.9498 0.9877
4 0.0391 0.9774 0.0790 0.9754 0.0792 0.9838 0.0393 0.9858
4 0.3115 0.2897 0.3045 0.2845 0.3130 0.2619 0.3201 0.2671
4 0.3987 0.9784 0.3926 0.9821 0.3902 0.9744 0.3962 0.9707
6 0.1084 0.5978 0.0587 0.5941 0.0605 0.5474 0.1101 0.5511
6 0.0242 0.6670 0.0795 0.6403 0.0987 0.7182 0.0433 0.7449
6 0.3750 0.9129 0.2471 0.7141 0.3187 0.6239 0.4466 0.8227
6 0.5409 0.1705 0.5274 0.1259 0.5348 0.1215 0.5483 0.1661
7 0.0430 0.8930 0.0368 0.8805 0.0644 0.8534 0.0706 0.8659
7 0.7490 0.9440 0.7523 0.9589 0.7318 0.9676 0.7286 0.9527
7 0.6484 0.2354 0.6732 0.2783 0.5830 0.3806 0.5582 0.3377
7 0.4339 0.9401 0.4313 0.9192 0.4366 0.9179 0.4393 0.9388
9 0.2972 0.0712 0.2847 0.1125 0.1808 0.0508 0.1933 0.0095
9 0.9632 0.5421 0.9163 0.3944 0.9408 0.3791 0.9877 0.5268
9 0.0715 0.3195 0.0366 0.3393 0.0013 0.2173 0.0363 0.1975
12 0.5553 0.2868 0.5340 0.3040 0.4893 0.1956 0.5106 0.1784
12 0.1070 0.9488 0.0801 0.9184 0.1496 0.7984 0.1764 0.8288
12 0.4774 0.9296 0.5876 0.8940 0.5926 0.9240 0.4824 0.9596
13 0.1330 0.1462 0.1340 0.1371 0.1498 0.1402 0.1489 0.1493
13 0.4673 0.3566 0.4365 0.2442 0.4416 0.2414 0.4724 0.3538
13 0.0756 0.0355 0.0615 0.0493 0.0487 0.0237 0.0628 0.0099
13 0.2055 0.6996 0.2039 0.7038 0.1356 0.6508 0.1373 0.6466
15 0.1064 0.0995 0.0649 0.1824 0.0176 0.1361 0.0591 0.0532
15 0.9044 0.3738 0.8709 0.4316 0.8365 0.3926 0.8699 0.3348
15 0.3082 0.5359 0.3277 0.5056 0.3564 0.5417 0.3369 0.5720
