0 0.7230 0.0959 0.8399 0.0427 0.9364 0.4585 0.8195 0.5117
0 0.0870 0.3288 0.0953 0.2351 0.1335 0.2416 0.1253 0.3353
0 0.5049 0.6141 0.3168 0.5957 0.3219 0.4931 0.5100 0.5115
0 0.2818 0.6896 0.1184 0.7425 0.0713 0.4568 0.2347 0.4039
1 0.4153 0.0788 0.4377 0.0414 0.4858 0.0980 0.4634 0.1354
1 0.1123 0.8823 0.1273 0.8939 0.1257 0.8977 0.1107 0.8861
1 0.3811 0.4166 0.3865 0.4095 0.3998 0.4294 0.3943 0.4365
1 0.2877 0.9132 0.2889 0.9246 0.2309 0.9360 0.2297 0.9246
2 0.2931 0.8487 0.3339 0.7315 0.3804 0.7633 0.3395 0.8805
2 0.0162 0.3499 0.0234 0.2855 0.0590 0.2933 0.0517 0.3577
2 0.1660 0.9332 0.1511 0.8940 0.2006 0.8572 0.2155 0.8964
2 0.3603 0.1574 0.1878 0.3674 0.1565 0.3170 0.3290 0.1070
3 0.3662 0.3424 0.3616 0.3366 0.4103 0.2608 0.4150 0.2666
3 0.5553 0.0091 0.5585 0.0015 0.6215 0.0525 0.6184 0.0601
3 0.5520 0.2645 0.4626 0.2189 0.4680 0.1979 0.5574 0.2435
3 0.5874 0.2281 0.5676 0.1560 0.5820 0.1483 0.6018 0.2204
4 0.7283 0.9196 0.7210 0.9532 0.7117 0.9492 0.7190 0.9156
4 0.6372 0.0578 0.6330 0.0625 0.6288 0.0550 0.6330 0.0503
4 0.1210 0.7977 0.1102 0.7717 0.1179 0.7655 0.1286 0.7915
4 0.7284 0.7001 0.7386 0.6928 0.7436 0.7063 0.7334 0.7136
6 0.7173 0.7480 0.9074 0.7200 0.9175 0.8540 0.7274 0.8820
6 0.7987 0.5290 0.8284 0.6106 0.8088 0.6246 0.7791 0.5430
6 0.4239 0.7671 0.4586 0.6862 0.5750 0.7841 0.5402 0.8650
6 0.0479 0.6616 0.0574 0.7299 0.0246 0.7388 0.0151 0.6705
7 0.9317 0.6780 0.9443 0.6855 0.9309 0.7296 0.9183 0.7221
7 0.2039 0.7649 0.2179 0.7478 0.2398 0.7831 0.2258 0.8002
7 0.7004 0.5814 0.6936 0.5912 0.6739 0.5646 0.6807 0.5548
7 0.6725 0.3180 0.6901 0.2190 0.7192 0.2292 0.7016 0.3282
9 0.4532 0.2987 0.5607 0.3821 0.5442 0.4237 0.4367 0.3403
9 0.0430 0.7491 0.0806 0.7538 0.0724 0.8849 0.0348 0.8802
9 0.7089 0.9363 0.6966 0.9862 0.6077 0.9433 0.6200 0.8934
9 0.5636 0.5569 0.5954 0.4015 0.6212 0.4119 0.5894 0.5673
12 0.3034 0.0415 0.3070 0.0654 0.2215 0.0909 0.2179 0.0670
12 0.6391 0.2430 0.6273 0.0854 0.6492 0.0822 0.6610 0.2398
12 0.7051 0.5992 0.7223 0.5775 0.7772 0.6628 0.7600 0.6845
12 0.1145 0.0282 0.2050 0.0669 0.1975 0.1014 0.1070 0.0627
13 0.4591 0.9464 0.4591 0.9032 0.4814 0.9032 0.4814 0.9464
13 0.5128 0.9956 0.5091 0.9906 0.5186 0.9768 0.5223 0.9818
13 0.4799 0.1973 0.4759 0.1877 0.4890 0.1771 0.4930 0.1867
13 0.3079 0.6414 0.3130 0.6294 0.3253 0.6398 0.3201 0.6518
15 0.8613 0.9075 0.8475 0.9794 0.8047 0.9633 0.8185 0.8914
15 0.9228 0.8935 0.9909 0.9320 0.9721 0.9973 0.9040 0.9588
15 0.4531 0.1580 0.4578 0.2337 0.4060 0.2400 0.4013 0.1643
