0 0.4216 0.6145 0.4752 0.5250 0.5707 0.6371 0.5170 0.7266
0 0.2213 0.7305 0.1596 0.6956 0.2975 0.2175 0.3593 0.2524
0 0.1109 0.9680 0.1109 0.7612 0.4626 0.7612 0.4626 0.9680
0 0.7617 0.8603 0.7312 0.9236 0.5903 0.7905 0.6208 0.7272
1 0.9486 0.4470 0.9382 0.4414 0.9477 0.4070 0.9581 0.4126
1 0.9892 0.7854 0.9889 0.7882 0.9637 0.7838 0.9639 0.7810
1 0.0534 0.7803 0.0727 0.7584 0.0749 0.7621 0.0556 0.7840
1 0.8175 0.0439 0.8158 0.0454 0.8027 0.0149 0.8045 0.0134
2 0.8654 0.3184 0.8696 0.2910 0.9009 0.3004 0.8967 0.3278
2 0.6405 0.5491 0.6973 0.6406 0.6307 0.7217 0.5739 0.6302
2 0.5911 0.5157 0.4719 0.0807 0.5263 0.0515 0.6456 0.4865
2 0.6931 0.4050 0.6811 0.1652 0.7806 0.1554 0.7926 0.3952
3 0.8586 0.6843 0.8496 0.6913 0.8243 0.6273 0.8333 0.6203
3 0.4652 0.4789 0.4573 0.4881 0.4239 0.4323 0.4318 0.4231
3 0.8551 0.3592 0.9275 0.4443 0.9169 0.4620 0.8445 0.3769
3 0.8676 0.1496 0.8540 0.1486 0.8578 0.0464 0.8715 0.0474
4 0.4224 0.3228 0.4188 0.3120 0.4273 0.3064 0.4309 0.3172
4 0.5014 0.8563 0.5086 0.8654 0.4712 0.9237 0.4639 0.9146
4 0.4462 0.3663 0.4600 0.3354 0.4689 0.3433 0.4552 0.3742
4 0.2682 0.0511 0.2772 0.0581 0.2750 0.0637 0.2660 0.0567
6 0.9341 0.1979 0.9172 0.2864 0.8959 0.2785 0.9128 0.1900
6 0.0891 0.0115 0.1565 0.0082 0.1612 0.1981 0.0938 0.2014
6 0.9267 0.7322 0.8923 0.6658 0.9399 0.6174 0.9743 0.6838
6 0.3111 0.2065 0.3068 0.1824 0.3243 0.1763 0.3286 0.2004
7 0.3654 0.2200 0.3791 0.2111 0.3814 0.2180 0.3677 0.2269
7 0.0342 0.2601 0.0331 0.2321 0.1510 0.2235 0.1520 0.2515
7 0.0799 0.8403 0.0904 0.8527 0.0538 0.9137 0.0433 0.9013
9 0.9293 0.7642 0.9572 0.8124 0.8304 0.9562 0.8025 0.9080
9 0.0711 0.3159 0.1050 0.3390 0.0638 0.4573 0.0299 0.4342
9 0.8316 0.4167 0.8369 0.4883 0.7164 0.5061 0.7111 0.4345
12 0.9629 0.4666 0.9570 0.5094 0.9379 0.5042 0.9439 0.4614
12 0.2803 0.1071 0.1888 0.1538 0.1825 0.1297 0.2741 0.0830
13 0.3449 0.0406 0.3580 0.0521 0.3333 0.1074 0.3203 0.0959
13 0.1293 0.4440 0.1410 0.4615 0.1247 0.4828 0.1130 0.4653
13 0.9798 0.3578 0.9861 0.3993 0.9682 0.4046 0.9619 0.3631
13 0.8078 0.6174 0.8126 0.6822 0.7831 0.6866 0.7782 0.6218
15 0.8885 0.0538 0.9196 0.0344 0.9335 0.0782 0.9024 0.0976
15 0.0359 0.7049 0.0634 0.6096 0.1101 0.6359 0.0826 0.7312
15 0.7766 0.6762 0.7257 0.7109 0.6997 0.6362 0.7505 0.6015
15 0.9429 0.5969 0.9165 0.5796 0.9328 0.5307 0.9592 0.5480
