0 0.3804 0.4368 0.2991 0.6422 0.1159 0.5000 0.1972 0.2946
0 0.5237 0.5658 0.5795 0.5150 0.7801 0.9474 0.7242 0.9982
0 0.4348 0.0511 0.4964 0.0895 0.4807 0.1389 0.4191 0.1005
0 0.5068 0.2401 0.5754 0.0804 0.7997 0.2691 0.7312 0.4288
1 0.4077 0.8871 0.4101 0.8982 0.3541 0.9221 0.3516 0.9110
1 0.8898 0.7033 0.8867 0.7022 0.8914 0.6779 0.8944 0.6790
1 0.8751 0.9370 0.8779 0.9290 0.9300 0.9646 0.9273 0.9726
1 0.8255 0.6004 0.8027 0.6140 0.8013 0.6096 0.8242 0.5960
2 0.8342 0.5424 0.9331 0.5400 0.9341 0.6204 0.8352 0.6228
2 0.1747 0.1875 0.0321 0.2120 0.0222 0.0993 0.1648 0.0748
2 0.4241 0.2220 0.4863 0.2265 0.4839 0.2916 0.4217 0.2871
2 0.8697 0.4409 0.8419 0.4212 0.9595 0.0983 0.9872 0.1180
3 0.8315 0.8296 0.8464 0.8388 0.8102 0.9528 0.7953 0.9436
3 0.1917 0.9652 0.0966 0.9652 0.0966 0.9428 0.1917 0.9428
3 0.3984 0.6836 0.4530 0.7655 0.4427 0.7788 0.3882 0.6969
3 0.3273 0.0773 0.3177 0.0722 0.3364 0.0039 0.3460 0.0090
4 0.9599 0.7674 0.9753 0.7659 0.9772 0.8042 0.9618 0.8057
4 0.0841 0.7878 0.0669 0.8197 0.0628 0.8154 0.0800 0.7835
4 0.3215 0.1910 0.3205 0.1827 0.3388 0.1782 0.3398 0.1865
4 0.0576 0.7449 0.0629 0.7267 0.1167 0.7571 0.1114 0.7753
6 0.3406 0.1308 0.3409 0.1556 0.3229 0.1560 0.3226 0.1312
6 0.2606 0.8449 0.2113 0.9093 0.1188 0.7703 0.1681 0.7059
6 0.8376 0.7115 0.8472 0.7323 0.8321 0.7461 0.8225 0.7253
6 0.2359 0.1063 0.2853 0.1148 0.2812 0.1613 0.2319 0.1528
7 0.8303 0.8254 0.8196 0.8076 0.8623 0.7574 0.8730 0.7752
7 0.4960 0.8172 0.5060 0.8172 0.5060 0.8816 0.4960 0.8816
7 0.4180 0.1595 0.4224 0.1739 0.3769 0.2009 0.3725 0.1865
7 0.0624 0.5222 0.0194 0.3369 0.0384 0.3282 0.0814 0.5135
9 0.8410 0.3347 0.8367 0.5066 0.8027 0.5049 0.8070 0.3330
9 0.2822 0.7719 0.3115 0.7386 0.3707 0.8409 0.3414 0.8742
9 0.0539 0.7002 0.0076 0.5675 0.0464 0.5410 0.0926 0.6737
12 0.1956 0.2661 0.1942 0.2374 0.3641 0.2207 0.3655 0.2494
12 0.4750 0.6093 0.4413 0.5984 0.4661 0.4479 0.4998 0.4588
12 0.4257 0.3530 0.4664 0.4163 0.4475 0.4402 0.4068 0.3769
12 0.0608 0.9096 0.0912 0.8358 0.1132 0.8536 0.0828 0.9274
13 0.4151 0.6083 0.4242 0.6026 0.4300 0.6209 0.4209 0.6266
13 0.2685 0.6615 0.2771 0.6455 0.3455 0.7177 0.3369 0.7337
13 0.2381 0.6470 0.2505 0.6439 0.2516 0.6522 0.2392 0.6553
13 0.4820 0.9024 0.4600 0.8924 0.4740 0.8320 0.4960 0.8420
15 0.7765 0.0641 0.7795 0.0348 0.8383 0.0463 0.8354 0.0756
