0 0.6069 0.8265 0.5731 0.3758 0.6299 0.3675 0.6638 0.8182
0 0.9881 0.1805 0.7475 0.4838 0.7093 0.4243 0.9499 0.1210
0 0.4160 0.6133 0.2974 0.4472 0.4455 0.2399 0.5641 0.4060
0 0.8487 0.8549 0.8122 0.7499 0.9241 0.6735 0.9607 0.7785
1 0.6678 0.3136 0.6550 0.2814 0.6625 0.2756 0.6753 0.3078
1 0.5524 0.8932 0.5457 0.9057 0.5247 0.8836 0.5314 0.8711
1 0.0953 0.2077 0.1011 0.1962 0.1635 0.2575 0.1578 0.2690
1 0.5601 0.8463 0.5578 0.8494 0.5453 0.8313 0.5476 0.8282
2 0.2518 0.6964 0.2162 0.6589 0.2399 0.6148 0.2755 0.6523
2 0.1630 0.4969 0.1224 0.5578 0.0244 0.4299 0.0650 0.3690
2 0.6463 0.2617 0.6330 0.2200 0.6435 0.2135 0.6567 0.2552
2 0.8053 0.6656 0.7382 0.7502 0.6782 0.6568 0.7452 0.5722
3 0.7114 0.9345 0.7177 0.9232 0.7589 0.9683 0.7526 0.9796
3 0.6841 0.1570 0.6680 0.1652 0.6382 0.0506 0.6543 0.0424
3 0.3939 0.6312 0.4612 0.7254 0.4498 0.7412 0.3826 0.6470
3 0.5844 0.8983 0.5932 0.9057 0.5664 0.9681 0.5576 0.9607
4 0.7320 0.0288 0.7241 0.0593 0.7128 0.0536 0.7207 0.0231
4 0.1273 0.0260 0.1380 0.0127 0.1944 0.1004 0.1837 0.1137
4 0.0134 0.7471 0.0186 0.7247 0.0243 0.7273 0.0191 0.7497
4 0.3134 0.1856 0.3677 0.1323 0.3766 0.1500 0.3223 0.2033
6 0.1856 0.9631 0.2318 0.7035 0.3253 0.7361 0.2790 0.9957
6 0.2472 0.4734 0.2002 0.4961 0.1893 0.4518 0.2363 0.4291
6 0.2535 0.2016 0.2445 0.1549 0.2522 0.1520 0.2612 0.1987
6 0.0325 0.7446 0.0936 0.7118 0.1015 0.7406 0.0404 0.7734
7 0.2122 0.0448 0.2226 0.0311 0.2784 0.1148 0.2679 0.1285
7 0.4685 0.0710 0.4804 0.0614 0.4975 0.1030 0.4856 0.1126
7 0.5451 0.0471 0.5618 0.0760 0.5183 0.1253 0.5016 0.0964
7 0.7813 0.8809 0.7600 0.8873 0.7424 0.7715 0.7637 0.7651
9 0.3959 0.9384 0.4777 0.8239 0.4969 0.8508 0.4151 0.9653
9 0.1448 0.8315 0.1650 0.8803 0.0435 0.9785 0.0233 0.9297
9 0.8466 0.5804 0.8466 0.5084 0.9677 0.5084 0.9677 0.5804
12 0.2527 0.4534 0.2730 0.4484 0.2910 0.5910 0.2707 0.5960
12 0.2420 0.3290 0.2469 0.3611 0.1840 0.3798 0.1791 0.3477
12 0.6604 0.9561 0.6396 0.9419 0.6756 0.8387 0.6964 0.8529
13 0.2494 0.2680 0.2411 0.2471 0.2451 0.2440 0.2534 0.2649
13 0.1950 0.1567 0.2212 0.1990 0.2079 0.2153 0.1816 0.1730
13 0.8171 0.8683 0.8209 0.8954 0.8069 0.8993 0.8031 0.8722
13 0.6104 0.1152 0.6158 0.1160 0.5996 0.3328 0.5942 0.3320
15 0.1078 0.0644 0.0511 0.1310 0.0222 0.0828 0.0789 0.0162
15 0.7504 0.1115 0.7528 0.0648 0.7870 0.0681 0.7846 0.1148
15 0.9265 0.0925 0.9051 0.0614 0.9355 0.0203 0.9569 0.0514
15 0.0765 0.6124 0.1683 0.5804 0.1823 0.6592 0.0906 0.6912
