0 0.7401 0.4425 0.6813 0.2810 0.9239 0.1079 0.9827 0.2694
0 0.4509 0.9577 0.3356 0.8645 0.4665 0.5471 0.5818 0.6403
0 0.6158 0.1579 0.4861 0.2240 0.4471 0.0741 0.5768 0.0080
0 0.3455 0.4170 0.2410 0.4481 0.1810 0.0530 0.2855 0.0219
1 0.8936 0.0818 0.8909 0.0833 0.8844 0.0598 0.8871 0.0583
1 0.7470 0.0316 0.7485 0.0218 0.7667 0.0272 0.7652 0.0370
1 0.7655 0.6573 0.7642 0.6551 0.7840 0.6327 0.7852 0.6349
1 0.0065 0.6058 0.0084 0.6054 0.0124 0.6406 0.0104 0.6410
2 0.9332 0.8625 0.9272 0.8761 0.8351 0.7955 0.8411 0.7819
2 0.7444 0.6729 0.7180 0.7938 0.6322 0.7571 0.6586 0.6362
2 0.3004 0.6029 0.2794 0.6344 0.2670 0.6183 0.2881 0.5868
2 0.0780 0.5910 0.0759 0.5810 0.1048 0.5686 0.1070 0.5786
3 0.2973 0.7532 0.3297 0.8054 0.3207 0.8164 0.2883 0.7642
3 0.0985 0.2537 0.0082 0.2174 0.0126 0.1959 0.1030 0.2322
3 0.0219 0.0534 0.0558 0.1770 0.0404 0.1854 0.0065 0.0618
3 0.8090 0.5354 0.8223 0.6103 0.8090 0.6150 0.7957 0.5401
4 0.2777 0.8073 0.2431 0.7816 0.2463 0.7731 0.2809 0.7988
4 0.1509 0.4787 0.1772 0.4921 0.1754 0.4989 0.1491 0.4855
4 0.8904 0.9264 0.8647 0.9089 0.8670 0.9024 0.8927 0.9199
4 0.7563 0.5370 0.7557 0.5106 0.7628 0.5102 0.7635 0.5366
6 0.5015 0.2766 0.4687 0.2916 0.4662 0.2810 0.4991 0.2660
6 0.0910 0.8570 0.1340 0.5963 0.2278 0.6266 0.1848 0.8873
6 0.6696 0.1205 0.6354 0.1281 0.6342 0.1171 0.6683 0.1095
6 0.0220 0.2679 0.0293 0.2906 0.0128 0.3009 0.0056 0.2782
7 0.7138 0.8651 0.7295 0.8965 0.6471 0.9773 0.6314 0.9459
7 0.0888 0.0649 0.0777 0.0536 0.0978 0.0147 0.1089 0.0260
7 0.6292 0.5148 0.6190 0.5417 0.5802 0.5128 0.5904 0.4859
7 0.4959 0.4164 0.5428 0.3436 0.5761 0.3856 0.5292 0.4584
9 0.2996 0.5119 0.2613 0.5713 0.2324 0.5349 0.2707 0.4755
9 0.0401 0.9254 0.0103 0.9093 0.0507 0.7618 0.0806 0.7779
9 0.9435 0.7009 0.9231 0.7316 0.8313 0.6119 0.8518 0.5812
12 0.1593 0.0762 0.1795 0.0817 0.1470 0.3158 0.1268 0.3103
12 0.8341 0.9607 0.8147 0.9705 0.7565 0.7465 0.7758 0.7367
12 0.4255 0.2276 0.4435 0.2487 0.4022 0.3176 0.3842 0.2965
12 0.0265 0.5288 0.1149 0.4515 0.1307 0.4868 0.0422 0.5641
13 0.9051 0.4543 0.9209 0.4633 0.9167 0.4781 0.9008 0.4691
13 0.5156 0.3134 0.5031 0.3077 0.5056 0.2970 0.5181 0.3027
13 0.9136 0.9708 0.9083 0.9549 0.9176 0.9488 0.9229 0.9647
13 0.8368 0.4685 0.8325 0.4591 0.8452 0.4475 0.8495 0.4569
15 0.1704 0.4222 0.0788 0.4518 0.0659 0.3738 0.1575 0.3442
15 0.2642 0.8299 0.2846 0.8680 0.2573 0.8969 0.2368 0.8588
15 0.6132 0.3314 0.5791 0.2632 0.6156 0.2274 0.6497 0.2956
