0 0.7152 0.4130 0.6634 0.4717 0.4317 0.0710 0.4834 0.0123
0 0.0611 0.1533 0.1743 0.0203 0.4003 0.3975 0.2872 0.5305
0 0.7471 0.7253 0.7705 0.5707 0.9049 0.6107 0.8815 0.7653
0 0.9510 0.3730 0.8010 0.1315 0.8467 0.0758 0.9967 0.3173
1 0.2593 0.8772 0.2369 0.9146 0.1887 0.8580 0.2111 0.8206
1 0.7955 0.8822 0.7990 0.9167 0.7956 0.9174 0.7921 0.8829
1 0.1289 0.8884 0.1360 0.8926 0.1128 0.9692 0.1057 0.9650
1 0.3466 0.8194 0.3475 0.8236 0.3302 0.8306 0.3293 0.8264
2 0.6054 0.6794 0.6228 0.6658 0.6384 0.7050 0.6209 0.7186
2 0.2276 0.6894 0.3674 0.6619 0.3758 0.7454 0.2360 0.7729
2 0.3900 0.9354 0.3542 0.8756 0.3765 0.8494 0.4124 0.9092
2 0.5035 0.7470 0.4919 0.7384 0.5442 0.6006 0.5558 0.6092
3 0.7302 0.9334 0.6665 0.8344 0.6784 0.8194 0.7421 0.9184
3 0.0605 0.5573 0.0763 0.5480 0.1103 0.6603 0.0946 0.6696
3 0.9585 0.5387 0.9686 0.5412 0.9595 0.6129 0.9494 0.6104
3 0.4420 0.8852 0.4402 0.8710 0.4914 0.8584 0.4932 0.8726
4 0.6805 0.7928 0.6879 0.7716 0.6932 0.7752 0.6859 0.7964
4 0.7378 0.7385 0.7369 0.7580 0.6790 0.7523 0.6800 0.7328
4 0.7385 0.3251 0.7420 0.3016 0.7532 0.3049 0.7497 0.3284
4 0.8398 0.8970 0.8353 0.8953 0.8405 0.8682 0.8449 0.8699
6 0.5299 0.8889 0.5276 0.7974 0.5496 0.7963 0.5518 0.8878
6 0.9229 0.7938 0.9168 0.7705 0.9337 0.7618 0.9398 0.7851
6 0.5024 0.7750 0.4457 0.8208 0.4347 0.7942 0.4914 0.7484
6 0.9441 0.8467 0.9203 0.9216 0.8665 0.8881 0.8903 0.8132
7 0.3939 0.6782 0.4198 0.6547 0.4461 0.7114 0.4202 0.7349
7 0.7767 0.8152 0.7826 0.8234 0.7478 0.8720 0.7420 0.8638
7 0.7471 0.1123 0.7509 0.0848 0.8000 0.0981 0.7962 0.1256
7 0.6940 0.4899 0.7006 0.4875 0.7038 0.5041 0.6971 0.5065
9 0.9019 0.4643 0.9029 0.5063 0.7776 0.5125 0.7765 0.4705
9 0.0088 0.9225 0.0626 0.7679 0.0932 0.7887 0.0394 0.9433
12 0.6378 0.9543 0.6294 0.9908 0.5530 0.9561 0.5615 0.9196
12 0.2075 0.6087 0.2244 0.6389 0.1611 0.7081 0.1442 0.6779
12 0.5310 0.5970 0.5079 0.5998 0.5008 0.4854 0.5238 0.4826
13 0.9251 0.9661 0.9273 0.9467 0.9363 0.9487 0.9341 0.9681
13 0.4746 0.9199 0.4648 0.9470 0.4294 0.9217 0.4392 0.8946
13 0.9063 0.0501 0.9099 0.0439 0.9212 0.0567 0.9176 0.0629
13 0.0325 0.5387 0.0388 0.5255 0.0590 0.5445 0.0526 0.5577
15 0.3844 0.5847 0.3495 0.6429 0.3096 0.5961 0.3445 0.5379
15 0.1451 0.8173 0.1056 0.7675 0.1352 0.7215 0.1747 0.7713
15 0.6568 0.6868 0.6889 0.5631 0.7426 0.5904 0.7105 0.7141
15 0.6454 0.7230 0.6560 0.7687 0.6237 0.7834 0.6131 0.7377
