0 0.7868 0.3062 0.9148 0.2338 0.9575 0.3818 0.8295 0.4542
0 0.7051 0.1164 0.7386 0.1264 0.6709 0.5724 0.6374 0.5624
0 0.5660 0.2895 0.5776 0.3813 0.2149 0.4709 0.2033 0.3791
0 0.1017 0.6897 0.1932 0.5616 0.3857 0.8311 0.2942 0.9592
1 0.5361 0.5969 0.5313 0.5976 0.5282 0.5559 0.5330 0.5552
1 0.1816 0.0371 0.1898 0.0290 0.2335 0.1165 0.2254 0.1246
1 0.8641 0.6205 0.8510 0.5753 0.9093 0.5423 0.9224 0.5875
1 0.6268 0.2138 0.6294 0.2485 0.6260 0.2490 0.6234 0.2143
2 0.4671 0.8874 0.6898 0.8155 0.7006 0.8806 0.4779 0.9525
2 0.2012 0.3115 0.1937 0.3404 0.1311 0.3085 0.1386 0.2796
2 0.4324 0.6044 0.5669 0.6963 0.5599 0.7164 0.4254 0.6245
2 0.2745 0.1550 0.3103 0.1199 0.3512 0.2018 0.3154 0.2369
3 0.4897 0.2813 0.4809 0.2607 0.5217 0.2263 0.5306 0.2469
3 0.0068 0.2066 0.0170 0.2056 0.0207 0.2782 0.0104 0.2792
3 0.0123 0.7851 0.0921 0.7929 0.0911 0.8125 0.0113 0.8047
3 0.0438 0.6470 0.0151 0.5424 0.0282 0.5354 0.0569 0.6400
4 0.3462 0.5412 0.3473 0.5559 0.3436 0.5564 0.3425 0.5417
4 0.4259 0.1869 0.4427 0.1819 0.4486 0.2211 0.4319 0.2261
4 0.7294 0.9576 0.7366 0.9599 0.7349 0.9704 0.7277 0.9681
4 0.0577 0.2368 0.0589 0.2487 0.0275 0.2548 0.0263 0.2429
6 0.7501 0.6574 0.7326 0.6535 0.7354 0.6286 0.7529 0.6325
6 0.8662 0.1828 0.8462 0.1058 0.9015 0.0776 0.9215 0.1546
6 0.9869 0.9516 0.7968 0.9236 0.8068 0.7896 0.9969 0.8176
7 0.3186 0.5351 0.3311 0.5469 0.3283 0.5529 0.3157 0.5411
7 0.9701 0.6933 0.9690 0.7836 0.8502 0.7807 0.8513 0.6904
7 0.5456 0.7649 0.5440 0.7218 0.6087 0.7171 0.6103 0.7602
7 0.7605 0.2341 0.7508 0.2216 0.7775 0.1815 0.7872 0.1940
9 0.5826 0.6625 0.5685 0.5021 0.5952 0.4975 0.6092 0.6579
9 0.1316 0.0194 0.1601 0.0541 0.0984 0.1534 0.0699 0.1187
9 0.5156 0.1701 0.4942 0.1368 0.5781 0.0311 0.5995 0.0644
9 0.7842 0.6115 0.8493 0.7573 0.8204 0.7825 0.7553 0.6367
12 0.1062 0.4905 0.0610 0.4335 0.0780 0.4071 0.1233 0.4641
12 0.2502 0.0476 0.3103 0.0609 0.3064 0.0960 0.2462 0.0827
12 0.4551 0.1669 0.3870 0.0404 0.4046 0.0219 0.4727 0.1484
12 0.0738 0.9570 0.0508 0.9633 0.0385 0.8750 0.0615 0.8687
13 0.1558 0.4944 0.1570 0.5247 0.1173 0.5276 0.1162 0.4973
13 0.0629 0.7287 0.0561 0.7300 0.0514 0.6837 0.0582 0.6824
13 0.5044 0.4926 0.4996 0.4883 0.5073 0.4710 0.5121 0.4753
13 0.3631 0.1771 0.3772 0.1648 0.3797 0.1705 0.3657 0.1828
15 0.8426 0.5783 0.7593 0.6009 0.7445 0.4941 0.8278 0.4715
15 0.6414 0.6741 0.7143 0.6542 0.7226 0.7135 0.6497 0.7334
