0 0.8182 0.4487 0.9509 0.3955 0.9823 0.5489 0.8497 0.6021
0 0.4395 0.5308 0.5252 0.8005 0.3905 0.8844 0.3048 0.6147
0 0.7099 0.0530 0.7643 0.2517 0.5059 0.3906 0.4514 0.1919
0 0.2052 0.3031 0.0195 0.3489 0.0068 0.2477 0.1925 0.2019
1 0.8053 0.6661 0.8120 0.6627 0.8184 0.6871 0.8117 0.6905
1 0.4011 0.1735 0.4135 0.1762 0.4123 0.1869 0.3999 0.1842
1 0.1355 0.6232 0.1381 0.6248 0.1213 0.6752 0.1187 0.6736
1 0.5710 0.7969 0.5708 0.7901 0.6008 0.7887 0.6009 0.7955
2 0.0787 0.7091 0.0924 0.7296 0.0690 0.7601 0.0553 0.7396
2 0.3017 0.8842 0.2556 0.9877 0.1003 0.8518 0.1464 0.7483
2 0.2867 0.3328 0.3026 0.4474 0.2313 0.4668 0.2154 0.3522
2 0.5571 0.4989 0.6388 0.3923 0.6649 0.4315 0.5832 0.5381
3 0.2121 0.0196 0.2189 0.0087 0.2581 0.0564 0.2514 0.0673
3 0.1455 0.4523 0.1396 0.4749 0.0948 0.4521 0.1007 0.4295
3 0.2645 0.1904 0.2622 0.1764 0.3129 0.1600 0.3152 0.1740
3 0.8785 0.6901 0.8828 0.6718 0.9523 0.7035 0.9481 0.7218
4 0.9576 0.1758 0.9761 0.1642 0.9801 0.1766 0.9616 0.1882
4 0.7581 0.5806 0.7650 0.5907 0.7494 0.6118 0.7424 0.6017
4 0.0227 0.8793 0.0225 0.8621 0.0276 0.8619 0.0278 0.8791
4 0.9484 0.3528 0.9554 0.3491 0.9581 0.3592 0.9512 0.3629
6 0.5654 0.9222 0.6307 0.9286 0.6292 0.9594 0.5639 0.9530
6 0.6059 0.5686 0.6501 0.6224 0.6115 0.6846 0.5673 0.6308
6 0.7691 0.1211 0.7821 0.0763 0.7895 0.0805 0.7765 0.1253
6 0.9538 0.2309 0.8871 0.2440 0.8682 0.0559 0.9349 0.0428
7 0.9299 0.3066 0.9320 0.3014 0.9533 0.3186 0.9511 0.3238
7 0.2151 0.6180 0.2367 0.6890 0.2175 0.7004 0.1959 0.6294
7 0.5256 0.5418 0.5266 0.5351 0.5526 0.5422 0.5517 0.5489
7 0.7796 0.2333 0.7753 0.2259 0.7855 0.2143 0.7898 0.2217
9 0.6608 0.9223 0.7521 0.8072 0.7749 0.8425 0.6836 0.9576
9 0.4188 0.5184 0.3031 0.5156 0.3035 0.4776 0.4192 0.4804
9 0.3893 0.4073 0.3105 0.2891 0.3302 0.2635 0.4089 0.3817
12 0.0819 0.4935 0.1895 0.5424 0.1827 0.5717 0.0751 0.5228
12 0.1532 0.0574 0.1073 0.1732 0.0848 0.1558 0.1307 0.0400
13 0.5074 0.9448 0.4785 0.9572 0.4731 0.9328 0.5021 0.9204
13 0.3749 0.1904 0.4135 0.2268 0.3968 0.2616 0.3582 0.2252
13 0.0585 0.9613 0.0530 0.9563 0.0617 0.9375 0.0673 0.9425
13 0.2576 0.4882 0.2643 0.4743 0.2710 0.4806 0.2642 0.4945
15 0.5998 0.8982 0.5405 0.9040 0.5371 0.8350 0.5963 0.8292
15 0.9052 0.9166 0.8040 0.8813 0.8234 0.7722 0.9246 0.8075
15 0.3194 0.9830 0.3237 0.8972 0.4038 0.9050 0.3995 0.9908
15 0.6926 0.5573 0.6751 0.4820 0.7317 0.4563 0.7491 0.5316
