0 0.1725 0.6388 0.1465 0.5530 0.4855 0.3516 0.5115 0.4374
0 0.8192 0.6048 0.7564 0.7632 0.5183 0.5784 0.5810 0.4200
0 0.5421 0.1930 0.5584 0.0080 0.8181 0.0526 0.8019 0.2376
1 0.2243 0.2442 0.2270 0.2458 0.2199 0.2690 0.2173 0.2674
1 0.7330 0.9809 0.7313 0.9794 0.7456 0.9499 0.7472 0.9514
1 0.9553 0.4817 0.9445 0.4631 0.9470 0.4603 0.9578 0.4789
1 0.4686 0.7398 0.4706 0.7494 0.4529 0.7570 0.4508 0.7474
2 0.0785 0.9889 0.0448 0.9762 0.0670 0.8603 0.1006 0.8730
2 0.2262 0.6810 0.3080 0.7205 0.2793 0.8374 0.1974 0.7979
2 0.4170 0.2821 0.2608 0.1112 0.3121 0.0191 0.4684 0.1900
2 0.9234 0.8391 0.9680 0.7904 0.9835 0.8181 0.9389 0.8668
3 0.4170 0.6723 0.4133 0.6858 0.3647 0.6597 0.3684 0.6462
3 0.1795 0.1239 0.1878 0.1449 0.1116 0.2041 0.1033 0.1831
3 0.1103 0.2244 0.1450 0.2844 0.1343 0.2964 0.0996 0.2364
3 0.6110 0.7925 0.6192 0.7727 0.6964 0.8351 0.6882 0.8549
4 0.9286 0.2125 0.9175 0.2280 0.9060 0.2119 0.9171 0.1964
4 0.5173 0.1616 0.5240 0.1648 0.5136 0.2072 0.5068 0.2040
4 0.5339 0.7994 0.5139 0.7944 0.5156 0.7810 0.5355 0.7860
4 0.1181 0.8670 0.1111 0.8549 0.1156 0.8498 0.1226 0.8619
6 0.0851 0.6185 0.0506 0.5684 0.0746 0.5359 0.1091 0.5860
6 0.3344 0.9030 0.3204 0.9953 0.1876 0.9558 0.2016 0.8635
6 0.8232 0.7974 0.8199 0.5298 0.9162 0.5274 0.9195 0.7950
7 0.9421 0.0493 0.9397 0.0167 0.9502 0.0151 0.9526 0.0477
7 0.1169 0.3715 0.1211 0.3640 0.1314 0.3753 0.1272 0.3828
7 0.0464 0.0967 0.0862 0.0620 0.0930 0.0773 0.0533 0.1120
7 0.5072 0.8840 0.5120 0.9266 0.4480 0.9408 0.4431 0.8982
9 0.9809 0.3361 0.8956 0.4228 0.8702 0.3739 0.9555 0.2872
9 0.5553 0.9504 0.6657 0.9032 0.6735 0.9392 0.5632 0.9864
9 0.9721 0.1414 0.8475 0.1785 0.8413 0.1382 0.9660 0.1011
9 0.8615 0.3028 0.8429 0.4002 0.6825 0.3400 0.7011 0.2426
12 0.8595 0.4683 0.8499 0.5097 0.8314 0.5013 0.8410 0.4599
12 0.0735 0.8088 0.0507 0.8161 0.0362 0.7284 0.0590 0.7211
12 0.0598 0.2658 0.0406 0.3002 0.0253 0.2834 0.0445 0.2490
13 0.5270 0.1474 0.5336 0.1470 0.5341 0.1694 0.5276 0.1698
13 0.8523 0.8878 0.8277 0.8325 0.8531 0.8102 0.8778 0.8655
13 0.8238 0.9043 0.8218 0.9118 0.8082 0.9045 0.8102 0.8970
13 0.1062 0.0444 0.1115 0.0216 0.1158 0.0236 0.1105 0.0464
15 0.0016 0.3768 0.0369 0.3063 0.1026 0.3708 0.0674 0.4413
15 0.8012 0.8811 0.7381 0.9501 0.7017 0.8849 0.7647 0.8159
15 0.0986 0.6727 0.1026 0.7018 0.0443 0.7177 0.0402 0.6886
15 0.5986 0.2952 0.5522 0.3784 0.5171 0.3400 0.5635 0.2568
