0 0.5854 0.2379 0.6700 0.3240 0.4892 0.6725 0.4046 0.5864
0 0.2853 0.7303 0.3961 0.7604 0.3699 0.9493 0.2591 0.9192
0 0.9227 0.5361 0.8885 0.5328 0.9113 0.0779 0.9455 0.0812
0 0.3326 0.6129 0.2187 0.6773 0.1017 0.2719 0.2156 0.2075
1 0.3821 0.6159 0.3866 0.6237 0.3722 0.6401 0.3677 0.6323
1 0.1956 0.9013 0.2192 0.8851 0.2230 0.8959 0.1994 0.9121
1 0.1579 0.1373 0.1368 0.1188 0.1387 0.1147 0.1597 0.1332
1 0.7888 0.0091 0.7981 0.0143 0.7695 0.1133 0.7602 0.1081
2 0.8786 0.3576 0.8737 0.3669 0.8216 0.3120 0.8266 0.3027
2 0.4747 0.7858 0.4658 0.8072 0.4433 0.7890 0.4522 0.7676
2 0.9740 0.8345 0.8902 0.7774 0.9129 0.7123 0.9966 0.7694
2 0.9026 0.6833 0.9041 0.6731 0.9337 0.6819 0.9322 0.6921
3 0.0800 0.5345 0.0302 0.4229 0.0437 0.4111 0.0935 0.5227
3 0.9699 0.9993 0.9060 0.9319 0.9144 0.9163 0.9783 0.9837
3 0.2207 0.1512 0.1689 0.1776 0.1642 0.1596 0.2160 0.1332
3 0.7284 0.7509 0.6715 0.8178 0.6610 0.8003 0.7179 0.7334
4 0.1495 0.8349 0.1477 0.8260 0.1908 0.8087 0.1926 0.8176
4 0.6651 0.1230 0.6371 0.1153 0.6380 0.1082 0.6661 0.1159
4 0.0364 0.9182 0.0165 0.9236 0.0156 0.9170 0.0355 0.9116
4 0.3609 0.7053 0.3479 0.6751 0.3560 0.6683 0.3689 0.6985
6 0.6762 0.3844 0.8672 0.3937 0.8638 0.5284 0.6728 0.5191
6 0.7311 0.6701 0.7983 0.6635 0.8078 0.8531 0.7405 0.8597
6 0.2611 0.1419 0.2623 0.0475 0.3980 0.0509 0.3968 0.1453
6 0.6774 0.2996 0.6954 0.2115 0.7166 0.2200 0.6986 0.3081
7 0.4816 0.8592 0.4917 0.8355 0.5427 0.8784 0.5325 0.9021
7 0.1058 0.7326 0.0808 0.7426 0.0785 0.7314 0.1035 0.7214
7 0.7037 0.1001 0.7300 0.0895 0.7443 0.1595 0.7180 0.1701
7 0.4178 0.9670 0.4096 0.9652 0.4119 0.9446 0.4201 0.9464
9 0.0617 0.2413 0.0311 0.2282 0.0641 0.0771 0.0947 0.0902
9 0.6624 0.8404 0.6305 0.9961 0.6044 0.9856 0.6363 0.8299
9 0.8108 0.1104 0.8384 0.0940 0.8875 0.2556 0.8598 0.2720
12 0.8017 0.3009 0.7382 0.3482 0.7274 0.3199 0.7910 0.2726
12 0.3629 0.3302 0.3384 0.3320 0.3337 0.2070 0.3582 0.2052
12 0.7517 0.5519 0.7867 0.5747 0.7757 0.6077 0.7407 0.5849
13 0.7460 0.0567 0.7325 0.0700 0.7297 0.0645 0.7433 0.0512
13 0.4686 0.1271 0.5108 0.0996 0.5234 0.1377 0.4812 0.1652
13 0.2219 0.7819 0.2324 0.7798 0.2332 0.7885 0.2228 0.7906
13 0.7881 0.8756 0.7849 0.8840 0.7725 0.8748 0.7757 0.8664
15 0.5754 0.0267 0.6175 0.1109 0.5763 0.1513 0.5342 0.0671
15 0.1255 0.9009 0.0539 0.8796 0.0665 0.7967 0.1381 0.8180
15 0.8705 0.6188 0.9145 0.5370 0.9555 0.5804 0.9115 0.6622
15 0.4328 0.8195 0.4616 0.8259 0.4555 0.8793 0.4267 0.8729
