0 0.3741 0.3490 0.2032 0.4606 0.1722 0.3674 0.3431 0.2558
0 0.1096 0.9440 0.0139 0.8603 0.0867 0.6972 0.1824 0.7809
0 0.8472 0.4957 0.8150 0.6766 0.5611 0.5879 0.5933 0.4070
0 0.4745 0.5130 0.5595 0.6894 0.3300 0.9062 0.2450 0.7298
1 0.8363 0.2603 0.8418 0.2644 0.8146 0.3361 0.8090 0.3320
1 0.6202 0.7702 0.6174 0.7681 0.6258 0.7458 0.6286 0.7479
1 0.1635 0.5511 0.1709 0.5541 0.1545 0.6341 0.1471 0.6311
1 0.5985 0.3646 0.5994 0.3684 0.5621 0.3874 0.5611 0.3836
2 0.4933 0.2979 0.4767 0.3077 0.4667 0.2749 0.4833 0.2651
2 0.7103 0.3118 0.5849 0.3149 0.5811 0.0102 0.7065 0.0071
2 0.4389 0.4989 0.4370 0.4698 0.4888 0.4635 0.4907 0.4926
3 0.7394 0.9158 0.7387 0.9301 0.6866 0.9250 0.6873 0.9107
3 0.2316 0.8608 0.2440 0.9360 0.2290 0.9408 0.2166 0.8656
3 0.8600 0.3478 0.8593 0.3621 0.8071 0.3570 0.8079 0.3427
3 0.9701 0.4673 0.9574 0.4817 0.9013 0.3847 0.9140 0.3703
4 0.5592 0.4622 0.5518 0.4921 0.5437 0.4882 0.5511 0.4583
4 0.9493 0.2465 0.9553 0.2391 0.9936 0.3007 0.9875 0.3081
4 0.9414 0.7940 0.9581 0.8024 0.9549 0.8148 0.9382 0.8064
4 0.0753 0.3830 0.0720 0.3900 0.0564 0.3758 0.0597 0.3688
6 0.0569 0.1836 0.0563 0.2084 0.0383 0.2076 0.0389 0.1828
6 0.8768 0.1994 0.8094 0.1961 0.8141 0.0062 0.8815 0.0095
6 0.8929 0.8270 0.9490 0.8742 0.9377 0.9006 0.8816 0.8534
6 0.6785 0.3450 0.6819 0.3206 0.6995 0.3254 0.6961 0.3498
7 0.5207 0.3874 0.5022 0.4288 0.4448 0.3786 0.4632 0.3372
7 0.2621 0.1240 0.2752 0.0968 0.3236 0.1424 0.3105 0.1696
7 0.4930 0.0231 0.4914 0.0312 0.4776 0.0261 0.4792 0.0180
7 0.2349 0.0570 0.2231 0.0630 0.2117 0.0190 0.2235 0.0130
9 0.1518 0.1893 0.0676 0.1005 0.0936 0.0523 0.1778 0.1411
9 0.6548 0.7580 0.7658 0.7135 0.7732 0.7496 0.6622 0.7941
9 0.6635 0.8089 0.6615 0.8616 0.5676 0.8547 0.5696 0.8020
9 0.9541 0.5619 0.9747 0.5962 0.8882 0.6977 0.8676 0.6634
12 0.7879 0.7848 0.8086 0.7596 0.8613 0.8444 0.8406 0.8696
12 0.7338 0.8579 0.7241 0.8993 0.7057 0.8909 0.7153 0.8495
12 0.8863 0.5534 0.8633 0.5283 0.8740 0.5090 0.8970 0.5341
13 0.5186 0.9340 0.5326 0.9340 0.5326 0.9468 0.5186 0.9468
13 0.9398 0.7456 0.9254 0.7325 0.9279 0.7272 0.9423 0.7403
13 0.3872 0.0251 0.3691 0.0600 0.3511 0.0417 0.3692 0.0068
13 0.1367 0.1979 0.1417 0.2006 0.0859 0.4041 0.0809 0.4014
15 0.7139 0.0902 0.7687 0.0592 0.7869 0.1222 0.7321 0.1532
15 0.4712 0.2264 0.3865 0.2181 0.3920 0.1096 0.4766 0.1179
15 0.0394 0.5067 0.0100 0.5081 0.0086 0.4485 0.0380 0.4471
