0 0.5317 0.6191 0.4770 0.7573 0.3568 0.6641 0.4115 0.5259
0 0.0031 0.4672 0.0178 0.1728 0.1649 0.1872 0.1502 0.4816
0 0.9812 0.0184 0.9973 0.0608 0.7097 0.2748 0.6936 0.2324
0 0.6172 0.9232 0.3937 0.9897 0.3811 0.9068 0.6046 0.8403
1 0.6670 0.1779 0.6695 0.1837 0.6438 0.2053 0.6413 0.1995
1 0.1054 0.5629 0.1033 0.5567 0.1303 0.5383 0.1324 0.5445
1 0.8969 0.6067 0.8726 0.6205 0.8694 0.6093 0.8937 0.5955
1 0.4804 0.4039 0.4883 0.4186 0.4733 0.4345 0.4654 0.4198
2 0.5180 0.2522 0.1924 0.1553 0.2046 0.0754 0.5301 0.1723
2 0.9595 0.4919 0.9047 0.5800 0.8500 0.5133 0.9047 0.4252
2 0.2066 0.5763 0.2723 0.5908 0.2586 0.7125 0.1928 0.6980
2 0.8138 0.8095 0.7456 0.8925 0.6868 0.7977 0.7549 0.7147
3 0.3368 0.5813 0.3471 0.5811 0.3480 0.6539 0.3377 0.6541
3 0.2183 0.8905 0.2114 0.9012 0.1726 0.8523 0.1794 0.8416
3 0.5602 0.4101 0.5692 0.4031 0.5944 0.4667 0.5854 0.4737
3 0.5862 0.1936 0.5898 0.2907 0.5767 0.2916 0.5730 0.1945
4 0.7037 0.5824 0.6985 0.5802 0.7029 0.5600 0.7081 0.5622
4 0.1205 0.8458 0.1288 0.8315 0.1392 0.8434 0.1309 0.8577
4 0.0332 0.5880 0.0259 0.5926 0.0022 0.5180 0.0095 0.5134
4 0.8645 0.3734 0.8539 0.3455 0.8615 0.3398 0.8721 0.3677
6 0.0763 0.5257 0.0668 0.5940 0.0340 0.5851 0.0435 0.5168
6 0.1363 0.0445 0.1320 0.0204 0.1494 0.0143 0.1537 0.0384
6 0.4171 0.3932 0.3716 0.3274 0.3875 0.3060 0.4329 0.3718
7 0.1215 0.7284 0.1136 0.7127 0.1417 0.6852 0.1495 0.7009
7 0.1368 0.0827 0.1426 0.0723 0.1752 0.1081 0.1694 0.1185
7 0.6267 0.5205 0.6037 0.4777 0.6756 0.4019 0.6986 0.4447
7 0.5569 0.7951 0.5572 0.7711 0.5960 0.7721 0.5957 0.7961
9 0.3313 0.6918 0.2993 0.6926 0.2973 0.5346 0.3293 0.5338
9 0.0276 0.9461 0.0234 0.8900 0.1629 0.8695 0.1671 0.9256
9 0.2874 0.3980 0.3009 0.4473 0.2132 0.4944 0.1996 0.4451
12 0.8258 0.6641 0.7534 0.5729 0.7656 0.5539 0.8380 0.6451
12 0.4233 0.8009 0.3883 0.8237 0.3773 0.7907 0.4123 0.7679
13 0.1631 0.6359 0.1660 0.6413 0.1558 0.6521 0.1528 0.6467
13 0.0531 0.7062 0.0617 0.6907 0.0689 0.6986 0.0603 0.7141
13 0.3387 0.3470 0.3305 0.2930 0.3479 0.2878 0.3560 0.3418
13 0.3309 0.8386 0.3327 0.8400 0.2808 0.9658 0.2791 0.9644
15 0.6654 0.7697 0.5944 0.7504 0.6055 0.6711 0.6764 0.6904
15 0.8923 0.8301 0.8896 0.7867 0.9317 0.7815 0.9344 0.8249
15 0.7701 0.4248 0.7690 0.4680 0.7268 0.4660 0.7278 0.4228
