0 0.0209 0.0100 0.2094 0.0100 0.2094 0.1128 0.0209 0.1128
0 0.8343 0.4708 0.9863 0.4708 0.9863 0.8584 0.8343 0.8584
0 0.6409 0.1752 0.7537 0.1752 0.7537 0.3676 0.6409 0.3676
0 0.4926 0.9140 0.7211 0.9140 0.7211 0.9988 0.4926 0.9988
1 0.5394 0.3344 0.5477 0.3344 0.5477 0.4164 0.5394 0.4164
1 0.3877 0.4848 0.4049 0.4848 0.4049 0.4892 0.3877 0.4892
1 0.5220 0.8556 0.5251 0.8556 0.5251 0.8808 0.5220 0.8808
1 0.0314 0.6992 0.0426 0.6992 0.0426 0.7360 0.0314 0.7360
2 0.0734 0.3796 0.1600 0.3796 0.1600 0.6596 0.0734 0.6596
2 0.8977 0.2316 0.9643 0.2316 0.9643 0.3548 0.8977 0.3548
2 0.5514 0.7368 0.5734 0.7368 0.5734 0.8300 0.5514 0.8300
2 0.2900 0.2260 0.3377 0.2260 0.3377 0.3368 0.2900 0.3368
3 0.7429 0.0420 0.7531 0.0420 0.7531 0.1152 0.7429 0.1152
3 0.7729 0.2288 0.8523 0.2288 0.8523 0.2536 0.7729 0.2536
3 0.8249 0.3908 0.8743 0.3908 0.8743 0.4076 0.8249 0.4076
3 0.2914 0.6972 0.3017 0.6972 0.3017 0.7704 0.2914 0.7704
4 0.7800 0.0340 0.7911 0.0340 0.7911 0.0664 0.7800 0.0664
4 0.1020 0.7452 0.1100 0.7452 0.1100 0.7708 0.1020 0.7708
4 0.3203 0.4036 0.3369 0.4036 0.3369 0.4264 0.3203 0.4264
4 0.0320 0.3300 0.0400 0.3300 0.0400 0.3556 0.0320 0.3556
6 0.4414 0.4220 0.5089 0.4220 0.5089 0.6120 0.4414 0.6120
6 0.5203 0.5700 0.5700 0.5700 0.5700 0.6168 0.5203 0.6168
6 0.3417 0.4160 0.3763 0.4160 0.3763 0.4272 0.3417 0.4272
6 0.2446 0.7912 0.3031 0.7912 0.3031 0.8736 0.2446 0.8736
7 0.2729 0.2876 0.2869 0.2876 0.2869 0.3560 0.2729 0.3560
7 0.5291 0.2948 0.5420 0.2948 0.5420 0.3264 0.5291 0.3264
7 0.9211 0.8740 0.9737 0.8740 0.9737 0.8992 0.9211 0.8992
7 0.7163 0.4164 0.7349 0.4164 0.7349 0.4632 0.7163 0.4632
9 0.2111 0.4416 0.2529 0.4416 0.2529 0.6508 0.2111 0.6508
9 0.3657 0.1496 0.4034 0.1496 0.4034 0.2812 0.3657 0.2812
9 0.5446 0.0852 0.6603 0.0852 0.6603 0.1232 0.5446 0.1232
9 0.6751 0.6972 0.7129 0.6972 0.7129 0.8288 0.6751 0.8288
12 0.1617 0.5968 0.1703 0.5968 0.1703 0.8940 0.1617 0.8940
12 0.2774 0.0556 0.3494 0.0556 0.3494 0.0876 0.2774 0.0876
12 0.0183 0.4000 0.0529 0.4000 0.0529 0.5544 0.0183 0.5544
12 0.0063 0.8152 0.0409 0.8152 0.0409 0.9696 0.0063 0.9696
13 0.3151 0.6004 0.3251 0.6004 0.3251 0.6204 0.3151 0.6204
13 0.0823 0.8568 0.1054 0.8568 0.1054 0.9204 0.0823 0.9204
13 0.5543 0.6636 0.5683 0.6636 0.5683 0.6764 0.5543 0.6764
13 0.3934 0.5488 0.4011 0.5488 0.4011 0.5612 0.3934 0.5612
15 0.7146 0.0400 0.7357 0.0400 0.7357 0.1232 0.7146 0.1232
15 0.8746 0.0052 0.9057 0.0052 0.9057 0.0644 0.8746 0.0644
15 0.2454 0.8860 0.3069 0.8860 0.3069 0.9984 0.2454 0.9984
15 0.3046 0.7348 0.3846 0.7348 0.3846 0.8176 0.3046 0.8176
