0 0.5269 0.6008 0.7154 0.6008 0.7154 0.7036 0.5269 0.7036
0 0.0314 0.0908 0.1320 0.0908 0.1320 0.2940 0.0314 0.2940
0 0.2531 0.3896 0.3537 0.3896 0.3537 0.5928 0.2531 0.5928
0 0.7283 0.7844 0.9391 0.7844 0.9391 0.9908 0.7283 0.9908
1 0.9017 0.6680 0.9091 0.6680 0.9091 0.6952 0.9017 0.6952
1 0.2320 0.5668 0.2446 0.5668 0.2446 0.5776 0.2320 0.5776
1 0.8154 0.5348 0.8226 0.5348 0.8226 0.5608 0.8154 0.5608
1 0.4163 0.6380 0.4194 0.6380 0.4194 0.6632 0.4163 0.6632
2 0.5091 0.0092 0.5686 0.0092 0.5686 0.1968 0.5091 0.1968
2 0.7971 0.2672 0.8706 0.2672 0.8706 0.3920 0.7971 0.3920
2 0.0354 0.9056 0.1111 0.9056 0.1111 0.9584 0.0354 0.9584
2 0.3626 0.2320 0.4263 0.2320 0.4263 0.2532 0.3626 0.2532
3 0.7451 0.7504 0.8003 0.7504 0.8003 0.7720 0.7451 0.7720
3 0.8803 0.5304 0.8866 0.5304 0.8866 0.6324 0.8803 0.6324
3 0.0083 0.8156 0.0883 0.8156 0.0883 0.8352 0.0083 0.8352
3 0.4403 0.6060 0.4506 0.6060 0.4506 0.6792 0.4403 0.6792
4 0.5746 0.8304 0.5923 0.8304 0.5923 0.8436 0.5746 0.8436
4 0.3134 0.7500 0.3306 0.7500 0.3306 0.7900 0.3134 0.7900
4 0.8831 0.3016 0.9223 0.3016 0.9223 0.3112 0.8831 0.3112
4 0.5877 0.7108 0.5940 0.7108 0.5940 0.7268 0.5877 0.7268
6 0.3023 0.8032 0.3609 0.8032 0.3609 0.8856 0.3023 0.8856
6 0.1466 0.1440 0.3377 0.1440 0.3377 0.2788 0.1466 0.2788
6 0.0431 0.6152 0.0777 0.6152 0.0777 0.6264 0.0431 0.6264
6 0.4969 0.7488 0.5146 0.7488 0.5146 0.7740 0.4969 0.7740
7 0.1869 0.5288 0.1951 0.5288 0.1951 0.5964 0.1869 0.5964
7 0.3500 0.9040 0.3631 0.9040 0.3631 0.9688 0.3500 0.9688
7 0.4111 0.8564 0.4743 0.8564 0.4743 0.9684 0.4111 0.9684
7 0.8046 0.1928 0.9437 0.1928 0.9437 0.2208 0.8046 0.2208
9 0.3526 0.3312 0.4680 0.3312 0.4680 0.3688 0.3526 0.3688
9 0.4929 0.3036 0.6157 0.3036 0.6157 0.3512 0.4929 0.3512
9 0.0234 0.4368 0.2437 0.4368 0.2437 0.5092 0.0234 0.5092
9 0.6389 0.0700 0.6960 0.0700 0.6960 0.1244 0.6389 0.1244
12 0.4880 0.4492 0.9291 0.4492 0.9291 0.5304 0.4880 0.5304
12 0.1117 0.6660 0.2063 0.6660 0.2063 0.7020 0.1117 0.7020
12 0.7834 0.0932 0.9880 0.0932 0.9880 0.1288 0.7834 0.1288
12 0.6674 0.1296 0.8720 0.1296 0.8720 0.1652 0.6674 0.1652
13 0.0154 0.3560 0.0457 0.3560 0.0457 0.3816 0.0154 0.3816
13 0.4277 0.6832 0.4406 0.6832 0.4406 0.6940 0.4277 0.6940
13 0.1414 0.3724 0.1580 0.3724 0.1580 0.3792 0.1414 0.3792
13 0.8971 0.4320 0.9143 0.4320 0.9143 0.4480 0.8971 0.4480
15 0.1549 0.9384 0.1883 0.9384 0.1883 0.9864 0.1549 0.9864
15 0.3709 0.5192 0.3920 0.5192 0.3920 0.6024 0.3709 0.6024
15 0.2106 0.0364 0.2829 0.0364 0.2829 0.1172 0.2106 0.1172
15 0.2700 0.8916 0.3040 0.8916 0.3040 0.9396 0.2700 0.9396
