0 0.6920 0.6272 0.7754 0.6272 0.7754 0.8016 0.6920 0.8016
0 0.1120 0.3184 0.2500 0.3184 0.2500 0.4780 0.1120 0.4780
0 0.5071 0.1160 0.6549 0.1160 0.6549 0.6084 0.5071 0.6084
0 0.3523 0.0212 0.4651 0.0212 0.4651 0.2136 0.3523 0.2136
1 0.6689 0.3168 0.6951 0.3168 0.6951 0.3288 0.6689 0.3288
1 0.0889 0.7628 0.1237 0.7628 0.1237 0.8508 0.0889 0.8508
1 0.3894 0.6464 0.3969 0.6464 0.3969 0.6736 0.3894 0.6736
1 0.2423 0.7812 0.2771 0.7812 0.2771 0.8692 0.2423 0.8692
2 0.9783 0.4168 0.9914 0.4168 0.9914 0.5728 0.9783 0.5728
2 0.4877 0.8820 0.5314 0.8820 0.5314 0.9820 0.4877 0.9820
2 0.7497 0.0612 0.8083 0.0612 0.8083 0.1436 0.7497 0.1436
2 0.8337 0.6860 0.9103 0.6860 0.9103 0.8964 0.8337 0.8964
3 0.0823 0.2704 0.0960 0.2704 0.0960 0.3728 0.0823 0.3728
3 0.8697 0.5628 0.9191 0.5628 0.9191 0.5796 0.8697 0.5796
3 0.5900 0.7976 0.6037 0.7976 0.6037 0.9000 0.5900 0.9000
3 0.1591 0.0216 0.1763 0.0216 0.1763 0.0884 0.1591 0.0884
4 0.4291 0.5752 0.4420 0.5752 0.4420 0.5856 0.4291 0.5856
4 0.6663 0.5216 0.6774 0.5216 0.6774 0.5320 0.6663 0.5320
4 0.2071 0.9224 0.2323 0.9224 0.2323 0.9356 0.2071 0.9356
4 0.8914 0.9264 0.9109 0.9264 0.9109 0.9408 0.8914 0.9408
6 0.2589 0.0704 0.2934 0.0704 0.2934 0.0816 0.2589 0.0816
6 0.0271 0.7784 0.0769 0.7784 0.0769 0.8252 0.0271 0.8252
6 0.8223 0.1732 0.8720 0.1732 0.8720 0.2200 0.8223 0.2200
6 0.0009 0.8776 0.0506 0.8776 0.0506 0.9244 0.0009 0.9244
7 0.9746 0.0188 0.9977 0.0188 0.9977 0.1296 0.9746 0.1296
7 0.0297 0.1860 0.0600 0.1860 0.0600 0.2904 0.0297 0.2904
7 0.8703 0.3528 0.8797 0.3528 0.8797 0.4040 0.8703 0.4040
7 0.5349 0.0160 0.5423 0.0160 0.5423 0.0580 0.5349 0.0580
9 0.0577 0.4864 0.1731 0.4864 0.1731 0.5240 0.0577 0.5240
9 0.6997 0.8500 0.7374 0.8500 0.7374 0.9816 0.6997 0.9816
9 0.7971 0.7400 0.8291 0.7400 0.8291 0.8980 0.7971 0.8980
9 0.7040 0.2948 0.7554 0.2948 0.7554 0.4644 0.7040 0.4644
12 0.0106 0.9360 0.2151 0.9360 0.2151 0.9716 0.0106 0.9716
12 0.6589 0.1912 0.7309 0.1912 0.7309 0.2232 0.6589 0.2232
12 0.1586 0.6964 0.5997 0.6964 0.5997 0.7776 0.1586 0.7776
12 0.2660 0.3224 0.2746 0.3224 0.2746 0.6196 0.2660 0.6196
13 0.5411 0.8876 0.5526 0.8876 0.5526 0.9292 0.5411 0.9292
13 0.3329 0.6572 0.3454 0.6572 0.3454 0.6716 0.3329 0.6716
13 0.0471 0.6156 0.0794 0.6156 0.0794 0.6304 0.0471 0.6304
13 0.5077 0.8140 0.5191 0.8140 0.5191 0.8480 0.5077 0.8480
15 0.3451 0.2216 0.4497 0.2216 0.4497 0.3364 0.3451 0.3364
15 0.1091 0.2348 0.2037 0.2348 0.2037 0.3160 0.1091 0.3160
15 0.8517 0.4276 0.8826 0.4276 0.8826 0.4868 0.8517 0.4868
15 0.3246 0.8492 0.3457 0.8492 0.3457 0.9324 0.3246 0.9324
