0 0.8526 0.5180 0.8869 0.5180 0.8869 0.9740 0.8526 0.9740
0 0.0297 0.1992 0.1366 0.1992 0.1366 0.6032 0.0297 0.6032
0 0.3317 0.5852 0.4329 0.5852 0.4329 0.7352 0.3317 0.7352
0 0.2140 0.2628 0.5171 0.2628 0.5171 0.4540 0.2140 0.4540
1 0.2080 0.5768 0.2154 0.5768 0.2154 0.6040 0.2080 0.6040
1 0.9869 0.3564 0.9951 0.3564 0.9951 0.4384 0.9869 0.4384
1 0.5877 0.5696 0.5909 0.5696 0.5909 0.5948 0.5877 0.5948
1 0.4597 0.8776 0.4697 0.8776 0.4697 0.9844 0.4597 0.9844
2 0.9120 0.3068 0.9194 0.3068 0.9194 0.3492 0.9120 0.3492
2 0.8074 0.8464 0.8246 0.8464 0.8246 0.8896 0.8074 0.8896
2 0.6640 0.0572 0.6966 0.0572 0.6966 0.0732 0.6640 0.0732
2 0.8889 0.8032 0.9089 0.8032 0.9089 0.8480 0.8889 0.8480
3 0.4717 0.2024 0.5657 0.2024 0.5657 0.2248 0.4717 0.2248
3 0.4240 0.7804 0.5040 0.7804 0.5040 0.8000 0.4240 0.8000
3 0.2346 0.8100 0.2840 0.8100 0.2840 0.8268 0.2346 0.8268
3 0.2611 0.0600 0.3411 0.0600 0.3411 0.0796 0.2611 0.0796
4 0.6931 0.1572 0.7103 0.1572 0.7103 0.2016 0.6931 0.2016
4 0.7829 0.5388 0.8060 0.5388 0.8060 0.5776 0.7829 0.5776
4 0.7089 0.0148 0.7320 0.0148 0.7320 0.0308 0.7089 0.0308
4 0.5563 0.8640 0.5714 0.8640 0.5714 0.9044 0.5563 0.9044
6 0.8469 0.0004 0.8966 0.0004 0.8966 0.0472 0.8469 0.0472
6 0.1206 0.1188 0.1860 0.1188 0.1860 0.1496 0.1206 0.1496
6 0.2577 0.8676 0.3163 0.8676 0.3163 0.9500 0.2577 0.9500
6 0.6366 0.3640 0.7020 0.3640 0.7020 0.3948 0.6366 0.3948
7 0.5711 0.1028 0.5926 0.1028 0.5926 0.1728 0.5711 0.1728
7 0.2231 0.5316 0.2891 0.5316 0.2891 0.6824 0.2231 0.6824
7 0.1649 0.8424 0.1729 0.8424 0.1729 0.8616 0.1649 0.8616
7 0.0174 0.0632 0.0346 0.0632 0.0346 0.1100 0.0174 0.1100
9 0.6563 0.6468 0.7283 0.6468 0.7283 0.8792 0.6563 0.8792
9 0.3577 0.0016 0.4289 0.0016 0.4289 0.2044 0.3577 0.2044
9 0.5163 0.5520 0.5677 0.5520 0.5677 0.7216 0.5163 0.7216
9 0.4397 0.0188 0.4697 0.0188 0.4697 0.1944 0.4397 0.1944
12 0.9540 0.5916 0.9594 0.5916 0.9594 0.7932 0.9540 0.7932
12 0.7543 0.6168 0.8337 0.6168 0.8337 0.6600 0.7543 0.6600
12 0.5089 0.9052 0.6131 0.9052 0.6131 0.9468 0.5089 0.9468
12 0.3834 0.8064 0.5880 0.8064 0.5880 0.8420 0.3834 0.8420
13 0.4860 0.1028 0.4909 0.1028 0.4909 0.1208 0.4860 0.1208
13 0.2969 0.1300 0.3434 0.1300 0.3434 0.1716 0.2969 0.1716
13 0.1566 0.0184 0.1694 0.0184 0.1694 0.0292 0.1566 0.0292
13 0.7877 0.8464 0.7957 0.8464 0.7957 0.8676 0.7877 0.8676
15 0.0034 0.7540 0.0463 0.7540 0.0463 0.8164 0.0034 0.8164
15 0.6397 0.4256 0.7443 0.4256 0.7443 0.5404 0.6397 0.5404
15 0.0049 0.8552 0.0580 0.8552 0.0580 0.9172 0.0049 0.9172
15 0.5966 0.2328 0.6911 0.2328 0.6911 0.3140 0.5966 0.3140
