0 0.3614 0.3572 0.5291 0.3572 0.5291 0.6504 0.3614 0.6504
0 0.5503 0.2676 0.7611 0.2676 0.7611 0.4740 0.5503 0.4740
0 0.1163 0.0056 0.2457 0.0056 0.2457 0.3868 0.1163 0.3868
0 0.5966 0.5944 0.7260 0.5944 0.7260 0.9756 0.5966 0.9756
1 0.8534 0.3100 0.8563 0.3100 0.8563 0.3656 0.8534 0.3656
1 0.4409 0.0196 0.4471 0.0196 0.4471 0.1008 0.4409 0.1008
1 0.2954 0.0640 0.3037 0.0640 0.3037 0.1460 0.2954 0.1460
1 0.1563 0.9320 0.1763 0.9320 0.1763 0.9404 0.1563 0.9404
2 0.4263 0.7376 0.5020 0.7376 0.5020 0.7924 0.4263 0.7924
2 0.7934 0.7724 0.8260 0.7724 0.8260 0.7884 0.7934 0.7884
2 0.1283 0.6784 0.2049 0.6784 0.2049 0.8888 0.1283 0.8888
2 0.0880 0.0248 0.1077 0.0248 0.1077 0.0524 0.0880 0.0524
3 0.8631 0.1988 0.9374 0.1988 0.9374 0.2216 0.8631 0.2216
3 0.6283 0.5644 0.6777 0.5644 0.6777 0.5812 0.6283 0.5812
3 0.2400 0.6436 0.2894 0.6436 0.2894 0.6604 0.2400 0.6604
3 0.8543 0.6080 0.9094 0.6080 0.9094 0.6296 0.8543 0.6296
4 0.1509 0.4224 0.1686 0.4224 0.1686 0.4356 0.1509 0.4356
4 0.9806 0.0368 0.9977 0.0368 0.9977 0.0768 0.9806 0.0768
4 0.0486 0.7668 0.0629 0.7668 0.0629 0.8848 0.0486 0.8848
4 0.5683 0.8972 0.5803 0.8972 0.5803 0.9148 0.5683 0.9148
6 0.9800 0.2584 0.9977 0.2584 0.9977 0.2836 0.9800 0.2836
6 0.0843 0.5288 0.1340 0.5288 0.1340 0.5756 0.0843 0.5756
6 0.3771 0.1628 0.3949 0.1628 0.3949 0.1880 0.3771 0.1880
6 0.8663 0.8176 0.9009 0.8176 0.9009 0.8288 0.8663 0.8288
7 0.0543 0.1412 0.1029 0.1412 0.1029 0.2400 0.0543 0.2400
7 0.4297 0.1876 0.4380 0.1876 0.4380 0.2184 0.4297 0.2184
7 0.2714 0.2732 0.3374 0.2732 0.3374 0.4240 0.2714 0.4240
7 0.1926 0.8940 0.2123 0.8940 0.2123 0.9488 0.1926 0.9488
9 0.9189 0.6108 0.9703 0.6108 0.9703 0.7804 0.9189 0.7804
9 0.8414 0.8340 0.8791 0.8340 0.8791 0.9656 0.8414 0.9656
9 0.7620 0.0656 0.8037 0.0656 0.8037 0.2748 0.7620 0.2748
9 0.2349 0.6772 0.3069 0.6772 0.3069 0.9096 0.2349 0.9096
12 0.4409 0.3104 0.5354 0.3104 0.5354 0.3464 0.4409 0.3464
12 0.8069 0.4628 0.8300 0.4628 0.8300 0.6464 0.8069 0.6464
12 0.7794 0.6524 0.7974 0.6524 0.7974 0.7436 0.7794 0.7436
12 0.0126 0.2504 0.0389 0.2504 0.0389 0.5328 0.0126 0.5328
13 0.0069 0.2280 0.0160 0.2280 0.0160 0.2364 0.0069 0.2364
13 0.9266 0.0896 0.9420 0.0896 0.9420 0.1128 0.9266 0.1128
13 0.2566 0.3136 0.2709 0.3136 0.2709 0.4336 0.2566 0.4336
13 0.7054 0.5836 0.8066 0.5836 0.8066 0.5912 0.7054 0.5912
15 0.5194 0.0168 0.6043 0.0168 0.6043 0.1256 0.5194 0.1256
15 0.5414 0.1812 0.6009 0.1812 0.6009 0.2504 0.5414 0.2504
15 0.0011 0.8880 0.0729 0.8880 0.0729 0.9720 0.0011 0.9720
15 0.6603 0.1040 0.7066 0.1040 0.7066 0.1724 0.6603 0.1724
