0 0.8594 0.2784 0.9889 0.2784 0.9889 0.6596 0.8594 0.6596
0 0.4411 0.2828 0.5457 0.2828 0.5457 0.7136 0.4411 0.7136
0 0.1017 0.2508 0.1360 0.2508 0.1360 0.7068 0.1017 0.7068
0 0.6260 0.5316 0.6806 0.5316 0.6806 0.7696 0.6260 0.7696
1 0.7997 0.7236 0.8211 0.7236 0.8211 0.7352 0.7997 0.7352
1 0.3277 0.4440 0.3297 0.4440 0.3297 0.4796 0.3277 0.4796
1 0.0691 0.2776 0.0954 0.2776 0.0954 0.2896 0.0691 0.2896
1 0.0594 0.3808 0.0626 0.3808 0.0626 0.4060 0.0594 0.4060
2 0.0131 0.0904 0.0906 0.0904 0.0906 0.1196 0.0131 0.1196
2 0.3311 0.0204 0.4003 0.0204 0.4003 0.0760 0.3311 0.0760
2 0.7749 0.4824 0.8340 0.4824 0.8340 0.4900 0.7749 0.4900
2 0.8177 0.1236 0.8309 0.1236 0.8309 0.2796 0.8177 0.2796
3 0.1694 0.8832 0.2494 0.8832 0.2494 0.9028 0.1694 0.9028
3 0.7594 0.6004 0.7697 0.6004 0.7697 0.6732 0.7594 0.6732
3 0.5294 0.8512 0.6094 0.8512 0.6094 0.8708 0.5294 0.8708
3 0.1009 0.7784 0.1071 0.7784 0.1071 0.8804 0.1009 0.8804
4 0.4960 0.2448 0.5360 0.2448 0.5360 0.2532 0.4960 0.2532
4 0.3771 0.4924 0.3903 0.4924 0.3903 0.6136 0.3771 0.6136
4 0.3486 0.1496 0.3674 0.1496 0.3674 0.1632 0.3486 0.1632
4 0.3114 0.9256 0.3246 0.9256 0.3246 0.9468 0.3114 0.9468
6 0.2509 0.7916 0.2686 0.7916 0.2686 0.8168 0.2509 0.8168
6 0.7894 0.6232 0.8240 0.6232 0.8240 0.6344 0.7894 0.6344
6 0.2043 0.3676 0.2389 0.3676 0.2389 0.3788 0.2043 0.3788
6 0.5909 0.9012 0.6494 0.9012 0.6494 0.9836 0.5909 0.9836
7 0.9717 0.7996 0.9889 0.7996 0.9889 0.8084 0.9717 0.8084
7 0.6029 0.6724 0.6180 0.6724 0.6180 0.7976 0.6029 0.7976
7 0.9231 0.7408 0.9466 0.7408 0.9466 0.8224 0.9231 0.8224
7 0.2009 0.1096 0.2123 0.1096 0.2123 0.2020 0.2009 0.2020
9 0.1951 0.3836 0.2369 0.3836 0.2369 0.5928 0.1951 0.5928
9 0.7423 0.1228 0.8143 0.1228 0.8143 0.3552 0.7423 0.3552
9 0.5871 0.0832 0.6314 0.0832 0.6314 0.3116 0.5871 0.3116
9 0.2563 0.1232 0.2980 0.1232 0.2980 0.3324 0.2563 0.3324
12 0.2706 0.3472 0.3277 0.3472 0.3277 0.8968 0.2706 0.8968
12 0.0991 0.7620 0.1691 0.7620 0.1691 0.7688 0.0991 0.7688
12 0.0691 0.7276 0.0983 0.7276 0.0983 0.7520 0.0691 0.7520
12 0.7077 0.6984 0.7163 0.6984 0.7163 0.9956 0.7077 0.9956
13 0.0474 0.7528 0.1486 0.7528 0.1486 0.7604 0.0474 0.7604
13 0.1880 0.6956 0.1960 0.6956 0.1960 0.7168 0.1880 0.7168
13 0.2446 0.3444 0.2589 0.3444 0.2589 0.4644 0.2446 0.4644
13 0.2189 0.1936 0.2360 0.1936 0.2360 0.2248 0.2189 0.2248
15 0.0377 0.4316 0.0911 0.4316 0.0911 0.4956 0.0377 0.4956
15 0.0034 0.1968 0.0246 0.1968 0.0246 0.2800 0.0034 0.2800
15 0.8334 0.8696 0.9377 0.8696 0.9377 0.9820 0.8334 0.9820
15 0.7703 0.7380 0.8403 0.7380 0.8403 0.8568 0.7703 0.8568
