0 0.7889 0.1256 0.9183 0.1256 0.9183 0.5068 0.7889 0.5068
0 0.9231 0.3372 0.9897 0.3372 0.9897 0.4076 0.9231 0.4076
0 0.5371 0.5084 0.6666 0.5084 0.6666 0.8896 0.5371 0.8896
0 0.3623 0.0680 0.4289 0.0680 0.4289 0.5836 0.3623 0.5836
1 0.6906 0.7524 0.6934 0.7524 0.6934 0.8080 0.6906 0.8080
1 0.5906 0.0168 0.6254 0.0168 0.6254 0.1048 0.5906 0.1048
1 0.9274 0.2568 0.9446 0.2568 0.9446 0.2612 0.9274 0.2612
1 0.0809 0.6640 0.0829 0.6640 0.0829 0.6996 0.0809 0.6996
2 0.1389 0.1044 0.1854 0.1044 0.1854 0.2172 0.1389 0.2172
2 0.1237 0.5956 0.1803 0.5956 0.1803 0.6308 0.1237 0.6308
2 0.6891 0.2344 0.7063 0.2344 0.7063 0.2776 0.6891 0.2776
2 0.0014 0.3156 0.0414 0.3156 0.0414 0.4296 0.0014 0.4296
3 0.2457 0.7084 0.3403 0.7084 0.3403 0.7316 0.2457 0.7316
3 0.8177 0.8976 0.8240 0.8976 0.8240 0.9996 0.8177 0.9996
3 0.1817 0.6948 0.1920 0.6948 0.1920 0.7676 0.1817 0.7676
3 0.4940 0.6840 0.5077 0.6840 0.5077 0.7864 0.4940 0.7864
4 0.2946 0.6676 0.3226 0.6676 0.3226 0.6748 0.2946 0.6748
4 0.7840 0.5332 0.8091 0.5332 0.8091 0.5468 0.7840 0.5468
4 0.5343 0.0892 0.5514 0.0892 0.5514 0.1016 0.5343 0.1016
4 0.1500 0.2320 0.1577 0.2320 0.1577 0.2660 0.1500 0.2660
6 0.5663 0.9072 0.6249 0.9072 0.6249 0.9896 0.5663 0.9896
6 0.8531 0.9356 0.9029 0.9356 0.9029 0.9824 0.8531 0.9824
6 0.1751 0.6656 0.2097 0.6656 0.2097 0.6768 0.1751 0.6768
6 0.6483 0.9276 0.7137 0.9276 0.7137 0.9584 0.6483 0.9584
7 0.3897 0.0144 0.4077 0.0144 0.4077 0.0664 0.3897 0.0664
7 0.9609 0.6236 0.9829 0.6236 0.9829 0.7084 0.9609 0.7084
7 0.0711 0.2488 0.0943 0.2488 0.0943 0.3404 0.0711 0.3404
7 0.9554 0.7648 0.9820 0.7648 0.9820 0.8972 0.9554 0.8972
9 0.0274 0.6312 0.0677 0.6312 0.0677 0.8276 0.0274 0.8276
9 0.8143 0.6020 0.8863 0.6020 0.8863 0.8344 0.8143 0.8344
9 0.2537 0.7452 0.3249 0.7452 0.3249 0.9480 0.2537 0.9480
9 0.1386 0.7812 0.2440 0.7812 0.2440 0.8416 0.1386 0.8416
12 0.5071 0.0044 0.5334 0.0044 0.5334 0.2868 0.5071 0.2868
12 0.9274 0.5092 0.9480 0.5092 0.9480 0.7476 0.9274 0.7476
12 0.5877 0.2736 0.6189 0.2736 0.6189 0.3008 0.5877 0.3008
12 0.3940 0.9216 0.4251 0.9216 0.4251 0.9488 0.3940 0.9488
13 0.2423 0.5204 0.2786 0.5204 0.2786 0.5856 0.2423 0.5856
13 0.2823 0.4980 0.3234 0.4980 0.3234 0.5276 0.2823 0.5276
13 0.4297 0.8308 0.4354 0.8308 0.4354 0.8512 0.4297 0.8512
13 0.0906 0.0312 0.2629 0.0312 0.2629 0.0768 0.0906 0.0768
15 0.4997 0.4432 0.5751 0.4432 0.5751 0.5056 0.4997 0.5056
15 0.7306 0.9164 0.7871 0.9164 0.7871 0.9996 0.7306 0.9996
15 0.3317 0.4560 0.3529 0.4560 0.3529 0.5392 0.3317 0.5392
15 0.6317 0.0852 0.6529 0.0852 0.6529 0.1684 0.6317 0.1684
