0 0.7394 0.2660 0.8774 0.2660 0.8774 0.4256 0.7394 0.4256
0 0.6580 0.8488 0.9817 0.8488 0.9817 0.9288 0.6580 0.9288
0 0.0620 0.5624 0.2140 0.5624 0.2140 0.9500 0.0620 0.9500
0 0.3597 0.0432 0.5274 0.0432 0.5274 0.3364 0.3597 0.3364
1 0.9354 0.4160 0.9569 0.4160 0.9569 0.4276 0.9354 0.4276
1 0.8771 0.7296 0.8800 0.7296 0.8800 0.7548 0.8771 0.7548
1 0.0300 0.5556 0.0329 0.5556 0.0329 0.5808 0.0300 0.5808
1 0.4020 0.7924 0.4103 0.7924 0.4103 0.8744 0.4020 0.8744
2 0.4949 0.6460 0.5614 0.6460 0.5614 0.7692 0.4949 0.7692
2 0.2531 0.1724 0.3406 0.1724 0.3406 0.2448 0.2531 0.2448
2 0.2646 0.6104 0.3769 0.6104 0.3769 0.6852 0.2646 0.6852
2 0.6249 0.2536 0.6686 0.2536 0.6686 0.3536 0.6249 0.3536
3 0.8649 0.1720 0.8751 0.1720 0.8751 0.2452 0.8649 0.2452
3 0.5834 0.4424 0.6386 0.4424 0.6386 0.4640 0.5834 0.4640
3 0.8151 0.5100 0.8951 0.5100 0.8951 0.5296 0.8151 0.5296
3 0.2897 0.9252 0.3069 0.9252 0.3069 0.9920 0.2897 0.9920
4 0.5634 0.4984 0.5737 0.4984 0.5737 0.5048 0.5634 0.5048
4 0.0177 0.8724 0.0289 0.8724 0.0289 0.8936 0.0177 0.8936
4 0.6663 0.7904 0.6706 0.7904 0.6706 0.8356 0.6663 0.8356
4 0.0351 0.4852 0.0600 0.4852 0.0600 0.5020 0.0351 0.5020
6 0.7294 0.0316 0.7880 0.0316 0.7880 0.1140 0.7294 0.1140
6 0.5326 0.3128 0.5671 0.3128 0.5671 0.3240 0.5326 0.3240
6 0.4086 0.9160 0.4671 0.9160 0.4671 0.9984 0.4086 0.9984
6 0.4400 0.4544 0.5074 0.4544 0.5074 0.6444 0.4400 0.6444
7 0.2391 0.2152 0.2449 0.2152 0.2449 0.2420 0.2391 0.2420
7 0.6129 0.3620 0.6234 0.3620 0.6234 0.4412 0.6129 0.4412
7 0.0169 0.5956 0.0274 0.5956 0.0274 0.6748 0.0169 0.6748
7 0.5920 0.9076 0.6091 0.9076 0.6091 0.9548 0.5920 0.9548
9 0.1997 0.1792 0.2371 0.1792 0.2371 0.3664 0.1997 0.3664
9 0.7511 0.4772 0.7914 0.4772 0.7914 0.6736 0.7511 0.6736
9 0.5451 0.0944 0.7169 0.0944 0.7169 0.1984 0.5451 0.1984
9 0.2251 0.7608 0.3480 0.7608 0.3480 0.8084 0.2251 0.8084
12 0.9323 0.5908 0.9669 0.5908 0.9669 0.7452 0.9323 0.7452
12 0.1437 0.0508 0.1877 0.0508 0.1877 0.4756 0.1437 0.4756
12 0.9786 0.1636 0.9871 0.1636 0.9871 0.4608 0.9786 0.4608
12 0.0320 0.6660 0.0374 0.6660 0.0374 0.8676 0.0320 0.8676
13 0.7126 0.4204 0.7251 0.4204 0.7251 0.4348 0.7126 0.4348
13 0.2054 0.0308 0.3066 0.0308 0.3066 0.0384 0.2054 0.0384
13 0.0391 0.5792 0.0546 0.5792 0.0546 0.6024 0.0391 0.6024
13 0.7243 0.7312 0.7643 0.7312 0.7643 0.7560 0.7243 0.7560
15 0.2389 0.8568 0.2729 0.8568 0.2729 0.9048 0.2389 0.9048
15 0.6600 0.5712 0.7331 0.5712 0.7331 0.6432 0.6600 0.6432
15 0.5843 0.2352 0.6186 0.2352 0.6186 0.2828 0.5843 0.2828
15 0.3140 0.8172 0.3351 0.8172 0.3351 0.9004 0.3140 0.9004
