0 0.3357 0.1520 0.4369 0.1520 0.4369 0.3020 0.3357 0.3020
0 0.0654 0.4916 0.1949 0.4916 0.1949 0.8728 0.0654 0.8728
0 0.8157 0.2676 0.8500 0.2676 0.8500 0.7236 0.8157 0.7236
0 0.3746 0.7076 0.6777 0.7076 0.6777 0.8988 0.3746 0.8988
1 0.2274 0.9040 0.2406 0.9040 0.2406 0.9304 0.2274 0.9304
1 0.0163 0.8504 0.0237 0.8504 0.0237 0.8776 0.0163 0.8776
1 0.6297 0.4804 0.6369 0.4804 0.6369 0.5064 0.6297 0.5064
1 0.4497 0.0856 0.4597 0.0856 0.4597 0.1924 0.4497 0.1924
2 0.4869 0.2612 0.5123 0.2612 0.5123 0.2804 0.4869 0.2804
2 0.7734 0.5464 0.7966 0.5464 0.7966 0.5720 0.7734 0.5720
2 0.2006 0.0836 0.2323 0.0836 0.2323 0.1620 0.2006 0.1620
2 0.8009 0.8272 0.8837 0.8272 0.8837 0.9476 0.8009 0.9476
3 0.0000 0.3708 0.0946 0.3708 0.0946 0.3940 0.0000 0.3940
3 0.9500 0.5452 0.9994 0.5452 0.9994 0.5620 0.9500 0.5620
3 0.5189 0.2148 0.5989 0.2148 0.5989 0.2344 0.5189 0.2344
3 0.6034 0.0208 0.6729 0.0208 0.6729 0.0392 0.6034 0.0392
4 0.9626 0.1832 0.9683 0.1832 0.9683 0.2056 0.9626 0.2056
4 0.4829 0.6532 0.5006 0.6532 0.5006 0.6664 0.4829 0.6664
4 0.0154 0.7644 0.0357 0.7644 0.0357 0.7780 0.0154 0.7780
4 0.0686 0.0032 0.0746 0.0032 0.0746 0.0292 0.0686 0.0292
6 0.6766 0.1552 0.7440 0.1552 0.7440 0.3452 0.6766 0.3452
6 0.1189 0.9476 0.1366 0.9476 0.1366 0.9728 0.1189 0.9728
6 0.5197 0.5260 0.5783 0.5260 0.5783 0.6084 0.5197 0.6084
6 0.1883 0.2148 0.2557 0.2148 0.2557 0.4048 0.1883 0.4048
7 0.2477 0.8524 0.2786 0.8524 0.2786 0.9516 0.2477 0.9516
7 0.0074 0.4068 0.0471 0.4068 0.0471 0.5272 0.0074 0.5272
7 0.9060 0.8160 0.9157 0.8160 0.9157 0.8524 0.9060 0.8524
7 0.3074 0.1036 0.3254 0.1036 0.3254 0.1592 0.3074 0.1592
9 0.8663 0.0148 0.9037 0.0148 0.9037 0.2020 0.8663 0.2020
9 0.6691 0.3512 0.7746 0.3512 0.7746 0.4116 0.6691 0.4116
9 0.8906 0.5336 0.9283 0.5336 0.9283 0.6652 0.8906 0.6652
9 0.7197 0.7432 0.8351 0.7432 0.8351 0.7808 0.7197 0.7808
12 0.4069 0.0316 0.5200 0.0316 0.5200 0.0624 0.4069 0.0624
12 0.7714 0.0168 0.7946 0.0168 0.7946 0.2004 0.7714 0.2004
12 0.7117 0.0904 0.7503 0.0904 0.7503 0.1268 0.7117 0.1268
13 0.0346 0.0812 0.0811 0.0812 0.0811 0.1228 0.0346 0.1228
13 0.5543 0.3152 0.5611 0.3152 0.5611 0.3348 0.5543 0.3348
13 0.5780 0.0260 0.5831 0.0260 0.5831 0.0452 0.5780 0.0452
13 0.6840 0.4824 0.7163 0.4824 0.7163 0.4972 0.6840 0.4972
15 0.2357 0.4184 0.3074 0.4184 0.3074 0.5024 0.2357 0.5024
15 0.7611 0.4688 0.8040 0.4688 0.8040 0.5312 0.7611 0.5312
15 0.6066 0.0960 0.6631 0.0960 0.6631 0.1792 0.6066 0.1792
15 0.3254 0.4504 0.3997 0.4504 0.3997 0.5108 0.3254 0.5108
