0 0.0811 0.1128 0.4049 0.1128 0.4049 0.1928 0.0811 0.1928
0 0.3686 0.3440 0.4697 0.3440 0.4697 0.4940 0.3686 0.4940
0 0.5617 0.3748 0.6686 0.3748 0.6686 0.7788 0.5617 0.7788
0 0.0166 0.0316 0.3403 0.0316 0.3403 0.1116 0.0166 0.1116
1 0.2649 0.2804 0.2680 0.2804 0.2680 0.3056 0.2649 0.3056
1 0.8777 0.2432 0.8809 0.2432 0.8809 0.2684 0.8777 0.2684
1 0.0577 0.3944 0.0651 0.3944 0.0651 0.4216 0.0577 0.4216
1 0.3340 0.2176 0.3403 0.2176 0.3403 0.2988 0.3340 0.2988
2 0.5140 0.2564 0.5443 0.2564 0.5443 0.2676 0.5140 0.2676
2 0.7869 0.0420 0.8177 0.0420 0.8177 0.0656 0.7869 0.0656
2 0.2074 0.8608 0.2566 0.8608 0.2566 0.9036 0.2074 0.9036
2 0.9574 0.3064 0.9657 0.3064 0.9657 0.3540 0.9574 0.3540
3 0.1934 0.3668 0.2106 0.3668 0.2106 0.4336 0.1934 0.4336
3 0.6900 0.8608 0.7071 0.8608 0.7071 0.9276 0.6900 0.9276
3 0.6517 0.7924 0.7463 0.7924 0.7463 0.8156 0.6517 0.8156
3 0.3486 0.9516 0.4431 0.9516 0.4431 0.9748 0.3486 0.9748
4 0.7526 0.5356 0.7777 0.5356 0.7777 0.5488 0.7526 0.5488
4 0.7206 0.4204 0.7329 0.4204 0.7329 0.4276 0.7206 0.4276
4 0.0551 0.7968 0.0717 0.7968 0.0717 0.8192 0.0551 0.8192
4 0.2940 0.8968 0.3331 0.8968 0.3331 0.9064 0.2940 0.9064
6 0.8591 0.3588 0.9266 0.3588 0.9266 0.5488 0.8591 0.5488
6 0.6709 0.5640 0.7054 0.5640 0.7054 0.5752 0.6709 0.5752
6 0.6306 0.1304 0.6980 0.1304 0.6980 0.3204 0.6306 0.3204
6 0.5789 0.2000 0.5966 0.2000 0.5966 0.2252 0.5789 0.2252
7 0.9477 0.6040 0.9591 0.6040 0.9591 0.6820 0.9477 0.6820
7 0.6517 0.8472 0.6657 0.8472 0.6657 0.9332 0.6517 0.9332
7 0.1800 0.2200 0.2009 0.2200 0.2009 0.2748 0.1800 0.2748
7 0.3411 0.7656 0.4000 0.7656 0.4000 0.9304 0.3411 0.9304
9 0.8317 0.6404 0.9371 0.6404 0.9371 0.7008 0.8317 0.7008
9 0.2711 0.2420 0.3089 0.2420 0.3089 0.3736 0.2711 0.3736
9 0.7854 0.0944 0.8574 0.0944 0.8574 0.3268 0.7854 0.3268
9 0.8883 0.7184 0.9203 0.7184 0.9203 0.8764 0.8883 0.8764
12 0.2786 0.5212 0.3049 0.5212 0.3049 0.8036 0.2786 0.8036
12 0.5054 0.4388 0.5346 0.4388 0.5346 0.4632 0.5054 0.4632
12 0.7789 0.8296 0.8763 0.8296 0.8763 0.8552 0.7789 0.8552
12 0.3937 0.5704 0.4169 0.5704 0.4169 0.6852 0.3937 0.6852
13 0.7166 0.0096 0.7383 0.0096 0.7383 0.0652 0.7166 0.0652
13 0.7366 0.9240 0.7431 0.9240 0.7431 0.9464 0.7366 0.9464
13 0.9831 0.3792 0.9957 0.3792 0.9957 0.3936 0.9831 0.3936
13 0.5494 0.6308 0.5594 0.6308 0.5594 0.6508 0.5494 0.6508
15 0.1017 0.2488 0.1760 0.2488 0.1760 0.3092 0.1017 0.3092
15 0.6691 0.3524 0.7286 0.3524 0.7286 0.4148 0.6691 0.4148
15 0.0820 0.5244 0.1434 0.5244 0.1434 0.6368 0.0820 0.6368
15 0.0866 0.6724 0.1174 0.6724 0.1174 0.7316 0.0866 0.7316
