0 0.7929 0.3832 0.8271 0.3832 0.8271 0.8392 0.7929 0.8392
0 0.3349 0.0708 0.4869 0.0708 0.4869 0.4584 0.3349 0.4584
0 0.0154 0.1456 0.1166 0.1456 0.1166 0.2956 0.0154 0.2956
0 0.1663 0.0420 0.2709 0.0420 0.2709 0.4728 0.1663 0.4728
1 0.3414 0.8156 0.3514 0.8156 0.3514 0.9224 0.3414 0.9224
1 0.4406 0.5020 0.4531 0.5020 0.4531 0.5128 0.4406 0.5128
1 0.3563 0.8672 0.3594 0.8672 0.3594 0.8924 0.3563 0.8924
1 0.1474 0.9000 0.1737 0.9000 0.1737 0.9120 0.1474 0.9120
2 0.4000 0.6776 0.4794 0.6776 0.4794 0.7360 0.4000 0.7360
2 0.7843 0.1868 0.9254 0.1868 0.9254 0.2712 0.7843 0.2712
2 0.4951 0.1944 0.5589 0.1944 0.5589 0.2156 0.4951 0.2156
2 0.8334 0.3916 0.8683 0.3916 0.8683 0.4872 0.8334 0.4872
3 0.3777 0.7428 0.3949 0.7428 0.3949 0.8096 0.3777 0.8096
3 0.3580 0.5460 0.3751 0.5460 0.3751 0.6128 0.3580 0.6128
3 0.9206 0.9032 0.9949 0.9032 0.9949 0.9260 0.9206 0.9260
3 0.8791 0.4328 0.9343 0.4328 0.9343 0.4520 0.8791 0.4520
4 0.5803 0.4040 0.6034 0.4040 0.6034 0.4356 0.5803 0.4356
4 0.5394 0.8644 0.5463 0.8644 0.5463 0.9396 0.5394 0.9396
4 0.8434 0.6340 0.8549 0.6340 0.8549 0.6400 0.8434 0.6400
4 0.7563 0.4556 0.7789 0.4556 0.7789 0.4676 0.7563 0.4676
6 0.1237 0.5780 0.3149 0.5780 0.3149 0.7128 0.1237 0.7128
6 0.0717 0.0556 0.1303 0.0556 0.1303 0.1380 0.0717 0.1380
6 0.6826 0.5216 0.7323 0.5216 0.7323 0.5684 0.6826 0.5684
6 0.4851 0.6788 0.5197 0.6788 0.5197 0.6900 0.4851 0.6900
7 0.1451 0.0316 0.1583 0.0316 0.1583 0.0792 0.1451 0.0792
7 0.9703 0.7800 0.9771 0.7800 0.9771 0.7980 0.9703 0.7980
7 0.3623 0.9712 0.3811 0.9712 0.3811 0.9804 0.3623 0.9804
7 0.3560 0.6376 0.3697 0.6376 0.3697 0.6968 0.3560 0.6968
9 0.6631 0.0552 0.8349 0.0552 0.8349 0.1592 0.6631 0.1592
9 0.5874 0.6348 0.6251 0.6348 0.6251 0.7664 0.5874 0.7664
9 0.5980 0.1316 0.6397 0.1316 0.6397 0.3408 0.5980 0.3408
9 0.7169 0.2464 0.7546 0.2464 0.7546 0.3780 0.7169 0.3780
12 0.7191 0.7856 0.7891 0.7856 0.7891 0.7924 0.7191 0.7924
12 0.3889 0.6000 0.4497 0.6000 0.4497 0.6356 0.3889 0.6356
12 0.7423 0.8436 0.8466 0.8436 0.8466 0.8852 0.7423 0.8852
12 0.5771 0.6060 0.5857 0.6060 0.5857 0.9032 0.5771 0.9032
13 0.2246 0.7908 0.2463 0.7908 0.2463 0.8464 0.2246 0.8464
13 0.4226 0.8096 0.4297 0.8096 0.4297 0.8560 0.4226 0.8560
13 0.4966 0.2840 0.5020 0.2840 0.5020 0.5020 0.4966 0.5020
13 0.1463 0.2412 0.1557 0.2412 0.1557 0.2732 0.1463 0.2732
15 0.5403 0.1208 0.5946 0.1208 0.5946 0.1936 0.5403 0.1936
15 0.8603 0.7144 0.9646 0.7144 0.9646 0.8268 0.8603 0.8268
15 0.0026 0.4880 0.0620 0.4880 0.0620 0.5504 0.0026 0.5504
15 0.0634 0.7504 0.1226 0.7504 0.1226 0.8184 0.0634 0.8184
