0 0.5414 0.5420 0.8446 0.5420 0.8446 0.7332 0.5414 0.7332
0 0.9314 0.2896 0.9657 0.2896 0.9657 0.7456 0.9314 0.7456
0 0.0691 0.2672 0.2369 0.2672 0.2369 0.5604 0.0691 0.5604
0 0.8631 0.3796 0.9177 0.3796 0.9177 0.6176 0.8631 0.6176
1 0.0123 0.5144 0.0194 0.5144 0.0194 0.5404 0.0123 0.5404
1 0.4743 0.3056 0.4771 0.3056 0.4771 0.3612 0.4743 0.3612
1 0.3814 0.9524 0.3889 0.9524 0.3889 0.9796 0.3814 0.9796
1 0.5877 0.0360 0.6077 0.0360 0.6077 0.0444 0.5877 0.0444
2 0.1223 0.2064 0.1394 0.2064 0.1394 0.2496 0.1223 0.2496
2 0.0226 0.8000 0.1000 0.8000 0.1000 0.8292 0.0226 0.8292
2 0.2409 0.7452 0.3237 0.7452 0.3237 0.8656 0.2409 0.8656
2 0.2231 0.0260 0.2966 0.0260 0.2966 0.1508 0.2231 0.1508
3 0.0437 0.6512 0.1231 0.6512 0.1231 0.6760 0.0437 0.6760
3 0.3263 0.0772 0.3326 0.0772 0.3326 0.1792 0.3263 0.1792
3 0.2820 0.5636 0.2923 0.5636 0.2923 0.6368 0.2820 0.6368
3 0.3791 0.1572 0.3929 0.1572 0.3929 0.2596 0.3791 0.2596
4 0.6723 0.8788 0.6949 0.8788 0.6949 0.8920 0.6723 0.8920
4 0.4789 0.6248 0.4874 0.6248 0.4874 0.6692 0.4789 0.6692
4 0.3560 0.2224 0.3726 0.2224 0.3726 0.2448 0.3560 0.2448
4 0.5374 0.9452 0.5494 0.9452 0.5494 0.9628 0.5374 0.9628
6 0.2871 0.3172 0.3217 0.3172 0.3217 0.3284 0.2871 0.3284
6 0.6200 0.4948 0.6697 0.4948 0.6697 0.5416 0.6200 0.5416
6 0.3666 0.4432 0.4340 0.4432 0.4340 0.6332 0.3666 0.6332
6 0.4951 0.2488 0.5297 0.2488 0.5297 0.2600 0.4951 0.2600
7 0.7286 0.9000 0.7397 0.9000 0.7397 0.9340 0.7286 0.9340
7 0.2069 0.8136 0.2274 0.8136 0.2274 0.8936 0.2069 0.8936
7 0.6089 0.7964 0.6251 0.7964 0.6251 0.8852 0.6089 0.8852
7 0.8731 0.0344 0.8897 0.0344 0.8897 0.1412 0.8731 0.1412
9 0.4643 0.4200 0.5797 0.4200 0.5797 0.4576 0.4643 0.4576
9 0.9074 0.0660 0.9697 0.0660 0.9697 0.2716 0.9074 0.2716
9 0.6463 0.0440 0.7517 0.0440 0.7517 0.1044 0.6463 0.1044
9 0.8611 0.6560 0.8986 0.6560 0.8986 0.8432 0.8611 0.8432
12 0.9806 0.4976 0.9891 0.4976 0.9891 0.7948 0.9806 0.7948
12 0.3106 0.3520 0.3491 0.3520 0.3491 0.3884 0.3106 0.3884
12 0.0920 0.9124 0.1620 0.9124 0.1620 0.9192 0.0920 0.9192
12 0.6294 0.1404 0.6540 0.1404 0.6540 0.2656 0.6294 0.2656
13 0.2146 0.7912 0.2194 0.7912 0.2194 0.8092 0.2146 0.8092
13 0.3266 0.5464 0.3431 0.5464 0.3431 0.5584 0.3266 0.5584
13 0.8454 0.6048 0.8534 0.6048 0.8534 0.6260 0.8454 0.6260
13 0.9603 0.8064 0.9723 0.8064 0.9723 0.8176 0.9603 0.8176
15 0.7137 0.2932 0.7846 0.2932 0.7846 0.3892 0.7137 0.3892
15 0.7446 0.7920 0.8200 0.7920 0.8200 0.8544 0.7446 0.8544
15 0.2469 0.1908 0.2680 0.1908 0.2680 0.2740 0.2469 0.2740
15 0.4451 0.7572 0.5186 0.7572 0.5186 0.8276 0.4451 0.8276
