0 0.1809 0.3636 0.3103 0.3636 0.3103 0.7448 0.1809 0.7448
0 0.3771 0.0412 0.4777 0.0412 0.4777 0.2444 0.3771 0.2444
0 0.4720 0.4988 0.6051 0.4988 0.6051 0.8652 0.4720 0.8652
0 0.7046 0.1208 0.8426 0.1208 0.8426 0.2804 0.7046 0.2804
1 0.8149 0.9088 0.8177 0.9088 0.8177 0.9644 0.8149 0.9644
1 0.4917 0.1004 0.5166 0.1004 0.5166 0.1052 0.4917 0.1052
1 0.2520 0.2156 0.2620 0.2156 0.2620 0.3224 0.2520 0.3224
1 0.6309 0.5740 0.6409 0.5740 0.6409 0.6808 0.6309 0.6808
2 0.6749 0.4044 0.8731 0.4044 0.8731 0.5212 0.6749 0.5212
2 0.3729 0.3676 0.3780 0.3676 0.3780 0.4424 0.3729 0.4424
2 0.0986 0.4888 0.1451 0.4888 0.1451 0.6168 0.0986 0.6168
2 0.1571 0.7992 0.1646 0.7992 0.1646 0.8416 0.1571 0.8416
3 0.9166 0.4156 0.9229 0.4156 0.9229 0.5176 0.9166 0.5176
3 0.8566 0.8140 0.8629 0.8140 0.8629 0.9160 0.8566 0.9160
3 0.3306 0.2924 0.3477 0.2924 0.3477 0.4144 0.3306 0.4144
3 0.7383 0.6904 0.8126 0.6904 0.8126 0.7132 0.7383 0.7132
4 0.8554 0.1408 0.8754 0.1408 0.8754 0.1852 0.8554 0.1852
4 0.2134 0.0152 0.2329 0.0152 0.2329 0.0296 0.2134 0.0296
4 0.5983 0.2480 0.6154 0.2480 0.6154 0.2924 0.5983 0.2924
4 0.6163 0.6480 0.6209 0.6480 0.6209 0.6760 0.6163 0.6760
6 0.5537 0.2028 0.6191 0.2028 0.6191 0.2336 0.5537 0.2336
6 0.2577 0.9140 0.3231 0.9140 0.3231 0.9448 0.2577 0.9448
6 0.6334 0.7692 0.8246 0.7692 0.8246 0.9040 0.6334 0.9040
6 0.0543 0.8608 0.2454 0.8608 0.2454 0.9956 0.0543 0.9956
7 0.9034 0.0788 0.9417 0.0788 0.9417 0.2048 0.9034 0.2048
7 0.3863 0.3616 0.3917 0.3616 0.3917 0.3772 0.3863 0.3772
7 0.9506 0.4688 0.9777 0.4688 0.9777 0.5952 0.9506 0.5952
7 0.0637 0.1436 0.0940 0.1436 0.0940 0.2744 0.0637 0.2744
9 0.1777 0.1380 0.2097 0.1380 0.2097 0.2960 0.1777 0.2960
9 0.0411 0.4040 0.0789 0.4040 0.0789 0.5356 0.0411 0.5356
9 0.6263 0.2208 0.6637 0.2208 0.6637 0.4080 0.6263 0.4080
9 0.3554 0.7256 0.3997 0.7256 0.3997 0.9540 0.3554 0.9540
12 0.3283 0.4480 0.3529 0.4480 0.3529 0.5732 0.3283 0.5732
12 0.1349 0.0736 0.2323 0.0736 0.2323 0.0992 0.1349 0.0992
12 0.4026 0.3572 0.4597 0.3572 0.4597 0.9068 0.4026 0.9068
13 0.7131 0.3184 0.7263 0.3184 0.7263 0.3296 0.7131 0.3296
13 0.9494 0.2812 0.9666 0.2812 0.9666 0.2896 0.9494 0.2896
13 0.8731 0.2908 0.8803 0.2908 0.8803 0.3372 0.8731 0.3372
13 0.6860 0.2992 0.6974 0.2992 0.6974 0.3408 0.6860 0.3408
15 0.9571 0.0964 0.9914 0.0964 0.9914 0.1440 0.9571 0.1440
15 0.8746 0.7240 0.9791 0.7240 0.9791 0.8388 0.8746 0.8388
15 0.1049 0.3840 0.1389 0.3840 0.1389 0.4320 0.1049 0.4320
15 0.2529 0.0012 0.3574 0.0012 0.3574 0.1160 0.2529 0.1160
