0 0.0814 0.0408 0.1883 0.0408 0.1883 0.4448 0.0814 0.4448
0 0.5511 0.2596 0.6523 0.2596 0.6523 0.4096 0.5511 0.4096
0 0.4063 0.4540 0.5443 0.4540 0.5443 0.6136 0.4063 0.6136
0 0.3194 0.8320 0.3869 0.8320 0.3869 0.8860 0.3194 0.8860
1 0.2657 0.7052 0.2871 0.7052 0.2871 0.7168 0.2657 0.7168
1 0.9854 0.0764 0.9883 0.0764 0.9883 0.1320 0.9854 0.1320
1 0.4351 0.7928 0.4477 0.7928 0.4477 0.8036 0.4351 0.8036
1 0.3651 0.1484 0.3714 0.1484 0.3714 0.2296 0.3651 0.2296
2 0.5011 0.8600 0.5769 0.8600 0.5769 0.9148 0.5011 0.9148
2 0.3937 0.8828 0.4643 0.8828 0.4643 0.9940 0.3937 0.9940
2 0.4183 0.0728 0.4494 0.0728 0.4494 0.4352 0.4183 0.4352
2 0.0383 0.5092 0.1286 0.5092 0.1286 0.6348 0.0383 0.6348
3 0.3697 0.6164 0.3800 0.6164 0.3800 0.6892 0.3697 0.6892
3 0.2363 0.8616 0.2914 0.8616 0.2914 0.8832 0.2363 0.8832
3 0.4503 0.8380 0.4997 0.8380 0.4997 0.8548 0.4503 0.8548
3 0.3057 0.3244 0.3220 0.3244 0.3220 0.4492 0.3057 0.4492
4 0.2226 0.6440 0.2269 0.6440 0.2269 0.6492 0.2226 0.6492
4 0.6283 0.8856 0.6531 0.8856 0.6531 0.9024 0.6283 0.9024
4 0.3580 0.6060 0.3654 0.6060 0.3654 0.6168 0.3580 0.6168
4 0.3146 0.6224 0.3440 0.6224 0.3440 0.6328 0.3146 0.6328
6 0.9246 0.4528 0.9900 0.4528 0.9900 0.4836 0.9246 0.4836
6 0.6149 0.4444 0.8060 0.4444 0.8060 0.5792 0.6149 0.5792
6 0.6714 0.7440 0.7389 0.7440 0.7389 0.9340 0.6714 0.9340
6 0.0411 0.8644 0.2323 0.8644 0.2323 0.9992 0.0411 0.9992
7 0.2474 0.0916 0.2606 0.0916 0.2606 0.1392 0.2474 0.1392
7 0.8123 0.4232 0.8311 0.4232 0.8311 0.4324 0.8123 0.4324
7 0.8220 0.5328 0.8369 0.5328 0.8369 0.6016 0.8220 0.6016
7 0.6651 0.2136 0.6851 0.2136 0.6851 0.3788 0.6651 0.3788
9 0.0726 0.8080 0.2000 0.8080 0.2000 0.8492 0.0726 0.8492
9 0.5429 0.7720 0.6583 0.7720 0.6583 0.8096 0.5429 0.8096
9 0.7103 0.3024 0.7480 0.3024 0.7480 0.4340 0.7103 0.4340
9 0.8700 0.5384 0.9857 0.5384 0.9857 0.5764 0.8700 0.5764
12 0.7551 0.6872 0.8594 0.6872 0.8594 0.7288 0.7551 0.7288
12 0.5089 0.6296 0.5320 0.6296 0.5320 0.7444 0.5089 0.7444
12 0.8600 0.0248 0.8823 0.0248 0.8823 0.2848 0.8600 0.2848
12 0.1929 0.5016 0.2191 0.5016 0.2191 0.7840 0.1929 0.7840
13 0.5469 0.5872 0.6480 0.5872 0.6480 0.5948 0.5469 0.5948
13 0.2306 0.2132 0.2397 0.2132 0.2397 0.2216 0.2306 0.2216
13 0.7554 0.1672 0.7766 0.1672 0.7766 0.1872 0.7554 0.1872
13 0.2689 0.9576 0.2789 0.9576 0.2789 0.9776 0.2689 0.9776
15 0.3609 0.7016 0.4554 0.7016 0.4554 0.7828 0.3609 0.7828
15 0.2540 0.4632 0.2849 0.4632 0.2849 0.5224 0.2540 0.5224
15 0.9429 0.0924 0.9763 0.0924 0.9763 0.1404 0.9429 0.1404
15 0.0834 0.6644 0.1449 0.6644 0.1449 0.7768 0.0834 0.7768
