0 0.8791 0.1700 0.9860 0.1700 0.9860 0.5740 0.8791 0.5740
0 0.5360 0.0884 0.7037 0.0884 0.7037 0.3816 0.5360 0.3816
0 0.3440 0.0800 0.4917 0.0800 0.4917 0.5724 0.3440 0.5724
0 0.7397 0.4460 0.8409 0.4460 0.8409 0.5960 0.7397 0.5960
1 0.5197 0.0916 0.5226 0.0916 0.5226 0.1168 0.5197 0.1168
1 0.0743 0.7756 0.0914 0.7756 0.0914 0.7800 0.0743 0.7800
1 0.5643 0.9012 0.5691 0.9012 0.5691 0.9432 0.5643 0.9432
1 0.2266 0.7312 0.2297 0.7312 0.2297 0.7564 0.2266 0.7564
2 0.1014 0.2232 0.1580 0.2232 0.1580 0.2584 0.1014 0.2584
2 0.2906 0.6304 0.4509 0.6304 0.4509 0.7740 0.2906 0.7740
2 0.8217 0.8384 0.8840 0.8384 0.8840 0.9036 0.8217 0.9036
2 0.0934 0.8220 0.1831 0.8220 0.1831 0.9452 0.0934 0.9452
3 0.5037 0.7348 0.5589 0.7348 0.5589 0.7540 0.5037 0.7540
3 0.7337 0.3068 0.7440 0.3068 0.7440 0.3800 0.7337 0.3800
3 0.1697 0.6668 0.1869 0.6668 0.1869 0.7888 0.1697 0.7888
3 0.8443 0.0372 0.8546 0.0372 0.8546 0.1100 0.8443 0.1100
4 0.1534 0.1048 0.1666 0.1048 0.1666 0.1148 0.1534 0.1148
4 0.0603 0.2820 0.0806 0.2820 0.0806 0.2888 0.0603 0.2888
4 0.0811 0.3224 0.1091 0.3224 0.1091 0.3296 0.0811 0.3296
4 0.2777 0.9600 0.2851 0.9600 0.2851 0.9708 0.2777 0.9708
6 0.8637 0.8076 0.8814 0.8076 0.8814 0.8328 0.8637 0.8328
6 0.5846 0.7888 0.6431 0.7888 0.6431 0.8712 0.5846 0.8712
6 0.5571 0.5992 0.7483 0.5992 0.7483 0.7340 0.5571 0.7340
6 0.3106 0.8272 0.5017 0.8272 0.5017 0.9620 0.3106 0.9620
7 0.0166 0.0828 0.0566 0.0828 0.0566 0.1972 0.0166 0.1972
7 0.3309 0.0136 0.3529 0.0136 0.3529 0.0712 0.3309 0.0712
7 0.3066 0.2856 0.3274 0.2856 0.3274 0.3640 0.3066 0.3640
7 0.0917 0.5508 0.1054 0.5508 0.1054 0.6304 0.0917 0.6304
9 0.2106 0.2752 0.2817 0.2752 0.2817 0.4780 0.2106 0.4780
9 0.1680 0.0336 0.2834 0.0336 0.2834 0.0712 0.1680 0.0712
9 0.7806 0.9172 0.9034 0.9172 0.9034 0.9648 0.7806 0.9648
9 0.0120 0.6108 0.0743 0.6108 0.0743 0.8164 0.0120 0.8164
12 0.6269 0.4040 0.7400 0.4040 0.7400 0.4348 0.6269 0.4348
12 0.5434 0.8144 0.5609 0.8144 0.5609 0.9368 0.5434 0.9368
12 0.8417 0.4516 0.8663 0.4516 0.8663 0.5768 0.8417 0.5768
12 0.6449 0.4388 0.6834 0.4388 0.6834 0.4752 0.6449 0.4752
13 0.1880 0.5972 0.1937 0.5972 0.1937 0.6176 0.1880 0.6176
13 0.1937 0.8856 0.2691 0.8856 0.2691 0.9276 0.1937 0.9276
13 0.8271 0.3880 0.8437 0.3880 0.8437 0.4000 0.8271 0.4000
13 0.1009 0.3932 0.1123 0.3932 0.1123 0.4272 0.1009 0.4272
15 0.6923 0.8532 0.7614 0.8532 0.7614 0.9564 0.6923 0.9564
15 0.6011 0.9356 0.6546 0.9356 0.6546 0.9996 0.6011 0.9996
15 0.7997 0.1328 0.8589 0.1328 0.8589 0.2008 0.7997 0.2008
15 0.7871 0.8580 0.8180 0.8580 0.8180 0.9172 0.7871 0.9172
