0 0.2717 0.7588 0.3551 0.7588 0.3551 0.9332 0.2717 0.9332
0 0.4326 0.0640 0.5657 0.0640 0.5657 0.4304 0.4326 0.4304
0 0.6940 0.1772 0.7283 0.1772 0.7283 0.6332 0.6940 0.6332
0 0.4891 0.5148 0.5437 0.5148 0.5437 0.7528 0.4891 0.7528
1 0.1166 0.9156 0.1197 0.9156 0.1197 0.9408 0.1166 0.9408
1 0.4280 0.3872 0.4309 0.3872 0.4309 0.4124 0.4280 0.4124
1 0.9674 0.3908 0.9937 0.3908 0.9937 0.4028 0.9674 0.4028
1 0.9211 0.6052 0.9426 0.6052 0.9426 0.6168 0.9211 0.6168
2 0.8574 0.8756 0.8929 0.8756 0.8929 0.8940 0.8574 0.8940
2 0.9237 0.8424 0.9351 0.8424 0.9351 0.9944 0.9237 0.9944
2 0.8743 0.0832 0.8989 0.0832 0.8989 0.1084 0.8743 0.1084
2 0.6563 0.6484 0.7429 0.6484 0.7429 0.7720 0.6563 0.7720
3 0.8966 0.3016 0.9069 0.3016 0.9069 0.3744 0.8966 0.3744
3 0.1269 0.5732 0.1406 0.5732 0.1406 0.6756 0.1269 0.6756
3 0.2440 0.1040 0.3183 0.1040 0.3183 0.1268 0.2440 0.1268
3 0.0171 0.6400 0.1123 0.6400 0.1123 0.6624 0.0171 0.6624
4 0.9420 0.7180 0.9649 0.7180 0.9649 0.7304 0.9420 0.7304
4 0.7640 0.1484 0.7726 0.1484 0.7726 0.1616 0.7640 0.1616
4 0.6140 0.7720 0.6329 0.7720 0.6329 0.7820 0.6140 0.7820
4 0.9563 0.6140 0.9643 0.6140 0.9643 0.6240 0.9563 0.6240
6 0.2797 0.1704 0.3143 0.1704 0.3143 0.1816 0.2797 0.1816
6 0.2503 0.3688 0.3157 0.3688 0.3157 0.3996 0.2503 0.3996
6 0.0660 0.2588 0.1157 0.2588 0.1157 0.3056 0.0660 0.3056
6 0.9189 0.1032 0.9686 0.1032 0.9686 0.1500 0.9189 0.1500
7 0.2460 0.7048 0.2663 0.7048 0.2663 0.7500 0.2460 0.7500
7 0.8994 0.8832 0.9103 0.8832 0.9103 0.9132 0.8994 0.9132
7 0.9660 0.5740 0.9877 0.5740 0.9877 0.6356 0.9660 0.6356
7 0.3611 0.3996 0.3766 0.3996 0.3766 0.5072 0.3611 0.5072
9 0.0866 0.6888 0.1283 0.6888 0.1283 0.8980 0.0866 0.8980
9 0.6846 0.8836 0.7417 0.8836 0.7417 0.9380 0.6846 0.9380
9 0.8640 0.5732 0.9043 0.5732 0.9043 0.7696 0.8640 0.7696
9 0.8306 0.2716 0.8626 0.2716 0.8626 0.4296 0.8306 0.4296
12 0.6214 0.0760 0.6269 0.0760 0.6269 0.2776 0.6214 0.2776
12 0.1183 0.1824 0.3229 0.1824 0.3229 0.2180 0.1183 0.2180
12 0.3777 0.7908 0.8189 0.7908 0.8189 0.8720 0.3777 0.8720
13 0.2320 0.9136 0.2629 0.9136 0.2629 0.9448 0.2320 0.9448
13 0.7600 0.5068 0.7863 0.5068 0.7863 0.5524 0.7600 0.5524
13 0.1560 0.0456 0.1791 0.0456 0.1791 0.0636 0.1560 0.0636
13 0.0854 0.4276 0.1026 0.4276 0.1026 0.4360 0.0854 0.4360
15 0.1714 0.6352 0.2280 0.6352 0.2280 0.7184 0.1714 0.7184
15 0.8054 0.4536 0.8854 0.4536 0.8854 0.5364 0.8054 0.5364
15 0.2737 0.4480 0.3046 0.4480 0.3046 0.5072 0.2737 0.5072
15 0.5526 0.8800 0.6243 0.8800 0.6243 0.9640 0.5526 0.9640
