0 0.4374 0.8652 0.7611 0.8652 0.7611 0.9452 0.4374 0.9452
0 0.1314 0.0788 0.1860 0.0788 0.1860 0.3168 0.1314 0.3168
0 0.5797 0.6164 0.9034 0.6164 0.9034 0.6964 0.5797 0.6964
0 0.1680 0.7232 0.2514 0.7232 0.2514 0.8976 0.1680 0.8976
1 0.2189 0.4088 0.2451 0.4088 0.2451 0.4208 0.2189 0.4208
1 0.2909 0.4272 0.3157 0.4272 0.3157 0.4320 0.2909 0.4320
1 0.1229 0.7476 0.1577 0.7476 0.1577 0.8356 0.1229 0.8356
1 0.7431 0.5160 0.7603 0.5160 0.7603 0.5204 0.7431 0.5204
2 0.3834 0.2360 0.5437 0.2360 0.5437 0.3796 0.3834 0.3796
2 0.0280 0.4656 0.1849 0.4656 0.1849 0.4932 0.0280 0.4932
2 0.2323 0.5800 0.3226 0.5800 0.3226 0.7056 0.2323 0.7056
2 0.0083 0.7608 0.0640 0.7608 0.0640 0.8016 0.0083 0.8016
3 0.2820 0.2516 0.3771 0.2516 0.3771 0.2740 0.2820 0.2740
3 0.4929 0.7124 0.5031 0.7124 0.5031 0.7852 0.4929 0.7852
3 0.1166 0.5028 0.1229 0.5028 0.1229 0.6048 0.1166 0.6048
3 0.7494 0.8308 0.8046 0.8308 0.8046 0.8524 0.7494 0.8524
4 0.9346 0.9616 0.9577 0.9616 0.9577 0.9932 0.9346 0.9932
4 0.7529 0.3288 0.8383 0.3288 0.8383 0.3408 0.7529 0.3408
4 0.8946 0.9000 0.9057 0.9000 0.9057 0.9096 0.8946 0.9096
4 0.4649 0.7780 0.4880 0.7780 0.4880 0.8096 0.4649 0.8096
6 0.8743 0.3628 0.9240 0.3628 0.9240 0.4096 0.8743 0.4096
6 0.6706 0.9516 0.7360 0.9516 0.7360 0.9824 0.6706 0.9824
6 0.3474 0.2924 0.3651 0.2924 0.3651 0.3176 0.3474 0.3176
6 0.5943 0.0152 0.6440 0.0152 0.6440 0.0620 0.5943 0.0620
7 0.7986 0.3536 0.8474 0.3536 0.8474 0.4500 0.7986 0.4500
7 0.3529 0.7108 0.3683 0.7108 0.3683 0.7708 0.3529 0.7708
7 0.0874 0.7248 0.0940 0.7248 0.0940 0.7432 0.0874 0.7432
7 0.5737 0.7024 0.5851 0.7024 0.5851 0.7440 0.5737 0.7440
9 0.3337 0.1148 0.5540 0.1148 0.5540 0.1872 0.3337 0.1872
9 0.2814 0.9432 0.3971 0.9432 0.3971 0.9812 0.2814 0.9812
9 0.1871 0.1928 0.2274 0.1928 0.2274 0.3892 0.1871 0.3892
9 0.3877 0.5340 0.5594 0.5340 0.5594 0.6380 0.3877 0.6380
12 0.1217 0.9360 0.1937 0.9360 0.1937 0.9680 0.1217 0.9680
12 0.0469 0.1656 0.0700 0.1656 0.0700 0.3492 0.0469 0.3492
12 0.3340 0.4488 0.3546 0.4488 0.3546 0.6872 0.3340 0.6872
12 0.0900 0.8416 0.1106 0.8416 0.1106 0.9864 0.0900 0.9864
13 0.3829 0.1912 0.3897 0.1912 0.3897 0.2108 0.3829 0.2108
13 0.7163 0.7204 0.7629 0.7204 0.7629 0.7624 0.7163 0.7624
13 0.0746 0.0268 0.0917 0.0268 0.0917 0.0352 0.0746 0.0352
13 0.6794 0.0284 0.6909 0.0284 0.6909 0.0700 0.6794 0.0700
15 0.6109 0.1344 0.6800 0.1344 0.6800 0.2376 0.6109 0.2376
15 0.9146 0.2028 0.9889 0.2028 0.9889 0.2632 0.9146 0.2632
15 0.3531 0.0004 0.4126 0.0004 0.4126 0.0696 0.3531 0.0696
15 0.0620 0.3492 0.1329 0.3492 0.1329 0.4452 0.0620 0.4452
