0 0.0660 0.8032 0.1494 0.8032 0.1494 0.9776 0.0660 0.9776
0 0.6889 0.2012 0.7434 0.2012 0.7434 0.4392 0.6889 0.4392
0 0.8623 0.2932 0.9169 0.2932 0.9169 0.5312 0.8623 0.5312
0 0.1271 0.5976 0.3557 0.5976 0.3557 0.6824 0.1271 0.6824
1 0.8391 0.2312 0.8606 0.2312 0.8606 0.2428 0.8391 0.2428
1 0.8326 0.5892 0.8674 0.5892 0.8674 0.6772 0.8326 0.6772
1 0.0286 0.4312 0.0397 0.4312 0.0397 0.4680 0.0286 0.4680
1 0.0866 0.3664 0.1009 0.3664 0.1009 0.3972 0.0866 0.3972
2 0.2054 0.3632 0.2691 0.3632 0.2691 0.3844 0.2054 0.3844
2 0.6814 0.5764 0.8311 0.5764 0.8311 0.5988 0.6814 0.5988
2 0.3923 0.1184 0.4489 0.1184 0.4489 0.1536 0.3923 0.1536
2 0.6311 0.6156 0.7251 0.6156 0.7251 0.7596 0.6311 0.7596
3 0.4446 0.8508 0.4583 0.8508 0.4583 0.9532 0.4446 0.9532
3 0.3923 0.2388 0.3986 0.2388 0.3986 0.3408 0.3923 0.3408
3 0.6106 0.4656 0.6209 0.4656 0.6209 0.5384 0.6106 0.5384
3 0.5766 0.4116 0.6317 0.4116 0.6317 0.4308 0.5766 0.4308
4 0.2369 0.0424 0.2460 0.0424 0.2460 0.0692 0.2369 0.0692
4 0.8746 0.7128 0.8857 0.7128 0.8857 0.7224 0.8746 0.7224
4 0.9029 0.5556 0.9623 0.5556 0.9623 0.5756 0.9029 0.5756
4 0.1717 0.7236 0.1894 0.7236 0.1894 0.7368 0.1717 0.7368
6 0.0549 0.1900 0.1203 0.1900 0.1203 0.2208 0.0549 0.2208
6 0.3371 0.0768 0.4026 0.0768 0.4026 0.1076 0.3371 0.1076
6 0.2531 0.0348 0.2877 0.0348 0.2877 0.0460 0.2531 0.0460
6 0.1363 0.4032 0.2037 0.4032 0.2037 0.5932 0.1363 0.5932
7 0.4060 0.7772 0.4400 0.7772 0.4400 0.8984 0.4060 0.8984
7 0.5274 0.9620 0.5426 0.9620 0.5426 0.9696 0.5274 0.9696
7 0.0726 0.4660 0.1191 0.4660 0.1191 0.4940 0.0726 0.4940
7 0.8911 0.1312 0.9063 0.1312 0.9063 0.1384 0.8911 0.1384
9 0.7154 0.1448 0.7726 0.1448 0.7726 0.1992 0.7154 0.1992
9 0.2517 0.8320 0.3746 0.8320 0.3746 0.8796 0.2517 0.8796
9 0.8429 0.7584 0.8749 0.7584 0.8749 0.9164 0.8429 0.9164
9 0.3580 0.2272 0.3880 0.2272 0.3880 0.4028 0.3580 0.4028
12 0.6591 0.8108 0.7200 0.8108 0.7200 0.8464 0.6591 0.8464
12 0.1169 0.1100 0.3823 0.1100 0.3823 0.1692 0.1169 0.1692
12 0.3351 0.1736 0.4326 0.1736 0.4326 0.1992 0.3351 0.1992
12 0.0863 0.5800 0.1037 0.5800 0.1037 0.7024 0.0863 0.7024
13 0.8820 0.0032 0.9183 0.0032 0.9183 0.0684 0.8820 0.0684
13 0.8303 0.1288 0.8703 0.1288 0.8703 0.1536 0.8303 0.1536
13 0.3326 0.0288 0.3537 0.0288 0.3537 0.0488 0.3326 0.0488
13 0.0511 0.2876 0.0657 0.2876 0.0657 0.3176 0.0511 0.3176
15 0.1574 0.2388 0.1886 0.2388 0.1886 0.2980 0.1574 0.2980
15 0.7714 0.3616 0.8454 0.3616 0.8454 0.4244 0.7714 0.4244
15 0.8766 0.7840 0.9077 0.7840 0.9077 0.8432 0.8766 0.8432
15 0.5974 0.2844 0.6509 0.2844 0.6509 0.3484 0.5974 0.3484
