0 0.1234 0.3400 0.2069 0.3400 0.2069 0.5144 0.1234 0.5144
0 0.8049 0.2168 0.9094 0.2168 0.9094 0.6476 0.8049 0.6476
0 0.6651 0.0548 0.7946 0.0548 0.7946 0.4360 0.6651 0.4360
0 0.0563 0.5036 0.1109 0.5036 0.1109 0.7416 0.0563 0.7416
1 0.9523 0.0092 0.9551 0.0092 0.9551 0.0648 0.9523 0.0648
1 0.0937 0.1492 0.1049 0.1492 0.1049 0.1860 0.0937 0.1860
1 0.9474 0.2000 0.9503 0.2000 0.9503 0.2252 0.9474 0.2252
1 0.6109 0.7824 0.6251 0.7824 0.6251 0.8132 0.6109 0.8132
2 0.5723 0.2464 0.5837 0.2464 0.5837 0.2712 0.5723 0.2712
2 0.0417 0.8448 0.0469 0.8448 0.0469 0.9196 0.0417 0.9196
2 0.9271 0.7804 0.9620 0.7804 0.9620 0.9004 0.9271 0.9004
2 0.4194 0.5748 0.5029 0.5748 0.5029 0.6764 0.4194 0.6764
3 0.1946 0.8676 0.2689 0.8676 0.2689 0.8904 0.1946 0.8904
3 0.7006 0.6852 0.7500 0.6852 0.7500 0.7020 0.7006 0.7020
3 0.9720 0.1276 0.9823 0.1276 0.9823 0.2004 0.9720 0.2004
3 0.5074 0.9100 0.5177 0.9100 0.5177 0.9828 0.5074 0.9828
4 0.6577 0.9108 0.6680 0.9108 0.6680 0.9172 0.6577 0.9172
4 0.4000 0.7876 0.4209 0.7876 0.4209 0.8020 0.4000 0.8020
4 0.6589 0.4752 0.6840 0.4752 0.6840 0.4888 0.6589 0.4888
4 0.4737 0.8708 0.4914 0.8708 0.4914 0.8836 0.4737 0.8836
6 0.8869 0.7476 0.9046 0.7476 0.9046 0.7728 0.8869 0.7728
6 0.4774 0.2184 0.5120 0.2184 0.5120 0.2296 0.4774 0.2296
6 0.6251 0.8192 0.6837 0.8192 0.6837 0.9016 0.6251 0.9016
6 0.6297 0.5436 0.6794 0.5436 0.6794 0.5904 0.6297 0.5904
7 0.9583 0.5828 0.9929 0.5828 0.9929 0.6880 0.9583 0.6880
7 0.2911 0.6028 0.3146 0.6028 0.3146 0.6176 0.2911 0.6176
7 0.2183 0.1384 0.2483 0.1384 0.2483 0.2772 0.2183 0.2772
7 0.5674 0.0396 0.5743 0.0396 0.5743 0.0620 0.5674 0.0620
9 0.0780 0.7460 0.1934 0.7460 0.1934 0.7836 0.0780 0.7836
9 0.3140 0.7128 0.3763 0.7128 0.3763 0.9184 0.3140 0.9184
9 0.5074 0.3868 0.5491 0.3868 0.5491 0.5960 0.5074 0.5960
9 0.4231 0.3636 0.4854 0.3636 0.4854 0.5692 0.4231 0.5692
12 0.5620 0.4184 0.5794 0.4184 0.5794 0.5408 0.5620 0.5408
12 0.8077 0.7148 0.8283 0.7148 0.8283 0.9532 0.8077 0.9532
12 0.9629 0.2404 0.9974 0.2404 0.9974 0.3948 0.9629 0.3948
12 0.1849 0.0008 0.3894 0.0008 0.3894 0.0364 0.1849 0.0364
13 0.2934 0.6264 0.3237 0.6264 0.3237 0.6520 0.2934 0.6520
13 0.5609 0.7340 0.5709 0.7340 0.5709 0.7540 0.5609 0.7540
13 0.2600 0.6820 0.2623 0.6820 0.2623 0.8072 0.2600 0.8072
13 0.8431 0.7004 0.8497 0.7004 0.8497 0.7228 0.8431 0.7228
15 0.0523 0.8708 0.0857 0.8708 0.0857 0.9188 0.0523 0.9188
15 0.4383 0.7060 0.4926 0.7060 0.4926 0.7788 0.4383 0.7788
15 0.8960 0.0628 0.9211 0.0628 0.9211 0.1160 0.8960 0.1160
15 0.3934 0.9148 0.4477 0.9148 0.4477 0.9876 0.3934 0.9876
