0 0.3511 0.5744 0.6543 0.5744 0.6543 0.7656 0.3511 0.7656
0 0.1060 0.5760 0.3169 0.5760 0.3169 0.7824 0.1060 0.7824
0 0.7331 0.1184 0.8460 0.1184 0.8460 0.3108 0.7331 0.3108
0 0.2946 0.0344 0.5977 0.0344 0.5977 0.2256 0.2946 0.2256
1 0.1486 0.1576 0.1700 0.1576 0.1700 0.1692 0.1486 0.1692
1 0.6814 0.3744 0.6843 0.3744 0.6843 0.3996 0.6814 0.3996
1 0.1131 0.8564 0.1214 0.8564 0.1214 0.9384 0.1131 0.9384
1 0.9563 0.7768 0.9777 0.7768 0.9777 0.7884 0.9563 0.7884
2 0.7531 0.5372 0.9249 0.5372 0.9249 0.6768 0.7531 0.6768
2 0.8289 0.4080 0.9323 0.4080 0.9323 0.4676 0.8289 0.4676
2 0.7317 0.0832 0.7920 0.0832 0.7920 0.1184 0.7317 0.1184
2 0.6554 0.5836 0.6774 0.5836 0.6774 0.6768 0.6554 0.6768
3 0.7197 0.6540 0.7300 0.6540 0.7300 0.7272 0.7197 0.7272
3 0.7529 0.7008 0.8023 0.7008 0.8023 0.7176 0.7529 0.7176
3 0.6626 0.7964 0.6729 0.7964 0.6729 0.8692 0.6626 0.8692
3 0.4329 0.0112 0.5280 0.0112 0.5280 0.0336 0.4329 0.0336
4 0.7926 0.0072 0.8206 0.0072 0.8206 0.0144 0.7926 0.0144
4 0.1640 0.1748 0.1851 0.1748 0.1851 0.2224 0.1640 0.2224
4 0.4557 0.8300 0.4597 0.8300 0.4597 0.8352 0.4557 0.8352
4 0.5031 0.3204 0.5100 0.3204 0.5100 0.3956 0.5031 0.3956
6 0.0169 0.6180 0.0754 0.6180 0.0754 0.7004 0.0169 0.7004
6 0.5663 0.9516 0.6317 0.9516 0.6317 0.9824 0.5663 0.9824
6 0.8006 0.9488 0.8503 0.9488 0.8503 0.9956 0.8006 0.9956
6 0.2300 0.3332 0.4211 0.3332 0.4211 0.4680 0.2300 0.4680
7 0.7126 0.1072 0.7303 0.1072 0.7303 0.1796 0.7126 0.1796
7 0.8817 0.0828 0.8900 0.0828 0.8900 0.1504 0.8817 0.1504
7 0.7149 0.5916 0.7206 0.5916 0.7206 0.6336 0.7149 0.6336
7 0.1883 0.3192 0.2077 0.3192 0.2077 0.3644 0.1883 0.3644
9 0.7894 0.8628 0.9049 0.8628 0.9049 0.9004 0.7894 0.9004
9 0.3751 0.7708 0.4909 0.7708 0.4909 0.8088 0.3751 0.8088
9 0.0597 0.2096 0.1040 0.2096 0.1040 0.4380 0.0597 0.4380
9 0.0183 0.7132 0.0894 0.7132 0.0894 0.9160 0.0183 0.9160
12 0.1051 0.3876 0.1997 0.3876 0.1997 0.4236 0.1051 0.4236
12 0.4734 0.5112 0.5434 0.5112 0.5434 0.5180 0.4734 0.5180
12 0.9391 0.0888 0.9963 0.0888 0.9963 0.6384 0.9391 0.6384
12 0.6666 0.8896 0.7611 0.8896 0.7611 0.9256 0.6666 0.9256
13 0.8649 0.2304 0.9043 0.2304 0.9043 0.2552 0.8649 0.2552
13 0.7774 0.7448 0.7946 0.7448 0.7946 0.7608 0.7774 0.7608
13 0.3880 0.2784 0.3994 0.2784 0.3994 0.3200 0.3880 0.3200
13 0.4240 0.2280 0.4503 0.2280 0.4503 0.2736 0.4240 0.2736
15 0.0111 0.0132 0.0574 0.0132 0.0574 0.0816 0.0111 0.0816
15 0.5831 0.8340 0.6523 0.8340 0.6523 0.9372 0.5831 0.9372
15 0.1709 0.4792 0.2043 0.4792 0.2043 0.5272 0.1709 0.5272
15 0.6043 0.0788 0.6891 0.0788 0.6891 0.1876 0.6043 0.1876
