0 0.0606 0.4160 0.1937 0.4160 0.1937 0.7824 0.0606 0.7824
0 0.7414 0.5456 0.8543 0.5456 0.8543 0.7380 0.7414 0.7380
0 0.5560 0.2420 0.6226 0.2420 0.6226 0.7576 0.5560 0.7576
0 0.7771 0.0980 0.9880 0.0980 0.9880 0.3044 0.7771 0.3044
1 0.0643 0.2588 0.0714 0.2588 0.0714 0.2848 0.0643 0.2848
1 0.3331 0.0844 0.3360 0.0844 0.3360 0.1096 0.3331 0.1096
1 0.7443 0.3548 0.7586 0.3548 0.7586 0.3856 0.7443 0.3856
1 0.6083 0.1568 0.6331 0.1568 0.6331 0.1616 0.6083 0.1616
2 0.2154 0.1696 0.2480 0.1696 0.2480 0.1856 0.2154 0.1856
2 0.4520 0.2932 0.4823 0.2932 0.4823 0.3044 0.4520 0.3044
2 0.0409 0.0316 0.1203 0.0316 0.1203 0.0900 0.0409 0.0900
2 0.5926 0.0092 0.6549 0.0092 0.6549 0.0744 0.5926 0.0744
3 0.8989 0.3284 0.9783 0.3284 0.9783 0.3532 0.8989 0.3532
3 0.4414 0.7324 0.5360 0.7324 0.5360 0.7556 0.4414 0.7556
3 0.7597 0.3968 0.8340 0.3968 0.8340 0.4196 0.7597 0.4196
3 0.7271 0.6488 0.7334 0.6488 0.7334 0.7508 0.7271 0.7508
4 0.6174 0.9052 0.6426 0.9052 0.6426 0.9184 0.6174 0.9184
4 0.4140 0.9816 0.4540 0.9816 0.4540 0.9900 0.4140 0.9900
4 0.5537 0.0876 0.5703 0.0876 0.5703 0.1104 0.5537 0.1104
4 0.4531 0.6672 0.4646 0.6672 0.4646 0.6824 0.4531 0.6824
6 0.8071 0.9428 0.8726 0.9428 0.8726 0.9736 0.8071 0.9736
6 0.2129 0.0764 0.2783 0.0764 0.2783 0.1072 0.2129 0.1072
6 0.3720 0.4616 0.4394 0.4616 0.4394 0.6516 0.3720 0.6516
6 0.4466 0.1080 0.4811 0.1080 0.4811 0.1192 0.4466 0.1192
7 0.0169 0.8412 0.0320 0.8412 0.0320 0.8488 0.0169 0.8488
7 0.0580 0.8836 0.0846 0.8836 0.0846 0.9716 0.0580 0.9716
7 0.7214 0.0532 0.7514 0.0532 0.7514 0.1644 0.7214 0.1644
7 0.4706 0.8456 0.4980 0.8456 0.4980 0.8608 0.4706 0.8608
9 0.6903 0.1828 0.7280 0.1828 0.7280 0.3144 0.6903 0.3144
9 0.5083 0.3956 0.5460 0.3956 0.5460 0.5272 0.5083 0.5272
9 0.1603 0.0344 0.2760 0.0344 0.2760 0.0724 0.1603 0.0724
9 0.5089 0.1244 0.5466 0.1244 0.5466 0.2560 0.5089 0.2560
12 0.2871 0.2428 0.3257 0.2428 0.3257 0.2792 0.2871 0.2792
12 0.0206 0.3664 0.0437 0.3664 0.0437 0.4812 0.0206 0.4812
12 0.8931 0.3532 0.9371 0.3532 0.9371 0.7780 0.8931 0.7780
12 0.3549 0.8600 0.3934 0.8600 0.3934 0.8964 0.3549 0.8964
13 0.2780 0.8700 0.3083 0.8700 0.3083 0.8884 0.2780 0.8884
13 0.3820 0.2172 0.3974 0.2172 0.3974 0.2824 0.3820 0.2824
13 0.7491 0.9596 0.7557 0.9596 0.7557 0.9820 0.7491 0.9820
13 0.6600 0.7980 0.6909 0.7980 0.6909 0.8292 0.6600 0.8292
15 0.2406 0.3260 0.3654 0.3260 0.3654 0.4292 0.2406 0.4292
15 0.4063 0.8460 0.4371 0.8460 0.4371 0.9052 0.4063 0.9052
15 0.3426 0.7128 0.4117 0.7128 0.4117 0.8160 0.3426 0.8160
15 0.4546 0.0324 0.5140 0.0324 0.5140 0.1016 0.4546 0.1016
