0 0.2157 0.4456 0.2703 0.4456 0.2703 0.6836 0.2157 0.6836
0 0.8166 0.3720 0.9177 0.3720 0.9177 0.5220 0.8166 0.5220
0 0.4189 0.4380 0.7220 0.4380 0.7220 0.6292 0.4189 0.6292
0 0.0709 0.1164 0.3740 0.1164 0.3740 0.3076 0.0709 0.3076
1 0.6057 0.1052 0.6120 0.1052 0.6120 0.1864 0.6057 0.1864
1 0.8354 0.7932 0.8554 0.7932 0.8554 0.8016 0.8354 0.8016
1 0.0557 0.6704 0.0606 0.6704 0.0606 0.7124 0.0557 0.7124
1 0.9274 0.5832 0.9294 0.5832 0.9294 0.6188 0.9274 0.6188
2 0.0646 0.9412 0.1000 0.9412 0.1000 0.9596 0.0646 0.9596
2 0.9514 0.6696 0.9823 0.6696 0.9823 0.8020 0.9514 0.8020
2 0.5289 0.8872 0.8617 0.8872 0.8617 0.9688 0.5289 0.9688
2 0.9023 0.9548 0.9194 0.9548 0.9194 0.9980 0.9023 0.9980
3 0.5920 0.9700 0.6871 0.9700 0.6871 0.9924 0.5920 0.9924
3 0.7520 0.2292 0.7683 0.2292 0.7683 0.3540 0.7520 0.3540
3 0.8011 0.3412 0.8706 0.3412 0.8706 0.3596 0.8011 0.3596
3 0.8671 0.0560 0.9471 0.0560 0.9471 0.0756 0.8671 0.0756
4 0.0314 0.4244 0.0460 0.4244 0.0460 0.4652 0.0314 0.4652
4 0.7951 0.2748 0.8117 0.2748 0.8117 0.2976 0.7951 0.2976
4 0.1643 0.5944 0.1709 0.5944 0.1709 0.6572 0.1643 0.6572
4 0.5911 0.0048 0.6114 0.0048 0.6114 0.0184 0.5911 0.0184
6 0.5346 0.1860 0.5931 0.1860 0.5931 0.2684 0.5346 0.2684
6 0.3091 0.0244 0.3437 0.0244 0.3437 0.0356 0.3091 0.0356
6 0.7414 0.4468 0.7911 0.4468 0.7911 0.4936 0.7414 0.4936
6 0.4303 0.2896 0.4800 0.2896 0.4800 0.3364 0.4303 0.3364
7 0.0123 0.4268 0.0283 0.4268 0.0283 0.4588 0.0123 0.4588
7 0.8417 0.1188 0.9063 0.1188 0.9063 0.2852 0.8417 0.2852
7 0.4577 0.1544 0.5286 0.1544 0.5286 0.1996 0.4577 0.1996
7 0.0446 0.8360 0.0680 0.8360 0.0680 0.8448 0.0446 0.8448
9 0.1449 0.3784 0.2677 0.3784 0.2677 0.4260 0.1449 0.4260
9 0.9409 0.2420 0.9811 0.2420 0.9811 0.4384 0.9409 0.4384
9 0.1680 0.7320 0.2303 0.7320 0.2303 0.9376 0.1680 0.9376
9 0.9203 0.7864 0.9503 0.7864 0.9503 0.9620 0.9203 0.9620
12 0.0089 0.6900 0.0174 0.6900 0.0174 0.9872 0.0089 0.9872
12 0.4077 0.6864 0.4423 0.6864 0.4423 0.8408 0.4077 0.8408
12 0.1089 0.3680 0.1294 0.3680 0.1294 0.6064 0.1089 0.6064
12 0.0191 0.2400 0.0537 0.2400 0.0537 0.3944 0.0191 0.3944
13 0.0803 0.0004 0.0943 0.0004 0.0943 0.0132 0.0803 0.0132
13 0.6497 0.0488 0.6897 0.0488 0.6897 0.0736 0.6497 0.0736
13 0.0569 0.4128 0.0980 0.4128 0.0980 0.4424 0.0569 0.4424
13 0.7091 0.6916 0.7189 0.6916 0.7189 0.7008 0.7091 0.7008
15 0.7920 0.0528 0.8131 0.0528 0.8131 0.1360 0.7920 0.1360
15 0.2883 0.8060 0.3926 0.8060 0.3926 0.9184 0.2883 0.9184
15 0.5663 0.6712 0.5997 0.6712 0.5997 0.7192 0.5663 0.7192
15 0.2777 0.6796 0.3486 0.6796 0.3486 0.7756 0.2777 0.7756
