0 0.6057 0.0064 0.7943 0.0064 0.7943 0.1092 0.6057 0.1092
0 0.3651 0.5080 0.6683 0.5080 0.6683 0.6992 0.3651 0.6992
0 0.9311 0.3088 0.9654 0.3088 0.9654 0.7648 0.9311 0.7648
0 0.7386 0.2740 0.8863 0.2740 0.8863 0.7664 0.7386 0.7664
1 0.7051 0.5780 0.7151 0.5780 0.7151 0.6848 0.7051 0.6848
1 0.9234 0.2684 0.9346 0.2684 0.9346 0.3052 0.9234 0.3052
1 0.9460 0.8640 0.9631 0.8640 0.9631 0.8684 0.9460 0.8684
1 0.1903 0.0492 0.1974 0.0492 0.1974 0.0752 0.1903 0.0752
2 0.1191 0.7692 0.1657 0.7692 0.1657 0.8972 0.1191 0.8972
2 0.2469 0.0508 0.4186 0.0508 0.4186 0.1904 0.2469 0.1904
2 0.6620 0.3644 0.6974 0.3644 0.6974 0.3828 0.6620 0.3828
2 0.5014 0.2488 0.5946 0.2488 0.5946 0.3212 0.5014 0.3212
3 0.1220 0.7232 0.2160 0.7232 0.2160 0.7456 0.1220 0.7456
3 0.5480 0.7984 0.5583 0.7984 0.5583 0.8712 0.5480 0.8712
3 0.8729 0.1772 0.9471 0.1772 0.9471 0.2000 0.8729 0.2000
3 0.7474 0.1316 0.8217 0.1316 0.8217 0.1544 0.7474 0.1544
4 0.9503 0.8264 0.9669 0.8264 0.9669 0.8492 0.9503 0.8492
4 0.2897 0.7376 0.2983 0.7376 0.2983 0.7680 0.2897 0.7680
4 0.2414 0.2304 0.2586 0.2304 0.2586 0.2448 0.2414 0.2448
4 0.4334 0.0720 0.4511 0.0720 0.4511 0.1004 0.4334 0.1004
6 0.6554 0.8864 0.7209 0.8864 0.7209 0.9172 0.6554 0.9172
6 0.1269 0.2704 0.1854 0.2704 0.1854 0.3528 0.1269 0.3528
6 0.6483 0.4012 0.6980 0.4012 0.6980 0.4480 0.6483 0.4480
6 0.1657 0.2120 0.2154 0.2120 0.2154 0.2588 0.1657 0.2588
7 0.2391 0.7604 0.2543 0.7604 0.2543 0.8196 0.2391 0.8196
7 0.6117 0.1196 0.6383 0.1196 0.6383 0.1980 0.6117 0.1980
7 0.1989 0.4892 0.2043 0.4892 0.2043 0.5048 0.1989 0.5048
7 0.2537 0.4232 0.2697 0.4232 0.2697 0.4552 0.2537 0.4552
9 0.3171 0.4192 0.3589 0.4192 0.3589 0.6284 0.3171 0.6284
9 0.0334 0.2640 0.0777 0.2640 0.0777 0.4924 0.0334 0.4924
9 0.2997 0.7504 0.3620 0.7504 0.3620 0.9560 0.2997 0.9560
9 0.7851 0.8688 0.9569 0.8688 0.9569 0.9728 0.7851 0.9728
12 0.1049 0.5300 0.1134 0.5300 0.1134 0.8272 0.1049 0.8272
12 0.4286 0.2900 0.4560 0.2900 0.4560 0.4024 0.4286 0.4024
13 0.2097 0.5008 0.2269 0.5008 0.2269 0.5320 0.2097 0.5320
13 0.3569 0.0044 0.3617 0.0044 0.3617 0.0228 0.3569 0.0228
13 0.0194 0.1372 0.1917 0.1372 0.1917 0.1828 0.0194 0.1828
13 0.1397 0.5596 0.1809 0.5596 0.1809 0.5892 0.1397 0.5892
15 0.7060 0.1684 0.7769 0.1684 0.7769 0.2644 0.7060 0.2644
15 0.0631 0.6100 0.0966 0.6100 0.0966 0.6580 0.0631 0.6580
15 0.1217 0.6240 0.1951 0.6240 0.1951 0.6944 0.1217 0.6944
15 0.2849 0.6664 0.3440 0.6664 0.3440 0.7344 0.2849 0.7344
