0 0.2549 0.0512 0.3880 0.0512 0.3880 0.4176 0.2549 0.4176
0 0.8954 0.6516 0.9629 0.6516 0.9629 0.7056 0.8954 0.7056
0 0.5546 0.3424 0.6557 0.3424 0.6557 0.4924 0.5546 0.4924
0 0.7031 0.4960 0.8709 0.4960 0.8709 0.7892 0.7031 0.7892
1 0.0791 0.4112 0.0891 0.4112 0.0891 0.5180 0.0791 0.5180
1 0.3003 0.0368 0.3217 0.0368 0.3217 0.0484 0.3003 0.0484
1 0.0543 0.9296 0.0654 0.9296 0.0654 0.9664 0.0543 0.9664
1 0.0760 0.5280 0.0823 0.5280 0.0823 0.6092 0.0760 0.6092
2 0.4563 0.2260 0.5029 0.2260 0.5029 0.3540 0.4563 0.3540
2 0.7780 0.8404 0.9777 0.8404 0.9777 0.9616 0.7780 0.9616
2 0.2634 0.6980 0.2766 0.6980 0.2766 0.8540 0.2634 0.8540
2 0.4643 0.7244 0.5237 0.7244 0.5237 0.9120 0.4643 0.9120
3 0.3149 0.9272 0.4089 0.9272 0.4089 0.9496 0.3149 0.9496
3 0.8734 0.5888 0.8897 0.5888 0.8897 0.7136 0.8734 0.7136
3 0.8954 0.0496 0.9749 0.0496 0.9749 0.0744 0.8954 0.0744
3 0.0243 0.0012 0.0380 0.0012 0.0380 0.1036 0.0243 0.1036
4 0.2177 0.3652 0.2243 0.3652 0.2243 0.3736 0.2177 0.3736
4 0.7874 0.0088 0.7937 0.0088 0.7937 0.0348 0.7874 0.0348
4 0.9200 0.0940 0.9354 0.0940 0.9354 0.1324 0.9200 0.1324
4 0.8254 0.0776 0.8297 0.0776 0.8297 0.1228 0.8254 0.1228
6 0.2240 0.8844 0.2417 0.8844 0.2417 0.9096 0.2240 0.9096
6 0.3603 0.9540 0.3780 0.9540 0.3780 0.9792 0.3603 0.9792
6 0.2946 0.6184 0.3620 0.6184 0.3620 0.8084 0.2946 0.8084
6 0.0397 0.0012 0.0574 0.0012 0.0574 0.0264 0.0397 0.0264
7 0.2094 0.7644 0.2186 0.7644 0.2186 0.8984 0.2094 0.8984
7 0.1349 0.4976 0.1463 0.4976 0.1463 0.5392 0.1349 0.5392
7 0.6897 0.3400 0.7154 0.3400 0.7154 0.4208 0.6897 0.4208
7 0.6729 0.6760 0.6843 0.6760 0.6843 0.7176 0.6729 0.7176
9 0.8680 0.1036 0.9083 0.1036 0.9083 0.3000 0.8680 0.3000
9 0.0191 0.6632 0.0569 0.6632 0.0569 0.7948 0.0191 0.7948
9 0.7046 0.0676 0.7489 0.0676 0.7489 0.2960 0.7046 0.2960
9 0.6891 0.8032 0.7406 0.8032 0.7406 0.9728 0.6891 0.9728
12 0.9303 0.3012 0.9649 0.3012 0.9649 0.4556 0.9303 0.4556
12 0.4126 0.4388 0.4437 0.4388 0.4437 0.4660 0.4126 0.4660
12 0.8203 0.2872 0.8409 0.2872 0.8409 0.4320 0.8203 0.4320
12 0.6751 0.5404 0.7026 0.5404 0.7026 0.6528 0.6751 0.6528
13 0.1766 0.5844 0.1789 0.5844 0.1789 0.7096 0.1766 0.7096
13 0.2117 0.4800 0.2329 0.4800 0.2329 0.5000 0.2117 0.5000
13 0.4869 0.0816 0.4926 0.0816 0.4926 0.1020 0.4869 0.1020
13 0.5686 0.6948 0.5743 0.6948 0.5743 0.7152 0.5686 0.7152
15 0.1714 0.1556 0.2309 0.1556 0.2309 0.2248 0.1714 0.2248
15 0.5311 0.0304 0.6160 0.0304 0.6160 0.1392 0.5311 0.1392
15 0.6220 0.2428 0.6929 0.2428 0.6929 0.3388 0.6220 0.3388
15 0.2443 0.4476 0.3183 0.4476 0.3183 0.5104 0.2443 0.5104
