0 0.5526 0.4740 0.6906 0.4740 0.6906 0.6336 0.5526 0.6336
0 0.7529 0.2528 0.8860 0.2528 0.8860 0.6192 0.7529 0.6192
0 0.9186 0.2012 0.9851 0.2012 0.9851 0.7168 0.9186 0.7168
0 0.2263 0.4028 0.2929 0.4028 0.2929 0.9184 0.2263 0.9184
1 0.5469 0.7824 0.5683 0.7824 0.5683 0.7940 0.5469 0.7940
1 0.1163 0.0844 0.1289 0.0844 0.1289 0.0952 0.1163 0.0952
1 0.6997 0.4780 0.7080 0.4780 0.7080 0.5600 0.6997 0.5600
1 0.3171 0.2032 0.3200 0.2032 0.3200 0.2284 0.3171 0.2284
2 0.6949 0.5768 0.7414 0.5768 0.7414 0.6272 0.6949 0.6272
2 0.8671 0.8812 0.9114 0.8812 0.9114 0.8944 0.8671 0.8944
2 0.1894 0.6620 0.2091 0.6620 0.2091 0.6896 0.1894 0.6896
2 0.1537 0.1044 0.2029 0.1044 0.2029 0.1472 0.1537 0.1472
3 0.5283 0.1192 0.5454 0.1192 0.5454 0.2412 0.5283 0.2412
3 0.7100 0.1416 0.8051 0.1416 0.8051 0.1640 0.7100 0.1640
3 0.3826 0.3860 0.4377 0.3860 0.4377 0.4052 0.3826 0.4052
3 0.7314 0.6628 0.7417 0.6628 0.7417 0.7360 0.7314 0.7360
4 0.0251 0.9232 0.0486 0.9232 0.0486 0.9552 0.0251 0.9552
4 0.4800 0.4680 0.4866 0.4680 0.4866 0.5308 0.4800 0.5308
4 0.2934 0.7808 0.3326 0.7808 0.3326 0.7904 0.2934 0.7904
4 0.4806 0.0028 0.4917 0.0028 0.4917 0.0132 0.4806 0.0132
6 0.2846 0.0052 0.4757 0.0052 0.4757 0.1400 0.2846 0.1400
6 0.1417 0.7324 0.2091 0.7324 0.2091 0.9224 0.1417 0.9224
6 0.3629 0.4604 0.4303 0.4604 0.4303 0.6504 0.3629 0.6504
6 0.3311 0.6620 0.3657 0.6620 0.3657 0.6732 0.3311 0.6732
7 0.5346 0.6368 0.5426 0.6368 0.5426 0.6636 0.5346 0.6636
7 0.0169 0.4580 0.0306 0.4580 0.0306 0.5060 0.0169 0.5060
7 0.0151 0.5308 0.0289 0.5308 0.0289 0.5788 0.0151 0.5788
7 0.6657 0.7432 0.6777 0.7432 0.6777 0.7780 0.6657 0.7780
9 0.4777 0.6340 0.5097 0.6340 0.5097 0.7920 0.4777 0.7920
9 0.6029 0.0532 0.6431 0.0532 0.6431 0.2496 0.6029 0.2496
9 0.7811 0.6448 0.8523 0.6448 0.8523 0.8476 0.7811 0.8476
9 0.6849 0.8212 0.7226 0.8212 0.7226 0.9528 0.6849 0.9528
12 0.8654 0.8356 0.9263 0.8356 0.9263 0.8712 0.8654 0.8712
12 0.9909 0.5868 0.9994 0.5868 0.9994 0.8840 0.9909 0.8840
12 0.1609 0.1548 0.2049 0.1548 0.2049 0.5796 0.1609 0.5796
12 0.4100 0.8372 0.6754 0.8372 0.6754 0.8964 0.4100 0.8964
13 0.0097 0.8076 0.0226 0.8076 0.0226 0.8184 0.0097 0.8184
13 0.0843 0.0192 0.1597 0.0192 0.1597 0.0612 0.0843 0.0612
13 0.8774 0.7156 0.9169 0.7156 0.9169 0.7404 0.8774 0.7404
13 0.1317 0.4376 0.1529 0.4376 0.1529 0.4576 0.1317 0.4576
15 0.4120 0.2372 0.4549 0.2372 0.4549 0.2996 0.4120 0.2996
15 0.3289 0.2544 0.3997 0.2544 0.3997 0.3504 0.3289 0.3504
15 0.6806 0.0172 0.7654 0.0172 0.7654 0.1260 0.6806 0.1260
15 0.1611 0.0440 0.1891 0.0440 0.1891 0.0968 0.1611 0.0968
