0 0.3294 0.5040 0.4423 0.5040 0.4423 0.6964 0.3294 0.6964
0 0.6289 0.0072 0.7583 0.0072 0.7583 0.3884 0.6289 0.3884
0 0.5911 0.5984 0.7243 0.5984 0.7243 0.9648 0.5911 0.9648
0 0.6040 0.4108 0.9277 0.4108 0.9277 0.4908 0.6040 0.4908
1 0.8894 0.3388 0.8923 0.3388 0.8923 0.3640 0.8894 0.3640
1 0.8306 0.0824 0.8369 0.0824 0.8369 0.1636 0.8306 0.1636
1 0.9869 0.7208 0.9897 0.7208 0.9897 0.7460 0.9869 0.7460
1 0.3854 0.4220 0.3886 0.4220 0.3886 0.4472 0.3854 0.4472
2 0.0743 0.7020 0.1614 0.7020 0.1614 0.9584 0.0743 0.9584
2 0.2060 0.3372 0.2257 0.3372 0.2257 0.3648 0.2060 0.3648
2 0.3283 0.1176 0.3631 0.1176 0.3631 0.2132 0.3283 0.2132
2 0.0746 0.2928 0.1189 0.2928 0.1189 0.3060 0.0746 0.3060
3 0.0211 0.7640 0.0274 0.7640 0.0274 0.8660 0.0211 0.8660
3 0.8571 0.0440 0.9366 0.0440 0.9366 0.0688 0.8571 0.0688
3 0.5129 0.7764 0.5623 0.7764 0.5623 0.7932 0.5129 0.7932
3 0.1006 0.3912 0.1109 0.3912 0.1109 0.4640 0.1006 0.4640
4 0.2400 0.4180 0.2791 0.4180 0.2791 0.4276 0.2400 0.4276
4 0.6180 0.5828 0.6466 0.5828 0.6466 0.5900 0.6180 0.5900
4 0.5229 0.2372 0.5406 0.2372 0.5406 0.2656 0.5229 0.2656
4 0.2254 0.2480 0.2420 0.2480 0.2420 0.2708 0.2254 0.2708
6 0.9400 0.5160 0.9986 0.5160 0.9986 0.5984 0.9400 0.5984
6 0.4437 0.3468 0.4614 0.3468 0.4614 0.3720 0.4437 0.3720
6 0.5380 0.0440 0.5877 0.0440 0.5877 0.0908 0.5380 0.0908
6 0.4489 0.0640 0.4834 0.0640 0.4834 0.0752 0.4489 0.0752
7 0.2146 0.1192 0.2297 0.1192 0.2297 0.2032 0.2146 0.2032
7 0.0669 0.3732 0.0783 0.3732 0.0783 0.3812 0.0669 0.3812
7 0.3003 0.7952 0.3066 0.7952 0.3066 0.8496 0.3003 0.8496
7 0.2437 0.7944 0.2500 0.7944 0.2500 0.8184 0.2437 0.8184
9 0.4320 0.1296 0.5031 0.1296 0.5031 0.3324 0.4320 0.3324
9 0.3766 0.2052 0.4143 0.2052 0.4143 0.3368 0.3766 0.3368
9 0.3326 0.3704 0.3703 0.3704 0.3703 0.5020 0.3326 0.5020
9 0.2794 0.9084 0.4997 0.9084 0.4997 0.9808 0.2794 0.9808
12 0.5346 0.5488 0.5526 0.5488 0.5526 0.6400 0.5346 0.6400
12 0.8791 0.9068 0.9400 0.9068 0.9400 0.9424 0.8791 0.9424
12 0.7506 0.5256 0.7560 0.5256 0.7560 0.7272 0.7506 0.7272
12 0.8409 0.8356 0.9017 0.8356 0.9017 0.8712 0.8409 0.8712
13 0.6077 0.1928 0.6209 0.1928 0.6209 0.2040 0.6077 0.2040
13 0.5860 0.2148 0.6223 0.2148 0.6223 0.2800 0.5860 0.2800
13 0.8277 0.5828 0.8383 0.5828 0.8383 0.5964 0.8277 0.5964
13 0.5586 0.8584 0.5740 0.8584 0.5740 0.9236 0.5586 0.9236
15 0.7349 0.7460 0.8394 0.7460 0.8394 0.8608 0.7349 0.8608
15 0.1071 0.0420 0.1383 0.0420 0.1383 0.1012 0.1071 0.1012
15 0.9569 0.2436 0.9780 0.2436 0.9780 0.3268 0.9569 0.3268
15 0.8097 0.3012 0.8409 0.3012 0.8409 0.3604 0.8097 0.3604
