0 0.0126 0.1316 0.1194 0.1316 0.1194 0.5356 0.0126 0.5356
0 0.4857 0.1764 0.6086 0.1764 0.6086 0.6136 0.4857 0.6136
0 0.2746 0.2168 0.4854 0.2168 0.4854 0.4232 0.2746 0.4232
0 0.6471 0.3236 0.6814 0.3236 0.6814 0.7796 0.6471 0.7796
1 0.6537 0.9616 0.6709 0.9616 0.6709 0.9660 0.6537 0.9660
1 0.6994 0.5320 0.7094 0.5320 0.7094 0.6388 0.6994 0.6388
1 0.8969 0.1844 0.9080 0.1844 0.9080 0.2212 0.8969 0.2212
1 0.8174 0.4568 0.8374 0.4568 0.8374 0.4652 0.8174 0.4652
2 0.2169 0.3844 0.2414 0.3844 0.2414 0.4096 0.2169 0.4096
2 0.8051 0.5164 0.9037 0.5164 0.9037 0.9900 0.8051 0.9900
2 0.5849 0.0008 0.6789 0.0008 0.6789 0.1448 0.5849 0.1448
2 0.6877 0.7344 0.7074 0.7344 0.7074 0.7620 0.6877 0.7620
3 0.4780 0.6232 0.4883 0.6232 0.4883 0.6964 0.4780 0.6964
3 0.8191 0.3468 0.8991 0.3468 0.8991 0.3664 0.8191 0.3664
3 0.3554 0.9012 0.3726 0.9012 0.3726 0.9680 0.3554 0.9680
3 0.2143 0.1724 0.2637 0.1724 0.2637 0.1892 0.2143 0.1892
4 0.7934 0.2604 0.8186 0.2604 0.8186 0.2740 0.7934 0.2740
4 0.2520 0.4076 0.2620 0.4076 0.2620 0.4380 0.2520 0.4380
4 0.6177 0.7960 0.6249 0.7960 0.6249 0.8408 0.6177 0.8408
4 0.3003 0.4488 0.3106 0.4488 0.3106 0.4552 0.3003 0.4552
6 0.2923 0.0464 0.3100 0.0464 0.3100 0.0716 0.2923 0.0716
6 0.0020 0.8004 0.0694 0.8004 0.0694 0.9904 0.0020 0.9904
6 0.2611 0.4860 0.4523 0.4860 0.4523 0.6208 0.2611 0.6208
6 0.0794 0.6212 0.2706 0.6212 0.2706 0.7560 0.0794 0.7560
7 0.3031 0.6724 0.3109 0.6724 0.3109 0.6948 0.3031 0.6948
7 0.3806 0.8088 0.3909 0.8088 0.3909 0.8444 0.3806 0.8444
7 0.3137 0.8740 0.3331 0.8740 0.3331 0.9672 0.3137 0.9672
7 0.4980 0.8652 0.5446 0.8652 0.5446 0.9996 0.4980 0.9996
9 0.5037 0.7196 0.6266 0.7196 0.6266 0.7672 0.5037 0.7672
9 0.0620 0.5420 0.1191 0.5420 0.1191 0.5964 0.0620 0.5964
9 0.9157 0.6008 0.9780 0.6008 0.9780 0.8064 0.9157 0.8064
9 0.3583 0.6552 0.3960 0.6552 0.3960 0.7868 0.3583 0.7868
12 0.4077 0.8400 0.4423 0.8400 0.4423 0.9944 0.4077 0.9944
12 0.0551 0.0364 0.2597 0.0364 0.2597 0.0720 0.0551 0.0720
12 0.4943 0.0368 0.5254 0.0368 0.5254 0.0640 0.4943 0.0640
12 0.4691 0.1100 0.5486 0.1100 0.5486 0.1532 0.4691 0.1532
13 0.7400 0.1384 0.7571 0.1384 0.7571 0.1696 0.7400 0.1696
13 0.2334 0.9772 0.2466 0.9772 0.2466 0.9884 0.2334 0.9884
13 0.3769 0.0472 0.4780 0.0472 0.4780 0.0548 0.3769 0.0548
13 0.1540 0.8428 0.1711 0.8428 0.1711 0.8512 0.1540 0.8512
15 0.8026 0.1348 0.8617 0.1348 0.8617 0.2028 0.8026 0.2028
15 0.1731 0.8616 0.2777 0.8616 0.2777 0.9764 0.1731 0.9764
15 0.6866 0.2336 0.7589 0.2336 0.7589 0.3144 0.6866 0.3144
15 0.6643 0.1724 0.6983 0.1724 0.6983 0.2204 0.6643 0.2204
