0 0.2069 0.4964 0.2743 0.4964 0.2743 0.5504 0.2069 0.5504
0 0.0211 0.0892 0.1257 0.0892 0.1257 0.5200 0.0211 0.5200
0 0.6457 0.2116 0.7503 0.2116 0.7503 0.6424 0.6457 0.6424
0 0.2540 0.7064 0.3206 0.7064 0.3206 0.7768 0.2540 0.7768
1 0.4580 0.2580 0.4723 0.2580 0.4723 0.2888 0.4580 0.2888
1 0.0034 0.1304 0.0117 0.1304 0.0117 0.2124 0.0034 0.2124
1 0.7754 0.6984 0.8103 0.6984 0.8103 0.7864 0.7754 0.7864
1 0.9480 0.3880 0.9563 0.3880 0.9563 0.4700 0.9480 0.4700
2 0.3517 0.7132 0.4351 0.7132 0.4351 0.8148 0.3517 0.8148
2 0.9049 0.1976 0.9357 0.1976 0.9357 0.2212 0.9049 0.2212
2 0.9306 0.6520 0.9909 0.6520 0.9909 0.6836 0.9306 0.6836
2 0.2706 0.1936 0.3443 0.1936 0.3443 0.2548 0.2706 0.2548
3 0.2757 0.0244 0.3251 0.0244 0.3251 0.0412 0.2757 0.0412
3 0.9354 0.5172 0.9457 0.5172 0.9457 0.5904 0.9354 0.5904
3 0.3057 0.8576 0.3551 0.8576 0.3551 0.8744 0.3057 0.8744
3 0.4560 0.2296 0.5111 0.2296 0.5111 0.2512 0.4560 0.2512
4 0.8643 0.6208 0.8754 0.6208 0.8754 0.6420 0.8643 0.6420
4 0.1231 0.6708 0.1434 0.6708 0.1434 0.6880 0.1231 0.6880
4 0.6654 0.0328 0.6711 0.0328 0.6711 0.0392 0.6654 0.0392
4 0.5854 0.8872 0.5994 0.8872 0.5994 0.8968 0.5854 0.8968
6 0.0963 0.8172 0.2874 0.8172 0.2874 0.9520 0.0963 0.9520
6 0.8429 0.1328 0.8774 0.1328 0.8774 0.1440 0.8429 0.1440
6 0.2117 0.6576 0.2463 0.6576 0.2463 0.6688 0.2117 0.6688
6 0.5980 0.0424 0.7891 0.0424 0.7891 0.1772 0.5980 0.1772
7 0.6529 0.6468 0.6660 0.6468 0.6660 0.7068 0.6529 0.7068
7 0.3594 0.5584 0.3869 0.5584 0.3869 0.6992 0.3594 0.6992
7 0.4640 0.7064 0.4994 0.7064 0.4994 0.7768 0.4640 0.7768
7 0.5911 0.8512 0.6066 0.8512 0.6066 0.8596 0.5911 0.8596
9 0.5920 0.6368 0.6240 0.6368 0.6240 0.7948 0.5920 0.7948
9 0.8920 0.0476 0.9974 0.0476 0.9974 0.1080 0.8920 0.1080
9 0.8486 0.6728 0.8860 0.6728 0.8860 0.8600 0.8486 0.8600
9 0.1586 0.5412 0.1989 0.5412 0.1989 0.7376 0.1586 0.7376
12 0.5046 0.6568 0.5309 0.6568 0.5309 0.9392 0.5046 0.9392
12 0.4609 0.4332 0.5740 0.4332 0.5740 0.4640 0.4609 0.4640
12 0.5309 0.8028 0.7354 0.8028 0.7354 0.8384 0.5309 0.8384
12 0.2577 0.0212 0.2757 0.0212 0.2757 0.1124 0.2577 0.1124
13 0.7746 0.5028 0.7817 0.5028 0.7817 0.5492 0.7746 0.5492
13 0.5677 0.2572 0.5754 0.2572 0.5754 0.2696 0.5677 0.2696
13 0.0694 0.5532 0.0840 0.5532 0.0840 0.5832 0.0694 0.5832
13 0.1614 0.2988 0.1760 0.2988 0.1760 0.3288 0.1614 0.3288
15 0.8774 0.5900 0.9054 0.5900 0.9054 0.6428 0.8774 0.6428
15 0.2720 0.5956 0.3314 0.5956 0.3314 0.6580 0.2720 0.6580
15 0.4591 0.5480 0.5054 0.5480 0.5054 0.6164 0.4591 0.6164
15 0.4360 0.3156 0.5160 0.3156 0.5160 0.3984 0.4360 0.3984
