0 0.2671 0.4564 0.5703 0.4564 0.5703 0.6476 0.2671 0.6476
0 0.4509 0.0092 0.5343 0.0092 0.5343 0.1836 0.4509 0.1836
0 0.3131 0.6836 0.3806 0.6836 0.3806 0.7376 0.3131 0.7376
0 0.7917 0.5532 0.9803 0.5532 0.9803 0.6560 0.7917 0.6560
1 0.0757 0.2788 0.0831 0.2788 0.0831 0.3060 0.0757 0.3060
1 0.2063 0.3792 0.2126 0.3792 0.2126 0.4604 0.2063 0.4604
1 0.0963 0.8924 0.1026 0.8924 0.1026 0.9736 0.0963 0.9736
1 0.7077 0.2796 0.7097 0.2796 0.7097 0.3152 0.7077 0.3152
2 0.6611 0.5340 0.7197 0.5340 0.7197 0.6164 0.6611 0.6164
2 0.4174 0.9216 0.5049 0.9216 0.5049 0.9940 0.4174 0.9940
2 0.9251 0.3148 0.9843 0.3148 0.9843 0.3224 0.9251 0.3224
2 0.3691 0.3952 0.3869 0.3952 0.3869 0.4316 0.3691 0.4316
3 0.3929 0.6628 0.4100 0.6628 0.4100 0.7848 0.3929 0.7848
3 0.6937 0.3756 0.7489 0.3756 0.7489 0.3948 0.6937 0.3948
3 0.4326 0.1152 0.4429 0.1152 0.4429 0.1880 0.4326 0.1880
3 0.6986 0.2420 0.7926 0.2420 0.7926 0.2644 0.6986 0.2644
4 0.9694 0.4896 0.9886 0.4896 0.9886 0.5024 0.9694 0.5024
4 0.1811 0.3020 0.1891 0.3020 0.1891 0.3276 0.1811 0.3276
4 0.5183 0.4196 0.5269 0.4196 0.5269 0.4328 0.5183 0.4328
4 0.7326 0.7888 0.7411 0.7888 0.7411 0.8020 0.7326 0.8020
6 0.7794 0.3472 0.9706 0.3472 0.9706 0.4820 0.7794 0.4820
6 0.8563 0.6740 0.8909 0.6740 0.8909 0.6852 0.8563 0.6852
6 0.1911 0.0536 0.2586 0.0536 0.2586 0.2436 0.1911 0.2436
6 0.7700 0.7884 0.8374 0.7884 0.8374 0.9784 0.7700 0.9784
7 0.6129 0.1828 0.6580 0.1828 0.6580 0.2004 0.6129 0.2004
7 0.4934 0.8428 0.5017 0.8428 0.5017 0.9116 0.4934 0.9116
7 0.2840 0.6680 0.3020 0.6680 0.3020 0.7380 0.2840 0.7380
7 0.0089 0.1624 0.0197 0.1624 0.0197 0.2212 0.0089 0.2212
9 0.6343 0.9188 0.7397 0.9188 0.7397 0.9792 0.6343 0.9792
9 0.8186 0.0700 0.9460 0.0700 0.9460 0.1112 0.8186 0.1112
9 0.0611 0.6872 0.2814 0.6872 0.2814 0.7596 0.0611 0.7596
9 0.1620 0.8788 0.2191 0.8788 0.2191 0.9332 0.1620 0.9332
12 0.1451 0.4508 0.1726 0.4508 0.1726 0.5632 0.1451 0.5632
12 0.0329 0.4068 0.0534 0.4068 0.0534 0.6452 0.0329 0.6452
12 0.5277 0.4028 0.7323 0.4028 0.7323 0.4384 0.5277 0.4384
12 0.2660 0.7700 0.2866 0.7700 0.2866 0.9148 0.2660 0.9148
13 0.0294 0.5724 0.0314 0.5724 0.0314 0.7176 0.0294 0.7176
13 0.6189 0.6316 0.6491 0.6316 0.6491 0.6500 0.6189 0.6500
13 0.5900 0.8016 0.6029 0.8016 0.6029 0.8124 0.5900 0.8124
13 0.6106 0.0936 0.7117 0.0936 0.7117 0.1012 0.6106 0.1012
15 0.4097 0.2872 0.4820 0.2872 0.4820 0.3680 0.4097 0.3680
15 0.1074 0.2836 0.1669 0.2836 0.1669 0.3528 0.1074 0.3528
15 0.3234 0.8124 0.3951 0.8124 0.3951 0.8964 0.3234 0.8964
15 0.0014 0.0120 0.0580 0.0120 0.0580 0.0952 0.0014 0.0952
