0 0.2963 0.2576 0.4640 0.2576 0.4640 0.5508 0.2963 0.5508
0 0.6409 0.4796 0.7477 0.4796 0.7477 0.8836 0.6409 0.8836
0 0.0140 0.2964 0.0974 0.2964 0.0974 0.4708 0.0140 0.4708
0 0.7754 0.5560 0.9049 0.5560 0.9049 0.9372 0.7754 0.9372
1 0.0240 0.1912 0.0371 0.1912 0.0371 0.2176 0.0240 0.2176
1 0.0186 0.5376 0.0286 0.5376 0.0286 0.6444 0.0186 0.6444
1 0.7254 0.0108 0.7303 0.0108 0.7303 0.0528 0.7254 0.0528
1 0.6869 0.0320 0.7117 0.0320 0.7117 0.0368 0.6869 0.0368
2 0.5614 0.1952 0.7900 0.1952 0.7900 0.2620 0.5614 0.2620
2 0.1114 0.1968 0.1591 0.1968 0.1591 0.3076 0.1114 0.3076
2 0.8271 0.1608 0.8517 0.1608 0.8517 0.1860 0.8271 0.1860
2 0.4089 0.1180 0.4320 0.1180 0.4320 0.1436 0.4089 0.1436
3 0.5066 0.3472 0.5229 0.3472 0.5229 0.4720 0.5066 0.4720
3 0.9403 0.6484 0.9540 0.6484 0.9540 0.7508 0.9403 0.7508
3 0.6740 0.4028 0.7691 0.4028 0.7691 0.4252 0.6740 0.4252
3 0.1240 0.0044 0.1791 0.0044 0.1791 0.0260 0.1240 0.0260
4 0.7846 0.3024 0.7957 0.3024 0.7957 0.3236 0.7846 0.3236
4 0.4394 0.0096 0.4506 0.0096 0.4506 0.0200 0.4394 0.0200
4 0.0311 0.6596 0.0426 0.6596 0.0426 0.6644 0.0311 0.6644
4 0.4123 0.1028 0.4180 0.1028 0.4180 0.1092 0.4123 0.1092
6 0.2649 0.6416 0.3303 0.6416 0.3303 0.6724 0.2649 0.6724
6 0.1843 0.3636 0.2517 0.3636 0.2517 0.5536 0.1843 0.5536
6 0.3600 0.9608 0.3777 0.9608 0.3777 0.9860 0.3600 0.9860
6 0.6269 0.2708 0.6446 0.2708 0.6446 0.2960 0.6269 0.2960
7 0.0914 0.6952 0.1257 0.6952 0.1257 0.7052 0.0914 0.7052
7 0.2829 0.7984 0.2960 0.7984 0.2960 0.8632 0.2829 0.8632
7 0.5809 0.2624 0.5946 0.2624 0.5946 0.3420 0.5809 0.3420
7 0.1703 0.7320 0.1903 0.7320 0.1903 0.7396 0.1703 0.7396
9 0.4183 0.0584 0.5340 0.0584 0.5340 0.0964 0.4183 0.0964
9 0.8283 0.1904 0.9337 0.1904 0.9337 0.2508 0.8283 0.2508
9 0.8643 0.3208 0.9354 0.3208 0.9354 0.5236 0.8643 0.5236
9 0.5163 0.6524 0.5677 0.6524 0.5677 0.8220 0.5163 0.8220
12 0.2557 0.2388 0.2849 0.2388 0.2849 0.2632 0.2557 0.2632
12 0.9171 0.1408 0.9891 0.1408 0.9891 0.1728 0.9171 0.1728
12 0.2129 0.1180 0.2849 0.1180 0.2849 0.1500 0.2129 0.1500
12 0.4454 0.7960 0.4686 0.7960 0.4686 0.9796 0.4454 0.9796
13 0.2769 0.5416 0.2909 0.5416 0.2909 0.5544 0.2769 0.5544
13 0.0731 0.9540 0.1197 0.9540 0.1197 0.9960 0.0731 0.9960
13 0.1914 0.2396 0.2054 0.2396 0.2054 0.2524 0.1914 0.2524
13 0.4871 0.3672 0.4949 0.3672 0.4949 0.3796 0.4871 0.3796
15 0.6249 0.0256 0.6840 0.0256 0.6840 0.0936 0.6249 0.0936
15 0.2643 0.3580 0.2937 0.3580 0.2937 0.4176 0.2643 0.4176
15 0.1414 0.8212 0.2360 0.8212 0.2360 0.9024 0.1414 0.9024
15 0.3903 0.1728 0.4703 0.1728 0.4703 0.2556 0.3903 0.2556
