0 0.2760 0.4840 0.5046 0.4840 0.5046 0.5688 0.2760 0.5688
0 0.0926 0.7424 0.2054 0.7424 0.2054 0.9348 0.0926 0.9348
0 0.1534 0.3260 0.3420 0.3260 0.3420 0.4288 0.1534 0.4288
0 0.5037 0.1244 0.6923 0.1244 0.6923 0.2272 0.5037 0.2272
1 0.6763 0.5992 0.6934 0.5992 0.6934 0.6036 0.6763 0.6036
1 0.9117 0.6348 0.9229 0.6348 0.9229 0.6716 0.9117 0.6716
1 0.1980 0.5728 0.2106 0.5728 0.2106 0.5836 0.1980 0.5836
1 0.7623 0.7940 0.7871 0.7940 0.7871 0.7988 0.7623 0.7988
2 0.6169 0.7796 0.6389 0.7796 0.6389 0.8728 0.6169 0.8728
2 0.6137 0.7380 0.6703 0.7380 0.6703 0.7732 0.6137 0.7732
2 0.0849 0.2932 0.1160 0.2932 0.1160 0.6556 0.0849 0.6556
2 0.4666 0.7888 0.5217 0.7888 0.5217 0.8268 0.4666 0.8268
3 0.4409 0.8660 0.4546 0.8660 0.4546 0.9684 0.4409 0.9684
3 0.1871 0.6316 0.2009 0.6316 0.2009 0.7340 0.1871 0.7340
3 0.1286 0.0244 0.1389 0.0244 0.1389 0.0972 0.1286 0.0972
3 0.3854 0.9748 0.4349 0.9748 0.4349 0.9916 0.3854 0.9916
4 0.6740 0.1108 0.6943 0.1108 0.6943 0.1244 0.6740 0.1244
4 0.9060 0.7068 0.9654 0.7068 0.9654 0.7268 0.9060 0.7268
4 0.6951 0.5380 0.7163 0.5380 0.7163 0.5856 0.6951 0.5856
4 0.9211 0.2076 0.9611 0.2076 0.9611 0.2160 0.9211 0.2160
6 0.3583 0.9268 0.3929 0.9268 0.3929 0.9380 0.3583 0.9380
6 0.9763 0.7240 0.9940 0.7240 0.9940 0.7492 0.9763 0.7492
6 0.9489 0.9836 0.9834 0.9836 0.9834 0.9948 0.9489 0.9948
6 0.7517 0.2328 0.8103 0.2328 0.8103 0.3152 0.7517 0.3152
7 0.8280 0.0020 0.8766 0.0020 0.8766 0.1008 0.8280 0.1008
7 0.2297 0.0356 0.2957 0.0356 0.2957 0.1864 0.2297 0.1864
7 0.7600 0.1128 0.7874 0.1128 0.7874 0.1856 0.7600 0.1856
7 0.4880 0.0648 0.4974 0.0648 0.4974 0.1160 0.4880 0.1160
9 0.8360 0.5156 0.8660 0.5156 0.8660 0.6912 0.8360 0.6912
9 0.2131 0.6540 0.3849 0.6540 0.3849 0.7580 0.2131 0.7580
9 0.5226 0.6448 0.7429 0.6448 0.7429 0.7172 0.5226 0.7172
9 0.7314 0.4044 0.7691 0.4044 0.7691 0.5360 0.7314 0.5360
12 0.6457 0.9156 0.7589 0.9156 0.7589 0.9464 0.6457 0.9464
12 0.2737 0.2076 0.3437 0.2076 0.3437 0.2144 0.2737 0.2144
12 0.7917 0.7408 0.8151 0.7408 0.8151 0.8308 0.7917 0.8308
12 0.5866 0.4124 0.6111 0.4124 0.6111 0.5376 0.5866 0.5376
13 0.6883 0.4300 0.7294 0.4300 0.7294 0.4596 0.6883 0.4596
13 0.3131 0.5948 0.3991 0.5948 0.3991 0.6024 0.3131 0.6024
13 0.7446 0.3528 0.7571 0.3528 0.7571 0.3672 0.7446 0.3672
13 0.0454 0.9712 0.0503 0.9712 0.0503 0.9896 0.0454 0.9896
15 0.4829 0.8732 0.5443 0.8732 0.5443 0.9856 0.4829 0.9856
15 0.3383 0.7940 0.3949 0.7940 0.3949 0.8772 0.3383 0.8772
15 0.1106 0.1072 0.1386 0.1072 0.1386 0.1600 0.1106 0.1600
15 0.1674 0.4700 0.2137 0.4700 0.2137 0.5384 0.1674 0.5384
