0 0.9589 0.2930 0.6180 0.3944 0.5854 0.1794 0.9263 0.0780
0 0.9766 0.3137 0.9476 0.4194 0.7126 0.2931 0.7415 0.1874
0 0.2307 0.7432 0.2265 0.7157 0.4136 0.6600 0.4178 0.6875
0 0.3936 0.5285 0.3814 0.6253 0.2781 0.5999 0.2903 0.5031
1 0.2513 0.1832 0.2746 0.2299 0.2145 0.2888 0.1911 0.2421
1 0.5368 0.3274 0.5480 0.3469 0.5455 0.3498 0.5342 0.3303
1 0.2661 0.3456 0.2654 0.3506 0.2433 0.3440 0.2441 0.3390
1 0.9723 0.0763 0.9704 0.0861 0.9054 0.0617 0.9073 0.0519
2 0.9072 0.2725 0.8660 0.4876 0.7994 0.4627 0.8406 0.2476
2 0.6501 0.3580 0.6672 0.3613 0.6630 0.4036 0.6459 0.4003
2 0.1832 0.1214 0.1584 0.1644 0.1511 0.1562 0.1759 0.1132
2 0.3259 0.8396 0.3295 0.9370 0.1687 0.9488 0.1650 0.8514
3 0.7192 0.7258 0.6506 0.7191 0.6514 0.7022 0.7200 0.7089
3 0.9149 0.2201 0.8921 0.3184 0.8803 0.3131 0.9031 0.2148
3 0.1921 0.9488 0.1828 0.9497 0.1754 0.8000 0.1846 0.7991
3 0.2720 0.4042 0.2257 0.5373 0.2048 0.5230 0.2512 0.3899
4 0.9546 0.6718 0.9410 0.6724 0.9408 0.6650 0.9544 0.6644
4 0.9196 0.3124 0.9295 0.3268 0.9244 0.3336 0.9145 0.3192
4 0.2498 0.9698 0.2424 0.9805 0.2251 0.9570 0.2324 0.9463
4 0.0545 0.4028 0.0637 0.4162 0.0467 0.4392 0.0374 0.4258
6 0.3426 0.5654 0.4486 0.8126 0.3597 0.8874 0.2536 0.6402
6 0.1456 0.5158 0.1552 0.5189 0.1530 0.5326 0.1434 0.5295
6 0.5381 0.4532 0.4948 0.4585 0.4939 0.4444 0.5372 0.4391
6 0.3727 0.2416 0.3861 0.2705 0.3813 0.2748 0.3679 0.2459
7 0.6641 0.5314 0.6476 0.5476 0.5799 0.4122 0.5964 0.3960
7 0.4448 0.5510 0.4478 0.5458 0.4541 0.5530 0.4511 0.5582
7 0.8590 0.8229 0.8545 0.7636 0.9667 0.7471 0.9712 0.8064
7 0.1075 0.5409 0.0881 0.5428 0.0860 0.5003 0.1053 0.4984
9 0.5189 0.5218 0.4940 0.4893 0.5794 0.3610 0.6043 0.3935
9 0.6798 0.2315 0.7620 0.3842 0.7364 0.4113 0.6542 0.2586
9 0.8207 0.0830 0.7614 0.1369 0.7456 0.1030 0.8049 0.0491
9 0.2687 0.1383 0.3089 0.1658 0.2956 0.2041 0.2554 0.1766
12 0.8955 0.3755 0.9481 0.4545 0.9371 0.4689 0.8845 0.3899
12 0.3125 0.7811 0.3358 0.7910 0.3000 0.9545 0.2768 0.9446
12 0.9823 0.8107 0.9556 0.8298 0.8420 0.5177 0.8687 0.4986
12 0.2395 0.4438 0.2803 0.4755 0.2082 0.6578 0.1674 0.6261
13 0.4070 0.7993 0.4044 0.8065 0.3913 0.7971 0.3939 0.7899
13 0.0749 0.1565 0.0709 0.1745 0.0591 0.1695 0.0631 0.1515
13 0.6910 0.7560 0.6662 0.7201 0.6776 0.7048 0.7023 0.7407
13 0.4525 0.2721 0.4402 0.2368 0.4563 0.2259 0.4686 0.2612
15 0.0976 0.7400 0.0899 0.6790 0.1347 0.6680 0.1423 0.7290
15 0.8430 0.5371 0.8266 0.5577 0.8067 0.5269 0.8231 0.5063
15 0.4032 0.1198 0.3121 0.1446 0.2982 0.0446 0.3893 0.0198
15 0.0722 0.5321 0.0450 0.4941 0.0729 0.4551 0.1001 0.4931
