0 0.1750 0.5260 0.4973 0.3059 0.5681 0.5092 0.2458 0.7293
0 0.6345 0.0468 0.8981 0.0274 0.9018 0.1252 0.6382 0.1446
0 0.9346 0.9013 0.8937 0.9318 0.6868 0.3871 0.7278 0.3566
0 0.5001 0.0756 0.5898 0.2364 0.2796 0.5756 0.1899 0.4148
1 0.7437 0.7792 0.7499 0.7786 0.7509 0.7992 0.7447 0.7998
1 0.5048 0.7581 0.4956 0.7374 0.5046 0.7295 0.5138 0.7502
1 0.9086 0.4215 0.9001 0.4292 0.8922 0.4121 0.9007 0.4044
1 0.5287 0.2240 0.5220 0.2282 0.4945 0.1416 0.5012 0.1374
2 0.0058 0.8603 0.0892 0.8938 0.0862 0.9085 0.0028 0.8750
2 0.1403 0.1077 0.1210 0.0968 0.1272 0.0755 0.1464 0.0864
2 0.0989 0.2810 0.0646 0.3033 0.0523 0.2662 0.0865 0.2439
2 0.7468 0.9163 0.8156 0.8607 0.8198 0.8709 0.7510 0.9265
3 0.5397 0.8813 0.5364 0.8997 0.4694 0.8763 0.4727 0.8579
3 0.1331 0.1341 0.1425 0.0906 0.1512 0.0943 0.1417 0.1378
3 0.7114 0.2048 0.7913 0.1891 0.7938 0.2136 0.7138 0.2293
3 0.9141 0.6191 0.9090 0.6217 0.8996 0.5857 0.9047 0.5831
4 0.4385 0.8565 0.4406 0.8500 0.4610 0.8627 0.4589 0.8692
4 0.7521 0.8517 0.6942 0.9197 0.6893 0.9115 0.7472 0.8435
4 0.0843 0.5034 0.0699 0.5052 0.0694 0.4974 0.0839 0.4956
4 0.4611 0.5492 0.4734 0.5343 0.4789 0.5432 0.4666 0.5581
6 0.5062 0.8925 0.4673 0.8839 0.4735 0.8291 0.5124 0.8377
6 0.3656 0.4989 0.3816 0.4375 0.3918 0.4427 0.3758 0.5041
6 0.5848 0.8174 0.5706 0.7937 0.5878 0.7734 0.6020 0.7971
6 0.0373 0.9247 0.0514 0.9552 0.0293 0.9753 0.0151 0.9448
7 0.6233 0.5457 0.5825 0.5761 0.5296 0.4367 0.5703 0.4063
7 0.8860 0.6144 0.8952 0.6237 0.8780 0.6568 0.8688 0.6475
7 0.1283 0.8432 0.1268 0.8369 0.1354 0.8328 0.1369 0.8391
7 0.7731 0.4320 0.7921 0.4207 0.8126 0.4884 0.7936 0.4997
9 0.2082 0.8180 0.2241 0.8581 0.1566 0.9104 0.1408 0.8703
9 0.4253 0.4657 0.3827 0.5421 0.3456 0.5015 0.3882 0.4251
9 0.4501 0.5987 0.4815 0.6888 0.3296 0.7925 0.2982 0.7024
9 0.2339 0.8080 0.2550 0.7350 0.4470 0.8436 0.4259 0.9166
12 0.4587 0.2896 0.4834 0.2835 0.5081 0.4796 0.4834 0.4857
12 0.5536 0.7003 0.6521 0.7865 0.6401 0.8133 0.5416 0.7271
12 0.2667 0.1692 0.1055 0.2744 0.0962 0.2464 0.2573 0.1412
12 0.8882 0.8279 0.9064 0.8362 0.9027 0.8521 0.8845 0.8438
13 0.0797 0.1440 0.0840 0.1243 0.0955 0.1292 0.0912 0.1489
13 0.1594 0.4703 0.1612 0.5068 0.1278 0.5101 0.1260 0.4736
13 0.1328 0.6297 0.1276 0.6270 0.1327 0.6075 0.1378 0.6102
13 0.1404 0.9582 0.1337 0.9958 0.1188 0.9906 0.1255 0.9530
15 0.0881 0.5261 0.0450 0.5389 0.0382 0.4943 0.0813 0.4815
15 0.4856 0.5247 0.5215 0.5626 0.4847 0.6309 0.4488 0.5930
15 0.6011 0.3181 0.6258 0.2782 0.6424 0.2983 0.6176 0.3382
15 0.8288 0.8236 0.8719 0.7711 0.8941 0.8068 0.8509 0.8593
