0 0.6248 0.4387 0.9053 0.3835 0.9329 0.6581 0.6524 0.7133
0 0.4515 0.5281 0.4059 0.4260 0.6205 0.2383 0.6661 0.3404
0 0.2649 0.8707 0.3172 0.9080 0.2971 0.9633 0.2448 0.9260
0 0.5071 0.5541 0.4406 0.3448 0.8206 0.1079 0.8871 0.3172
1 0.8739 0.6068 0.8725 0.6050 0.8904 0.5792 0.8917 0.5810
1 0.1201 0.3576 0.1064 0.3549 0.1076 0.3432 0.1213 0.3459
1 0.0622 0.2008 0.0680 0.1980 0.0804 0.2484 0.0746 0.2512
1 0.8645 0.7375 0.8725 0.7247 0.8940 0.7509 0.8861 0.7637
2 0.2345 0.8516 0.2632 0.7818 0.3447 0.8476 0.3159 0.9174
2 0.6311 0.4129 0.6179 0.3330 0.6460 0.3239 0.6592 0.4038
2 0.8803 0.6018 0.8149 0.7741 0.7834 0.7506 0.8488 0.5783
2 0.8114 0.8807 0.8230 0.9173 0.7812 0.9433 0.7696 0.9067
3 0.9479 0.3216 0.9517 0.3106 0.9912 0.3376 0.9874 0.3486
3 0.3779 0.2716 0.3715 0.2730 0.3664 0.2280 0.3728 0.2266
3 0.6458 0.2178 0.6390 0.2196 0.6236 0.1086 0.6304 0.1068
3 0.6959 0.2903 0.7086 0.3037 0.6561 0.4013 0.6434 0.3879
4 0.2484 0.8963 0.2310 0.9121 0.2290 0.9077 0.2464 0.8919
4 0.5020 0.2206 0.5003 0.2321 0.4954 0.2306 0.4971 0.2191
4 0.7642 0.0863 0.7874 0.0683 0.7927 0.0817 0.7695 0.0997
4 0.5804 0.5911 0.5767 0.5945 0.5693 0.5785 0.5730 0.5751
6 0.4454 0.9587 0.4544 0.9857 0.4348 0.9985 0.4259 0.9715
6 0.1026 0.7650 0.0697 0.6968 0.1677 0.6042 0.2006 0.6724
6 0.2219 0.3228 0.3028 0.2816 0.3621 0.5096 0.2812 0.5508
6 0.1755 0.2166 0.1573 0.2097 0.1585 0.2038 0.1767 0.2107
7 0.1871 0.0686 0.1921 0.0608 0.2075 0.0802 0.2025 0.0880
7 0.6005 0.7033 0.5900 0.6968 0.5918 0.6911 0.6023 0.6976
7 0.6857 0.5915 0.6866 0.6610 0.4780 0.6661 0.4771 0.5966
7 0.5020 0.9371 0.5161 0.9375 0.5160 0.9461 0.5019 0.9457
9 0.8179 0.5373 0.8790 0.5159 0.9141 0.7131 0.8530 0.7345
9 0.5474 0.3530 0.5490 0.3833 0.4951 0.3886 0.4936 0.3583
9 0.1942 0.5350 0.3290 0.4347 0.3458 0.4790 0.2110 0.5793
9 0.1188 0.6167 0.1363 0.5456 0.2561 0.6033 0.2385 0.6744
12 0.7678 0.9732 0.7514 0.9794 0.7293 0.8640 0.7457 0.8578
12 0.5336 0.6176 0.5451 0.5908 0.7044 0.7248 0.6929 0.7516
12 0.0872 0.4149 0.0649 0.4737 0.0619 0.4715 0.0843 0.4127
12 0.6228 0.2384 0.6251 0.1939 0.8435 0.2152 0.8412 0.2597
13 0.2757 0.4335 0.2887 0.5186 0.2848 0.5197 0.2719 0.4346
13 0.5753 0.4194 0.5619 0.3906 0.5750 0.3786 0.5884 0.4074
13 0.9273 0.5016 0.9367 0.5163 0.9296 0.5252 0.9202 0.5105
13 0.4962 0.2086 0.4975 0.2035 0.6018 0.2538 0.6005 0.2589
15 0.6716 0.2550 0.6799 0.0880 0.7681 0.0966 0.7598 0.2636
15 0.5730 0.1160 0.6080 0.0006 0.6958 0.0528 0.6609 0.1682
15 0.2134 0.7604 0.2653 0.8812 0.2015 0.9348 0.1496 0.8140
15 0.2607 0.7504 0.2227 0.8646 0.1544 0.8200 0.1925 0.7058
