0 0.1199 0.2415 0.1501 0.1115 0.3326 0.1945 0.3025 0.3245
0 0.1496 0.5833 0.0511 0.4867 0.2153 0.1583 0.3138 0.2549
0 0.9668 0.5279 0.9984 0.5302 0.9932 0.6681 0.9616 0.6658
0 0.5044 0.4011 0.4594 0.5425 0.3759 0.4905 0.4209 0.3491
1 0.7443 0.0409 0.7425 0.0396 0.7482 0.0231 0.7501 0.0244
1 0.3575 0.4358 0.3516 0.4476 0.3297 0.4262 0.3356 0.4144
1 0.0901 0.1346 0.0873 0.1373 0.0754 0.1134 0.0781 0.1107
1 0.9675 0.6681 0.9413 0.6395 0.9480 0.6275 0.9741 0.6561
2 0.6152 0.4881 0.4684 0.5061 0.4631 0.4215 0.6099 0.4035
2 0.7180 0.3932 0.7598 0.5455 0.6954 0.5800 0.6537 0.4277
2 0.3752 0.4043 0.3984 0.4459 0.3906 0.4545 0.3673 0.4129
2 0.9377 0.1309 0.8959 0.0703 0.9151 0.0443 0.9570 0.1049
3 0.0918 0.2859 0.0907 0.3744 0.0768 0.3741 0.0779 0.2856
3 0.8268 0.1800 0.8420 0.0288 0.8604 0.0324 0.8452 0.1836
3 0.1195 0.6692 0.0562 0.6488 0.0603 0.6240 0.1235 0.6444
3 0.5141 0.2105 0.4996 0.2141 0.4867 0.1115 0.5012 0.1079
4 0.6590 0.8323 0.6627 0.7952 0.6758 0.7977 0.6721 0.8348
4 0.3965 0.0895 0.4024 0.0910 0.3995 0.1141 0.3936 0.1126
4 0.4816 0.7426 0.4719 0.7281 0.5401 0.6390 0.5498 0.6535
4 0.0162 0.4046 0.0213 0.3987 0.0229 0.4014 0.0178 0.4073
6 0.9265 0.0851 0.9483 0.2075 0.7724 0.2689 0.7506 0.1465
6 0.2270 0.4278 0.2454 0.4199 0.2467 0.4258 0.2283 0.4337
6 0.2392 0.9497 0.2247 0.8686 0.3414 0.8279 0.3558 0.9090
6 0.2784 0.1593 0.0915 0.3948 0.0068 0.2631 0.1936 0.0276
7 0.0149 0.3297 0.0096 0.3235 0.0217 0.3035 0.0269 0.3097
7 0.5216 0.9391 0.5260 0.9401 0.5241 0.9573 0.5197 0.9563
7 0.8422 0.1696 0.8457 0.1707 0.8426 0.1896 0.8391 0.1885
7 0.4587 0.0731 0.4752 0.0806 0.4627 0.1345 0.4462 0.1270
9 0.8062 0.9554 0.8147 0.9035 0.9073 0.9334 0.8987 0.9853
9 0.4948 0.8109 0.5115 0.7831 0.5823 0.8663 0.5657 0.8941
9 0.5640 0.5731 0.5723 0.9063 0.4694 0.9113 0.4611 0.5781
9 0.5897 0.0590 0.6867 0.0096 0.6949 0.0410 0.5978 0.0904
12 0.0305 0.2449 0.1758 0.1543 0.1884 0.1939 0.0430 0.2845
12 0.6021 0.6577 0.5836 0.6434 0.6688 0.4283 0.6872 0.4426
12 0.3359 0.7155 0.3655 0.7074 0.3858 0.8541 0.3563 0.8622
12 0.1195 0.1196 0.0902 0.1969 0.0745 0.1852 0.1038 0.1079
13 0.7855 0.5663 0.7872 0.5767 0.7508 0.5885 0.7491 0.5781
13 0.5337 0.6494 0.6336 0.7473 0.6292 0.7562 0.5293 0.6583
13 0.2392 0.9337 0.2320 0.9446 0.2256 0.9363 0.2329 0.9254
13 0.7137 0.6198 0.7143 0.6028 0.7223 0.6034 0.7217 0.6204
15 0.2760 0.3170 0.2576 0.3636 0.2094 0.3262 0.2279 0.2796
15 0.9133 0.2456 0.9215 0.3110 0.8604 0.3260 0.8522 0.2606
15 0.3066 0.4025 0.2931 0.3829 0.3323 0.3299 0.3458 0.3495
15 0.1742 0.4367 0.2518 0.4519 0.2427 0.5429 0.1650 0.5277
