0 0.7203 0.9800 0.5730 0.8246 0.8065 0.3908 0.9539 0.5462
0 0.1999 0.4714 0.1680 0.1069 0.2369 0.0950 0.2689 0.4595
0 0.3273 0.0323 0.3812 0.0707 0.3521 0.1505 0.2983 0.1121
0 0.7094 0.8089 0.7788 0.6800 0.8549 0.7603 0.7855 0.8892
1 0.8031 0.4604 0.8129 0.4687 0.8038 0.4900 0.7939 0.4817
1 0.7557 0.4049 0.7508 0.3967 0.7955 0.3443 0.8004 0.3525
1 0.0487 0.8587 0.0518 0.8602 0.0415 0.8997 0.0385 0.8982
1 0.6078 0.1730 0.6071 0.1692 0.6225 0.1634 0.6232 0.1672
2 0.2845 0.4104 0.4703 0.5103 0.4247 0.6768 0.2388 0.5769
2 0.5440 0.8970 0.5709 0.8970 0.5709 0.9070 0.5440 0.9070
2 0.4515 0.5881 0.3948 0.6268 0.3325 0.4479 0.3892 0.4092
2 0.4764 0.2543 0.6903 0.2963 0.6773 0.4261 0.4634 0.3841
3 0.0913 0.7177 0.0839 0.7277 0.0476 0.6751 0.0550 0.6651
3 0.0689 0.6142 0.0685 0.6212 0.0108 0.6142 0.0112 0.6072
3 0.1158 0.5313 0.1117 0.5311 0.1133 0.4643 0.1175 0.4645
3 0.6859 0.1061 0.7715 0.0091 0.7832 0.0295 0.6977 0.1265
4 0.2638 0.5201 0.2556 0.5201 0.2556 0.4667 0.2638 0.4667
4 0.3436 0.0205 0.3393 0.0076 0.3481 0.0019 0.3524 0.0148
4 0.2692 0.1329 0.1999 0.0288 0.2074 0.0191 0.2767 0.1232
4 0.8426 0.1396 0.8360 0.1665 0.8291 0.1632 0.8357 0.1363
6 0.3886 0.4925 0.3803 0.5098 0.3677 0.4979 0.3760 0.4806
6 0.6582 0.3367 0.6926 0.2174 0.8641 0.3145 0.8297 0.4338
6 0.9487 0.8558 0.9375 0.8773 0.9219 0.8614 0.9331 0.8399
6 0.8874 0.4622 0.8690 0.5949 0.8371 0.5862 0.8556 0.4535
7 0.7618 0.9482 0.7565 0.9455 0.7610 0.9282 0.7663 0.9309
7 0.1387 0.5438 0.1233 0.5525 0.1061 0.4930 0.1216 0.4843
7 0.5202 0.1749 0.4865 0.1476 0.5255 0.0531 0.5592 0.0804
7 0.7029 0.1632 0.6921 0.1746 0.6545 0.1048 0.6654 0.0934
9 0.5495 0.3702 0.5245 0.4454 0.5025 0.4310 0.5275 0.3558
9 0.6053 0.8233 0.4082 0.6229 0.4702 0.5035 0.6672 0.7039
9 0.6462 0.2134 0.6936 0.0886 0.8752 0.2238 0.8278 0.3486
9 0.5987 0.4141 0.6332 0.2947 0.8298 0.4059 0.7954 0.5253
12 0.7084 0.1234 0.5509 0.3085 0.5299 0.2734 0.6874 0.0883
12 0.5157 0.5859 0.4744 0.6749 0.4543 0.6565 0.4956 0.5675
12 0.3759 0.0812 0.4207 0.0507 0.4298 0.0768 0.3851 0.1073
12 0.8010 0.4023 0.8065 0.3954 0.9281 0.5845 0.9227 0.5914
13 0.1772 0.6228 0.1870 0.6347 0.1745 0.6548 0.1647 0.6429
13 0.9892 0.7537 0.9814 0.7586 0.9785 0.7495 0.9864 0.7446
13 0.9780 0.4478 0.9734 0.4301 0.9817 0.4258 0.9863 0.4435
13 0.5846 0.4428 0.6073 0.4400 0.6083 0.4564 0.5856 0.4592
15 0.6038 0.0847 0.5625 0.1001 0.5479 0.0237 0.5892 0.0083
15 0.5923 0.8991 0.5943 0.9196 0.5531 0.9277 0.5511 0.9072
15 0.7710 0.1627 0.8409 0.2540 0.8030 0.3109 0.7331 0.2196
15 0.4538 0.2011 0.4371 0.2334 0.4150 0.2109 0.4318 0.1786
