0 0.3397 0.4881 0.1659 0.3476 0.1925 0.2831 0.3663 0.4236
0 0.2892 0.2270 0.3786 0.3613 0.1197 0.6994 0.0302 0.5651
0 0.5238 0.4560 0.3563 0.4890 0.3522 0.4476 0.5197 0.4146
0 0.1153 0.4262 0.3526 0.5029 0.3381 0.5910 0.1008 0.5143
1 0.7710 0.4811 0.7794 0.4670 0.7824 0.4705 0.7740 0.4846
1 0.3053 0.6291 0.3186 0.6431 0.3124 0.6545 0.2991 0.6405
1 0.6824 0.4296 0.6790 0.4357 0.6522 0.4064 0.6556 0.4003
1 0.8568 0.8056 0.8799 0.8016 0.8803 0.8060 0.8572 0.8100
2 0.4189 0.5697 0.3534 0.5519 0.3545 0.5435 0.4200 0.5613
2 0.9837 0.8147 0.9732 0.9832 0.9020 0.9745 0.9125 0.8060
2 0.8285 0.6183 0.8433 0.6588 0.7843 0.7009 0.7696 0.6604
2 0.6494 0.7037 0.7759 0.3058 0.9083 0.3883 0.7818 0.7862
3 0.3896 0.0971 0.4159 0.0103 0.4264 0.0165 0.4001 0.1033
3 0.2511 0.3570 0.2462 0.3532 0.2598 0.3190 0.2646 0.3228
3 0.4863 0.6257 0.4342 0.6061 0.4368 0.5923 0.4889 0.6119
3 0.5454 0.9648 0.5297 0.8614 0.5480 0.8560 0.5637 0.9594
4 0.5097 0.7811 0.5141 0.7857 0.5066 0.7997 0.5022 0.7951
4 0.0671 0.6674 0.0737 0.6667 0.0741 0.6746 0.0675 0.6753
4 0.2731 0.9326 0.2803 0.9311 0.2824 0.9514 0.2751 0.9529
4 0.9164 0.5702 0.9352 0.5901 0.9279 0.6038 0.9090 0.5839
6 0.4871 0.9049 0.4302 0.8331 0.4474 0.8063 0.5044 0.8781
6 0.4996 0.2068 0.4763 0.1804 0.4953 0.1476 0.5186 0.1740
6 0.0279 0.3743 0.0369 0.3845 0.0295 0.3973 0.0205 0.3871
6 0.4160 0.5058 0.3462 0.4294 0.4560 0.2326 0.5258 0.3090
7 0.1149 0.4791 0.1072 0.4818 0.0959 0.4185 0.1037 0.4158
7 0.2656 0.2822 0.2750 0.2479 0.3330 0.2790 0.3236 0.3133
7 0.3356 0.0496 0.3555 0.0067 0.4238 0.0688 0.4039 0.1117
7 0.1464 0.2369 0.1459 0.2293 0.1776 0.2255 0.1781 0.2331
9 0.7293 0.8799 0.7112 0.9457 0.6793 0.9285 0.6973 0.8627
9 0.7804 0.2531 0.7835 0.3358 0.5776 0.3509 0.5745 0.2682
9 0.2687 0.2023 0.3004 0.2451 0.2241 0.3557 0.1925 0.3129
9 0.5396 0.3526 0.5008 0.2412 0.6884 0.1130 0.7272 0.2244
12 0.1861 0.1867 0.1753 0.1969 0.1147 0.0713 0.1256 0.0611
12 0.9078 0.8840 0.9008 0.8795 0.9876 0.6188 0.9946 0.6233
12 0.1775 0.9313 0.0968 0.8763 0.1042 0.8551 0.1849 0.9101
12 0.8449 0.9341 0.8309 0.9505 0.7334 0.7879 0.7474 0.7715
13 0.9095 0.0814 0.9028 0.0372 0.9168 0.0330 0.9235 0.0772
13 0.8718 0.4879 0.8795 0.4970 0.8748 0.5049 0.8671 0.4958
13 0.5153 0.1781 0.5204 0.1711 0.5338 0.1899 0.5288 0.1969
13 0.7362 0.8111 0.7466 0.9025 0.7049 0.9117 0.6946 0.8203
15 0.6706 0.2948 0.6672 0.3853 0.6280 0.3824 0.6314 0.2919
15 0.6371 0.2961 0.6972 0.2455 0.7409 0.3475 0.6808 0.3981
15 0.2570 0.9198 0.3118 0.8404 0.3584 0.9034 0.3036 0.9828
15 0.2894 0.9118 0.3432 0.8647 0.3786 0.9438 0.3248 0.9909
