0 0.8326 0.4750 0.8326 0.6266 0.5748 0.6266 0.5748 0.4750
0 0.7280 0.4820 0.5779 0.4783 0.5817 0.1752 0.7318 0.1789
0 0.0684 0.1004 0.0391 0.0418 0.0630 0.0184 0.0923 0.0770
0 0.6086 0.3087 0.8992 0.5629 0.8174 0.7461 0.5268 0.4919
1 0.1331 0.6043 0.1343 0.6124 0.0895 0.6257 0.0883 0.6176
1 0.5001 0.0619 0.4898 0.0785 0.4619 0.0445 0.4722 0.0279
1 0.5997 0.2527 0.6052 0.2554 0.5877 0.3265 0.5822 0.3238
1 0.1481 0.2929 0.1477 0.2948 0.1302 0.2883 0.1306 0.2864
2 0.5531 0.4853 0.5236 0.4263 0.5480 0.4023 0.5776 0.4613
2 0.5715 0.2250 0.4538 0.4437 0.4342 0.4230 0.5519 0.2043
2 0.7351 0.5859 0.7380 0.5762 0.8038 0.6153 0.8008 0.6250
2 0.5070 0.5571 0.7704 0.5571 0.7704 0.7289 0.5070 0.7289
3 0.5587 0.8243 0.6518 0.7743 0.6578 0.7965 0.5648 0.8465
3 0.3169 0.5990 0.3016 0.6016 0.2914 0.4846 0.3066 0.4820
3 0.9088 0.0084 0.9566 0.0130 0.9561 0.0244 0.9082 0.0198
3 0.6623 0.4730 0.6120 0.4730 0.6120 0.4610 0.6623 0.4610
4 0.4987 0.2453 0.4872 0.2588 0.4710 0.2319 0.4826 0.2184
4 0.6141 0.7862 0.5789 0.7577 0.5824 0.7490 0.6177 0.7775
4 0.8123 0.3514 0.8086 0.3554 0.8062 0.3510 0.8100 0.3470
4 0.0696 0.7718 0.0776 0.7688 0.0796 0.7790 0.0715 0.7820
6 0.6021 0.2073 0.5782 0.2144 0.5771 0.2067 0.6009 0.1996
6 0.3265 0.8983 0.3592 0.9207 0.3555 0.9313 0.3228 0.9089
6 0.6036 0.8233 0.6266 0.7923 0.6415 0.8139 0.6185 0.8449
6 0.1367 0.9115 0.1369 0.9325 0.1216 0.9329 0.1214 0.9119
7 0.6365 0.0630 0.6432 0.0750 0.6143 0.1066 0.6076 0.0946
7 0.6007 0.9136 0.5762 0.9142 0.5744 0.7708 0.5989 0.7702
7 0.0703 0.0983 0.0704 0.1068 0.0488 0.1073 0.0487 0.0988
7 0.8945 0.3433 0.8873 0.2916 0.9481 0.2751 0.9553 0.3268
9 0.4911 0.3069 0.5371 0.1199 0.5918 0.1463 0.5458 0.3333
9 0.3138 0.7362 0.3638 0.7375 0.3617 0.9122 0.3116 0.9109
9 0.6239 0.4383 0.6752 0.5408 0.5261 0.6869 0.4748 0.5844
9 0.3989 0.5182 0.3778 0.5388 0.3411 0.4654 0.3622 0.4448
12 0.1249 0.3568 0.0949 0.3463 0.0999 0.3180 0.1300 0.3285
12 0.3313 0.9833 0.3251 0.9580 0.4638 0.8911 0.4700 0.9164
12 0.2672 0.9853 0.2544 0.9363 0.2780 0.9243 0.2907 0.9733
12 0.8274 0.4126 0.8312 0.4315 0.7278 0.4730 0.7239 0.4541
13 0.3785 0.2161 0.3832 0.2147 0.3858 0.2319 0.3811 0.2333
13 0.0629 0.0379 0.0570 0.0668 0.0302 0.0561 0.0361 0.0272
13 0.4561 0.1734 0.4208 0.2345 0.3927 0.2026 0.4280 0.1415
13 0.9218 0.5503 0.9132 0.5505 0.9130 0.5405 0.9217 0.5403
15 0.5470 0.7906 0.4796 0.8473 0.4547 0.7894 0.5221 0.7327
15 0.6660 0.4766 0.7175 0.5967 0.6669 0.6394 0.6153 0.5193
15 0.1968 0.4557 0.2357 0.3835 0.2744 0.4243 0.2355 0.4965
15 0.6758 0.4887 0.7009 0.4956 0.6959 0.5317 0.6708 0.5248
