0 0.3132 0.1419 0.5243 0.3126 0.4768 0.4277 0.2657 0.2570
0 0.8210 0.6777 0.7591 0.8921 0.5679 0.7839 0.6298 0.5695
0 0.7266 0.8490 0.5733 0.7200 0.8074 0.1746 0.9607 0.3036
0 0.8196 0.7276 0.7785 0.4010 0.9416 0.3608 0.9827 0.6874
1 0.7382 0.8432 0.7615 0.8195 0.7921 0.8784 0.7688 0.9021
1 0.3295 0.4243 0.3226 0.4272 0.3177 0.4045 0.3245 0.4016
1 0.4306 0.4623 0.4272 0.4657 0.3940 0.3993 0.3974 0.3959
1 0.6322 0.5824 0.6240 0.5789 0.6276 0.5624 0.6358 0.5659
2 0.6992 0.1641 0.6731 0.1346 0.6886 0.1079 0.7146 0.1374
2 0.1993 0.7501 0.1914 0.7197 0.3716 0.6279 0.3795 0.6583
2 0.9111 0.5964 0.9295 0.6755 0.8317 0.7200 0.8134 0.6409
2 0.5307 0.2801 0.5067 0.4525 0.2930 0.3943 0.3170 0.2219
3 0.7064 0.1595 0.6688 0.1808 0.6659 0.1709 0.7035 0.1496
3 0.5965 0.1005 0.6060 0.0974 0.6181 0.1703 0.6085 0.1734
3 0.0887 0.4534 0.0876 0.4492 0.1224 0.4314 0.1235 0.4356
3 0.2803 0.2415 0.2055 0.3805 0.1888 0.3629 0.2636 0.2239
4 0.7648 0.9719 0.7835 0.9870 0.7795 0.9969 0.7607 0.9818
4 0.4543 0.8840 0.4713 0.8744 0.4737 0.8828 0.4567 0.8924
4 0.6568 0.9359 0.6645 0.9326 0.6780 0.9945 0.6703 0.9978
4 0.5609 0.4961 0.5528 0.5098 0.5365 0.4907 0.5447 0.4770
6 0.2073 0.0642 0.1708 0.1118 0.1479 0.0774 0.1844 0.0298
6 0.2483 0.2179 0.2363 0.2297 0.2277 0.2125 0.2397 0.2007
6 0.5475 0.3690 0.4494 0.5326 0.3905 0.4634 0.4886 0.2998
6 0.8652 0.0791 0.9961 0.2074 0.9499 0.2997 0.8190 0.1714
7 0.3491 0.5364 0.3503 0.5459 0.3369 0.5492 0.3357 0.5397
7 0.0561 0.0340 0.0600 0.0461 0.0550 0.0492 0.0511 0.0371
7 0.7923 0.0508 0.7932 0.0620 0.7440 0.0692 0.7431 0.0580
7 0.2135 0.8937 0.2093 0.8767 0.2525 0.8559 0.2567 0.8729
9 0.5217 0.4403 0.5558 0.4462 0.5383 0.6457 0.5042 0.6398
9 0.7471 0.4390 0.7518 0.5630 0.7135 0.5658 0.7088 0.4418
9 0.3255 0.5082 0.3449 0.5406 0.2622 0.6378 0.2428 0.6054
9 0.2601 0.7858 0.3104 0.8047 0.2793 0.9670 0.2290 0.9481
12 0.1709 0.7062 0.1877 0.7440 0.0920 0.8278 0.0751 0.7900
12 0.0975 0.3012 0.0904 0.3014 0.0870 0.0356 0.0942 0.0354
12 0.8032 0.6534 0.7824 0.6602 0.7582 0.5138 0.7790 0.5070
12 0.6358 0.6391 0.7418 0.6990 0.7296 0.7413 0.6236 0.6814
13 0.1738 0.1435 0.1972 0.1475 0.1959 0.1617 0.1725 0.1577
13 0.9746 0.6287 1.0001 0.6905 0.9719 0.7133 0.9465 0.6515
13 0.9390 0.2494 0.9361 0.2964 0.9144 0.2938 0.9174 0.2468
13 0.5753 0.4047 0.5772 0.4078 0.4630 0.5469 0.4611 0.5438
15 0.4865 0.1235 0.5300 0.1376 0.5218 0.1877 0.4782 0.1736
15 0.2930 0.8933 0.3877 0.8863 0.3907 0.9667 0.2960 0.9737
15 0.6501 0.4660 0.5954 0.4713 0.5922 0.4076 0.6469 0.4023
15 0.5466 0.6958 0.5417 0.7258 0.5134 0.7166 0.5183 0.6866
