0 0.7759 0.7848 0.7134 0.7440 0.7301 0.6940 0.7926 0.7348
0 0.2864 0.8246 0.2469 0.8929 0.1033 0.7302 0.1428 0.6619
0 0.7289 0.4971 0.7547 0.6828 0.4176 0.7745 0.3919 0.5888
0 0.6635 0.1659 0.8035 0.3552 0.5573 0.7121 0.4173 0.5228
1 0.5447 0.4620 0.5347 0.4818 0.5305 0.4776 0.5404 0.4578
1 0.9747 0.5833 0.9628 0.5729 0.9673 0.5627 0.9792 0.5731
1 0.9926 0.4599 0.9742 0.4736 0.9728 0.4701 0.9913 0.4564
1 0.8164 0.3509 0.8210 0.3490 0.8310 0.3979 0.8265 0.3998
2 0.6217 0.7646 0.6042 0.8148 0.5957 0.8090 0.6132 0.7588
2 0.7161 0.2823 0.8484 0.4270 0.6690 0.7485 0.5367 0.6038
2 0.2413 0.7626 0.3194 0.7270 0.3327 0.7842 0.2546 0.8198
2 0.2089 0.7837 0.0551 0.4978 0.1502 0.3975 0.3041 0.6834
3 0.7140 0.7427 0.7283 0.7530 0.6883 0.8629 0.6740 0.8526
3 0.4788 0.5855 0.5448 0.5607 0.5487 0.5809 0.4826 0.6057
3 0.6207 0.3584 0.6167 0.3554 0.6422 0.2912 0.6461 0.2942
3 0.2436 0.4412 0.2520 0.4286 0.2975 0.4880 0.2891 0.5006
4 0.0812 0.1137 0.0397 0.1024 0.0411 0.0919 0.0826 0.1032
4 0.0689 0.9382 0.0767 0.9363 0.0774 0.9422 0.0696 0.9441
4 0.6657 0.1884 0.6691 0.1854 0.6740 0.1964 0.6706 0.1994
4 0.8944 0.1100 0.9159 0.1100 0.9159 0.1392 0.8944 0.1392
6 0.3918 0.7214 0.3605 0.8489 0.3299 0.8342 0.3612 0.7067
6 0.5750 0.7670 0.6232 0.8092 0.5930 0.8770 0.5448 0.8348
6 0.1746 0.3327 0.1555 0.3501 0.1428 0.3229 0.1620 0.3055
6 0.5255 0.2362 0.4581 0.2705 0.4088 0.0806 0.4762 0.0463
7 0.1698 0.9026 0.1795 0.9262 0.1359 0.9614 0.1262 0.9378
7 0.6734 0.5505 0.6684 0.5481 0.6717 0.5347 0.6767 0.5371
7 0.0895 0.4648 0.0826 0.4395 0.1294 0.4144 0.1363 0.4397
7 0.9686 0.9141 0.9650 0.8987 0.9939 0.8855 0.9975 0.9009
9 0.6906 0.5689 0.6650 0.5071 0.8229 0.3795 0.8484 0.4413
9 0.6282 0.0154 0.6446 0.0553 0.5455 0.1354 0.5291 0.0955
9 0.1754 0.5089 0.1693 0.3858 0.3766 0.3655 0.3827 0.4886
9 0.2265 0.4368 0.3001 0.5839 0.2758 0.6076 0.2022 0.4605
12 0.6446 0.2376 0.6690 0.2370 0.6723 0.5000 0.6478 0.5006
12 0.4284 0.4967 0.5358 0.7373 0.5084 0.7613 0.4010 0.5207
12 0.3806 0.7628 0.3724 0.7945 0.3571 0.7868 0.3653 0.7551
12 0.0871 0.6830 0.2334 0.2979 0.2772 0.3306 0.1309 0.7157
13 0.1084 0.2503 0.1109 0.2596 0.1033 0.2637 0.1008 0.2544
13 0.3233 0.2860 0.2208 0.1999 0.2325 0.1728 0.3349 0.2589
13 0.7621 0.4710 0.7506 0.4909 0.7324 0.4702 0.7439 0.4503
13 0.3650 0.4894 0.3251 0.6429 0.3182 0.6394 0.3581 0.4859
15 0.8118 0.5967 0.7936 0.7410 0.7074 0.7197 0.7256 0.5754
15 0.8067 0.7652 0.8624 0.7775 0.8562 0.8324 0.8005 0.8201
15 0.8149 0.3417 0.7879 0.3358 0.7923 0.2971 0.8192 0.3030
15 0.4965 0.4086 0.4965 0.2950 0.5818 0.2950 0.5818 0.4086
