0 0.7515 0.8896 0.5796 0.9452 0.4850 0.3720 0.6570 0.3164
0 0.7290 0.9321 0.5417 0.8905 0.5662 0.6739 0.7535 0.7155
0 0.5722 0.5658 0.8796 0.1783 0.9284 0.2542 0.6210 0.6417
0 0.5050 0.8803 0.5411 0.8499 0.5535 0.8789 0.5174 0.9093
1 0.1560 0.9681 0.1525 0.9680 0.1528 0.9391 0.1564 0.9392
1 0.5964 0.1849 0.5917 0.1920 0.5784 0.1747 0.5832 0.1676
1 0.3615 0.1569 0.3287 0.1335 0.3310 0.1271 0.3638 0.1505
1 0.4874 0.5608 0.4939 0.5491 0.4955 0.5508 0.4889 0.5625
2 0.8021 0.1977 0.7514 0.1402 0.7976 0.0603 0.8483 0.1178
2 0.4539 0.6756 0.5309 0.7378 0.4873 0.8436 0.4102 0.7814
2 0.3311 0.1450 0.4198 0.1902 0.3863 0.3190 0.2977 0.2738
2 0.7379 0.6083 0.8064 0.5616 0.8835 0.7829 0.8151 0.8296
3 0.7065 0.7329 0.7486 0.5516 0.7704 0.5615 0.7283 0.7428
3 0.4659 0.2627 0.4727 0.2599 0.4955 0.3713 0.4887 0.3741
3 0.3595 0.3425 0.3484 0.3665 0.2545 0.2811 0.2656 0.2571
3 0.1271 0.2642 0.1063 0.1270 0.1278 0.1206 0.1486 0.2578
4 0.1159 0.5091 0.1360 0.5345 0.1267 0.5489 0.1066 0.5235
4 0.8926 0.7415 0.8964 0.7472 0.8660 0.7869 0.8622 0.7812
4 0.2946 0.7560 0.2925 0.7389 0.3059 0.7356 0.3081 0.7527
4 0.2070 0.6932 0.1940 0.6961 0.1919 0.6772 0.2048 0.6743
6 0.5877 0.4664 0.5702 0.4517 0.5809 0.4268 0.5984 0.4415
6 0.4738 0.4822 0.2085 0.6174 0.1599 0.4302 0.4252 0.2950
6 0.5770 0.9306 0.6270 0.8779 0.6524 0.9250 0.6024 0.9777
6 0.8476 0.1908 0.8566 0.3117 0.8276 0.3160 0.8185 0.1951
7 0.7198 0.0731 0.7136 0.0748 0.7079 0.0337 0.7141 0.0320
7 0.7495 0.2637 0.7459 0.2693 0.7359 0.2567 0.7395 0.2511
7 0.6372 0.8890 0.6168 0.9330 0.5508 0.8730 0.5712 0.8290
7 0.8242 0.2185 0.8194 0.2002 0.8592 0.1799 0.8640 0.1982
9 0.8707 0.1176 0.8366 0.2072 0.6856 0.0948 0.7197 0.0052
9 0.8002 0.8876 0.8650 0.8330 0.8916 0.8948 0.8267 0.9494
9 0.7741 0.5559 0.7935 0.5830 0.7253 0.6785 0.7059 0.6514
9 0.4824 0.6835 0.4286 0.7009 0.3993 0.5233 0.4531 0.5059
12 0.0321 0.4414 0.0395 0.4755 0.0231 0.4826 0.0156 0.4485
12 0.8953 0.8532 0.8878 0.8648 0.6819 0.6052 0.6894 0.5936
12 0.5010 0.5212 0.5203 0.6607 0.4816 0.6712 0.4622 0.5317
12 0.8571 0.6756 0.8730 0.6575 0.9724 0.8292 0.9564 0.8473
13 0.3293 0.2695 0.3592 0.3270 0.3570 0.3293 0.3271 0.2718
13 0.2274 0.7334 0.2500 0.7059 0.2600 0.7222 0.2375 0.7497
13 0.5918 0.1667 0.6015 0.1675 0.5991 0.2305 0.5894 0.2297
13 0.2370 0.3729 0.2171 0.3704 0.2179 0.3579 0.2378 0.3604
15 0.9049 0.4068 0.8689 0.4421 0.8325 0.3692 0.8685 0.3339
15 0.8759 0.3113 0.8353 0.2811 0.8567 0.2247 0.8973 0.2549
15 0.6695 0.2517 0.6555 0.3300 0.6117 0.3147 0.6256 0.2364
15 0.7490 0.8958 0.7354 0.8786 0.7539 0.8498 0.7675 0.8670
