0 0.5728 0.2655 0.7078 0.5928 0.6458 0.6429 0.5108 0.3156
0 0.7398 0.4639 0.7117 0.6489 0.3971 0.5553 0.4252 0.3703
0 0.4669 0.2439 0.5984 0.3037 0.5871 0.3525 0.4556 0.2927
0 0.4458 0.7487 0.3332 0.7793 0.3059 0.5825 0.4185 0.5519
1 0.7849 0.6207 0.7791 0.6229 0.7751 0.6017 0.7809 0.5995
1 0.4869 0.3192 0.4881 0.3212 0.4700 0.3432 0.4688 0.3412
1 0.4064 0.4852 0.3942 0.4986 0.3805 0.4740 0.3927 0.4606
1 0.0885 0.4422 0.1032 0.4583 0.0867 0.4878 0.0720 0.4717
2 0.4909 0.5402 0.4080 0.5047 0.4188 0.4550 0.5018 0.4905
2 0.7730 0.1802 0.8869 0.2141 0.8807 0.2550 0.7668 0.2211
2 0.5368 0.2234 0.5490 0.2584 0.5307 0.2710 0.5185 0.2360
2 0.7939 0.7694 0.8429 0.7742 0.8421 0.7906 0.7931 0.7858
3 0.4640 0.6580 0.3622 0.5757 0.3725 0.5508 0.4743 0.6331
3 0.3610 0.3510 0.3527 0.3192 0.4159 0.2870 0.4241 0.3188
3 0.2634 0.8203 0.2735 0.8254 0.2549 0.8969 0.2448 0.8918
3 0.1362 0.1738 0.2093 0.0603 0.2235 0.0782 0.1505 0.1917
4 0.6493 0.8362 0.6440 0.8573 0.6367 0.8538 0.6420 0.8327
4 0.5422 0.7807 0.5530 0.7607 0.5604 0.7685 0.5496 0.7885
4 0.5924 0.5905 0.5559 0.4499 0.5770 0.4391 0.6136 0.5797
4 0.0628 0.7701 0.0639 0.7636 0.0684 0.7651 0.0672 0.7716
6 0.9282 0.8788 0.8753 0.7841 0.8981 0.7592 0.9510 0.8539
6 0.3474 0.7409 0.3734 0.7403 0.3737 0.7647 0.3477 0.7653
6 0.6025 0.1313 0.5920 0.0620 0.6086 0.0571 0.6192 0.1264
6 0.8602 0.7871 0.8638 0.8129 0.8595 0.8141 0.8559 0.7883
7 0.4667 0.6684 0.4647 0.6651 0.4698 0.6592 0.4718 0.6625
7 0.3151 0.3217 0.2999 0.3139 0.3143 0.2583 0.3296 0.2661
7 0.6578 0.0765 0.6047 0.1718 0.5576 0.1203 0.6107 0.0250
7 0.1241 0.9771 0.1046 0.9829 0.0876 0.8709 0.1071 0.8651
9 0.0273 0.3983 0.1593 0.3347 0.1698 0.3777 0.0379 0.4413
9 0.9915 0.2269 0.8659 0.2392 0.8639 0.1983 0.9895 0.1860
9 0.1553 0.3751 0.2522 0.2075 0.2799 0.2389 0.1829 0.4065
9 0.1896 0.3445 0.1234 0.2640 0.2561 0.0503 0.3223 0.1308
12 0.2647 0.3000 0.1496 0.4305 0.1347 0.4048 0.2498 0.2743
12 0.1962 0.6074 0.2061 0.6003 0.2481 0.7158 0.2382 0.7229
12 0.3196 0.7227 0.3027 0.7553 0.2881 0.7405 0.3051 0.7079
12 0.7116 0.6945 0.7251 0.6938 0.7286 0.8379 0.7152 0.8386
13 0.4763 0.6186 0.4745 0.6301 0.4657 0.6274 0.4675 0.6159
13 0.7388 0.3633 0.7291 0.3591 0.7315 0.3479 0.7412 0.3521
13 0.7990 0.2395 0.8218 0.1796 0.8767 0.2205 0.8539 0.2804
13 0.7213 0.2316 0.7183 0.2485 0.6927 0.2396 0.6957 0.2227
15 0.9801 0.3598 0.9385 0.3453 0.9456 0.3054 0.9872 0.3199
15 0.4194 0.1984 0.4264 0.0860 0.4858 0.0932 0.4787 0.2056
15 0.9715 0.6613 0.9299 0.7445 0.8522 0.6683 0.8938 0.5851
15 0.2186 0.5743 0.2685 0.5503 0.2826 0.6077 0.2327 0.6317
