0 0.4581 0.8076 0.5004 0.6011 0.8753 0.7516 0.8330 0.9581
0 0.5286 0.5212 0.5040 0.6108 0.3046 0.5036 0.3291 0.4140
0 0.6379 0.6175 0.6521 0.8455 0.5787 0.8545 0.5645 0.6265
0 0.1300 0.6341 0.1162 0.6185 0.2220 0.4355 0.2358 0.4511
1 0.1588 0.5576 0.1658 0.5230 0.1732 0.5260 0.1662 0.5606
1 0.0299 0.3850 0.0223 0.3840 0.0270 0.3086 0.0346 0.3096
1 0.6774 0.8318 0.6824 0.8190 0.7520 0.8730 0.7470 0.8858
1 0.7486 0.3686 0.7303 0.4038 0.7268 0.4002 0.7451 0.3650
2 0.3572 0.2577 0.3499 0.2557 0.3557 0.2139 0.3630 0.2159
2 0.8603 0.4041 0.8629 0.3951 0.9300 0.4331 0.9274 0.4421
2 0.6075 0.6428 0.6260 0.6437 0.6254 0.6696 0.6069 0.6687
2 0.0345 0.7702 0.0273 0.6745 0.0458 0.6718 0.0529 0.7675
3 0.4957 0.5668 0.5298 0.6198 0.5192 0.6332 0.4851 0.5802
3 0.3249 0.8205 0.2718 0.8600 0.2648 0.8415 0.3179 0.8020
3 0.9759 0.2153 0.9660 0.2091 0.9884 0.1387 0.9983 0.1449
3 0.0489 0.3306 0.0059 0.2999 0.0097 0.2894 0.0527 0.3201
4 0.4772 0.6258 0.4725 0.5971 0.4802 0.5946 0.4850 0.6233
4 0.3814 0.3265 0.2699 0.3018 0.2712 0.2911 0.3826 0.3158
4 0.0389 0.5377 0.0127 0.5673 0.0046 0.5531 0.0307 0.5235
4 0.7750 0.2360 0.7752 0.2561 0.7156 0.2576 0.7153 0.2375
6 0.9834 0.7206 0.9799 0.6651 0.9932 0.6634 0.9967 0.7189
6 0.9262 0.9756 0.7986 0.9244 0.8170 0.8344 0.9446 0.8856
6 0.3823 0.5976 0.4435 0.5646 0.4909 0.7372 0.4296 0.7702
6 0.7409 0.3903 0.7589 0.4446 0.7329 0.4617 0.7148 0.4074
7 0.8448 0.2701 0.8342 0.2672 0.8349 0.2619 0.8456 0.2648
7 0.9896 0.1110 0.9998 0.1110 0.9998 0.1166 0.9896 0.1166
7 0.4402 0.5285 0.4424 0.5151 0.4458 0.5163 0.4436 0.5297
7 0.7364 0.1052 0.7451 0.0967 0.7596 0.1256 0.7509 0.1341
9 0.7486 0.3720 0.7357 0.4353 0.5782 0.3720 0.5912 0.3087
9 0.4379 0.7504 0.5470 0.8248 0.5252 0.8872 0.4162 0.8128
9 0.0471 0.8950 0.1285 0.8910 0.1292 0.9178 0.0477 0.9218
9 0.4117 0.8301 0.3516 0.7262 0.3689 0.7067 0.4290 0.8106
12 0.0596 0.3248 0.0362 0.2992 0.0476 0.2788 0.0710 0.3044
12 0.9701 0.0228 0.9784 0.1340 0.9568 0.1372 0.9485 0.0260
12 0.9417 0.6218 0.8322 0.4454 0.8523 0.4210 0.9618 0.5974
12 0.7434 0.2521 0.7285 0.2144 0.8637 0.1095 0.8786 0.1472
13 0.5248 0.9226 0.5219 0.9032 0.5332 0.8998 0.5361 0.9192
13 0.5640 0.7045 0.5628 0.6941 0.5672 0.6931 0.5684 0.7035
13 0.3973 0.7008 0.4092 0.6964 0.4121 0.7116 0.4003 0.7160
13 0.3722 0.8954 0.3508 0.8311 0.4098 0.7926 0.4312 0.8569
15 0.5905 0.5626 0.6221 0.6669 0.5438 0.7134 0.5122 0.6091
15 0.9793 0.3103 0.9939 0.3364 0.9744 0.3577 0.9599 0.3316
15 0.3199 0.1004 0.3921 0.0880 0.3995 0.1724 0.3274 0.1848
15 0.2454 0.4726 0.1831 0.4115 0.2138 0.3502 0.2760 0.4113
