0 0.4433 0.6289 0.3583 0.6248 0.3619 0.4799 0.4469 0.4840
0 0.3145 0.9969 0.2610 0.7175 0.6246 0.5811 0.6781 0.8605
0 0.9022 0.5767 0.9715 0.5903 0.9570 0.7353 0.8876 0.7217
0 0.3765 0.5542 0.3920 0.3486 0.8240 0.4122 0.8086 0.6178
1 0.7925 0.4600 0.7978 0.4672 0.7503 0.5360 0.7450 0.5288
1 0.1838 0.9265 0.1726 0.9133 0.1739 0.9111 0.1851 0.9243
1 0.6421 0.2268 0.6399 0.2293 0.6287 0.2100 0.6309 0.2075
1 0.0386 0.9457 0.0374 0.9350 0.0962 0.9219 0.0974 0.9326
2 0.7323 0.5811 0.7529 0.4922 0.8863 0.5529 0.8657 0.6418
2 0.5367 0.2524 0.3685 0.3829 0.3133 0.2436 0.4815 0.1131
2 0.2728 0.8258 0.2785 0.8162 0.3435 0.8926 0.3378 0.9022
2 0.8756 0.5355 0.8888 0.5231 0.8958 0.5377 0.8826 0.5501
3 0.6720 0.8077 0.6093 0.8153 0.6083 0.7987 0.6710 0.7911
3 0.9529 0.4088 0.9396 0.4105 0.9337 0.3160 0.9470 0.3143
3 0.4360 0.1944 0.4487 0.1699 0.5377 0.2604 0.5250 0.2849
3 0.6317 0.5306 0.6889 0.5491 0.6857 0.5686 0.6285 0.5501
4 0.8505 0.4399 0.8539 0.4247 0.8786 0.4353 0.8753 0.4505
4 0.1605 0.5353 0.1661 0.5259 0.2049 0.5715 0.1993 0.5809
4 0.6961 0.4111 0.6789 0.4286 0.6725 0.4161 0.6897 0.3986
4 0.4565 0.4510 0.4721 0.4599 0.4349 0.5886 0.4194 0.5797
6 0.4675 0.7794 0.4073 0.4147 0.5385 0.3722 0.5987 0.7369
6 0.4337 0.9812 0.4328 0.9938 0.4237 0.9924 0.4246 0.9798
6 0.6591 0.0572 0.6431 0.0524 0.6466 0.0296 0.6626 0.0344
6 0.1382 0.6064 0.1841 0.5856 0.2141 0.7148 0.1682 0.7356
7 0.8878 0.6598 0.8837 0.6741 0.8471 0.6534 0.8512 0.6391
7 0.4741 0.0805 0.4613 0.0925 0.4419 0.0523 0.4547 0.0403
7 0.4050 0.8814 0.4130 0.9178 0.4047 0.9214 0.3967 0.8850
7 0.4616 0.2199 0.4683 0.2260 0.4570 0.2505 0.4502 0.2444
9 0.6798 0.7586 0.6186 0.7816 0.5582 0.4658 0.6194 0.4428
9 0.5730 0.8277 0.5534 0.7925 0.6161 0.7239 0.6358 0.7591
9 0.2390 0.3429 0.2216 0.3187 0.2828 0.2331 0.3001 0.2573
9 0.0565 0.7573 0.0990 0.4199 0.1555 0.4339 0.1130 0.7713
12 0.1818 0.9157 0.1616 0.9370 0.0853 0.7951 0.1055 0.7738
12 0.4684 0.6119 0.4774 0.5927 0.4856 0.6001 0.4766 0.6193
12 0.7119 0.1554 0.7203 0.1512 0.7355 0.2098 0.7272 0.2140
12 0.9529 0.5452 0.9256 0.5606 0.8865 0.4252 0.9138 0.4098
13 0.8310 0.5161 0.7956 0.4773 0.8047 0.4611 0.8401 0.4999
13 0.6164 0.5083 0.6013 0.5094 0.6010 0.5037 0.6162 0.5026
13 0.5674 0.9768 0.5729 0.9667 0.5772 0.9712 0.5717 0.9813
13 0.1253 0.9358 0.1360 0.9590 0.1250 0.9690 0.1143 0.9458
15 0.6261 0.2803 0.5646 0.2818 0.5636 0.2029 0.6251 0.2014
15 0.2351 0.3448 0.2279 0.3322 0.2531 0.3036 0.2604 0.3162
15 0.6815 0.3531 0.6753 0.4076 0.6431 0.4005 0.6492 0.3460
15 0.0720 0.1833 0.1277 0.1436 0.1538 0.2151 0.0980 0.2548
