0 0.7413 0.7690 0.6916 0.7666 0.7081 0.1054 0.7578 0.1078
0 0.0374 0.4042 0.0282 0.0380 0.1301 0.0330 0.1392 0.3992
0 0.2205 0.5938 0.3153 0.4939 0.4655 0.7730 0.3707 0.8729
0 0.5308 0.0487 0.5590 0.1051 0.4335 0.2281 0.4053 0.1717
1 0.0624 0.8329 0.0526 0.8810 0.0479 0.8791 0.0577 0.8310
1 0.9428 0.2292 0.9455 0.2223 0.9837 0.2508 0.9811 0.2577
1 0.9648 0.0228 0.9828 0.0126 0.9852 0.0208 0.9672 0.0310
1 0.7713 0.2920 0.7726 0.2743 0.7921 0.2772 0.7908 0.2949
2 0.2171 0.7534 0.1823 0.9037 0.0709 0.8530 0.1057 0.7027
2 0.3850 0.2046 0.4001 0.2964 0.3205 0.3222 0.3053 0.2304
2 0.1939 0.3807 0.2058 0.4593 0.1561 0.4741 0.1442 0.3955
2 0.1429 0.4377 0.0639 0.3659 0.1171 0.2511 0.1961 0.3229
3 0.1041 0.4902 0.0571 0.5633 0.0479 0.5518 0.0949 0.4787
3 0.9358 0.2492 0.9364 0.2703 0.8599 0.2740 0.8594 0.2529
3 0.2611 0.6518 0.2671 0.6558 0.2529 0.6986 0.2469 0.6946
3 0.8014 0.8194 0.7876 0.8325 0.7403 0.7342 0.7541 0.7211
4 0.4606 0.9203 0.4652 0.9261 0.4616 0.9317 0.4571 0.9259
4 0.8215 0.9498 0.8243 0.9870 0.8133 0.9886 0.8105 0.9514
4 0.7921 0.8081 0.7845 0.7959 0.7937 0.7847 0.8013 0.7969
4 0.7090 0.2475 0.7008 0.2690 0.6916 0.2621 0.6998 0.2406
6 0.2915 0.4857 0.2691 0.4790 0.2739 0.4471 0.2963 0.4538
6 0.4644 0.7087 0.5114 0.6555 0.5370 0.6997 0.4900 0.7529
6 0.1533 0.0989 0.1366 0.1350 0.1107 0.1115 0.1274 0.0754
6 0.5184 0.3670 0.3839 0.1503 0.4619 0.0554 0.5964 0.2721
7 0.8543 0.1316 0.8535 0.1452 0.8368 0.1432 0.8377 0.1296
7 0.3738 0.2173 0.3531 0.1815 0.3573 0.1767 0.3781 0.2125
7 0.5631 0.5330 0.5973 0.5606 0.5857 0.5886 0.5516 0.5610
7 0.6302 0.2834 0.7262 0.2207 0.7355 0.2486 0.6395 0.3113
9 0.4949 0.9029 0.4066 0.7050 0.4677 0.6515 0.5560 0.8494
9 0.8848 0.7489 0.8410 0.6336 0.8766 0.6071 0.9204 0.7224
9 0.3491 0.8056 0.3558 0.8257 0.2958 0.8648 0.2891 0.8447
9 0.8166 0.3438 0.7859 0.3869 0.6757 0.2326 0.7064 0.1895
12 0.5525 0.8369 0.5413 0.8246 0.5855 0.7455 0.5967 0.7578
12 0.5491 0.3278 0.5313 0.3002 0.5446 0.2834 0.5624 0.3110
12 0.5855 0.8052 0.5613 0.7676 0.6591 0.6444 0.6832 0.6820
12 0.6647 0.7919 0.6878 0.7999 0.6670 0.9169 0.6439 0.9089
13 0.7487 0.2999 0.5549 0.5358 0.5230 0.4845 0.7168 0.2486
13 0.6318 0.5942 0.6271 0.6036 0.6097 0.5866 0.6143 0.5772
13 0.6848 0.2109 0.6745 0.2106 0.6746 0.2019 0.6849 0.2022
13 0.3519 0.2626 0.3513 0.2548 0.3661 0.2526 0.3667 0.2604
15 0.2419 0.9206 0.2781 0.9422 0.2624 0.9942 0.2262 0.9726
15 0.6963 0.4243 0.6746 0.4489 0.6577 0.4197 0.6794 0.3951
15 0.1586 0.0870 0.2198 0.1021 0.2099 0.1806 0.1487 0.1655
15 0.7256 0.1541 0.7307 0.0735 0.7921 0.0811 0.7870 0.1617
