0 0.7700 0.0850 0.6454 0.0605 0.6500 0.0142 0.7746 0.0387
0 0.7144 0.8066 0.7114 0.7827 0.8736 0.7426 0.8766 0.7665
0 0.1512 0.7238 0.1309 0.7876 0.1048 0.7714 0.1251 0.7076
0 0.8656 0.9553 0.8108 0.8534 0.8709 0.7899 0.9258 0.8918
1 0.0794 0.9133 0.0919 0.8755 0.1024 0.8823 0.0898 0.9201
1 0.2801 0.4822 0.2821 0.5048 0.2722 0.5066 0.2702 0.4840
1 0.0520 0.0823 0.0632 0.1074 0.0574 0.1125 0.0462 0.0874
1 0.0253 0.3891 0.0329 0.4021 0.0195 0.4173 0.0120 0.4043
2 0.8407 0.4608 0.9721 0.4608 0.9721 0.4840 0.8407 0.4840
2 0.1685 0.4672 0.0263 0.1720 0.0632 0.1372 0.2054 0.4324
2 0.3687 0.5215 0.4664 0.3984 0.4776 0.4157 0.3799 0.5388
2 0.5619 0.3762 0.5838 0.3515 0.6126 0.4014 0.5908 0.4261
3 0.1514 0.6705 0.1428 0.6567 0.1955 0.5927 0.2040 0.6065
3 0.6958 0.6968 0.6519 0.7001 0.6513 0.6848 0.6952 0.6815
3 0.2272 0.3890 0.1693 0.4824 0.1579 0.4686 0.2159 0.3752
3 0.7579 0.6118 0.6859 0.5301 0.6969 0.5110 0.7690 0.5927
4 0.4817 0.7457 0.4768 0.7388 0.4788 0.7359 0.4838 0.7428
4 0.2284 0.8001 0.2197 0.7939 0.2316 0.7611 0.2403 0.7673
4 0.9123 0.3209 0.9057 0.2837 0.9188 0.2791 0.9254 0.3163
4 0.2522 0.5273 0.2755 0.5239 0.2769 0.5431 0.2537 0.5465
6 0.4307 0.0822 0.4478 0.1386 0.4073 0.1626 0.3902 0.1062
6 0.8651 0.8657 0.8439 0.8217 0.9072 0.7619 0.9284 0.8059
6 0.5258 0.1184 0.4722 0.1617 0.4411 0.0864 0.4947 0.0431
6 0.1682 0.8366 0.1952 0.8038 0.2424 0.8798 0.2154 0.9126
7 0.3773 0.5491 0.3834 0.5583 0.3664 0.5805 0.3603 0.5713
7 0.2195 0.2416 0.2168 0.2388 0.2208 0.2312 0.2235 0.2340
7 0.5050 0.3886 0.5052 0.3972 0.4684 0.3990 0.4682 0.3904
7 0.2464 0.0340 0.2440 0.0484 0.2228 0.0416 0.2251 0.0272
9 0.5711 0.4642 0.6423 0.5394 0.6203 0.5802 0.5491 0.5050
9 0.8884 0.7967 0.8473 0.9048 0.8259 0.8889 0.8670 0.7808
9 0.2526 0.7651 0.5477 0.6387 0.5689 0.7357 0.2737 0.8621
9 0.2991 0.2275 0.3280 0.2899 0.3098 0.3065 0.2808 0.2441
12 0.7640 0.2975 0.7257 0.3741 0.7029 0.3517 0.7412 0.2751
12 0.9202 0.8094 0.7339 0.6987 0.7438 0.6662 0.9301 0.7769
12 0.6038 0.5742 0.5956 0.5900 0.5316 0.5250 0.5398 0.5092
12 0.7560 0.2893 0.7510 0.3098 0.6774 0.2743 0.6825 0.2538
13 0.1007 0.1165 0.0963 0.1200 0.0899 0.1043 0.0943 0.1008
13 0.0636 0.8603 0.0705 0.8504 0.0729 0.8537 0.0661 0.8636
13 0.5880 0.3155 0.5919 0.3067 0.6009 0.3145 0.5969 0.3233
13 0.3488 0.8375 0.3557 0.8155 0.3612 0.8189 0.3543 0.8409
15 0.0879 0.2682 0.0625 0.2113 0.0930 0.1846 0.1184 0.2415
15 0.7891 0.6409 0.8396 0.5231 0.9018 0.5755 0.8513 0.6933
15 0.7540 0.8553 0.7079 0.8030 0.7437 0.7411 0.7898 0.7934
15 0.8959 0.2573 0.7579 0.2641 0.7550 0.1467 0.8929 0.1399
