0 0.4107 0.6489 0.3766 0.9502 0.3196 0.9375 0.3537 0.6362
0 0.4096 0.7360 0.3828 0.7652 0.3176 0.6484 0.3444 0.6192
0 0.7253 0.9117 0.5213 0.3747 0.5890 0.3243 0.7930 0.8613
0 0.1635 0.3348 0.4467 0.4336 0.3973 0.7108 0.1141 0.6120
1 0.4095 0.1188 0.4089 0.1202 0.3968 0.1088 0.3974 0.1074
1 0.4061 0.6526 0.4165 0.6503 0.4190 0.6726 0.4087 0.6749
1 0.2071 0.8753 0.2073 0.8711 0.2243 0.8723 0.2242 0.8765
1 0.2942 0.6663 0.3006 0.6678 0.2944 0.7233 0.2879 0.7218
2 0.7807 0.3898 0.7599 0.3701 0.7824 0.3234 0.8032 0.3431
2 0.3319 0.5658 0.3761 0.5343 0.4204 0.6558 0.3761 0.6873
2 0.8304 0.6708 0.7900 0.7649 0.7513 0.7324 0.7917 0.6383
2 0.9995 0.2388 0.9929 0.2592 0.9814 0.2520 0.9879 0.2316
3 0.4306 0.6539 0.3723 0.6553 0.3720 0.6325 0.4303 0.6311
3 0.6225 0.9517 0.6754 0.9479 0.6761 0.9663 0.6232 0.9701
3 0.6006 0.6341 0.5864 0.6257 0.6185 0.5199 0.6327 0.5283
3 0.6729 0.7211 0.6761 0.7466 0.5791 0.7705 0.5759 0.7450
4 0.8532 0.9072 0.8454 0.9201 0.8365 0.9096 0.8443 0.8967
4 0.7173 0.1131 0.7406 0.1468 0.7287 0.1629 0.7054 0.1292
4 0.7486 0.3676 0.7439 0.3416 0.7634 0.3348 0.7681 0.3608
4 0.1604 0.8534 0.1602 0.8672 0.0882 0.8654 0.0883 0.8516
6 0.2981 0.9599 0.3069 0.9920 0.3016 0.9949 0.2928 0.9628
6 0.5274 0.3071 0.5741 0.3295 0.5417 0.4609 0.4951 0.4385
6 0.8857 0.0995 0.9012 0.1421 0.8400 0.1857 0.8245 0.1431
6 0.6226 0.4172 0.5772 0.5190 0.5528 0.4976 0.5982 0.3958
7 0.6889 0.8964 0.6514 0.8794 0.6919 0.7048 0.7294 0.7218
7 0.7001 0.8512 0.7112 0.8678 0.7053 0.8756 0.6942 0.8590
7 0.3056 0.0555 0.3173 0.0773 0.2836 0.1129 0.2719 0.0911
7 0.9067 0.4626 0.9303 0.4734 0.8987 0.6098 0.8751 0.5990
9 0.7963 0.9671 0.7841 0.9945 0.7151 0.9341 0.7273 0.9067
9 0.1141 0.3413 0.0785 0.3457 0.0671 0.1623 0.1026 0.1579
9 0.2860 0.8725 0.2980 0.7663 0.4729 0.8051 0.4609 0.9113
9 0.6478 0.3936 0.5948 0.3508 0.6156 0.3004 0.6686 0.3432
12 0.7924 0.2923 0.8561 0.2526 0.8638 0.2769 0.8002 0.3166
12 0.2275 0.4545 0.1959 0.4133 0.3985 0.1091 0.4301 0.1503
12 0.8118 0.7166 0.7903 0.6112 0.8107 0.6030 0.8323 0.7084
12 0.7282 0.2953 0.6883 0.2125 0.7130 0.1891 0.7529 0.2719
13 0.2869 0.5137 0.2713 0.4376 0.2954 0.4279 0.3110 0.5040
13 0.9489 0.9110 0.9325 0.8949 0.9394 0.8810 0.9558 0.8971
13 0.4964 0.9672 0.4846 0.9705 0.4824 0.9552 0.4943 0.9519
13 0.3377 0.5680 0.3637 0.5596 0.3712 0.6048 0.3451 0.6132
15 0.2077 0.0746 0.2901 0.0183 0.3183 0.0994 0.2359 0.1557
15 0.5971 0.5422 0.6106 0.5828 0.5809 0.6022 0.5674 0.5616
15 0.6709 0.0222 0.7487 0.0753 0.7082 0.1914 0.6305 0.1383
15 0.8045 0.3653 0.8289 0.3287 0.8552 0.3631 0.8308 0.3997
