0 0.3830 0.4840 0.3451 0.5033 0.3022 0.3380 0.3400 0.3187
0 0.4688 0.5906 0.5871 0.3542 0.7266 0.4910 0.6083 0.7274
0 0.9378 0.0975 0.8821 0.1481 0.8548 0.0893 0.9105 0.0387
0 0.2932 0.6544 0.2169 0.7066 0.1222 0.4348 0.1986 0.3826
1 0.7097 0.1790 0.7039 0.1757 0.7218 0.1138 0.7275 0.1171
1 0.4610 0.8361 0.4295 0.8376 0.4293 0.8315 0.4608 0.8300
1 0.5727 0.8982 0.5674 0.9048 0.5379 0.8590 0.5432 0.8524
1 0.1967 0.7484 0.2066 0.7503 0.2030 0.7864 0.1931 0.7845
2 0.7575 0.3911 0.5994 0.5461 0.5514 0.4501 0.7095 0.2951
2 0.4095 0.7593 0.3543 0.7660 0.3519 0.7275 0.4071 0.7208
2 0.1993 0.4867 0.2360 0.4160 0.3199 0.5013 0.2831 0.5720
2 0.8119 0.0647 0.8749 0.4189 0.8221 0.4373 0.7591 0.0831
3 0.6669 0.5827 0.6749 0.5925 0.6394 0.6497 0.6314 0.6399
3 0.6223 0.1249 0.5632 0.2348 0.5457 0.2163 0.6048 0.1064
3 0.7672 0.4444 0.7672 0.5128 0.7553 0.5128 0.7553 0.4444
3 0.2555 0.3481 0.2542 0.3602 0.2079 0.3499 0.2093 0.3378
4 0.4418 0.7707 0.4243 0.7720 0.4239 0.7621 0.4414 0.7608
4 0.5845 0.7916 0.5892 0.8021 0.5815 0.8088 0.5768 0.7983
4 0.7242 0.5954 0.7284 0.6122 0.7226 0.6150 0.7185 0.5982
4 0.2264 0.3280 0.2250 0.3345 0.2210 0.3328 0.2225 0.3263
6 0.8656 0.8159 0.9431 0.8084 0.9450 0.8449 0.8674 0.8524
6 0.7076 0.0861 0.6791 0.0560 0.7007 0.0159 0.7292 0.0460
6 0.8242 0.0489 0.8433 0.0452 0.8460 0.0723 0.8270 0.0760
6 0.1412 0.0883 0.1031 0.2202 0.0557 0.1933 0.0937 0.0614
7 0.1923 0.2827 0.1891 0.3005 0.1537 0.2881 0.1569 0.2703
7 0.7772 0.5626 0.7754 0.5495 0.7788 0.5486 0.7806 0.5617
7 0.0284 0.5920 0.0236 0.5900 0.0313 0.5548 0.0361 0.5568
7 0.6827 0.6057 0.6690 0.5820 0.7167 0.5279 0.7304 0.5516
9 0.1083 0.5509 0.1488 0.5155 0.2395 0.7187 0.1989 0.7541
9 0.8101 0.7728 0.6925 0.6659 0.7136 0.6204 0.8312 0.7273
9 0.5183 0.2025 0.5326 0.0760 0.7166 0.1167 0.7023 0.2432
9 0.5883 0.5857 0.5322 0.5803 0.5420 0.3847 0.5981 0.3901
12 0.4232 0.5312 0.3970 0.5550 0.2551 0.2492 0.2813 0.2254
12 0.3515 0.1716 0.3346 0.2009 0.2679 0.1252 0.2848 0.0959
12 0.7953 0.6768 0.8478 0.5442 0.8656 0.5580 0.8131 0.6906
12 0.1317 0.0758 0.1317 0.0278 0.3946 0.0278 0.3946 0.0758
13 0.7751 0.0086 0.8538 0.1044 0.8266 0.1482 0.7479 0.0524
13 0.3419 0.4784 0.3447 0.4463 0.3547 0.4480 0.3519 0.4801
13 0.5418 0.4817 0.5362 0.4761 0.5471 0.4551 0.5526 0.4607
13 0.5334 0.6746 0.5341 0.6472 0.5472 0.6478 0.5465 0.6752
15 0.3239 0.7884 0.3401 0.7560 0.3635 0.7788 0.3473 0.8112
15 0.5739 0.8210 0.5821 0.9144 0.5110 0.9266 0.5028 0.8332
15 0.1428 0.7736 0.2126 0.7172 0.2410 0.7860 0.1711 0.8424
15 0.1697 0.1873 0.0846 0.1391 0.1049 0.0687 0.1900 0.1169
