0 0.9239 0.9129 0.7809 0.9094 0.7872 0.4003 0.9303 0.4038
0 0.8021 0.0256 0.7898 0.0897 0.7214 0.0640 0.7336 -0.0001
0 0.8275 0.5461 0.6874 0.4504 0.8311 0.0379 0.9712 0.1336
0 0.1047 0.4541 0.0254 0.2765 0.2565 0.0743 0.3357 0.2519
1 0.1636 0.8145 0.1655 0.8130 0.1787 0.8463 0.1768 0.8478
1 0.2319 0.7981 0.2242 0.8056 0.1747 0.7067 0.1824 0.6992
1 0.5291 0.7960 0.5154 0.7841 0.5207 0.7724 0.5343 0.7843
1 0.2748 0.7958 0.2685 0.7683 0.2986 0.7546 0.3050 0.7821
2 0.3112 0.5189 0.2406 0.4906 0.2757 0.3191 0.3463 0.3474
2 0.3921 0.2465 0.3282 0.0710 0.3416 0.0615 0.4055 0.2370
2 0.7647 0.1676 0.7298 0.1914 0.7073 0.1268 0.7422 0.1030
2 0.7348 0.1423 0.7509 0.1443 0.7498 0.1621 0.7336 0.1601
3 0.1208 0.7454 0.1282 0.7354 0.1643 0.7878 0.1569 0.7978
3 0.8069 0.8912 0.8144 0.9303 0.8065 0.9332 0.7991 0.8941
3 0.2744 0.5646 0.2508 0.5582 0.2636 0.4662 0.2872 0.4726
3 0.2934 0.0568 0.3370 0.0108 0.3443 0.0244 0.3007 0.0704
4 0.6168 0.8930 0.6007 0.8834 0.6040 0.8726 0.6201 0.8822
4 0.3662 0.6558 0.3732 0.6547 0.3761 0.6926 0.3691 0.6937
4 0.2562 0.5539 0.2761 0.5609 0.2712 0.5881 0.2513 0.5811
4 0.9740 0.4998 0.9835 0.5110 0.9811 0.5150 0.9716 0.5038
6 0.8853 0.0694 0.9029 0.0355 0.9272 0.0602 0.9097 0.0941
6 0.2211 0.9573 0.2042 0.9270 0.2092 0.9215 0.2261 0.9518
6 0.7836 0.7147 0.7779 0.7353 0.7630 0.7273 0.7686 0.7067
6 0.7613 0.0652 0.7376 0.0629 0.7393 0.0292 0.7630 0.0315
7 0.1855 0.0574 0.1771 0.0551 0.1836 0.0082 0.1920 0.0105
7 0.1978 0.9291 0.1969 0.9677 0.1070 0.9633 0.1080 0.9247
7 0.3420 0.7816 0.3469 0.7828 0.3446 0.8008 0.3397 0.7996
7 0.3036 0.9199 0.3129 0.9287 0.2964 0.9629 0.2871 0.9541
9 0.9548 0.4188 1.0001 0.4370 0.9535 0.6644 0.9082 0.6462
9 0.6922 0.0345 0.7560 0.0171 0.7644 0.0779 0.7006 0.0953
9 0.8768 0.4158 0.8846 0.3476 0.9994 0.3730 0.9917 0.4412
9 0.8058 0.5941 0.7843 0.7492 0.7587 0.7423 0.7803 0.5872
12 0.5793 0.1512 0.5915 0.1981 0.5775 0.2052 0.5653 0.1583
12 0.7673 0.8263 0.8432 0.8876 0.8293 0.9213 0.7534 0.8600
12 0.6459 0.5766 0.6245 0.5382 0.8135 0.3314 0.8350 0.3698
12 0.4622 0.6001 0.4296 0.5896 0.4570 0.4239 0.4895 0.4344
13 0.6497 0.9370 0.6182 0.9234 0.6371 0.8366 0.6687 0.8502
13 0.8896 0.0383 0.8913 0.0339 0.8993 0.0401 0.8975 0.0445
13 0.3276 0.5943 0.3383 0.6157 0.3281 0.6257 0.3174 0.6043
13 0.1991 0.6657 0.1982 0.6595 0.2189 0.6539 0.2198 0.6601
15 0.8768 0.5456 0.8992 0.5659 0.8795 0.6084 0.8571 0.5881
15 0.1523 0.3986 0.2022 0.3420 0.2449 0.4158 0.1949 0.4724
15 0.9730 0.2950 0.8894 0.3093 0.8785 0.1846 0.9620 0.1703
15 0.1165 0.1079 0.1300 0.2052 0.0755 0.2201 0.0620 0.1228
