0 0.5538 0.2984 0.5107 0.4121 0.4493 0.3664 0.4925 0.2527
0 0.2055 0.8386 0.1353 0.8909 0.1139 0.8346 0.1842 0.7823
0 0.3578 0.8071 0.3491 0.9809 0.3162 0.9777 0.3249 0.8039
0 0.5306 0.1650 0.5586 0.2151 0.3605 0.4318 0.3325 0.3817
1 0.7420 0.3850 0.7407 0.3901 0.7180 0.3786 0.7193 0.3735
1 0.3796 0.9854 0.3714 0.9538 0.4121 0.9330 0.4203 0.9646
1 0.4415 0.4126 0.4400 0.4145 0.4228 0.3878 0.4243 0.3859
1 0.7310 0.3274 0.7594 0.3411 0.7581 0.3466 0.7297 0.3329
2 0.2004 0.5305 0.1761 0.5774 0.1502 0.5511 0.1745 0.5042
2 0.7033 0.3806 0.7187 0.3399 0.7444 0.3590 0.7290 0.3997
2 0.7258 0.3155 0.6820 0.3942 0.5553 0.2557 0.5992 0.1770
2 0.8479 0.8135 0.9146 0.8086 0.9192 0.9321 0.8525 0.9370
3 0.4756 0.3440 0.5492 0.3440 0.5492 0.3696 0.4756 0.3696
3 0.3542 0.3726 0.2531 0.3502 0.2561 0.3234 0.3572 0.3458
3 0.9309 0.5080 0.9198 0.5113 0.9079 0.4328 0.9190 0.4295
3 0.0751 0.2337 0.1115 0.1771 0.1203 0.1883 0.0840 0.2449
4 0.8852 0.0759 0.8747 0.0764 0.8745 0.0709 0.8850 0.0704
4 0.4025 0.3105 0.3583 0.2033 0.3635 0.1991 0.4077 0.3063
4 0.9345 0.8043 0.9410 0.8206 0.9381 0.8229 0.9316 0.8066
4 0.0088 0.0633 0.0161 0.0611 0.0167 0.0647 0.0093 0.0669
6 0.3119 0.7671 0.3910 0.8073 0.3621 0.9185 0.2830 0.8783
6 0.9292 0.5482 0.7776 0.3940 0.8331 0.2870 0.9847 0.4412
6 0.7029 0.7777 0.6731 0.7516 0.6774 0.7419 0.7072 0.7680
6 0.2424 0.2968 0.2676 0.3990 0.2430 0.4108 0.2179 0.3086
7 0.5356 0.6767 0.5376 0.6992 0.4996 0.7057 0.4976 0.6832
7 0.7845 0.8493 0.7919 0.8423 0.7944 0.8475 0.7870 0.8545
7 0.6474 0.2419 0.6630 0.2423 0.6623 0.2957 0.6467 0.2953
7 0.6918 0.0124 0.7029 0.0145 0.6988 0.0556 0.6877 0.0535
9 0.1398 0.1172 0.1684 0.1485 0.0905 0.2880 0.0619 0.2567
9 0.6730 0.8224 0.7352 0.6439 0.7904 0.6816 0.7282 0.8601
9 0.1125 0.4256 0.1659 0.4151 0.1832 0.5876 0.1298 0.5981
9 0.6418 0.0792 0.7784 0.1643 0.7616 0.2172 0.6250 0.1321
12 0.6292 0.1482 0.6200 0.1734 0.6088 0.1654 0.6180 0.1402
12 0.6215 0.6851 0.6033 0.6993 0.5256 0.5033 0.5439 0.4891
12 0.7996 0.0467 0.8095 0.0611 0.7310 0.1673 0.7211 0.1529
12 0.9198 0.2590 0.8540 0.1788 0.8762 0.1430 0.9420 0.2232
13 0.1554 0.2287 0.1669 0.2930 0.1486 0.2993 0.1371 0.2350
13 0.0578 0.6743 0.0792 0.6978 0.0720 0.7109 0.0505 0.6874
13 0.2290 0.2656 0.2182 0.2773 0.2059 0.2552 0.2166 0.2435
13 0.7801 0.9182 0.7664 0.9512 0.7514 0.9390 0.7650 0.9060
15 0.5597 0.9973 0.5534 0.9520 0.5800 0.9447 0.5863 0.9900
15 0.5918 0.3022 0.5767 0.3672 0.5322 0.3470 0.5473 0.2820
15 0.6768 0.7838 0.6157 0.7094 0.6723 0.6182 0.7334 0.6926
15 0.1985 0.9198 0.2035 0.8182 0.2604 0.8238 0.2553 0.9254
