0 0.3142 0.8960 0.1854 0.7743 0.4201 0.2872 0.5489 0.4089
0 0.4684 0.2956 0.4406 0.4785 0.1085 0.3796 0.1363 0.1967
0 0.7775 0.5815 0.7921 0.7106 0.2822 0.8237 0.2676 0.6946
0 0.8002 0.4489 0.7476 0.4207 0.7690 0.3427 0.8215 0.3709
1 0.0796 0.3547 0.0824 0.3586 0.0750 0.3689 0.0722 0.3650
1 0.5038 0.5283 0.5057 0.5316 0.4922 0.5469 0.4903 0.5436
1 0.8979 0.2400 0.9157 0.1931 0.9267 0.2012 0.9088 0.2481
1 0.3035 0.8641 0.2960 0.8502 0.3102 0.8351 0.3177 0.8490
2 0.7482 0.8023 0.7624 0.8058 0.7590 0.8329 0.7448 0.8294
2 0.1086 0.9347 0.1107 0.9691 0.0666 0.9745 0.0644 0.9401
2 0.2674 0.9666 0.2961 0.9595 0.2998 0.9890 0.2711 0.9961
2 0.8615 0.5093 0.6858 0.5265 0.6805 0.4215 0.8562 0.4043
3 0.1859 0.4409 0.2299 0.2803 0.2492 0.2907 0.2052 0.4513
3 0.3743 0.4151 0.2948 0.4512 0.2903 0.4317 0.3698 0.3956
3 0.6057 0.3739 0.5618 0.4422 0.5526 0.4305 0.5965 0.3622
3 0.2107 0.0471 0.2118 0.1314 0.2004 0.1317 0.1993 0.0474
4 0.4082 0.9157 0.4079 0.9072 0.4521 0.9051 0.4523 0.9136
4 0.6461 0.4369 0.6374 0.4196 0.6448 0.4123 0.6535 0.4296
4 0.2419 0.7103 0.2375 0.7233 0.2081 0.7041 0.2125 0.6911
4 0.8301 0.0629 0.8268 0.0805 0.8207 0.0783 0.8241 0.0607
6 0.7182 0.5418 0.6896 0.5095 0.6950 0.5002 0.7235 0.5325
6 0.4759 0.0859 0.4992 0.0965 0.4915 0.1297 0.4682 0.1191
6 0.7222 0.7011 0.7317 0.7767 0.6775 0.7901 0.6680 0.7145
6 0.7938 0.2876 0.7691 0.2199 0.8665 0.1504 0.8912 0.2181
7 0.2093 0.4796 0.2053 0.4556 0.2807 0.4312 0.2847 0.4552
7 0.8612 0.5812 0.8508 0.5754 0.8948 0.4232 0.9052 0.4290
7 0.6517 0.2342 0.6148 0.2705 0.5600 0.1610 0.5970 0.1247
7 0.5802 0.6175 0.5867 0.6353 0.5161 0.6857 0.5096 0.6679
9 0.8543 0.3208 0.7087 0.4482 0.6874 0.4004 0.8330 0.2730
9 0.9009 0.8625 0.8912 0.9392 0.6948 0.8907 0.7045 0.8140
9 0.6425 0.5211 0.6520 0.5540 0.5535 0.6097 0.5440 0.5768
9 0.1484 0.2752 0.0722 0.3140 0.0067 0.0624 0.0830 0.0236
12 0.7010 0.5466 0.6917 0.6289 0.2865 0.5390 0.2958 0.4567
12 0.8129 0.8917 0.7272 0.9997 0.7063 0.9671 0.7919 0.8591
12 0.7617 0.9497 0.7801 0.9446 0.7823 0.9607 0.7639 0.9658
12 0.4288 0.8856 0.4535 0.7850 0.4763 0.7960 0.4516 0.8966
13 0.6414 0.3215 0.6490 0.3264 0.6398 0.3541 0.6321 0.3492
13 0.9635 0.7511 0.9575 0.7692 0.9491 0.7637 0.9551 0.7456
13 0.6398 0.9290 0.6329 0.9372 0.6313 0.9346 0.6383 0.9264
13 0.8917 0.8584 0.9102 0.8580 0.9106 0.8916 0.8921 0.8920
15 0.9764 0.5896 0.9517 0.6674 0.9136 0.6436 0.9383 0.5658
15 0.1402 0.6800 0.0902 0.5634 0.1555 0.5084 0.2056 0.6250
15 0.9290 0.4744 0.8745 0.4081 0.9364 0.3084 0.9909 0.3747
15 0.8761 0.3572 0.8893 0.4027 0.8559 0.4216 0.8427 0.3761
