0 0.8693 0.3740 0.8993 0.4222 0.8478 0.4848 0.8179 0.4366
0 0.0471 0.4584 0.0601 0.1994 0.2129 0.2144 0.1999 0.4734
0 0.2242 0.5207 0.4703 0.2883 0.5864 0.5293 0.3403 0.7617
0 0.2213 0.7982 0.3151 0.6107 0.4824 0.7746 0.3886 0.9621
1 0.7539 0.1951 0.7592 0.1871 0.7995 0.2397 0.7942 0.2477
1 0.4131 0.6716 0.4438 0.6663 0.4507 0.7440 0.4199 0.7493
1 0.8741 0.5340 0.8585 0.5188 0.8753 0.4852 0.8909 0.5004
1 0.9205 0.2580 0.9211 0.2535 0.9506 0.2608 0.9501 0.2653
2 0.3100 0.3740 0.1673 0.3601 0.1731 0.2440 0.3158 0.2579
2 0.9609 0.4392 0.8304 0.4617 0.8237 0.3848 0.9542 0.3623
2 0.1416 0.4114 0.2513 0.3816 0.2533 0.3958 0.1436 0.4256
2 0.9287 0.3933 0.8957 0.3688 0.9248 0.2923 0.9577 0.3168
3 0.7634 0.8028 0.6762 0.6718 0.6926 0.6504 0.7798 0.7814
3 0.5332 0.9697 0.5230 0.9677 0.5303 0.8955 0.5404 0.8975
3 0.1490 0.7922 0.1071 0.8397 0.1007 0.8286 0.1426 0.7811
3 0.2719 0.7777 0.2648 0.7612 0.3295 0.7067 0.3367 0.7232
4 0.5468 0.6608 0.5482 0.6443 0.5535 0.6452 0.5520 0.6617
4 0.2761 0.7443 0.2826 0.7564 0.2256 0.8165 0.2191 0.8044
4 0.6392 0.5545 0.5624 0.7265 0.5365 0.7039 0.6133 0.5319
4 0.2788 0.9534 0.2964 0.9455 0.3023 0.9710 0.2847 0.9789
6 0.7493 0.3509 0.7493 0.2707 0.8069 0.2707 0.8069 0.3509
6 0.7171 0.6775 0.7290 0.6154 0.7735 0.6321 0.7616 0.6942
6 0.6215 0.0439 0.6798 0.1447 0.6556 0.1721 0.5973 0.0713
6 0.2544 0.9040 0.2448 0.8647 0.2513 0.8616 0.2609 0.9009
7 0.7661 0.1810 0.7651 0.2005 0.7136 0.1954 0.7146 0.1759
7 0.4658 0.2295 0.4698 0.2480 0.4425 0.2597 0.4385 0.2412
7 0.4176 0.4980 0.4223 0.4895 0.4430 0.5120 0.4382 0.5205
7 0.5711 0.7118 0.5810 0.7059 0.5957 0.7546 0.5859 0.7605
9 0.8498 0.6346 0.8419 0.9528 0.7885 0.9502 0.7964 0.6320
9 0.4647 0.9750 0.5130 0.7787 0.5518 0.7974 0.5035 0.9937
9 0.1731 0.3705 0.1597 0.3427 0.2309 0.2755 0.2443 0.3033
9 0.5189 0.6613 0.4408 0.6380 0.4791 0.3859 0.5572 0.4092
12 0.1716 0.7685 0.1722 0.7552 0.2201 0.7599 0.2195 0.7732
12 0.2825 0.2375 0.3000 0.2227 0.3530 0.3461 0.3354 0.3609
12 0.8999 0.4909 0.4214 0.2732 0.4419 0.1851 0.9203 0.4028
12 0.0318 0.7505 0.0122 0.7466 0.0139 0.7295 0.0335 0.7334
13 0.4052 0.8080 0.3986 0.8202 0.3928 0.8140 0.3994 0.8018
13 0.2210 0.0922 0.2640 0.1377 0.2433 0.1762 0.2002 0.1307
13 0.7728 0.7747 0.7965 0.7352 0.8092 0.7501 0.7855 0.7896
13 0.8183 0.4939 0.8141 0.4977 0.8122 0.4937 0.8165 0.4899
15 0.5875 0.4306 0.5170 0.5616 0.4596 0.5010 0.5301 0.3700
15 0.8859 0.7634 0.7928 0.7380 0.8038 0.6590 0.8969 0.6844
15 0.8421 0.8927 0.8549 0.9027 0.8453 0.9269 0.8325 0.9169
15 0.6216 0.0271 0.6819 0.0107 0.6927 0.0881 0.6323 0.1045
