0 0.8424 0.1634 0.9666 0.2764 0.8502 0.5274 0.7259 0.4144
0 0.5088 0.7813 0.3500 0.4390 0.5209 0.2835 0.6797 0.6258
0 0.9913 0.8585 0.9612 0.9286 0.6842 0.6955 0.7142 0.6254
0 0.2214 0.9349 0.2705 0.7939 0.3537 0.8507 0.3046 0.9917
1 0.6607 0.7463 0.6557 0.7710 0.6524 0.7697 0.6575 0.7450
1 0.0620 0.6268 0.0652 0.6175 0.1123 0.6496 0.1091 0.6589
1 0.9865 0.6024 0.9907 0.6035 0.9861 0.6368 0.9819 0.6357
1 0.3548 0.5466 0.3557 0.5418 0.3752 0.5486 0.3743 0.5534
2 0.1313 0.8025 0.0125 0.7319 0.0405 0.6395 0.1593 0.7101
2 0.7886 0.5322 0.8440 0.4927 0.8720 0.5698 0.8166 0.6093
2 0.7568 0.6890 0.7618 0.8217 0.5758 0.8354 0.5708 0.7027
2 0.9252 0.4557 0.9227 0.4889 0.9053 0.4863 0.9078 0.4531
3 0.4003 0.4033 0.3566 0.3760 0.3614 0.3607 0.4052 0.3880
3 0.7739 0.5212 0.7774 0.5098 0.8187 0.5344 0.8152 0.5458
3 0.7009 0.0923 0.7135 0.1755 0.6969 0.1805 0.6842 0.0973
3 0.5739 0.7554 0.5678 0.7701 0.5144 0.7270 0.5205 0.7123
4 0.8005 0.3098 0.7845 0.2923 0.7892 0.2838 0.8052 0.3013
4 0.3696 0.3358 0.3579 0.3317 0.3609 0.3146 0.3727 0.3187
4 0.7534 0.4167 0.7573 0.4111 0.7846 0.4481 0.7807 0.4537
4 0.2858 0.0379 0.2886 0.0397 0.2850 0.0505 0.2823 0.0487
6 0.7451 0.4264 0.7578 0.4683 0.7509 0.4724 0.7382 0.4305
6 0.1645 0.7237 0.1231 0.7197 0.1241 0.7003 0.1654 0.7043
6 0.0202 0.7877 0.0374 0.7619 0.0561 0.7863 0.0389 0.8121
6 0.0482 0.1284 0.0528 0.1107 0.0655 0.1172 0.0610 0.1349
7 0.2882 0.8537 0.2645 0.8472 0.2769 0.7579 0.3006 0.7644
7 0.3941 0.6350 0.3864 0.6109 0.4428 0.5758 0.4504 0.5999
7 0.2700 0.0887 0.2786 0.1031 0.2529 0.1333 0.2442 0.1189
7 0.3915 0.1688 0.3833 0.1662 0.3896 0.1280 0.3979 0.1306
9 0.9389 0.7352 0.9634 0.7683 0.9076 0.8492 0.8831 0.8161
9 0.8941 0.6624 0.8697 0.6921 0.8167 0.6068 0.8412 0.5771
9 0.8212 0.8997 0.6911 0.9485 0.6768 0.8739 0.8069 0.8251
9 0.8424 0.5429 0.8391 0.8066 0.7956 0.8055 0.7989 0.5418
12 0.1878 0.4973 0.1726 0.4587 0.1890 0.4459 0.2043 0.4845
12 0.6429 0.7841 0.6350 0.7635 0.6754 0.7335 0.6833 0.7541
12 0.4935 0.7767 0.4875 0.7997 0.4396 0.7753 0.4456 0.7523
12 0.5140 0.2643 0.9175 0.7554 0.8714 0.8297 0.4679 0.3386
13 0.2534 0.0546 0.2580 0.0499 0.2601 0.0538 0.2554 0.0585
13 0.8614 0.3591 0.8678 0.3666 0.8629 0.3749 0.8565 0.3674
13 0.9453 0.2558 0.9359 0.2625 0.9307 0.2482 0.9401 0.2415
13 0.4714 0.9575 0.5115 0.9536 0.5135 0.9941 0.4734 0.9980
15 0.6297 0.2301 0.6449 0.1974 0.6643 0.2151 0.6491 0.2478
15 0.7562 0.5302 0.7728 0.4627 0.8190 0.4850 0.8024 0.5525
15 0.8721 0.3140 0.8257 0.2366 0.8596 0.1968 0.9060 0.2742
15 0.4948 0.2296 0.5124 0.1378 0.5609 0.1560 0.5433 0.2478
