0 0.5427 0.4951 0.5166 0.7024 0.1167 0.6037 0.1428 0.3964
0 0.6297 0.8156 0.8230 0.2842 0.8900 0.3320 0.6967 0.8634
0 0.2415 0.8177 0.1680 0.9137 0.0691 0.7651 0.1426 0.6691
0 0.3463 0.3598 0.2535 0.3621 0.2497 0.0526 0.3425 0.0503
1 0.2695 0.6489 0.2662 0.6597 0.2114 0.6271 0.2147 0.6163
1 0.2060 0.1466 0.2209 0.1527 0.2143 0.1850 0.1993 0.1789
1 0.9983 0.9382 0.9998 0.9488 0.9300 0.9678 0.9285 0.9572
1 0.0216 0.2639 0.0135 0.2678 0.0093 0.2505 0.0173 0.2466
2 0.2568 0.6028 0.3356 0.4452 0.7221 0.8240 0.6432 0.9816
2 0.9469 0.2124 0.9443 0.2649 0.8294 0.2536 0.8320 0.2011
2 0.3080 0.0557 0.2882 0.0542 0.2900 0.0043 0.3098 0.0058
2 0.7063 0.0722 0.7047 0.0623 0.7334 0.0530 0.7350 0.0629
3 0.8099 0.4172 0.7891 0.3837 0.7958 0.3756 0.8166 0.4091
3 0.1313 0.0575 0.1466 0.0579 0.1453 0.1665 0.1299 0.1661
3 0.5631 0.1695 0.5757 0.0696 0.5892 0.0729 0.5766 0.1728
3 0.4414 0.8743 0.4552 0.9338 0.4457 0.9381 0.4319 0.8786
4 0.8812 0.4766 0.8739 0.4790 0.8733 0.4754 0.8806 0.4730
4 0.3966 0.0957 0.3908 0.0841 0.4097 0.0655 0.4155 0.0771
4 0.6958 0.0314 0.7009 0.0581 0.6219 0.0878 0.6168 0.0611
4 0.6260 0.8578 0.6344 0.8593 0.6340 0.8642 0.6256 0.8627
6 0.4065 0.3169 0.4181 0.2898 0.4377 0.3063 0.4261 0.3334
6 0.8980 0.7631 0.8380 0.7734 0.8231 0.6041 0.8832 0.5938
6 0.8715 0.9010 0.8445 0.8617 0.8633 0.8362 0.8904 0.8755
6 0.6619 0.1978 0.7758 0.2826 0.7453 0.3630 0.6314 0.2782
7 0.4577 0.6569 0.4457 0.6494 0.4600 0.6043 0.4720 0.6118
7 0.0463 0.5696 0.0484 0.5606 0.0857 0.5776 0.0836 0.5866
7 0.5228 0.7176 0.5166 0.7161 0.5192 0.6948 0.5254 0.6963
7 0.0205 0.5225 0.0191 0.5000 0.0558 0.4955 0.0572 0.5180
9 0.2330 0.4841 0.2248 0.4544 0.3010 0.4135 0.3092 0.4432
9 0.0966 0.7638 0.0348 0.6986 0.1422 0.4990 0.2040 0.5642
9 0.3407 0.6830 0.3202 0.6500 0.4071 0.5442 0.4276 0.5772
9 0.6951 0.3651 0.6524 0.4086 0.5380 0.1881 0.5807 0.1446
12 0.6925 0.3584 0.6893 0.3512 0.8261 0.2316 0.8293 0.2388
12 0.5435 0.1371 0.5595 0.1539 0.5523 0.1673 0.5363 0.1505
12 0.8678 0.8179 0.8349 0.8593 0.6314 0.5429 0.6643 0.5015
12 0.3817 0.3409 0.4194 0.3335 0.4226 0.3651 0.3848 0.3725
13 0.3806 0.6420 0.3872 0.6502 0.3585 0.6948 0.3520 0.6866
13 0.6813 0.6693 0.6657 0.6622 0.6690 0.6479 0.6846 0.6550
13 0.3164 0.2302 0.3135 0.2345 0.3059 0.2246 0.3088 0.2203
13 0.2823 0.9424 0.2947 0.9461 0.2931 0.9564 0.2807 0.9527
15 0.9672 0.8178 0.9588 0.8390 0.9434 0.8270 0.9517 0.8058
15 0.9214 0.8093 0.8694 0.7225 0.9346 0.6459 0.9866 0.7327
15 0.8111 0.5296 0.9400 0.5139 0.9469 0.6236 0.8180 0.6393
15 0.8073 0.8108 0.7670 0.8302 0.7522 0.7700 0.7925 0.7506
