0 0.7487 0.3068 0.7873 0.3068 0.7873 0.8192 0.7487 0.8192
0 0.7750 0.0791 0.7750 0.2293 0.4593 0.2293 0.4593 0.0791
0 0.6438 0.9537 0.5557 0.8766 0.6351 0.6987 0.7232 0.7758
0 0.1399 0.9159 0.1740 0.9168 0.1736 0.9529 0.1394 0.9520
1 0.1886 0.4446 0.1801 0.4533 0.1331 0.3626 0.1416 0.3539
1 0.1702 0.7426 0.1709 0.7284 0.2427 0.7354 0.2419 0.7496
1 0.7949 0.7939 0.7848 0.7949 0.7831 0.7613 0.7932 0.7603
1 0.6911 0.9881 0.6888 0.9787 0.7361 0.9559 0.7384 0.9653
2 0.9199 0.6008 0.9475 0.7997 0.4599 0.9324 0.4322 0.7335
2 0.6920 0.5530 0.6017 0.5508 0.6026 0.4806 0.6929 0.4828
2 0.9651 0.2493 0.9213 0.3369 0.8600 0.2767 0.9038 0.1891
2 0.7806 0.0053 0.7727 0.0753 0.7608 0.0727 0.7687 0.0027
3 0.6686 0.8714 0.6683 0.8806 0.6354 0.8790 0.6357 0.8698
3 0.3179 0.6802 0.3059 0.6772 0.3166 0.5918 0.3287 0.5948
3 0.1070 0.9004 0.0108 0.8347 0.0210 0.8052 0.1172 0.8709
3 0.3737 0.3524 0.2986 0.3182 0.3054 0.2888 0.3806 0.3230
4 0.6275 0.4693 0.5951 0.6012 0.5856 0.5967 0.6181 0.4648
4 0.4489 0.5567 0.4418 0.5694 0.4337 0.5605 0.4408 0.5478
4 0.5795 0.2711 0.5511 0.2841 0.5479 0.2705 0.5764 0.2575
4 0.3950 0.6355 0.3902 0.6733 0.3739 0.6693 0.3787 0.6315
6 0.9698 0.0451 0.9970 0.0532 0.9957 0.0621 0.9684 0.0540
6 0.8067 0.9808 0.7238 0.9992 0.6973 0.7656 0.7802 0.7472
6 0.8206 0.6828 0.8096 0.6255 0.8371 0.6152 0.8481 0.6725
6 0.7556 0.4577 0.7362 0.4066 0.7484 0.3975 0.7678 0.4486
7 0.1748 0.5510 0.1797 0.5575 0.1484 0.6046 0.1434 0.5981
7 0.6440 0.6662 0.6355 0.7029 0.5662 0.6714 0.5748 0.6347
7 0.7608 0.5948 0.7647 0.5711 0.8097 0.5856 0.8058 0.6093
7 0.0496 0.4126 0.0669 0.4152 0.0633 0.4638 0.0459 0.4612
9 0.2870 0.1606 0.4576 0.1055 0.4667 0.1606 0.2961 0.2157
9 0.2820 0.1858 0.2985 0.1255 0.4486 0.2062 0.4321 0.2665
9 0.3813 0.5726 0.3436 0.5717 0.3453 0.4402 0.3829 0.4411
9 0.5929 0.8432 0.4534 0.6546 0.4851 0.6088 0.6246 0.7974
12 0.7260 0.7841 0.7145 0.7824 0.7246 0.6479 0.7361 0.6496
12 0.4449 0.3672 0.4258 0.4221 0.1556 0.2376 0.1748 0.1827
12 0.2923 0.1212 0.2688 0.0618 0.2974 0.0396 0.3209 0.0990
12 0.9890 0.0807 0.9560 0.1085 0.9442 0.0809 0.9771 0.0531
13 0.7532 0.5727 0.7586 0.5859 0.7485 0.5941 0.7431 0.5809
13 0.6416 0.3178 0.6458 0.3063 0.6507 0.3098 0.6465 0.3213
13 0.7987 0.5185 0.7820 0.4874 0.8095 0.4583 0.8263 0.4894
13 0.4400 0.5530 0.4389 0.5657 0.4328 0.5646 0.4339 0.5519
15 0.4799 0.9961 0.4128 0.9482 0.4330 0.8927 0.5001 0.9406
15 0.3449 0.5672 0.3640 0.5874 0.3446 0.6236 0.3254 0.6034
15 0.1535 0.5379 0.2192 0.6179 0.1717 0.6945 0.1059 0.6145
15 0.4817 0.0679 0.5121 0.1447 0.4665 0.1801 0.4362 0.1033
