0 0.5128 0.4287 0.5178 0.6290 0.2572 0.6417 0.2522 0.4414
0 0.4596 0.2295 0.6001 0.3090 0.5310 0.5485 0.3905 0.4690
0 0.4926 0.3006 0.3852 0.5076 0.2005 0.3198 0.3080 0.1128
0 0.9054 0.1498 0.6370 0.3938 0.6063 0.3274 0.8747 0.0834
1 0.2630 0.0571 0.2881 0.0559 0.2884 0.0665 0.2633 0.0677
1 0.7709 0.6848 0.7699 0.6809 0.8051 0.6640 0.8061 0.6679
1 0.5908 0.7136 0.5899 0.7100 0.6260 0.6916 0.6270 0.6952
1 0.4679 0.9584 0.4856 0.9232 0.4938 0.9312 0.4762 0.9664
2 0.7155 0.8091 0.4136 0.9714 0.3596 0.7745 0.6615 0.6122
2 0.8799 0.6884 0.9324 0.7013 0.9315 0.7080 0.8791 0.6951
2 0.5038 0.1847 0.4907 0.3153 0.4442 0.3061 0.4573 0.1755
2 0.5424 0.5066 0.5469 0.6255 0.5267 0.6270 0.5223 0.5081
3 0.1451 0.7959 0.1547 0.8056 0.1197 0.8729 0.1102 0.8632
3 0.6076 0.2978 0.6875 0.3037 0.6864 0.3350 0.6065 0.3291
3 0.5223 0.3324 0.5611 0.3208 0.5635 0.3360 0.5246 0.3476
3 0.3004 0.3083 0.3021 0.3255 0.2402 0.3377 0.2384 0.3205
4 0.8415 0.3394 0.8292 0.3437 0.8276 0.3346 0.8399 0.3303
4 0.5960 0.4900 0.5924 0.4964 0.5829 0.4860 0.5864 0.4796
4 0.1374 0.5282 0.1452 0.5526 0.1369 0.5578 0.1291 0.5334
4 0.6033 0.4164 0.6138 0.4615 0.6013 0.4672 0.5908 0.4221
6 0.7719 0.7709 0.7809 0.7535 0.7935 0.7663 0.7845 0.7837
6 0.8536 0.8107 0.9214 0.7338 0.9398 0.7657 0.8721 0.8426
6 0.1821 0.3101 0.1459 0.2595 0.1702 0.2255 0.2064 0.2761
6 0.0751 0.9680 0.1086 0.9696 0.1083 0.9804 0.0748 0.9788
7 0.0790 0.4273 0.0531 0.4046 0.0767 0.3519 0.1026 0.3746
7 0.2593 0.1779 0.2667 0.1794 0.2647 0.1997 0.2573 0.1982
7 0.7286 0.2064 0.7259 0.2373 0.6351 0.2216 0.6378 0.1907
7 0.1176 0.2113 0.1008 0.2008 0.1204 0.1395 0.1372 0.1500
9 0.5845 0.5376 0.6177 0.3507 0.6547 0.3636 0.6214 0.5505
9 0.4236 0.0353 0.4070 0.3009 0.3624 0.2955 0.3790 0.0299
9 0.4803 0.5525 0.4696 0.7664 0.4071 0.7603 0.4178 0.5464
9 0.0540 0.1483 0.1686 0.1427 0.1703 0.2121 0.0557 0.2177
12 0.3951 0.6155 0.4120 0.4219 0.4389 0.4265 0.4220 0.6201
12 0.7302 0.8960 0.7458 0.8983 0.7398 0.9776 0.7242 0.9753
12 0.3688 0.8765 0.3620 0.7667 0.9006 0.7007 0.9075 0.8105
12 0.5712 0.0187 0.5696 0.1478 0.5523 0.1473 0.5539 0.0182
13 0.4027 0.5709 0.3912 0.5829 0.3819 0.5655 0.3933 0.5535
13 0.4731 0.1731 0.4810 0.1440 0.4918 0.1497 0.4838 0.1788
13 0.7099 0.4541 0.6148 0.4233 0.6235 0.3703 0.7186 0.4011
13 0.5958 0.1874 0.6083 0.1960 0.6042 0.2078 0.5917 0.1992
15 0.6304 0.6652 0.6873 0.6990 0.6671 0.7656 0.6102 0.7318
15 0.4667 0.8459 0.4977 0.9213 0.4325 0.9741 0.4014 0.8987
15 0.1422 0.8419 0.1595 0.9666 0.0850 0.9869 0.0676 0.8622
15 0.0837 0.4987 0.0916 0.4416 0.1335 0.4529 0.1255 0.5100
