0 0.8131 0.7369 0.7957 0.5052 0.9324 0.4851 0.9497 0.7168
0 0.4361 0.4516 0.3033 0.3948 0.3831 0.0296 0.5158 0.0864
0 0.2390 0.4931 0.3160 0.3926 0.4984 0.6665 0.4214 0.7670
0 0.5276 0.6259 0.5355 0.8369 0.1766 0.8633 0.1687 0.6523
1 0.3038 0.0621 0.3025 0.0606 0.3097 0.0495 0.3109 0.0510
1 0.7710 0.7514 0.7847 0.7699 0.7796 0.7774 0.7659 0.7589
1 0.7753 0.3386 0.7808 0.3315 0.8167 0.3854 0.8112 0.3925
1 0.3587 0.9282 0.3505 0.9278 0.3513 0.8978 0.3595 0.8982
2 0.0947 0.2897 0.0705 0.2519 0.1073 0.2055 0.1315 0.2433
2 0.2116 0.3437 0.2363 0.2302 0.2767 0.2475 0.2519 0.3610
2 0.3399 0.9234 0.4144 0.9031 0.4227 0.9630 0.3482 0.9833
2 0.7247 0.2916 0.7247 0.4428 0.6173 0.4428 0.6173 0.2916
3 0.0072 0.2820 0.0249 0.3401 0.0176 0.3444 -0.0000 0.2863
3 0.5100 0.7535 0.4477 0.7786 0.4445 0.7633 0.5069 0.7382
3 0.8999 0.6587 0.9116 0.6584 0.9127 0.7477 0.9010 0.7480
3 0.8239 0.8058 0.9082 0.7652 0.9132 0.7858 0.8290 0.8264
4 0.1776 0.9307 0.1790 0.9188 0.1847 0.9201 0.1833 0.9320
4 0.2164 0.6482 0.2040 0.6494 0.1999 0.5678 0.2123 0.5666
4 0.0857 0.9807 0.1147 0.9908 0.1134 0.9981 0.0844 0.9880
4 0.1990 0.8476 0.1956 0.8632 0.1899 0.8608 0.1933 0.8452
6 0.1217 0.8239 0.1347 0.9268 0.1100 0.9329 0.0970 0.8300
6 0.7595 0.2175 0.7697 0.2713 0.7568 0.2761 0.7465 0.2223
6 0.7536 0.7087 0.7623 0.6604 0.7855 0.6685 0.7769 0.7168
6 0.6699 0.6605 0.6314 0.5864 0.6492 0.5683 0.6877 0.6424
7 0.3197 0.8743 0.3291 0.8708 0.3340 0.8965 0.3246 0.9000
7 0.8843 0.2813 0.8830 0.2687 0.9054 0.2643 0.9067 0.2769
7 0.7021 0.7238 0.6648 0.7164 0.6662 0.7026 0.7035 0.7100
7 0.3641 0.6304 0.3494 0.6060 0.4271 0.5148 0.4417 0.5392
9 0.6706 0.4919 0.7677 0.7274 0.7282 0.7593 0.6311 0.5238
9 0.5246 0.4357 0.3485 0.7629 0.2937 0.7051 0.4698 0.3779
9 0.4074 0.4703 0.4475 0.4965 0.3694 0.7309 0.3294 0.7047
9 0.5840 0.2366 0.5428 0.2243 0.5737 0.0206 0.6149 0.0329
12 0.9634 0.3914 0.9878 0.4145 0.9049 0.5866 0.8805 0.5635
12 0.1019 0.3703 0.1850 0.3971 0.1770 0.4457 0.0939 0.4189
12 0.8895 0.1686 0.8773 0.1773 0.8548 0.1154 0.8670 0.1067
12 0.8017 0.5878 0.8101 0.5999 0.7383 0.6970 0.7299 0.6849
13 0.4397 0.6033 0.4391 0.5879 0.4552 0.5867 0.4558 0.6021
13 0.9420 0.1902 0.9402 0.1822 0.9454 0.1798 0.9473 0.1878
13 0.4340 0.8814 0.4095 0.8906 0.4077 0.8814 0.4323 0.8722
13 0.2669 0.9644 0.2720 0.9579 0.2834 0.9756 0.2782 0.9821
15 0.3594 0.3590 0.3975 0.2855 0.4478 0.3366 0.4096 0.4101
15 0.1617 0.0875 0.1729 0.0579 0.2049 0.0817 0.1936 0.1113
15 0.1534 0.6615 0.1700 0.7331 0.1274 0.7525 0.1108 0.6809
15 0.1622 0.5676 0.1738 0.4526 0.2418 0.4660 0.2302 0.5810
