0 0.0935 0.5544 0.0841 0.5086 0.1862 0.4676 0.1956 0.5134
0 0.0527 0.3988 0.1387 0.3967 0.1396 0.4656 0.0536 0.4677
0 0.7667 0.7802 0.7483 0.7775 0.7667 0.5318 0.7852 0.5345
0 0.3200 0.2146 0.4759 0.1520 0.5700 0.6114 0.4141 0.6740
1 0.3803 0.7456 0.4107 0.7586 0.4094 0.7644 0.3790 0.7514
1 0.8530 0.7706 0.8626 0.7930 0.8564 0.7982 0.8468 0.7758
1 0.0759 0.1769 0.0804 0.1763 0.0841 0.2355 0.0796 0.2361
1 0.7559 0.0272 0.7720 0.0328 0.7658 0.0676 0.7497 0.0620
2 0.0156 0.6698 0.0492 0.7258 0.0407 0.7358 0.0071 0.6798
2 0.6222 0.3050 0.6285 0.2919 0.6670 0.3282 0.6606 0.3413
2 0.5726 0.2943 0.6858 0.4273 0.3597 0.9713 0.2465 0.8383
2 0.6830 0.7470 0.9627 0.8020 0.9456 0.9718 0.6659 0.9168
3 0.5254 0.7564 0.5304 0.6215 0.5486 0.6228 0.5436 0.7577
3 0.2162 0.7660 0.1756 0.7167 0.1855 0.7008 0.2261 0.7501
3 0.9517 0.4081 0.9598 0.3151 0.9763 0.3179 0.9682 0.4109
3 0.6585 0.9512 0.6634 0.8955 0.6709 0.8968 0.6660 0.9525
4 0.4892 0.9254 0.4848 0.9294 0.4720 0.9018 0.4764 0.8978
4 0.1948 0.9036 0.1914 0.9003 0.1935 0.8960 0.1969 0.8993
4 0.2974 0.7850 0.3017 0.7771 0.3175 0.7938 0.3132 0.8017
4 0.7082 0.5874 0.7083 0.5799 0.7181 0.5802 0.7180 0.5877
6 0.2371 0.0195 0.2555 0.0168 0.2575 0.0429 0.2391 0.0456
6 0.0524 0.7882 0.0655 0.8011 0.0562 0.8198 0.0430 0.8069
6 0.3401 0.3530 0.3581 0.4409 0.3370 0.4494 0.3190 0.3615
6 0.4061 0.8278 0.3581 0.8666 0.3302 0.7990 0.3782 0.7602
7 0.0900 0.6902 0.0923 0.6961 0.0783 0.7070 0.0760 0.7011
7 0.4645 0.5271 0.4670 0.4987 0.4983 0.5041 0.4959 0.5325
7 0.8925 0.6660 0.9044 0.6695 0.8978 0.7128 0.8859 0.7093
7 0.8232 0.1046 0.8187 0.0932 0.8442 0.0734 0.8487 0.0848
9 0.3067 0.4817 0.2556 0.6897 0.2144 0.6699 0.2656 0.4619
9 0.5457 0.7135 0.5840 0.7362 0.5274 0.9229 0.4891 0.9002
9 0.3407 0.6511 0.3901 0.6608 0.3659 0.9017 0.3165 0.8920
9 0.7921 0.5982 0.7319 0.4631 0.7736 0.4266 0.8339 0.5617
12 0.3829 0.3499 0.3801 0.3626 0.1548 0.2661 0.1576 0.2534
12 0.2761 0.5535 0.2426 0.5901 0.2316 0.5705 0.2651 0.5339
12 0.9773 0.4666 0.9860 0.5043 0.9679 0.5126 0.9591 0.4749
12 0.0867 0.7601 0.0492 0.8409 0.0327 0.8259 0.0702 0.7451
13 0.5229 0.8371 0.5122 0.8420 0.5056 0.8137 0.5163 0.8088
13 0.2607 0.6540 0.2678 0.6553 0.2667 0.6660 0.2597 0.6647
13 0.5904 0.6131 0.5899 0.6236 0.3744 0.6025 0.3750 0.5920
13 0.0986 0.9769 0.0953 0.9476 0.1337 0.9391 0.1370 0.9684
15 0.0225 0.1684 0.0874 0.0999 0.1284 0.1760 0.0634 0.2445
15 0.7032 0.7557 0.6805 0.7512 0.6853 0.7031 0.7081 0.7076
15 0.1287 0.0898 0.0785 0.2114 0.0059 0.1526 0.0560 0.0310
15 0.4372 0.7914 0.3945 0.7840 0.3999 0.7218 0.4426 0.7292
