0 0.7390 0.6407 0.7480 0.6954 0.5319 0.7653 0.5228 0.7106
0 0.8708 0.2058 0.9004 0.5004 0.5172 0.5758 0.4876 0.2812
0 0.4947 0.5297 0.8790 0.2315 0.9750 0.4739 0.5907 0.7721
0 0.8300 0.3799 0.5624 0.3865 0.5603 0.2177 0.8279 0.2111
1 0.7403 0.8686 0.7420 0.8696 0.7383 0.8834 0.7365 0.8824
1 0.3375 0.7610 0.3392 0.7654 0.2957 0.7978 0.2940 0.7934
1 0.9300 0.1082 0.9002 0.1016 0.9009 0.0958 0.9306 0.1024
1 0.8999 0.4977 0.8879 0.4956 0.8884 0.4891 0.9004 0.4912
2 0.9043 0.5286 0.8705 0.5937 0.8140 0.5362 0.8478 0.4711
2 0.5516 0.9895 0.5809 0.9439 0.5887 0.9537 0.5593 0.9993
2 0.3519 0.6194 0.2341 0.9729 0.1901 0.9442 0.3079 0.5907
2 0.3769 0.4434 0.3738 0.4545 0.3114 0.4210 0.3145 0.4099
3 0.2531 0.9609 0.2572 0.9435 0.3249 0.9743 0.3208 0.9917
3 0.1019 0.7315 0.1099 0.7367 0.0910 0.7933 0.0830 0.7881
3 0.9459 0.8920 0.9496 0.9099 0.8795 0.9380 0.8759 0.9201
3 0.3611 0.6534 0.3529 0.6601 0.3289 0.6018 0.3371 0.5951
4 0.6632 0.5502 0.6554 0.5441 0.6688 0.5102 0.6766 0.5163
4 0.7859 0.8103 0.8027 0.8188 0.7910 0.8637 0.7742 0.8552
4 0.2037 0.0915 0.1906 0.1134 0.1854 0.1073 0.1986 0.0854
4 0.0931 0.1094 0.0608 0.0964 0.0632 0.0850 0.0955 0.0980
6 0.3653 0.8663 0.3761 0.8915 0.3578 0.9069 0.3470 0.8817
6 0.1520 0.7784 0.1091 0.7068 0.1605 0.6464 0.2035 0.7180
6 0.6345 0.3031 0.6416 0.2560 0.6529 0.2593 0.6458 0.3064
6 0.9543 0.9394 0.9275 0.9594 0.9180 0.9342 0.9447 0.9142
7 0.4731 0.0664 0.4897 0.0495 0.5234 0.1144 0.5068 0.1313
7 0.5175 0.1994 0.5153 0.2205 0.4914 0.2158 0.4935 0.1947
7 0.4426 0.9283 0.4162 0.9322 0.4097 0.8457 0.4361 0.8418
7 0.1375 0.8545 0.1362 0.8341 0.1411 0.8335 0.1423 0.8539
9 0.5680 0.5319 0.7349 0.5816 0.7266 0.6365 0.5597 0.5868
9 0.2865 0.7000 0.3169 0.7226 0.2590 0.8752 0.2285 0.8526
9 0.8398 0.3773 0.8151 0.3712 0.8311 0.2439 0.8558 0.2500
9 0.5992 0.7013 0.5500 0.6494 0.5602 0.6303 0.6095 0.6822
12 0.3516 0.5686 0.3408 0.5470 0.4684 0.4218 0.4792 0.4434
12 0.6801 0.8569 0.6417 0.9624 0.1239 0.5931 0.1623 0.4876
12 0.8003 0.6201 0.7721 0.6180 0.7731 0.5915 0.8013 0.5936
12 0.8756 0.6675 0.8815 0.6655 0.9178 0.8697 0.9120 0.8717
13 0.8501 0.1740 0.8433 0.1651 0.8501 0.1548 0.8570 0.1637
13 0.2302 0.8490 0.2380 0.8328 0.2458 0.8402 0.2380 0.8564
13 0.9209 0.1152 0.9232 0.1173 0.8791 0.2124 0.8768 0.2103
13 0.4985 0.1349 0.4880 0.1290 0.4983 0.0931 0.5089 0.0990
15 0.0310 0.3777 0.0191 0.3511 0.0447 0.3287 0.0566 0.3553
15 0.2185 0.6547 0.2278 0.6119 0.2721 0.6309 0.2627 0.6737
15 0.2939 0.2534 0.3497 0.1603 0.3901 0.2078 0.3343 0.3009
15 0.5643 0.1653 0.5421 0.1736 0.5254 0.0863 0.5476 0.0780
