0 0.9507 0.6083 0.9818 0.7218 0.5333 0.9629 0.5022 0.8494
0 0.6551 0.1216 0.7279 0.2784 0.5915 0.4024 0.5187 0.2456
0 0.4686 0.6171 0.5235 0.7310 0.3634 0.8821 0.3085 0.7682
0 0.1342 0.5194 0.2131 0.3426 0.5541 0.6410 0.4752 0.8178
1 0.2276 0.9202 0.2404 0.9375 0.2364 0.9434 0.2236 0.9261
1 0.4313 0.1207 0.4378 0.1242 0.4319 0.1457 0.4254 0.1422
1 0.8727 0.3008 0.8456 0.2823 0.8507 0.2676 0.8778 0.2861
1 0.2008 0.7992 0.2041 0.7983 0.2129 0.8624 0.2097 0.8633
2 0.4066 0.1528 0.5344 0.1685 0.5234 0.3440 0.3956 0.3283
2 0.5881 0.3643 0.6787 0.4746 0.6688 0.4905 0.5781 0.3802
2 0.8510 0.3077 0.8268 0.2415 0.9362 0.1635 0.9603 0.2297
2 0.3902 0.3727 0.4110 0.3392 0.4844 0.4285 0.4636 0.4620
3 0.1924 0.5299 0.1998 0.5586 0.1428 0.5877 0.1353 0.5590
3 0.1496 0.5746 0.1545 0.3803 0.1778 0.3814 0.1730 0.5757
3 0.1131 0.4357 0.1250 0.3411 0.1378 0.3443 0.1259 0.4389
3 0.1854 0.1614 0.2058 0.1398 0.2486 0.2194 0.2282 0.2410
4 0.1774 0.9043 0.1872 0.9080 0.1863 0.9129 0.1765 0.9092
4 0.8878 0.2458 0.8938 0.2702 0.8848 0.2746 0.8788 0.2502
4 0.0984 0.4019 0.0916 0.4124 0.0853 0.4045 0.0921 0.3940
4 0.7228 0.8702 0.7365 0.8595 0.7438 0.8778 0.7300 0.8885
6 0.2460 0.3146 0.4038 0.6421 0.2860 0.7534 0.1282 0.4259
6 0.2546 0.5447 0.1886 0.5678 0.1554 0.3817 0.2214 0.3586
6 0.9590 0.5487 0.9721 0.6283 0.9530 0.6345 0.9399 0.5549
6 0.4820 0.6275 0.5001 0.6714 0.4369 0.7225 0.4188 0.6786
7 0.4823 0.3700 0.4687 0.3884 0.4640 0.3816 0.4776 0.3632
7 0.7614 0.4099 0.7381 0.4414 0.6440 0.3049 0.6673 0.2734
7 0.5898 0.8125 0.5566 0.8590 0.4779 0.7487 0.5111 0.7022
7 0.8577 0.8909 0.8491 0.8811 0.8685 0.8475 0.8772 0.8573
9 0.7821 0.7328 0.6485 0.6534 0.6642 0.6016 0.7978 0.6810
9 0.4077 0.4713 0.4093 0.4080 0.5220 0.4135 0.5205 0.4768
9 0.6172 0.2699 0.6106 0.3750 0.5931 0.3729 0.5997 0.2678
9 0.4193 0.4705 0.4193 0.3587 0.4736 0.3587 0.4736 0.4705
12 0.3991 0.1687 0.4043 0.1900 0.2772 0.2513 0.2719 0.2300
12 0.5724 0.6028 0.5293 0.7685 0.5071 0.7572 0.5501 0.5915
12 0.2477 0.1947 0.2641 0.2161 0.2083 0.2997 0.1919 0.2783
12 0.6551 0.8073 0.6646 0.7935 0.7140 0.8603 0.7045 0.8741
13 0.7018 0.5882 0.6962 0.5916 0.6899 0.5718 0.6955 0.5684
13 0.8625 0.1007 0.8755 0.1070 0.8707 0.1265 0.8577 0.1202
13 0.5947 0.9622 0.5715 0.9697 0.5676 0.9462 0.5908 0.9387
13 0.6043 0.4642 0.5998 0.4658 0.5739 0.3206 0.5785 0.3190
15 0.5155 0.2067 0.4531 0.2941 0.4162 0.2425 0.4786 0.1551
15 0.8373 0.4306 0.8400 0.3884 0.8709 0.3922 0.8683 0.4344
15 0.7138 0.8715 0.6907 0.9214 0.6527 0.8869 0.6759 0.8370
15 0.1955 0.2135 0.3212 0.2258 0.3160 0.3297 0.1903 0.3174
