0 0.9777804017066956 0.5880487561225891 0.9780977368354797 0.25734689831733704 0.5705007314682007 0.25656458735466003 0.5701833367347717 0.5872664451599121
4 0.5744428038597107 0.677381157875061 0.5821077227592468 0.6772881746292114 0.5819222331047058 0.6466974020004272 0.5742573142051697 0.6467903852462769
4 0.38377445936203003 0.5213842391967773 0.39335528016090393 0.5211836695671082 0.39297404885292053 0.48477038741111755 0.38339322805404663 0.48497098684310913
4 0.38625380396842957 0.6485766172409058 0.3932071626186371 0.6485202312469482 0.3930426836013794 0.6079744696617126 0.3860892951488495 0.6080308556556702
4 0.3979662358760834 0.5208244919776917 0.4066641330718994 0.5207861661911011 0.4065938889980316 0.4888956546783447 0.3978959918022156 0.4889339506626129
15 0.39083170890808105 0.4767814874649048 0.391245037317276 0.3827599585056305 0.3240712881088257 0.3821693956851959 0.32365795969963074 0.4761909246444702
7 0.7908844947814941 0.08950329571962357 0.7944637537002563 0.22782431542873383 0.9215481281280518 0.22124794125556946 0.91796875 0.0829269140958786 ® ALPHATON - Ziegelfe Querformat- Ausführung 2.75a M1:1(V) Fenstersturz aus Metall / ohne Rolladen 
4 0.39237478375434875 0.6736275553703308 0.4026646316051483 0.6734204292297363 0.40231049060821533 0.6382354497909546 0.3920206129550934 0.6384425163269043
7 0.6019769906997681 0.3611162006855011 0.6020378470420837 0.3827678859233856 0.6376397013664246 0.38256773352622986 0.6375788450241089 0.36091604828834534 THERM 
4 0.5721496343612671 0.2946137487888336 0.5808782577514648 0.29463526606559753 0.580906867980957 0.2714187502861023 0.5721782445907593 0.2713972330093384
4 0.3850650489330292 0.39033231139183044 0.3931877613067627 0.39036014676094055 0.39324766397476196 0.3553706705570221 0.38512495160102844 0.3553428649902344
4 0.3835689127445221 0.366049587726593 0.38365334272384644 0.38299962878227234 0.4201399087905884 0.38263610005378723 0.42005544900894165 0.3656860291957855
3 0.19677366316318512 0.38860028982162476 0.21303902566432953 0.38852909207344055 0.21267975866794586 0.2245239019393921 0.19641439616680145 0.22459515929222107
4 0.5780913233757019 0.6800335645675659 0.5921500325202942 0.6797203421592712 0.5917447805404663 0.6433385610580444 0.577686071395874 0.6436517834663391
4 0.38665640354156494 0.40467536449432373 0.39257046580314636 0.4046653211116791 0.3925555348396301 0.38708609342575073 0.3866414725780487 0.387096107006073
15 0.31742584705352783 0.48077303171157837 0.3913198411464691 0.4827321171760559 0.39368748664855957 0.30413827300071716 0.3197935223579407 0.302179217338562
4 0.38797804713249207 0.6695659160614014 0.39517998695373535 0.6694161295890808 0.3946852385997772 0.6218613982200623 0.38748329877853394 0.6220112442970276
0 -0.0052751703187823296 0.4172843098640442 0.22868730127811432 0.41860729455947876 0.2296627163887024 0.07365056872367859 -0.0042997561395168304 0.07232756167650223
7 0.42500144243240356 0.6336216330528259 0.4250764846801758 0.6693322658538818 0.4873044788837433 0.6690708994865417 0.48722943663597107 0.6333602070808411 VERTIKALES GRUNDPROFIL 
4 0.581504762172699 0.6807346343994141 0.5954716205596924 0.6806254386901855 0.5953481793403625 0.6490505337715149 0.5813813209533691 0.6491597294807434
4 0.5738453269004822 0.2961989939212799 0.5803344249725342 0.29612159729003906 0.5802310109138489 0.2787665128707886 0.5737419128417969 0.2788439095020294
0 0.9861396551132202 0.31031689047813416 0.9988232851028442 0.3105691373348236 1.0011835098266602 0.07326699793338776 0.9884998202323914 0.07301471382379532
7 0.6628798842430115 0.2689859867095947 0.6668688654899597 0.2968124747276306 0.6980912089347839 0.28786158561706543 0.6941022276878357 0.26003512740135193 Um un ne 
