12 0.6788510680198669 0.4858470559120178 0.6789944171905518 0.528705894947052 0.822443425655365 0.5277465581893921 0.822300136089325 0.4848876893520355
0 -0.0036046672612428665 0.06111060455441475 -0.0023222146555781364 0.35000917315483093 0.38249826431274414 0.3465929925441742 0.38121581077575684 0.05769440531730652
0 0.09835632890462875 0.07084208726882935 0.10066068917512894 0.34802764654159546 0.48103731870651245 0.34170377254486084 0.4787329435348511 0.06451822817325592
4 0.2858065366744995 0.6122279763221741 0.2992779612541199 0.612227737903595 0.29927748441696167 0.5586629509925842 0.2858060598373413 0.5586631298065186
4 0.5510975122451782 0.7045154571533203 0.5593704581260681 0.7044298648834229 0.5592167973518372 0.6747615933418274 0.550943911075592 0.6748472452163696
7 0.23844510316848755 0.7162586450576782 0.2385067343711853 0.6999393105506897 0.18731822073459625 0.699552595615387 0.1872565746307373 0.7158719301223755 LUFTRAUM 
4 0.5425779223442078 0.33944451808929443 0.55344158411026 0.3395824730396271 0.5536831617355347 0.3015393912792206 0.5428194403648376 0.30140143632888794
7 0.2533995509147644 0.3048839271068573 0.2534675598144531 0.28183603286743164 0.18278838694095612 0.28141894936561584 0.1827203780412674 0.3044668436050415 TRENNELEMENT\ u . " 
7 0.8801330327987671 0.7388835549354553 0.88020920753479 0.7674357891082764 0.9534706473350525 0.7670443058013916 0.9533944129943848 0.7384921312332153 (WAHLWEISE 4MM) 
2 0.5583090782165527 0.598282516002655 0.5643977522850037 0.3312419354915619 0.37378332018852234 0.32255059480667114 0.3676946759223938 0.5895911455154419
12 0.4825933277606964 0.7395491600036621 0.48341938853263855 0.685291588306427 0.17033535242080688 0.6757588982582092 0.16950927674770355 0.7300164103507996
7 0.8742314577102661 0.4630078077316284 0.8742550611495972 0.48650088906288147 0.9222143292427063 0.48640477657318115 0.92219078540802 0.4629117250442505 VARIANTE 
2 0.2457277476787567 0.5896079540252686 0.24590373039245605 0.31629085540771484 0.01837206818163395 0.3159979581832886 0.01819610595703125 0.5893149971961975
2 0.2557242214679718 0.3087984621524811 0.25606584548950195 0.5940924882888794 0.5704982280731201 0.5933395028114319 0.5701566338539124 0.3080454468727112
4 0.5496088266372681 0.6763453483581543 0.5593345761299133 0.6762784719467163 0.5592168569564819 0.6420497894287109 0.5494911074638367 0.6421166658401489
0 0.946963369846344 0.6676660180091858 1.003352403640747 0.6676009297370911 1.0031728744506836 0.35633528232574463 0.9467838406562805 0.35640037059783936
7 0.23511582612991333 0.6314413547515869 0.2351258546113968 0.6141275763511658 0.1821555495262146 0.6140663027763367 0.18214556574821472 0.6313800811767578 TRAGPROFIL 
12 0.43996986746788025 0.6915650367736816 0.44073399901390076 0.6411662101745605 0.10725864768028259 0.6310542821884155 0.10649445652961731 0.6814531087875366
4 0.853675901889801 0.5367713570594788 0.8643713593482971 0.5366209149360657 0.8641096949577332 0.4994097650051117 0.8534142374992371 0.4995601773262024
12 0.7150562405586243 0.5621600151062012 0.7153378129005432 0.5985263586044312 0.8539860248565674 0.5963790416717529 0.8537043929100037 0.5600127577781677
0 0.258853554725647 0.32388877868652344 0.2597286105155945 0.592688798904419 0.5591484308242798 0.5907394886016846 0.558273434638977 0.32193949818611145
7 0.7923445701599121 0.5463786721229553 0.7923632860183716 0.5615359544754028 0.8482335805892944 0.5613979697227478 0.8482149243354797 0.5462406277656555 T prorı. | 
12 0.3218482434749603 0.6877881288528442 0.32227468490600586 0.6470822095870972 0.015768056735396385 0.6406610608100891 0.01534163299947977 0.6813669800758362
4 0.7867386341094971 0.4530135989189148 0.7989311814308167 0.4530331790447235 0.7989738583564758 0.3998790681362152 0.7867813110351562 0.3998595178127289
1 0.5856461524963379 0.43275418877601624 0.5919385552406311 0.4328341782093048 0.592099130153656 0.407591313123703 0.585806667804718 0.40751129388809204
7 0.7494688630104065 0.4747130572795868 0.7494729161262512 0.45994120836257935 0.6996151804924011 0.4599136710166931 0.6996111273765564 0.47468551993370056 TRAGPROFIL 
0 0.9855563640594482 0.2503799796104431 0.9982671141624451 0.25064635276794434 1.0005877017974854 0.029215844348073006 0.9878768920898438 0.02894946187734604
0 0.9850416779518127 0.8430076241493225 0.9992579817771912 0.8433059453964233 1.0020121335983276 0.5808780193328857 0.9877958297729492 0.5805796384811401
0 0.9833737015724182 0.47645390033721924 0.999449610710144 0.4767456650733948 1.0020989179611206 0.18477585911750793 0.9860230684280396 0.18448415398597717
0 0.016881681978702545 0.7958590388298035 0.017109787091612816 1.041961908340454 0.4489403963088989 1.0411615371704102 0.4487123191356659 0.7950586080551147
7 0.6039086580276489 0.6384514570236206 0.6041130423545837 0.6662119030952454 0.6704694032669067 0.6652350425720215 0.6702650189399719 0.6374745965003967 GEKANTETES I 
0 0.9764789342880249 0.6462810635566711 0.999538779258728 0.6465505957603455 1.0010920763015747 0.38079872727394104 0.9780322909355164 0.3805291950702667
13 0.5865866541862488 0.4028356671333313 0.5924700498580933 0.4028014838695526 0.5923240184783936 0.35258248448371887 0.5864406228065491 0.35261663794517517
0 0.9837698340415955 0.9641397595405579 0.9984351992607117 0.9644943475723267 1.001142144203186 0.7406184077262878 0.9864767789840698 0.740263819694519
7 0.7872443795204163 0.1008412092924118 0.7987264394760132 0.21968363225460052 0.9010965824127197 0.19990448653697968 0.8896145224571228 0.08106203377246857 ® ALPHATON - Zieg Querformat- Ausführun 2.762 M1:1 (H) Fensterleibung aus Metall 
