15 0.49301818013191223 0.5375936627388 0.4930814206600189 0.6062080264091492 0.5498802065849304 0.6061033606529236 0.5498169660568237 0.5374889373779297
7 0.37541818618774414 0.4079940617084503 0.37550637125968933 0.42855486273765564 0.41799888014793396 0.42819032073020935 0.41791069507598877 0.40762951970100403 88 \ 33 
15 0.45006176829338074 0.5408100485801697 0.450117290019989 0.6062396764755249 0.5037500858306885 0.6061486601829529 0.5036945343017578 0.5407190322875977
12 0.2374420017004013 0.46481040120124817 0.23760803043842316 0.5252556204795837 0.3456939458847046 0.5246618390083313 0.3455279767513275 0.4642166197299957
15 0.6214869022369385 0.6198526620864868 0.6740570068359375 0.6196624040603638 0.6737898588180542 0.4720688760280609 0.6212197542190552 0.47225916385650635
15 0.3268478214740753 0.6203383803367615 0.37958306074142456 0.62027907371521 0.3794970214366913 0.4671901762485504 0.32676175236701965 0.46724948287010193
15 0.1965455859899521 0.4578358232975006 0.1971045434474945 0.532797634601593 0.2544505298137665 0.5319423675537109 0.25389158725738525 0.45698052644729614
12 0.6527031064033508 0.4659285545349121 0.6528053879737854 0.5229387879371643 0.7618164420127869 0.5225476026535034 0.7617141008377075 0.4655373692512512
15 0.809847891330719 0.5325647592544556 0.8104138374328613 0.45061784982681274 0.7471511363983154 0.4497438967227936 0.7465852499008179 0.531690776348114
15 0.327900230884552 0.5395354628562927 0.37356236577033997 0.539984405040741 0.37399256229400635 0.45245760679244995 0.3283304274082184 0.4520086944103241
12 0.6340188980102539 0.6064321994781494 0.6341056823730469 0.544325053691864 0.5445220470428467 0.5440747737884521 0.5444352626800537 0.6061818599700928
15 0.624536395072937 0.545248806476593 0.6701382994651794 0.545401394367218 0.6702970862388611 0.45046648383140564 0.6246952414512634 0.45031389594078064
15 0.18701571226119995 0.6320797204971313 0.256170392036438 0.6328436732292175 0.2571411728858948 0.4570693075656891 0.18798647820949554 0.4563053548336029
12 0.45779046416282654 0.5961217284202576 0.4578529894351959 0.5471840500831604 0.36738699674606323 0.546953022480011 0.36732450127601624 0.5958907604217529
