4 0.6557174324989319 0.34817689657211304 0.6623845100402832 0.34806379675865173 0.6621936559677124 0.3255601227283478 0.6555265784263611 0.3256732225418091
2 0.4031781852245331 0.32384955883026123 0.4032450318336487 0.2922207713127136 0.3290306627750397 0.29190710186958313 0.3289637863636017 0.32353588938713074
12 0.29308584332466125 0.37315529584884644 0.2931525707244873 0.3919767737388611 0.33727389574050903 0.3916639983654022 0.337207168340683 0.3728425204753876
2 0.7251706719398499 0.5593946576118469 0.7699496746063232 0.558865487575531 0.7690474987030029 0.4061673581600189 0.7242684960365295 0.40669652819633484
15 0.5768055319786072 0.6655658483505249 0.6416193246841431 0.666528582572937 0.6425811648368835 0.5370115637779236 0.5777674317359924 0.5360487699508667
4 0.7258021831512451 0.4070199728012085 0.7313253283500671 0.40710845589637756 0.7314851880073547 0.3871372938156128 0.7259620428085327 0.3870488405227661
2 0.7152618765830994 0.293405145406723 0.7153521776199341 0.3235791027545929 0.7687718868255615 0.32325902581214905 0.7686815857887268 0.2930850684642792
4 0.6550471782684326 0.6406797170639038 0.663237988948822 0.6405726075172424 0.6631014347076416 0.6196933388710022 0.6549106240272522 0.6198003888130188
4 0.718246340751648 0.5577528476715088 0.7243945598602295 0.5577460527420044 0.7243837714195251 0.5383412837982178 0.7182355523109436 0.5383480787277222
13 0.7174486517906189 0.4293438792228699 0.7250522971153259 0.4294185936450958 0.7251526713371277 0.4089885950088501 0.7175490260124207 0.40891388058662415
12 0.29193463921546936 0.5767338871955872 0.29203736782073975 0.5959685444831848 0.33709171414375305 0.5954872965812683 0.33698898553848267 0.5762525796890259
15 0.2862788140773773 0.533206582069397 0.2866443395614624 0.6585791110992432 0.4116578996181488 0.6578501462936401 0.4112924337387085 0.532477617263794
12 0.7609544992446899 0.3984951972961426 0.7730971574783325 0.3985445201396942 0.7732357382774353 0.3302783966064453 0.7610930800437927 0.33022910356521606
13 0.7679327726364136 0.42867401242256165 0.7739161252975464 0.42854195833206177 0.7737316489219666 0.4118213951587677 0.767748236656189 0.4119534492492676
1 0.7743644118309021 0.6705340147018433 0.7795092463493347 0.6704196333885193 0.779314398765564 0.652892529964447 0.7741695642471313 0.653006911277771
4 0.33350643515586853 0.6425713300704956 0.3436698615550995 0.6424987316131592 0.3435952365398407 0.6216093897819519 0.33343181014060974 0.6216820478439331
4 0.2903061509132385 0.3451186716556549 0.2978629469871521 0.3449653387069702 0.29766979813575745 0.3259269595146179 0.29011303186416626 0.3260802924633026
7 0.5069778561592102 0.5681461691856384 0.5070583820343018 0.5945855975151062 0.5391636490821838 0.5943900346755981 0.5390831232070923 0.5679506063461304 es] 
12 0.5714156627655029 0.42812901735305786 0.5714405179023743 0.40855851769447327 0.5028342604637146 0.408384770154953 0.502809464931488 0.4279552698135376
4 0.7674221396446228 0.4287130832672119 0.7738276720046997 0.42863142490386963 0.773715615272522 0.4110592305660248 0.7673100829124451 0.41114091873168945
7 0.14144647121429443 0.5680711269378662 0.14162284135818481 0.5946438312530518 0.17300763726234436 0.5942271947860718 0.17283129692077637 0.5676544904708862 =) 
12 0.29178741574287415 0.6477723717689514 0.29260051250457764 0.6840841770172119 0.40791136026382446 0.6789195537567139 0.40709826350212097 0.6426077485084534
13 0.7668967843055725 0.5543234944343567 0.7726106643676758 0.5543915629386902 0.7727140784263611 0.5370177030563354 0.7670002579689026 0.536949634552002
