4 0.6933731436729431 0.5815281867980957 0.7003636360168457 0.5815682411193848 0.7004300355911255 0.558374285697937 0.6934395432472229 0.5583341717720032
15 0.7133480906486511 0.6774452924728394 0.7157400250434875 0.5464199185371399 0.6186921000480652 0.5428761839866638 0.6163000464439392 0.6739014983177185
7 0.5247883796691895 0.495726615190506 0.524802029132843 0.5161423683166504 0.5637111663818359 0.5160903930664062 0.5636975169181824 0.49567463994026184 Aussen 
7 0.2592078149318695 0.4964599609375 0.25925612449645996 0.5161961317062378 0.29909688234329224 0.5160010457038879 0.2990485727787018 0.49626490473747253 Aussen 
4 0.6259045600891113 0.6571333408355713 0.6335425972938538 0.65715491771698 0.6335752010345459 0.6340863704681396 0.6259371638298035 0.634064793586731
7 0.5162926912307739 0.5256429314613342 0.5165817141532898 0.5428940057754517 0.5464121103286743 0.5418943166732788 0.5461230874061584 0.5246431827545166 OK_1.B. U 
7 0.22526808083057404 0.3880900740623474 0.22529932856559753 0.40708988904953003 0.27825701236724854 0.4069155752658844 0.27822574973106384 0.3879157602787018 |: & 
7 0.39841726422309875 0.3886291980743408 0.39848271012306213 0.40777716040611267 0.4440775215625763 0.40746527910232544 0.4440120756626129 0.3883173167705536 _ a £ S\ı=$ 
2 0.5028120279312134 0.31515783071517944 0.5028194785118103 0.33359208703041077 0.5577424168586731 0.33354783058166504 0.5577349662780762 0.3151135742664337
4 0.299633651971817 0.40917277336120605 0.30726492404937744 0.409469336271286 0.3076997399330139 0.38708728551864624 0.3000684380531311 0.38679075241088867
2 0.23777416348457336 0.3146628141403198 0.23778891563415527 0.33325374126434326 0.2936651408672333 0.3331650197505951 0.293650358915329 0.31457409262657166
7 0.7007927894592285 0.4964491128921509 0.7010223269462585 0.5171377062797546 0.7345318794250488 0.5163941383361816 0.7343023419380188 0.4957055151462555 Innen 
7 0.5761057734489441 0.6240339875221252 0.5761963725090027 0.6053999662399292 0.5320379734039307 0.6049708724021912 0.5319474339485168 0.6236048936843872 = \ 8 
4 0.3609042167663574 0.6572638750076294 0.3684132397174835 0.6571998000144958 0.36832186579704285 0.6357925534248352 0.36081284284591675 0.6358566284179688
7 0.43616533279418945 0.4974352717399597 0.43629810214042664 0.5166617631912231 0.4686388373374939 0.5162150859832764 0.4685060679912567 0.4969886541366577 Innen 
15 0.45271414518356323 0.6889715194702148 0.455082505941391 0.5489215850830078 0.35588499903678894 0.545566201210022 0.35351666808128357 0.6856161952018738
7 0.2655457854270935 0.6042571663856506 0.26554620265960693 0.6247644424438477 0.31234753131866455 0.6247625350952148 0.31234708428382874 0.6042552590370178 = & 
4 0.6921457052230835 0.5809640288352966 0.6985853314399719 0.5810074806213379 0.6986762285232544 0.5540094375610352 0.692236602306366 0.5539659857749939
7 0.2525928318500519 0.4633743166923523 0.2528191804885864 0.4872947931289673 0.2892223596572876 0.4866056740283966 0.28899601101875305 0.462685227394104 OK 0“ 
7 0.23849432170391083 0.5663608312606812 0.238620787858963 0.5865980386734009 0.26183804869651794 0.5863077640533447 0.26171159744262695 0.566070556640625 ER 
7 0.2504168152809143 0.5255847573280334 0.2512211501598358 0.5458393096923828 0.2832285165786743 0.5432971119880676 0.2824242115020752 0.5230425000190735 OK_f.B. BE 
0 0.7561824917793274 0.4658544063568115 0.7570275664329529 0.3292700946331024 0.6576939225196838 0.32804083824157715 0.6568488478660583 0.46462514996528625
4 0.3045591711997986 0.4064182937145233 0.3124440312385559 0.40675219893455505 0.312906414270401 0.38491347432136536 0.3050215542316437 0.3845795691013336
2 0.4959143102169037 0.3338816463947296 0.495958536863327 0.31749483942985535 0.4216199219226837 0.3170938193798065 0.4215756952762604 0.3334806263446808
7 0.4942876696586609 0.38819563388824463 0.49429842829704285 0.4106103777885437 0.5492480993270874 0.41055747866630554 0.5492373108863831 0.3881427049636841 II BB. 
7 0.7345211505889893 0.6444485187530518 0.7345381379127502 0.6347714066505432 0.7059187889099121 0.634670615196228 0.7059018015861511 0.6443477272987366 no “= >o© 
13 0.23879413306713104 0.5664054751396179 0.23882439732551575 0.5859143137931824 0.2618330717086792 0.5858429074287415 0.2618027925491333 0.566334068775177
15 0.5173187851905823 0.46296370029449463 0.5993751883506775 0.4644290804862976 0.6005876660346985 0.32862749695777893 0.5185312628746033 0.32716211676597595
4 0.7062854766845703 0.6855719089508057 0.7108391523361206 0.6855023503303528 0.7107129693031311 0.668953001499176 0.7061592936515808 0.6690225005149841
