4 0.49039822816848755 0.6618613600730896 0.5056170225143433 0.661815881729126 0.5054667592048645 0.636667013168335 0.4902479648590088 0.6367124915122986
4 0.4917396306991577 0.7560557723045349 0.5046836137771606 0.7559974193572998 0.5045029520988464 0.7359451055526733 0.4915589690208435 0.7360034584999084
4 0.49164387583732605 0.3599475622177124 0.5056757926940918 0.3599291145801544 0.5056268572807312 0.3413764536380768 0.49159494042396545 0.34139493107795715
0 0.5461400151252747 0.6281440854072571 0.5467900633811951 0.8032625317573547 0.8213943839073181 0.8027528524398804 0.8207443356513977 0.6276344060897827
0 0.8184171319007874 0.4072968363761902 0.8188733458518982 0.23740063607692719 0.5503585934638977 0.23704011738300323 0.5499024391174316 0.40693631768226624
7 0.3843163251876831 0.617100715637207 0.3845049738883972 0.6284462213516235 0.4264264404773712 0.6280977129936218 0.4262378215789795 0.6167522072792053 Tote alu Im indaire, 
4 0.5883935689926147 0.24902524054050446 0.6010703444480896 0.2489667385816574 0.6007341742515564 0.21253874897956848 0.5880573987960815 0.21259725093841553
4 0.5867013931274414 0.6451118588447571 0.602261483669281 0.6450554132461548 0.6019865274429321 0.6071319580078125 0.5864263772964478 0.6071884632110596
7 0.643286943435669 0.18575488030910492 0.643293023109436 0.20996668934822083 0.7265430688858032 0.2099563032388687 0.7265369892120361 0.1857444941997528 Canal Tehalit BK Brodway 
7 0.643485426902771 0.5807125568389893 0.643525242805481 0.6050775647163391 0.7260749340057373 0.605009913444519 0.7260350584983826 0.5806449055671692 Canal Tehalit BK Brodway 
4 0.4887605905532837 0.2640509307384491 0.5051982402801514 0.2637767791748047 0.5045160055160522 0.24332194030284882 0.48807835578918457 0.24359609186649323
7 0.3289462924003601 0.619418740272522 0.32924097776412964 0.6276939511299133 0.36488449573516846 0.6270592212677002 0.36458978056907654 0.6187840104103088 ah 
2 0.8309104442596436 0.6299554705619812 0.8312649726867676 0.6043201684951782 0.7794761657714844 0.6039619445800781 0.7791216373443604 0.6295972466468811
4 0.45205533504486084 0.27991703152656555 0.45216479897499084 0.2929196357727051 0.47243091464042664 0.2928343713283539 0.47232145071029663 0.27983176708221436
4 0.5547009706497192 0.18466295301914215 0.565298318862915 0.1846376657485962 0.5652346014976501 0.17129503190517426 0.5546373128890991 0.17132031917572021
7 0.3135194480419159 0.46328920125961304 0.3138537108898163 0.4808408319950104 0.3848177492618561 0.4801650643348694 0.3844834864139557 0.46261346340179443 ! | N 1 
7 0.3465665876865387 0.2126120775938034 0.3466150760650635 0.22638247907161713 0.4485071897506714 0.22620299458503723 0.4484587013721466 0.2124326080083847 Feuile 6tanche grse 330mm, oolie sur profi aluminium 
7 0.5533809661865234 0.1284029185771942 0.5536137819290161 0.14631706476211548 0.6116848587989807 0.14593978226184845 0.611452043056488 0.12802563607692719 Glas BIHAIBNAIB2 — Uwert: 06 Wim2K 3232"2728, 683 Kg 
12 0.46788400411605835 0.9009126424789429 0.522640585899353 0.9008339643478394 0.5223701596260071 0.8067331314086914 0.4676136076450348 0.8068118095397949
7 0.40831875801086426 0.14914551377296448 0.4086572825908661 0.16419504582881927 0.45872634649276733 0.1636318862438202 0.4583877921104431 0.1485823392868042 In % een 
2 0.8318554759025574 0.234375 0.8322442770004272 0.20934277772903442 0.7816776633262634 0.2089499980211258 0.7812888622283936 0.23398223519325256
7 0.7308146953582764 0.5656303763389587 0.7308664917945862 0.5513684153556824 0.6385442614555359 0.5512006878852844 0.6384924650192261 0.5654626488685608 Pour le tapis: 5mm 
13 0.4608229696750641 0.5961897373199463 0.46086880564689636 0.6068568825721741 0.5131145119667053 0.6067447066307068 0.513068675994873 0.596077561378479
4 0.4588146507740021 0.27140146493911743 0.48456859588623047 0.271321177482605 0.48443901538848877 0.2505219876766205 0.458685040473938 0.25060227513313293
7 0.7272722721099854 0.17272502183914185 0.7273037433624268 0.15635578334331512 0.6385571360588074 0.15627039968967438 0.638525664806366 0.1726396381855011 Pour le tapis: 5mm 
12 0.4640083611011505 0.1877128779888153 0.51590895652771 0.18778681755065918 0.516144871711731 0.10500075668096542 0.46424421668052673 0.10492680966854095
4 0.455274760723114 0.6916031241416931 0.4678705036640167 0.6915799379348755 0.46778666973114014 0.6688096523284912 0.45519089698791504 0.6688328385353088
13 0.4601994752883911 0.19884759187698364 0.46023306250572205 0.21159733831882477 0.5177205204963684 0.2115216702222824 0.5176869034767151 0.19877192378044128
4 0.5553455352783203 0.5838157534599304 0.5644772052764893 0.5837178826332092 0.5641298890113831 0.567520022392273 0.5549982190132141 0.5676179528236389
4 0.35767292976379395 0.24775543808937073 0.36807289719581604 0.24776822328567505 0.3681086003780365 0.2332790642976761 0.3577086627483368 0.23326627910137177
4 0.7000561952590942 0.6574165225028992 0.7100293636322021 0.6573514342308044 0.709705650806427 0.6325832009315491 0.6997325420379639 0.6326483488082886
7 0.6432551145553589 0.7171933650970459 0.6433518528938293 0.6941018104553223 0.5604185461997986 0.6939281821250916 0.5603219270706177 0.71701979637146 Luisa 
4 0.7010002136230469 0.26184266805648804 0.7098983526229858 0.26179251074790955 0.7095987200737 0.2352064847946167 0.700700581073761 0.2352566421031952
4 0.4799523651599884 0.2440168410539627 0.4799930453300476 0.2547711730003357 0.5045078992843628 0.2547248303890228 0.504467248916626 0.24397049844264984
3 0.6200572848320007 0.3390524983406067 0.6200612783432007 0.3236013948917389 0.5041990876197815 0.3235863149166107 0.5041950941085815 0.3390374183654785
7 0.31176602840423584 0.8596571087837219 0.3119944632053375 0.8751966953277588 0.3856717050075531 0.8746551275253296 0.3854433000087738 0.859115481376648 SOSSO I N | 
4 0.5905442833900452 0.26165083050727844 0.5991042852401733 0.2615389823913574 0.5985819697380066 0.24155250191688538 0.5900220274925232 0.2416643351316452
4 0.7010188102722168 0.6410099864006042 0.7098446488380432 0.6410398483276367 0.7100152969360352 0.6158422231674194 0.7011894583702087 0.615812361240387
7 0.5528669953346252 0.14652296900749207 0.5530209541320801 0.15839393436908722 0.6043886542320251 0.1580607295036316 0.6042346954345703 0.14618976414203644 En — Giesen — “"iam___<- 
12 0.4699696898460388 0.5623963475227356 0.5152075886726379 0.5621817708015442 0.5146929025650024 0.5079418420791626 0.46945497393608093 0.508156418800354
4 0.5908955931663513 0.6581946015357971 0.5992434620857239 0.6580209136009216 0.5982011556625366 0.6329677104949951 0.5898532867431641 0.6331413984298706
4 0.7008849382400513 0.2479107677936554 0.7096598148345947 0.2479083240032196 0.7096439003944397 0.2196151465177536 0.7008690237998962 0.2196175903081894
7 0.7108694911003113 0.8154402375221252 0.7110271453857422 0.7962898015975952 0.5643170475959778 0.7956859469413757 0.5641593933105469 0.8148364424705505 AS polym£re hybride blanc 
7 0.24018506705760956 0.46115854382514954 0.24044430255889893 0.450408935546875 0.20878738164901733 0.4500272274017334 0.20852814614772797 0.46077683568000793 ou 3. 
7 0.4062417447566986 0.13822543621063232 0.4063440263271332 0.14733880758285522 0.4548870027065277 0.14706635475158691 0.45478469133377075 0.137952983379364 as mm: 182Kg, k 
4 0.45447811484336853 0.6709082722663879 0.47447219491004944 0.670105516910553 0.4719456136226654 0.6386405825614929 0.4519515335559845 0.6394433379173279
4 0.45645925402641296 0.25203967094421387 0.45656368136405945 0.26902469992637634 0.4972919821739197 0.26889950037002563 0.4971875548362732 0.25191447138786316
9 0.5493191480636597 0.5579540133476257 0.5500088334083557 0.6248877048492432 0.7799006104469299 0.6237032413482666 0.7792109847068787 0.5567695498466492
15 0.4486679434776306 0.5555535554885864 0.4494940936565399 0.5969996452331543 0.5294131636619568 0.5962030291557312 0.5285870432853699 0.5547569394111633
9 0.5405137538909912 0.16988079249858856 0.5420064330101013 0.2312486469745636 0.7741543650627136 0.2284250557422638 0.7726616263389587 0.16705720126628876
7 0.5710957646369934 0.2876211702823639 0.5712766647338867 0.30622199177742004 0.6676120162010193 0.3057534992694855 0.6674310564994812 0.2871526777744293 x \Goujon M12*100 RS 
4 0.698560893535614 0.25086262822151184 0.707708477973938 0.2506880462169647 0.7064916491508484 0.21880513429641724 0.6973440051078796 0.21897971630096436
7 0.4022159278392792 0.12856033444404602 0.4023478925228119 0.14223220944404602 0.45696455240249634 0.14196854829788208 0.4568325877189636 0.12829667329788208 Ei onm: org | 130x9 
4 0.48095938563346863 0.6672892570495605 0.4921497702598572 0.6464729905128479 0.46257221698760986 0.6385220885276794 0.4513818323612213 0.6593383550643921
15 0.45589956641197205 0.7733843922615051 0.45625248551368713 0.8166319131851196 0.5280752182006836 0.816338837146759 0.5277222990989685 0.7730913162231445
12 0.47144103050231934 0.49864497780799866 0.5173183083534241 0.4985911250114441 0.5171075463294983 0.4088434875011444 0.47123032808303833 0.408897340297699
2 0.4809998869895935 0.3442833423614502 0.5336258411407471 0.34395739436149597 0.5325132608413696 0.2541261315345764 0.47988730669021606 0.25445204973220825
15 0.459360271692276 0.24993617832660675 0.5282072424888611 0.25060757994651794 0.5298344492912292 0.16716961562633514 0.46098747849464417 0.16649819910526276
