7 0.2517789304256439 0.4551563560962677 0.25199174880981445 0.5166445374488831 0.33484718203544617 0.5160708427429199 0.33463433384895325 0.45458269119262695 4 — ld dd 141 dd Sekundürentwässerung Basisriegel Darf nicht durch bauseitige Baukörperabdichtung blockiert werden! 
7 0.6005690097808838 0.48134735226631165 0.6008653044700623 0.5341812968254089 0.6900617480278015 0.5331807732582092 0.6897653341293335 0.48034679889678955 Dampfbremse: Folie mit Behr Dampfdurchlässigkeit 2.B. Schüco Vapoflex HR050 überputzbar 
7 0.6996757388114929 0.4015091359615326 0.6997799873352051 0.35928720235824585 0.6099349856376648 0.3588438630104065 0.6098308563232422 0.40106576681137085 Tiefe Pfostenklinkung ggf. entsprechend den Anforderungen Gewerk Abdichtung vergrößern 
7 0.2507171034812927 0.3913867175579071 0.2507322132587433 0.42034095525741577 0.32486772537231445 0.420263409614563 0.3248525857925415 0.3913091719150543 Bodenrinne bauseits (symbolische Darstellung) 
0 0.13256604969501495 0.5897846221923828 0.13333511352539062 0.8336967825889587 0.41885846853256226 0.8318960666656494 0.418089359998703 0.5879839062690735
13 0.570192813873291 0.4546554684638977 0.5811062455177307 0.45554059743881226 0.5819291472434998 0.43524685502052307 0.5710157155990601 0.4343617260456085
7 0.2531169652938843 0.5541198253631592 0.2532147169113159 0.5843465924263 0.29999151825904846 0.5840439796447754 0.2998937666416168 0.5538172125816345 Dachabdichtung bauseits 
7 0.33796513080596924 0.38683080673217773 0.33798131346702576 0.3569450378417969 0.2534168064594269 0.3568536937236786 0.25340068340301514 0.38673949241638184 Fatzbelüftung + Entwässerung über Pfostendichtstück 
7 0.16748374700546265 0.3267848491668701 0.1675616353750229 0.36252087354660034 0.24871884286403656 0.3621670603752136 0.24864093959331512 0.3264310657978058 zugehöriges Leitdetail 5ARDTFAS10AF 
7 0.3157135546207428 0.5479884147644043 0.3157467544078827 0.516857922077179 0.25163668394088745 0.5167211890220642 0.25160351395606995 0.5478516817092896 Stützwinkel o.glw. für Dachabdichtung 
4 0.44308310747146606 0.35693296790122986 0.45755109190940857 0.3568127751350403 0.45744600892066956 0.33151066303253174 0.44297802448272705 0.3316308557987213
7 0.4324283003807068 0.2092239111661911 0.4326011538505554 0.22577029466629028 0.4551598131656647 0.2252988964319229 0.45498695969581604 0.20875251293182373 322440 
2 0.42282891273498535 0.638882040977478 0.5720853209495544 0.6386597156524658 0.5718817114830017 0.36531174182891846 0.4226253032684326 0.36553412675857544
7 0.6053654551506042 0.43624231219291687 0.6054441928863525 0.4680452048778534 0.667778491973877 0.46773645281791687 0.6676996946334839 0.43593356013298035 Kantteil Aluminium Oberfläche wie Profile 
7 0.6045712232589722 0.3136991262435913 0.6047071218490601 0.3452615737915039 0.6661537885665894 0.344732403755188 0.6660178899765015 0.313169926404953 Fuge zw. Riegel und Pfosten abdichten 
7 0.6077362298965454 0.7460482716560364 0.6077577471733093 0.7056389451026917 0.502314031124115 0.7055266499519348 0.5022925138473511 0.7459359765052795 Fassadenbefestigung /  nach Statik, z.B. St-Plotte 223388 und Einschubprofil 322750  LAS RTEIBI DIENT SD EN 
3 0.6558668613433838 0.7873131632804871 0.6771088242530823 0.7874119877815247 0.6774316430091858 0.6486092209815979 0.6561896800994873 0.6485103964805603
7 0.43222519755363464 0.1571597456932068 0.43239426612854004 0.1879148632287979 0.46852827072143555 0.18751752376556396 0.46835920214653015 0.15676240622997284 Fe Pfostenprofil 
7 0.2557981312274933 0.42979317903518677 0.2558348476886749 0.45385608077049255 0.32148975133895874 0.4536556601524353 0.3214530646800995 0.4295927584171295 ERENENEEN 
7 0.45521754026412964 0.2048996537923813 0.4552565813064575 0.19044236838817596 0.4316508173942566 0.1903148591518402 0.4316117763519287 0.20477215945720673 204533 
7 0.5382224321365356 0.4292812645435333 0.538364052772522 0.38497522473335266 0.44271302223205566 0.3843635618686676 0.44257140159606934 0.42866960167884827 Hohlraum mit  wasserfester Mineralwolle,  nicht brennbar, ausstopfen ER 
13 0.4315202534198761 0.8062995672225952 0.4316004812717438 0.822765588760376 0.45818835496902466 0.8225064873695374 0.458108127117157 0.8060405254364014
4 0.5088624954223633 0.5880271792411804 0.5093740820884705 0.5547341704368591 0.48374712467193604 0.5539465546607971 0.48323553800582886 0.5872395038604736
0 0.4630507528781891 0.6737576723098755 0.46355268359184265 0.8549405932426453 0.7748256921768188 0.8532158732414246 0.7743238210678101 0.6720329523086548
4 0.528181791305542 0.35478097200393677 0.5391657948493958 0.3547344505786896 0.5391309857368469 0.33827948570251465 0.5281469225883484 0.33832600712776184
12 0.33682042360305786 0.3469755947589874 0.35064756870269775 0.34692010283470154 0.35051214694976807 0.27938616275787354 0.3366850018501282 0.27944162487983704
7 0.28004202246665955 0.24737107753753662 0.28010067343711853 0.2633177936077118 0.3041934669017792 0.26314058899879456 0.3041348457336426 0.24719390273094177 325520 
13 0.42424386739730835 0.6965694427490234 0.4316754639148712 0.6964433789253235 0.4314452111721039 0.6692982316017151 0.424013614654541 0.669424295425415
4 0.508360743522644 0.4623408317565918 0.5088014602661133 0.43050381541252136 0.48404112458229065 0.42981815338134766 0.483600378036499 0.4616551697254181
0 0.4465533196926117 1.0593754053115845 0.4487376809120178 0.7947580218315125 0.009000631980597973 0.7874974608421326 0.006816256325691938 1.0521148443222046
9 0.3431864380836487 0.34875258803367615 0.4026772081851959 0.3516503870487213 0.40473461151123047 0.26716724038124084 0.3452438712120056 0.2642694413661957
15 0.403173565864563 0.351432204246521 0.4039668142795563 0.2685205340385437 0.34330618381500244 0.2673597037792206 0.34251296520233154 0.3502713739871979
4 0.45285704731941223 0.491053968667984 0.4531814754009247 0.47935858368873596 0.444469153881073 0.47887513041496277 0.44414472579956055 0.4905704855918884
7 0.27979588508605957 0.2081105262041092 0.28006711602211 0.22459489107131958 0.3033027946949005 0.2238301783800125 0.3030315637588501 0.20734579861164093 244101 
