7 0.42864128947257996 0.18735970556735992 0.4287470281124115 0.20677784085273743 0.4541427493095398 0.20650121569633484 0.45403701066970825 0.18708308041095734 Rillenstoß- „Verbinder 
4 0.4380015730857849 0.7167521715164185 0.44467905163764954 0.7167389392852783 0.44465380907058716 0.6913425326347351 0.43797633051872253 0.69135582447052
7 0.6325418949127197 0.805200457572937 0.6332114338874817 0.8425188660621643 0.669911801815033 0.8412018418312073 0.669242262840271 0.8038833737373352 Hauptgruppe: Fenster-Türen Konstruktionen Vertikal-Schnitte 
7 0.6309414505958557 0.8671086430549622 0.6312753558158875 0.8879016041755676 0.6574777960777283 0.8870601058006287 0.6571439504623413 0.8662671446800232 Em: PEBENBIEN Detail-Nr: B-05-0012 
4 0.4975607395172119 0.659583568572998 0.5061484575271606 0.6595977544784546 0.5061639547348022 0.6408063173294067 0.4975762367248535 0.6407921314239502
7 0.5945965051651001 0.2722163498401642 0.5946924686431885 0.285067617893219 0.6163680553436279 0.284743994474411 0.6162720918655396 0.2718927264213562 \\_Langloch 
7 0.5072532296180725 0.18733800947666168 0.5072838068008423 0.20392602682113647 0.5447126030921936 0.20378798246383667 0.5446820259094238 0.18719996511936188 Unterkonstrution ‚Altika 
7 0.4966663718223572 0.20667393505573273 0.4966793656349182 0.19468382000923157 0.4665055572986603 0.1946183443069458 0.46649256348609924 0.20660845935344696 Schleppfolie 
7 0.33438369631767273 0.6689012050628662 0.33442747592926025 0.684275209903717 0.36439329385757446 0.6841047406196594 0.36434951424598694 0.6687307953834534 HPL-Leibung 
7 0.3654654622077942 0.722007691860199 0.3654891550540924 0.705301821231842 0.33191752433776855 0.7052065134048462 0.33189383149147034 0.7219123840332031 Schiebeladen N 
7 0.465824693441391 0.5747987031936646 0.46587759256362915 0.5927109122276306 0.5054438710212708 0.5924772024154663 0.5053909420967102 0.5745649933815002 dampfdichter \_Follenanschluss 
4 0.4556177854537964 0.3109350800514221 0.4603564739227295 0.3109094500541687 0.4603043496608734 0.29164937138557434 0.4555656909942627 0.29167500138282776
7 0.5566583275794983 0.19529183208942413 0.5567879676818848 0.20727744698524475 0.5817224979400635 0.20673778653144836 0.581592857837677 0.19475215673446655 ‚Attikablech » 
13 0.525627851486206 0.27624958753585815 0.5257586240768433 0.25027668476104736 0.473235547542572 0.2497478574514389 0.4731047749519348 0.2757207453250885
7 0.49708881974220276 0.41674864292144775 0.4970894157886505 0.3961353600025177 0.4730236232280731 0.39613401889801025 0.47302302718162537 0.4167473018169403 * Mhermische _ Trennung, “ Meer u 
7 0.45254048705101013 0.4615955650806427 0.452677458524704 0.48138004541397095 0.49252575635910034 0.48082828521728516 0.4923887848854065 0.4610438346862793 
7 0.4521583914756775 0.5165952444076538 0.452273428440094 0.5340359210968018 0.4886334240436554 0.5335561037063599 0.4885183572769165 0.5161154270172119 A ie R "„alananschlyes / 
7 0.6922336220741272 0.8650669455528259 0.6922956109046936 0.8466364145278931 0.6634244322776794 0.8464422225952148 0.663362443447113 0.8648728132247925 Datum: 01.02.2012 IMafctah-| 
7 0.3434959352016449 0.5401321053504944 0.343544065952301 0.5283873081207275 0.3214372396469116 0.5282061100006104 0.3213891088962555 0.5399508476257324 Naturstein 
7 0.4327414035797119 0.8050045967102051 0.4328301250934601 0.8659839034080505 0.6033758521080017 0.8654874563217163 0.6032871603965759 0.8045081496238708 Beschreibung: Schnitt einer Holz-Alu-Fensterkonstrutkion an Attika und hinterlüfteter Natursteinfassade 
4 0.4333597719669342 0.6491278409957886 0.4389358162879944 0.6491820812225342 0.43900924921035767 0.6340994238853455 0.4334332048892975 0.6340451836585999
4 0.43555793166160583 0.6503389477729797 0.44161486625671387 0.6502676010131836 0.44152578711509705 0.6351653337478638 0.435468852519989 0.6352366805076599
4 0.4547533690929413 0.39135584235191345 0.46022698283195496 0.39129844307899475 0.46010860800743103 0.3687196969985962 0.45463499426841736 0.3687771260738373
4 0.4117705523967743 0.5346617102622986 0.41775068640708923 0.5343404412269592 0.4173476994037628 0.519336998462677 0.41136759519577026 0.5196582674980164
4 0.4538264274597168 0.3112938702106476 0.45901960134506226 0.3112731873989105 0.4589753746986389 0.28907695412635803 0.45378223061561584 0.2890976369380951
4 0.3754541575908661 0.7424421906471252 0.3814249038696289 0.7424622178077698 0.3814704418182373 0.7153074145317078 0.3754996955394745 0.7152873873710632
4 0.46209055185317993 0.5623686909675598 0.46991705894470215 0.5623900294303894 0.46993646025657654 0.5481100082397461 0.4621099531650543 0.5480887293815613
4 0.45225656032562256 0.38966572284698486 0.45814067125320435 0.3895389437675476 0.4579332172870636 0.37027737498283386 0.4520491063594818 0.37040412425994873
2 0.5779576301574707 0.34177735447883606 0.5782600045204163 0.3704984486103058 0.6594974398612976 0.36878782510757446 0.6591951251029968 0.3400667607784271
0 0.4137518107891083 0.44146451354026794 0.41439729928970337 0.5510188341140747 0.4938201904296875 0.5500828623771667 0.4931747019290924 0.44052854180336
4 0.664214551448822 0.37461352348327637 0.670423150062561 0.3745630979537964 0.6703543663024902 0.3576395511627197 0.6641457676887512 0.3576899468898773
13 0.45347917079925537 0.39043128490448 0.45835450291633606 0.3904135823249817 0.45831725001335144 0.3698722720146179 0.45344188809394836 0.3698899745941162
7 0.3901165723800659 0.6527165174484253 0.390120267868042 0.6417884230613708 0.3673596978187561 0.641772985458374 0.36735600233078003 0.6527010798454285 aa 
7 0.6531355381011963 0.8666653633117676 0.6532154083251953 0.8481999039649963 0.6322932243347168 0.8480189442634583 0.6322134137153625 0.8664844036102295 Gez.: K. Dahse Detail-Nr: 
4 0.3790559768676758 0.7423971891403198 0.38618654012680054 0.7422490119934082 0.38589656352996826 0.7143550515174866 0.3787660002708435 0.714503288269043
