2 0.5700230002403259 0.8388283848762512 0.6271921396255493 0.8387965559959412 0.6271529793739319 0.6984277963638306 0.5699838995933533 0.6984596252441406
4 0.5127217769622803 0.6911527514457703 0.5130971074104309 0.6667225956916809 0.49514251947402954 0.6661707758903503 0.4947671592235565 0.6906008720397949
4 0.5112720131874084 0.4935416579246521 0.5181218385696411 0.4934963583946228 0.5180515646934509 0.4722209572792053 0.5112017393112183 0.4722662568092346
4 0.5096024870872498 0.6550413966178894 0.5187528729438782 0.6552366614341736 0.5189180970191956 0.6397615671157837 0.5097676515579224 0.6395662426948547
2 0.7222728729248047 0.8422460556030273 0.723075270652771 0.7340980172157288 0.6404972672462463 0.732872486114502 0.63969486951828 0.8410205245018005
7 0.328898549079895 0.5950218439102173 0.3289128541946411 0.612990140914917 0.3814946115016937 0.6129061579704285 0.38148030638694763 0.5949378609657288 —— Dämmung hart 50 mm 
7 0.4756852090358734 0.43162864446640015 0.475721150636673 0.4433969557285309 0.49209561944007874 0.44329696893692017 0.4920596778392792 0.43152862787246704 322420 | ul 
4 0.4491213858127594 0.5413393974304199 0.4549269676208496 0.54149329662323 0.4551016390323639 0.5283147692680359 0.44929608702659607 0.528160810470581
0 0.18793132901191711 0.7401505708694458 0.18848969042301178 0.8539202213287354 0.4066053628921509 0.8517791032791138 0.4060470461845398 0.7380094528198242
4 0.5118237733840942 0.5932381749153137 0.512168288230896 0.5707099437713623 0.4952525198459625 0.5701925158500671 0.49490800499916077 0.5927208065986633
7 0.28517377376556396 0.7781716585159302 0.2852741479873657 0.8130196928977966 0.3647545278072357 0.8125617504119873 0.36465415358543396 0.7777137160301208 c # 5 [4 reherkifnklung “ Kg Ei ‚nach Statik, z.B. St-Platte 2283: %  und Einschubprofil 322730 / L F; 
4 0.47907012701034546 0.5448790788650513 0.4867018759250641 0.5449586510658264 0.48679429292678833 0.5272178649902344 0.4791625142097473 0.527138352394104
4 0.47437575459480286 0.7555156350135803 0.4830441474914551 0.7553135752677917 0.4826093018054962 0.7180060744285583 0.473940908908844 0.7182081341743469
3 0.3920043110847473 0.830121636390686 0.4079269766807556 0.8298957347869873 0.4071754217147827 0.7239185571670532 0.3912527859210968 0.724144458770752
7 0.4916243851184845 0.4286935329437256 0.49167895317077637 0.41878047585487366 0.47692805528640747 0.41861823201179504 0.476873517036438 0.428531289100647 Re.) 
2 0.46512994170188904 0.666117787361145 0.46521878242492676 0.6028802394866943 0.41764405369758606 0.6027465462684631 0.41755521297454834 0.6659840941429138
4 0.39445188641548157 0.7534974813461304 0.40655094385147095 0.753574788570404 0.4066542088985443 0.7212501168251038 0.39455515146255493 0.7211728096008301
4 0.510993480682373 0.2961699664592743 0.5170666575431824 0.2962270975112915 0.5171467661857605 0.27920082211494446 0.5110735893249512 0.27914369106292725
13 0.4234197437763214 0.544162392616272 0.4235069155693054 0.5561543703079224 0.4426044225692749 0.5558766722679138 0.4425172507762909 0.5438846349716187
7 0.4803716540336609 0.5971832871437073 0.48045089840888977 0.6253716349601746 0.536212146282196 0.6250582337379456 0.5361329317092896 0.5968698263168335 | Hettreln mit | Bee i nicht Hrennthr, „arsstöp 
2 0.4392785131931305 0.5096887350082397 0.5271856784820557 0.5097285509109497 0.5272457599639893 0.24432529509067535 0.4393385946750641 0.24428553879261017
7 0.3302582800388336 0.7065815925598145 0.3303401470184326 0.7269378900527954 0.3835761547088623 0.7265098094940186 0.3834943175315857 0.7061535716056824 MOTEZ 
2 0.47477471828460693 0.7271290421485901 0.5448288917541504 0.7260552644729614 0.5432831645011902 0.5243422985076904 0.47322899103164673 0.5254160761833191
7 0.3282632529735565 0.6714195609092712 0.32826951146125793 0.6859440803527832 0.37426257133483887 0.6859041452407837 0.37425631284713745 0.671379566192627 itige Öfpepdkgichtung 
0 0.402783066034317 0.7503489851951599 0.4032062590122223 0.8367340564727783 0.5253663063049316 0.8355369567871094 0.5249431133270264 0.749151885509491
2 0.5200216770172119 0.8303895592689514 0.5556458234786987 0.8303489685058594 0.5556032657623291 0.7555932998657227 0.5199791193008423 0.7556338906288147
4 0.4102911353111267 0.5325208306312561 0.4176163077354431 0.5322832465171814 0.41707688570022583 0.4990216791629791 0.4097517132759094 0.49925923347473145
7 0.4917578399181366 0.5475664138793945 0.49200737476348877 0.5669178366661072 0.5328473448753357 0.5658643245697021 0.5325977802276611 0.5465129017829895 zw. Riegel und ‚en übdichten = 
7 0.4112949073314667 0.7732834815979004 0.4113573431968689 0.7968379855155945 0.48858246207237244 0.796428382396698 0.4885200262069702 0.7728738784790039 opfplatten? 1 had E74 N 
0 0.28298795223236084 0.6286011934280396 0.28309106826782227 0.570098876953125 0.1815679520368576 0.569740891456604 0.1814648061990738 0.6282432079315186
2 0.6592487096786499 0.6423611044883728 0.6595126390457153 0.6891854405403137 0.798726499080658 0.687615692615509 0.7984626293182373 0.6407913565635681
0 0.8158553242683411 0.843185544013977 0.8171088099479675 0.7331356406211853 0.7260210514068604 0.7310603857040405 0.7247675657272339 0.8411102890968323
4 0.4794541299343109 0.645763635635376 0.48596200346946716 0.6462787389755249 0.48636510968208313 0.6360902786254883 0.4798572361469269 0.6355751752853394
4 0.47910717129707336 0.6836625337600708 0.4856320321559906 0.6839337348937988 0.4858391284942627 0.6739692687988281 0.47931426763534546 0.6736980676651001
15 0.4166921079158783 0.5362391471862793 0.4542124271392822 0.535937488079071 0.4539424479007721 0.4687623679637909 0.41642215847969055 0.46906402707099915
4 0.6530661582946777 0.40866485238075256 0.6670131683349609 0.4084938168525696 0.6668913960456848 0.38861870765686035 0.6529443860054016 0.38878971338272095
4 0.4124637842178345 0.5371382236480713 0.41814175248146057 0.5369678735733032 0.4176703691482544 0.5055344700813293 0.4119924008846283 0.5057048201560974
7 0.48242905735969543 0.5132909417152405 0.48250654339790344 0.5351167321205139 0.5159218311309814 0.5348793864250183 0.5158443450927734 0.5130535960197449 r—ethste —e Tr-Verbinder nacı elle] / Geti 
7 0.5055089592933655 0.40864530205726624 0.5056025385856628 0.3859843313694 0.4741153419017792 0.38572433590888977 0.4740217626094818 0.408385306596756 Falzgrı fenpfofil 
4 0.5102025270462036 0.5443229675292969 0.517585813999176 0.5452932715415955 0.5188362002372742 0.5262614488601685 0.5114529132843018 0.5252911448478699
13 0.5435950756072998 0.6403393745422363 0.5484939217567444 0.6402289271354675 0.5482884049415588 0.6219886541366577 0.5433895587921143 0.6220991015434265
7 0.1713918298482895 0.8652066588401794 0.17141176760196686 0.8985335230827332 0.30632370710372925 0.8983721733093262 0.3063037693500519 0.8650453090667725 Detail Fußpunkt PR-Fassade 
7 0.577633261680603 0.6419550776481628 0.5778789520263672 0.6756250858306885 0.6329200267791748 0.674821674823761 0.6326742768287659 0.6411516666412354 Br 
4 0.4980601668357849 0.6445978879928589 0.4981546401977539 0.6343469619750977 0.4887027442455292 0.634172797203064 0.48860830068588257 0.6444236636161804
2 0.5708268284797668 0.6405729055404663 0.5708400011062622 0.6906337738037109 0.626865565776825 0.6906043291091919 0.6268523931503296 0.640543520450592
4 0.5093460083007812 0.7266339659690857 0.5094578266143799 0.7428999543190002 0.5231552124023438 0.7427116632461548 0.5230433940887451 0.7264456748962402
7 0.30900055170059204 0.5099769830703735 0.30908074975013733 0.5402117967605591 0.37737536430358887 0.5398496389389038 0.37729522585868835 0.5096148252487183 Falzbelüftung + Entwässerung über Pk ichtstück Bat ati Eh nn 3 
7 0.5459207892417908 0.3819456100463867 0.546019971370697 0.405182421207428 0.6143563985824585 0.40459901094436646 0.6142572164535522 0.3813621699810028 Heizkörper-Befsstigung an Pfasten nach Abstimmlu 
13 0.5785807371139526 0.642845630645752 0.5787880420684814 0.6704138517379761 0.6426284909248352 0.669453501701355 0.6424210667610168 0.6418852210044861
7 0.4103768467903137 0.7712184190750122 0.4105891287326813 0.792537271976471 0.44288018345832825 0.7918941974639893 0.4426679313182831 0.7705753445625305 er m en Dei 
7 0.3560274839401245 0.46073025465011597 0.3561795949935913 0.4737154543399811 0.3731701672077179 0.47331735491752625 0.3730180561542511 0.4603321850299835 325520 
7 0.3093579411506653 0.5400688648223877 0.30944180488586426 0.5608336925506592 0.3597685992717743 0.5604270100593567 0.35968467593193054 0.53966224193573 Sekundürentwässerung Basisriegel 
2 0.3245401680469513 0.6886208653450012 0.3249003291130066 0.7483558058738708 0.39477258920669556 0.7475131750106812 0.39441242814064026 0.6877782344818115
13 0.44273725152015686 0.4963742196559906 0.44279447197914124 0.4733802378177643 0.4256903827190399 0.47329506278038025 0.42563319206237793 0.49628904461860657
13 0.5798722505569458 0.65458083152771 0.5858857035636902 0.6782388091087341 0.6410754919052124 0.6501796245574951 0.635062038898468 0.6265217065811157
2 0.3234747052192688 0.6607003808021545 0.3236532509326935 0.7002277970314026 0.38743898272514343 0.6996515989303589 0.38726043701171875 0.6601242423057556
4 0.543560802936554 0.6403656005859375 0.5483646392822266 0.6402972340583801 0.5482035279273987 0.6176662445068359 0.5433996915817261 0.6177346110343933
