2 0.6208414435386658 0.6474559903144836 0.6210641860961914 0.5324030518531799 0.5342355966567993 0.5320667028427124 0.5340128540992737 0.6471197009086609
7 0.4773530662059784 0.8337668180465698 0.47738561034202576 0.7971266508102417 0.4224531650543213 0.7970288991928101 0.42242059111595154 0.833669126033783 Dämmung und Folie  um Pfosten herumführen, auf ausreichende Dämmung des Pfostens achten Fa 
4 0.537124752998352 0.5378595590591431 0.5441033840179443 0.537848711013794 0.5440889000892639 0.51919025182724 0.5371103286743164 0.5192010998725891
7 0.732984185218811 0.6481524109840393 0.7330346703529358 0.607931911945343 0.6716204881668091 0.6077776551246643 0.6715700030326843 0.6479981541633606 F Blech Baustahl Z2mm Leistung angrenzendes Gewerk 0,100 _OK,RD 
7 0.6370720863342285 0.5613330602645874 0.6372273564338684 0.5817883610725403 0.6652629375457764 0.5813627243041992 0.6651076674461365 0.5609074234962463 Dompfsperre Folie 17220ms 
7 0.5371072888374329 0.3181581497192383 0.5371075868606567 0.3349389135837555 0.5743657946586609 0.3349376320838928 0.574365496635437 0.3181568384170532 Falzgrund Pfosten 
7 0.3325350880622864 0.639676034450531 0.3326508700847626 0.6613522171974182 0.3740576505661011 0.6609096527099609 0.3739418685436249 0.6392334699630737 Entwüsserungsrinne 
7 0.731600821018219 0.8158812522888184 0.7316309809684753 0.7844274044036865 0.6694074273109436 0.7843080759048462 0.669377326965332 0.815761923789978 Konsde und Befestigungen  gem. Statik (nach zu erstallen) zB. 2x ST-L 100x100x10  ag Y 
7 0.43067389726638794 0.6855718493461609 0.43068909645080566 0.7216150760650635 0.48436179757118225 0.7215697765350342 0.4843465983867645 0.6855265498161316 es: und Baukörper-Abdichlung ısnd Leistung angrenzendes 
2 0.5306759476661682 0.8425178527832031 0.6447917222976685 0.8441547155380249 0.6460090279579163 0.6744030714035034 0.531893253326416 0.6727662086486816
4 0.6063252091407776 0.5358965396881104 0.6130567789077759 0.5358660221099854 0.6130144596099854 0.5171868205070496 0.6062828898429871 0.5172172784805298
3 0.6223668456077576 0.7437108159065247 0.6223859190940857 0.7686910033226013 0.7153505086898804 0.7685496211051941 0.7153314352035522 0.7435693740844727
4 0.5899488925933838 0.7366641163825989 0.6081860661506653 0.7368682026863098 0.6083316206932068 0.7108538150787354 0.5900944471359253 0.7106497287750244
7 0.693213939666748 0.5631553530693054 0.6933982968330383 0.5872446894645691 0.7286911010742188 0.5867045521736145 0.7285067439079285 0.5626152157783508 Fußbodenaufbau 
7 0.59758061170578 0.4222722351551056 0.5975956916809082 0.405227929353714 0.5479097366333008 0.4051400423049927 0.5478946566581726 0.4221843481063843 Gkagenicht cn. 17Ckg 
7 0.4541842043399811 0.23611260950565338 0.4543369710445404 0.2478291243314743 0.47418949007987976 0.2473113089799881 0.47403672337532043 0.23559479415416718 |S# 
7 0.4539901614189148 0.4993671774864197 0.4541091322898865 0.5103418231010437 0.47430047392845154 0.5099040269851685 0.47418150305747986 0.4989294111728668 |S# 
4 0.590764582157135 0.8014564514160156 0.6066823601722717 0.8016415238380432 0.6068312525749207 0.776033878326416 0.5909134745597839 0.7758488059043884
7 0.5909039974212646 0.4843328297138214 0.5909063816070557 0.49727290868759155 0.6249290704727173 0.49726051092147827 0.624926745891571 0.48432043194770813 T-4B erforderlich | 3 
0 0.6479887962341309 0.9050149321556091 0.7457908987998962 0.9048483371734619 0.7455637454986572 0.638155996799469 0.6477616429328918 0.6383227109909058
7 0.5940864682197571 0.5593181848526001 0.5941039323806763 0.5418989658355713 0.5422465801239014 0.5417946577072144 0.5422290563583374 0.5592139363288879 F L-Profil X IMgSiD. | 
7 0.5517416596412659 0.5049528479576111 0.551845371723175 0.5235846042633057 0.6019681692123413 0.5230263471603394 0.6018643975257874 0.5043946504592896 = 
7 0.5402466058731079 0.26193541288375854 0.5402867794036865 0.2523801028728485 0.5264372825622559 0.25226348638534546 0.5263970494270325 0.2618187665939331 00 
13 0.5101510882377625 0.5320068001747131 0.5172185897827148 0.5321859121322632 0.5173943638801575 0.5183138251304626 0.5103268027305603 0.5181347131729126
9 0.478629469871521 0.2725697457790375 0.5195479393005371 0.27277499437332153 0.5197015404701233 0.21150128543376923 0.47878313064575195 0.21129603683948517
9 0.4860987961292267 0.4755125343799591 0.4863875210285187 0.5264441967010498 0.6369935274124146 0.5247363448143005 0.6367048025131226 0.47380468249320984
7 0.6779155135154724 0.5230361223220825 0.6779822111129761 0.5413966774940491 0.730085015296936 0.5410183072090149 0.7300182580947876 0.5226577520370483 +D0.00 OKFF li 
7 0.46493926644325256 0.5929497480392456 0.46494272351264954 0.5784909725189209 0.4215478301048279 0.57846999168396 0.4215443730354309 0.5929287672042847 al 
4 0.4789746105670929 0.5164930820465088 0.48624053597450256 0.5164068341255188 0.48608148097991943 0.4896058738231659 0.47881558537483215 0.4896920919418335
4 0.7249510884284973 0.6995459794998169 0.7319039702415466 0.6994915008544922 0.7317138314247131 0.6509954929351807 0.7247610092163086 0.6510499715805054
4 0.34770891070365906 0.6059913039207458 0.3551293909549713 0.6059425473213196 0.35504597425460815 0.5805721879005432 0.3476255238056183 0.5806208848953247
7 0.49287769198417664 0.5389987230300903 0.49287843704223633 0.5463998913764954 0.503555953502655 0.5463978052139282 0.5035552382469177 0.5389966368675232 zum | 
0 0.29012739658355713 0.7495444416999817 0.40768179297447205 0.7571084499359131 0.41313886642456055 0.5874730944633484 0.29558447003364563 0.579909086227417
