12 0.4512852430343628 0.8412703275680542 0.47402864694595337 0.8411336541175842 0.47373488545417786 0.7433560490608215 0.45099151134490967 0.7434926629066467
7 0.37621694803237915 0.4914751350879669 0.3772622346878052 0.552734911441803 0.4368709921836853 0.5507006049156189 0.4358257055282593 0.48944079875946045 Regenrinne Leistung angrenzendos Gowork Hinweis Montage: Follenanschluß ann Pfosten: (Kapf- /Fußpunkte) orgfätigst abdichten 
13 0.4657072126865387 0.5049634575843811 0.47357988357543945 0.5053781270980835 0.47403237223625183 0.4881975054740906 0.4661597013473511 0.4877828061580658
4 0.45166438817977905 0.3515438139438629 0.458150714635849 0.3515428602695465 0.4581492245197296 0.3315497934818268 0.45166289806365967 0.3315507173538208
4 0.5470497012138367 0.5043309330940247 0.5574594140052795 0.5043103694915771 0.5574137568473816 0.4581395089626312 0.5470040440559387 0.45816007256507874
7 0.5029106140136719 0.6609295606613159 0.502941906452179 0.6700565814971924 0.5177438855171204 0.6699551343917847 0.5177125930786133 0.6608281135559082 zu | 
7 0.5254988670349121 0.674365758895874 0.5255427956581116 0.6924792528152466 0.5486997365951538 0.6923667192459106 0.5486557483673096 0.6742532253265381 | Falzgrund | Proslnpre 
7 0.6805040836334229 0.604101300239563 0.6805749535560608 0.6266157627105713 0.7307639718055725 0.6262999176979065 0.7306931614875793 0.6037854552268982 Abyehängte Decke Leislung angrenzendes Gewerk 
15 0.44646546244621277 0.7394710183143616 0.4982711672782898 0.7392838597297668 0.4979914724826813 0.5844407081604004 0.44618576765060425 0.5846278071403503
2 0.8034160733222961 0.42369282245635986 0.8038961887359619 0.24230608344078064 0.6083203554153442 0.2412705421447754 0.6078402400016785 0.4226572811603546
4 0.6535274982452393 0.6489123106002808 0.6636924147605896 0.6487637162208557 0.6634424924850464 0.6145802736282349 0.653277575969696 0.6147288680076599
2 0.5642166137695312 0.5913949012756348 0.5648118853569031 0.501991868019104 0.497511088848114 0.5010955929756165 0.4969157874584198 0.5904986262321472
2 0.46399542689323425 0.601830244064331 0.4952562749385834 0.6015589833259583 0.49484777450561523 0.5074107646942139 0.4635869264602661 0.5076820254325867
7 0.4086064398288727 0.5764851570129395 0.4087050259113312 0.5871766209602356 0.42339110374450684 0.5869057774543762 0.42329251766204834 0.5762143135070801 325520 
7 0.3782947361469269 0.7312581539154053 0.37838372588157654 0.7525736093521118 0.4209294617176056 0.7522183060646057 0.42084044218063354 0.7309028506278992 Pe LOSFUNKT stehehide Montage 
7 0.48914197087287903 0.7010155320167542 0.4891798198223114 0.6910781860351562 0.46890294551849365 0.6909235119819641 0.4688650667667389 0.700860857963562 ß 146313 
7 0.4074157476425171 0.6081249117851257 0.4074240028858185 0.5882366299629211 0.3541451692581177 0.5881921648979187 0.3541369140148163 0.6080804467201233 Fatzbeliftung + Entefisserung Über Pfostendicht 
4 0.45334258675575256 0.353341281414032 0.46038001775741577 0.35338741540908813 0.4604592025279999 0.3292064666748047 0.45342177152633667 0.32916033267974854
2 0.4587417542934418 0.32426008582115173 0.45897629857063293 0.4795553386211395 0.5890557169914246 0.4791623651981354 0.5888211727142334 0.3238671123981476
7 0.5044223666191101 0.7213649749755859 0.5044732093811035 0.7298368215560913 0.5176320672035217 0.7296788692474365 0.5175812244415283 0.7212070226669312 Er 
7 0.5029999613761902 0.640010416507721 0.5030806064605713 0.6495853662490845 0.5171268582344055 0.6493485569953918 0.5170461535453796 0.6397736072540283 ; ISO 
7 0.4701724350452423 0.40118104219436646 0.4702496826648712 0.42786073684692383 0.5252713561058044 0.42754197120666504 0.5251941084861755 0.40086227655410767 Dach Leistund angronzendss ewerl 
4 0.45170021057128906 0.3269776403903961 0.45779892802238464 0.3270139992237091 0.4578566551208496 0.3076738715171814 0.45175793766975403 0.307637482881546
4 0.5677900314331055 0.6383719444274902 0.5765913724899292 0.638370931148529 0.5765899419784546 0.615636944770813 0.5677886605262756 0.6156379580497742
4 0.6513423919677734 0.6503446102142334 0.6614671349525452 0.6498137712478638 0.6604793667793274 0.6121354103088379 0.6503546237945557 0.6126662492752075
4 0.503903329372406 0.6019514799118042 0.5109435319900513 0.6019641160964966 0.5109577178955078 0.5860653519630432 0.5039175748825073 0.5860527157783508
4 0.45580679178237915 0.3505372405052185 0.46213990449905396 0.3505024313926697 0.4620634615421295 0.3226889967918396 0.4557303488254547 0.3227238059043884
4 0.45153093338012695 0.34901541471481323 0.4587434232234955 0.34907659888267517 0.4589020311832428 0.3116686940193176 0.45168954133987427 0.3116075098514557
4 0.4453630745410919 0.687693178653717 0.4521999657154083 0.6875485777854919 0.4520409107208252 0.6725019812583923 0.4452040195465088 0.6726465225219727
7 0.453654408454895 0.7155316472053528 0.45375168323516846 0.7261756658554077 0.4782768785953522 0.725727379322052 0.47817960381507874 0.7150833010673523 
4 0.5721025466918945 0.6418959498405457 0.5806381106376648 0.6420497298240662 0.5809069871902466 0.6121927499771118 0.5723714232444763 0.6120390295982361
4 0.6629455089569092 0.6442229151725769 0.6710282564163208 0.6441028118133545 0.6708213090896606 0.6162705421447754 0.662738561630249 0.6163907051086426
4 0.572505533695221 0.6141663789749146 0.5805426239967346 0.614347517490387 0.580722987651825 0.5983296036720276 0.5726858973503113 0.5981485247612
7 0.5039193034172058 0.7588086128234863 0.5040565133094788 0.7690731287002563 0.5182212591171265 0.7686944603919983 0.5180840492248535 0.7584299445152283 244538 | 
15 0.49310436844825745 0.7556978464126587 0.4935116767883301 0.6913555264472961 0.44780203700065613 0.6907767653465271 0.4473947286605835 0.7551190257072449
4 0.6033360362052917 0.48198428750038147 0.6096979379653931 0.48295271396636963 0.6110730171203613 0.4648844301700592 0.60471111536026 0.46391600370407104
13 0.4654182195663452 0.6337651610374451 0.4655205011367798 0.6469205021858215 0.47718971967697144 0.6467389464378357 0.47708743810653687 0.633583664894104
7 0.40791839361190796 0.6181180477142334 0.40793898701667786 0.6296789646148682 0.42274728417396545 0.6296262741088867 0.42272669076919556 0.618065357208252 PH 
4 0.5515046715736389 0.5285758972167969 0.5585659742355347 0.5284812450408936 0.5584296584129333 0.5081464648246765 0.5513683557510376 0.5082411170005798
13 0.5831413865089417 0.6217673420906067 0.583165168762207 0.6365451216697693 0.6421797275543213 0.6363552808761597 0.6421560049057007 0.6215775012969971
7 0.5479627847671509 0.6652804017066956 0.5481793880462646 0.6529445648193359 0.5327621102333069 0.6524031758308411 0.5325455069541931 0.6647390127182007 [zu 
13 0.5937641263008118 0.42201656103134155 0.5990833044052124 0.42347487807273865 0.6006226539611816 0.4122447669506073 0.5953034162521362 0.4107864499092102
4 0.3886302709579468 0.7195956110954285 0.40495291352272034 0.7193429470062256 0.40465182065963745 0.6804420351982117 0.3883291482925415 0.6806946992874146
7 0.47150489687919617 0.3707229495048523 0.47152867913246155 0.3884272873401642 0.5239576697349548 0.3882863223552704 0.5239338874816895 0.3705819845199585 en isorock inftegahDLL 155 
