13 0.43058520555496216 0.7215909957885742 0.4307647943496704 0.7090184092521667 0.41619810461997986 0.7086023688316345 0.416018545627594 0.721174955368042
3 0.481947124004364 0.646368682384491 0.4819549322128296 0.6307671666145325 0.43957674503326416 0.6307247877120972 0.4395689368247986 0.6463263034820557
2 0.4163351356983185 0.6918956637382507 0.44840922951698303 0.6918129920959473 0.4482579827308655 0.5744783878326416 0.4161839187145233 0.5745610594749451
12 0.4130019545555115 0.21730461716651917 0.4314733147621155 0.21722453832626343 0.43128275871276855 0.1293051689863205 0.41281139850616455 0.12938526272773743
0 0.44984668493270874 0.3824656903743744 0.45003029704093933 0.5113013982772827 0.7191013097763062 0.5105342268943787 0.718917727470398 0.38169851899147034
12 0.41351431608200073 0.8699607253074646 0.43126410245895386 0.8698258996009827 0.43093979358673096 0.7844731211662292 0.41319000720977783 0.7846079468727112
0 0.4491008222103119 0.6994553804397583 0.5334240198135376 0.699987530708313 0.5342103242874146 0.45072901248931885 0.44988712668418884 0.45019689202308655
2 0.49371716380119324 0.28266361355781555 0.4944467842578888 0.3935633599758148 0.7249103784561157 0.3905304968357086 0.7241807579994202 0.27963075041770935
2 0.41556239128112793 0.3823564052581787 0.4505578875541687 0.38278403878211975 0.4508851170539856 0.32921719551086426 0.4158896207809448 0.3287895619869232
4 0.4185822904109955 0.29056158661842346 0.42734676599502563 0.29056206345558167 0.42734721302986145 0.2730501592159271 0.4185827374458313 0.2730496823787689
3 0.48248234391212463 0.4316995143890381 0.4921906888484955 0.4316355288028717 0.491997629404068 0.3730262219905853 0.48228925466537476 0.3730902075767517
2 0.4178997874259949 0.5450626015663147 0.4191032946109772 0.5726449489593506 0.45247626304626465 0.5697323679924011 0.45127275586128235 0.5421500205993652
9 0.43636995553970337 0.6833089590072632 0.43649253249168396 0.7203972339630127 0.47155335545539856 0.7201654314994812 0.47143077850341797 0.6830771565437317
4 0.4229256510734558 0.32181400060653687 0.43246278166770935 0.32195937633514404 0.4326901435852051 0.29211559891700745 0.42315301299095154 0.29197025299072266
9 0.4106862545013428 0.7856974601745605 0.4368053078651428 0.7855623960494995 0.4366343021392822 0.7194333672523499 0.4105152487754822 0.7195684313774109
4 0.427694708108902 0.32155054807662964 0.44120097160339355 0.3222558796405792 0.4422427713871002 0.28235405683517456 0.42873653769493103 0.281648725271225
2 0.43826553225517273 0.7074284553527832 0.4385400712490082 0.6793660521507263 0.41794681549072266 0.6789630055427551 0.4176722466945648 0.707025408744812
4 0.46332401037216187 0.7131884098052979 0.46947431564331055 0.7135950922966003 0.4702223241329193 0.6909696459770203 0.46407201886177063 0.6905630230903625
4 0.440083384513855 0.7183337211608887 0.45090386271476746 0.7180674076080322 0.4503535330295563 0.6733250617980957 0.4395330250263214 0.6735913753509521
4 0.4681078791618347 0.7023888230323792 0.47316524386405945 0.7025656700134277 0.47342243790626526 0.6878554224967957 0.4683651030063629 0.6876786351203918
0 0.467197060585022 0.2803226709365845 0.4680647552013397 0.4415186643600464 0.7302274107933044 0.4386959373950958 0.7293596863746643 0.2774999439716339
4 0.4132486581802368 0.2880159616470337 0.4225628077983856 0.2880256772041321 0.4225718379020691 0.2708049714565277 0.4132576584815979 0.2707952857017517
