2 0.38735368847846985 0.5334115028381348 0.42421767115592957 0.5331361889839172 0.42353492975234985 0.48742905259132385 0.38667094707489014 0.48770442605018616
2 0.38827213644981384 0.45427224040031433 0.4267367422580719 0.45404478907585144 0.42607179284095764 0.3978041410446167 0.3876071572303772 0.3980315923690796
2 0.333762526512146 0.5604487061500549 0.3883117139339447 0.5602964162826538 0.3872051239013672 0.3621519207954407 0.3326559364795685 0.3623042404651642
7 0.3141113817691803 0.610763430595398 0.3143105208873749 0.6211528182029724 0.3553907871246338 0.6207592487335205 0.3551916778087616 0.610369861125946 
2 0.43617188930511475 0.39478227496147156 0.4371137022972107 0.4365355968475342 0.6306259632110596 0.4343529939651489 0.6296842098236084 0.3925997018814087
12 0.39637845754623413 0.734013020992279 0.4370824694633484 0.7340477108955383 0.4372689127922058 0.6245678067207336 0.39656487107276917 0.6245331168174744
7 0.4740939736366272 0.5591807961463928 0.47411635518074036 0.570271372795105 0.5046788454055786 0.5702404975891113 0.5046564936637878 0.5591499209403992 Adern 
12 0.42063120007514954 0.3026655316352844 0.4447173774242401 0.3026430010795593 0.44463175535202026 0.2569013833999634 0.4205456078052521 0.25692394375801086
12 0.3964570462703705 0.30546993017196655 0.4338996410369873 0.3054252564907074 0.4337806701660156 0.2555767297744751 0.3963380753993988 0.25562140345573425
2 0.4782148599624634 0.46290186047554016 0.4786474108695984 0.4906409978866577 0.628292441368103 0.4894741475582123 0.6278599500656128 0.4617350101470947
13 0.38973429799079895 0.4571676254272461 0.38981613516807556 0.4627896547317505 0.4020812511444092 0.46270039677619934 0.4019993841648102 0.45707839727401733
12 0.41379210352897644 0.7317035794258118 0.4494888186454773 0.7318480014801025 0.4503951072692871 0.6198797225952148 0.41469839215278625 0.6197353005409241
15 0.3875304162502289 0.6259462833404541 0.43936556577682495 0.6261332035064697 0.43995606899261475 0.5442363023757935 0.3881209194660187 0.5440493226051331
7 0.4748997688293457 0.34915417432785034 0.47543808817863464 0.3648100197315216 0.5219300389289856 0.36401063203811646 0.521391749382019 0.3483547866344452 en m 
7 0.3670143783092499 0.31815946102142334 0.3671831488609314 0.32385995984077454 0.38458675146102905 0.3236022889614105 0.38441795110702515 0.3179017901420593 lau, 
7 0.3187963664531708 0.31540408730506897 0.3191453814506531 0.3293335735797882 0.3567673861980438 0.3288622200489044 0.3564183712005615 0.3149327337741852 
2 0.4329640865325928 0.43362903594970703 0.4333370625972748 0.46534228324890137 0.6312124133110046 0.4641784429550171 0.6308394074440002 0.43246522545814514
13 0.6206976175308228 0.5058915019035339 0.6207655072212219 0.492452472448349 0.46671274304389954 0.49206334352493286 0.46664485335350037 0.5055023431777954
15 0.39157795906066895 0.6266016364097595 0.43838202953338623 0.6266674995422363 0.4385003447532654 0.5846257209777832 0.3916962742805481 0.5845598578453064
7 0.3373841941356659 0.5646172165870667 0.3375457525253296 0.5736678838729858 0.37557244300842285 0.5733284950256348 0.37541088461875916 0.5642778873443604 
0 0.4681365191936493 0.37318381667137146 0.46856775879859924 0.3938386142253876 0.6376580595970154 0.3920733630657196 0.6372268795967102 0.3714185953140259
2 0.3853871822357178 0.36999574303627014 0.385500967502594 0.39523398876190186 0.4375818967819214 0.39511650800704956 0.4374680817127228 0.36987826228141785
12 0.40587154030799866 0.30419740080833435 0.4468119740486145 0.30400973558425903 0.44637468457221985 0.2563035488128662 0.4054342806339264 0.2564912438392639
4 0.42002710700035095 0.3352736830711365 0.4332940876483917 0.33531245589256287 0.433389812707901 0.31894564628601074 0.42012283205986023 0.31890687346458435
4 0.4230733811855316 0.6085889935493469 0.4320923388004303 0.6086452603340149 0.4322340488433838 0.5972986221313477 0.4232150912284851 0.5972423553466797
4 0.4008692800998688 0.6071727275848389 0.4008934199810028 0.6133365631103516 0.4113885760307312 0.613315999507904 0.41136446595191956 0.6071521639823914
4 0.4637296795845032 0.3455001711845398 0.4640873074531555 0.33962535858154297 0.4534173011779785 0.3393005132675171 0.45305967330932617 0.3451753556728363
13 0.39431115984916687 0.33401310443878174 0.3943837583065033 0.3445623517036438 0.42839178442955017 0.34444528818130493 0.42831915616989136 0.33389604091644287
4 0.4237978458404541 0.6120507717132568 0.43421971797943115 0.6122710108757019 0.4346003234386444 0.6032629609107971 0.42417845129966736 0.603042721748352
7 0.36182862520217896 0.6141284108161926 0.36184486746788025 0.622608482837677 0.3851121664047241 0.6225862503051758 0.3850959539413452 0.6141061782836914 el 
2 0.414760023355484 0.3470313847064972 0.41633644700050354 0.3700633645057678 0.47361281514167786 0.3681030869483948 0.4720363914966583 0.34507110714912415
4 0.4132804870605469 0.6238517165184021 0.423088401556015 0.6238009929656982 0.42295312881469727 0.6107151508331299 0.4131452143192291 0.6107659339904785
4 0.4745846390724182 0.34237295389175415 0.48367413878440857 0.34214383363723755 0.48329463601112366 0.3346148133277893 0.4742051362991333 0.3348439335823059
7 0.27140411734580994 0.30465927720069885 0.2714802920818329 0.3123719394207001 0.30564022064208984 0.31220319867134094 0.3055640161037445 0.3044905364513397 | 
7 0.32149505615234375 0.5624862313270569 0.32170015573501587 0.5798976421356201 0.37678176164627075 0.5795731544494629 0.37657666206359863 0.5621617436408997 
4 0.417709618806839 0.35229355096817017 0.4335803687572479 0.3525438606739044 0.43415766954421997 0.3342393636703491 0.41828688979148865 0.33398905396461487
