0 0.4736 0.1430 0.5821 0.0622 0.7287 0.4482 0.6202 0.5290
0 0.0345 0.7482 0.1241 0.6843 0.1900 0.8654 0.1004 0.9293
0 0.2588 0.2394 0.3249 0.2508 0.2800 0.7626 0.2139 0.7512
0 0.7689 0.1454 0.9166 0.1490 0.9105 0.6414 0.7628 0.6378
1 0.1932 0.3656 0.1992 0.3710 0.1891 0.3928 0.1831 0.3874
1 0.5509 0.9243 0.5567 0.9313 0.5177 0.9941 0.5119 0.9871
1 0.8830 0.0802 0.9076 0.0747 0.9081 0.0794 0.8836 0.0849
1 0.0657 0.2764 0.0853 0.2978 0.0832 0.3016 0.0636 0.2802
2 0.3643 0.6641 0.3423 0.6630 0.3446 0.5699 0.3666 0.5710
2 0.5371 0.8444 0.6056 0.6715 0.6583 0.7124 0.5899 0.8853
2 0.8127 0.8175 0.7541 0.9189 0.7139 0.8733 0.7725 0.7719
2 0.3360 0.2352 0.2653 0.1131 0.3069 0.0660 0.3775 0.1881
3 0.3433 0.8924 0.3544 0.9598 0.3427 0.9636 0.3316 0.8962
3 0.4778 0.9466 0.4465 0.8435 0.4594 0.8358 0.4906 0.9389
3 0.3144 0.9215 0.3066 0.9310 0.2725 0.8761 0.2803 0.8666
3 0.0317 0.4052 0.1010 0.3679 0.1069 0.3892 0.0375 0.4265
4 0.0832 0.5250 0.0805 0.5329 0.0702 0.5258 0.0730 0.5179
4 0.3671 0.3773 0.3760 0.3567 0.4031 0.3795 0.3943 0.4001
4 0.7284 0.7050 0.7282 0.7170 0.6965 0.7162 0.6966 0.7042
4 0.1292 0.9425 0.1258 0.9669 0.1059 0.9615 0.1093 0.9371
6 0.5152 0.6367 0.4623 0.6906 0.4494 0.6657 0.5023 0.6118
6 0.8259 0.9418 0.8882 0.6887 0.9792 0.7326 0.9170 0.9857
6 0.1856 0.1630 0.1295 0.2102 0.1182 0.1838 0.1742 0.1366
6 0.1841 0.3987 0.1987 0.4652 0.1667 0.4789 0.1522 0.4124
7 0.1157 0.3124 0.1102 0.2997 0.1337 0.2800 0.1392 0.2927
7 0.5809 0.0230 0.5846 0.0290 0.5620 0.0566 0.5582 0.0506
7 0.0583 0.2740 0.0408 0.2318 0.0995 0.1844 0.1169 0.2266
7 0.6838 0.6681 0.6740 0.6460 0.7162 0.6091 0.7260 0.6312
9 0.9405 0.6604 0.9665 0.5026 0.9930 0.5112 0.9669 0.6690
9 0.5089 0.6920 0.5341 0.7312 0.4643 0.8192 0.4390 0.7800
12 0.4149 0.7950 0.4043 0.8154 0.3516 0.7618 0.3622 0.7414
12 0.0369 0.1532 0.0141 0.1453 0.0297 0.0580 0.0524 0.0659
12 0.3788 0.0915 0.4062 0.0895 0.4104 0.2017 0.3830 0.2037
13 0.5809 0.6004 0.5523 0.6166 0.5439 0.5876 0.5726 0.5714
13 0.9761 0.4297 0.9329 0.4541 0.9216 0.4151 0.9648 0.3907
13 0.2504 0.9540 0.2544 0.9748 0.2384 0.9808 0.2344 0.9600
13 0.0336 0.6223 0.0386 0.6306 0.0318 0.6385 0.0268 0.6302
15 0.7859 0.0566 0.8286 0.0046 0.8676 0.0674 0.8249 0.1194
15 0.4383 0.4885 0.4230 0.5898 0.3791 0.5767 0.3945 0.4754
15 0.1591 0.5214 0.1932 0.5896 0.1566 0.6254 0.1226 0.5572
15 0.4516 0.3129 0.3799 0.3005 0.3869 0.2203 0.4587 0.2327
