0 0.7309 0.7805 0.4796 0.5432 0.5560 0.3847 0.8073 0.6220
0 0.4547 0.7442 0.4012 0.8738 0.1513 0.6718 0.2048 0.5422
0 0.3791 0.1581 0.4458 0.0028 0.6792 0.1991 0.6125 0.3544
0 0.2785 0.3610 0.1971 0.2782 0.2824 0.1138 0.3638 0.1966
1 0.9023 0.0991 0.9098 0.1107 0.8902 0.1353 0.8828 0.1237
1 0.8101 0.0315 0.8035 0.0601 0.7956 0.0565 0.8022 0.0279
1 0.7913 0.8798 0.7943 0.9034 0.7912 0.9042 0.7882 0.8806
1 0.6705 0.9402 0.6791 0.9054 0.6872 0.9094 0.6786 0.9442
2 0.9108 0.8618 0.9659 0.8591 0.9669 0.8970 0.9118 0.8997
2 0.3529 0.9414 0.2933 0.9669 0.2797 0.9046 0.3393 0.8791
2 0.4041 0.4066 0.4016 0.5033 0.3619 0.5014 0.3644 0.4047
3 0.8949 0.6488 0.8830 0.6316 0.9174 0.5852 0.9293 0.6024
3 0.8113 0.7340 0.8157 0.7278 0.8673 0.8000 0.8628 0.8062
3 0.8864 0.1727 0.9033 0.1764 0.8896 0.2969 0.8727 0.2932
3 0.0682 0.9022 0.0608 0.8922 0.0969 0.8398 0.1043 0.8498
4 0.2566 0.9047 0.2632 0.9057 0.2625 0.9145 0.2560 0.9135
4 0.8099 0.1948 0.8266 0.1894 0.8330 0.2284 0.8163 0.2338
4 0.7238 0.2066 0.7016 0.2120 0.6999 0.1990 0.7222 0.1936
4 0.0636 0.6362 0.0647 0.6654 0.0544 0.6662 0.0533 0.6370
6 0.0611 0.1067 0.0635 0.1550 0.0555 0.1557 0.0531 0.1074
6 0.9477 0.2594 0.9093 0.1975 0.9537 0.1434 0.9921 0.2053
6 0.5671 0.8647 0.6250 0.8775 0.6158 0.9589 0.5579 0.9461
6 0.7422 0.0303 0.7586 0.0396 0.7518 0.0629 0.7354 0.0536
7 0.8246 0.9640 0.8398 0.9673 0.8389 0.9756 0.8236 0.9723
7 0.3017 0.3966 0.3164 0.3827 0.3317 0.4146 0.3170 0.4285
7 0.0259 0.9520 0.0245 0.9361 0.0301 0.9352 0.0315 0.9511
7 0.1269 0.1786 0.0993 0.1494 0.1445 0.0654 0.1721 0.0946
9 0.0165 0.3167 0.0399 0.2683 0.1637 0.3853 0.1404 0.4337
9 0.5224 0.9856 0.4921 1.0002 0.4554 0.8508 0.4856 0.8362
9 0.8501 0.4841 0.8237 0.4415 0.9296 0.3127 0.9560 0.3553
9 0.0122 0.6699 0.0263 0.5095 0.0529 0.5141 0.0389 0.6745
12 0.8697 0.8660 0.8697 0.7200 0.8994 0.7200 0.8994 0.8660
12 0.9935 0.9423 0.9967 0.9707 0.8945 0.9933 0.8913 0.9649
13 0.0535 0.0492 0.0917 0.0655 0.0865 0.0892 0.0483 0.0729
13 0.0486 0.7899 0.0470 0.8114 0.0305 0.8089 0.0321 0.7874
13 0.1386 0.9905 0.1515 0.9748 0.1554 0.9811 0.1425 0.9968
13 0.9710 0.5202 0.9833 0.5162 0.9856 0.5302 0.9733 0.5342
15 0.7629 0.2163 0.7712 0.3482 0.7134 0.3553 0.7051 0.2234
15 0.9037 0.5717 0.8305 0.5645 0.8340 0.4943 0.9072 0.5015
15 0.9841 0.6414 0.9701 0.6852 0.9391 0.6658 0.9530 0.6220
