0 0.1844 0.3151 0.2079 0.1463 0.5144 0.2297 0.4910 0.3985
0 0.9655 0.6536 0.8659 0.6782 0.8473 0.5304 0.9469 0.5058
0 0.1528 0.8693 0.1678 0.6986 0.4778 0.7519 0.4628 0.9226
0 0.7036 0.6810 0.5436 0.8209 0.5047 0.7338 0.6646 0.5939
1 0.8663 0.2709 0.8633 0.2696 0.8686 0.2455 0.8716 0.2468
1 0.2007 0.1327 0.1837 0.1360 0.1833 0.1317 0.2003 0.1284
1 0.9317 0.4470 0.9328 0.4367 0.9520 0.4410 0.9509 0.4513
1 0.0670 0.7294 0.0698 0.7301 0.0670 0.7550 0.0642 0.7543
2 0.1100 0.3619 0.1583 0.6332 0.0743 0.6625 0.0260 0.3912
2 0.8551 0.1466 0.8589 0.1570 0.8286 0.1786 0.8248 0.1682
2 0.7655 0.2081 0.6462 0.4973 0.5499 0.4195 0.6692 0.1303
2 0.3361 0.5445 0.2535 0.5984 0.2371 0.5491 0.3197 0.4952
3 0.9191 0.1930 0.9253 0.1815 0.9669 0.2254 0.9607 0.2369
3 0.3411 0.4676 0.3542 0.4542 0.4066 0.5552 0.3935 0.5686
3 0.7951 0.5378 0.7994 0.5509 0.7521 0.5818 0.7477 0.5687
3 0.6276 0.8350 0.6329 0.8398 0.5932 0.9254 0.5880 0.9206
4 0.0443 0.1393 0.0327 0.1123 0.0408 0.1055 0.0524 0.1325
4 0.1510 0.1827 0.1566 0.1787 0.1618 0.1929 0.1562 0.1969
4 0.3258 0.4028 0.3144 0.4386 0.3097 0.4356 0.3211 0.3998
4 0.3723 0.0062 0.3853 0.0088 0.3832 0.0298 0.3702 0.0272
6 0.8405 0.8340 0.8738 0.7823 0.8986 0.8136 0.8654 0.8653
6 0.0445 0.3362 0.0511 0.3132 0.0678 0.3226 0.0612 0.3456
6 0.4468 0.6194 0.4824 0.5426 0.5009 0.5594 0.4653 0.6362
7 0.9837 0.1732 0.9576 0.1688 0.9717 0.0080 0.9978 0.0124
7 0.8168 0.3252 0.8503 0.2992 0.9186 0.4716 0.8851 0.4976
7 0.6685 0.5531 0.6726 0.5559 0.6609 0.5893 0.6568 0.5865
7 0.7151 0.8069 0.7344 0.7747 0.8134 0.8675 0.7941 0.8997
9 0.3421 0.1453 0.3221 0.1005 0.4019 0.0307 0.4219 0.0755
9 0.1067 0.1037 0.1335 0.0331 0.1679 0.0587 0.1410 0.1293
9 0.1653 0.5737 0.1964 0.5066 0.2290 0.5363 0.1979 0.6034
9 0.0142 0.8811 0.1136 0.7800 0.1335 0.8185 0.0342 0.9196
12 0.7089 0.0134 0.8001 0.0842 0.7857 0.1206 0.6945 0.0498
13 0.7741 0.6674 0.7634 0.6729 0.7550 0.6410 0.7658 0.6355
13 0.6897 0.5860 0.6831 0.5836 0.6917 0.5384 0.6984 0.5408
13 0.5384 0.8488 0.5213 0.8626 0.5142 0.8452 0.5313 0.8314
13 0.1943 0.9584 0.2021 0.9701 0.1843 0.9932 0.1765 0.9815
15 0.8508 0.9718 0.8702 0.8931 0.9123 0.9134 0.8930 0.9921
15 0.8398 0.6175 0.8365 0.7498 0.7785 0.7469 0.7818 0.6146
15 0.2777 0.0350 0.2671 0.1197 0.1880 0.1002 0.1987 0.0155
15 0.5035 0.4183 0.4959 0.5189 0.4385 0.5105 0.4461 0.4099
