0 0.7269 0.3393 0.6791 0.2436 0.7811 0.1435 0.8289 0.2392
0 0.3403 0.5687 0.4143 0.4495 0.5180 0.5757 0.4440 0.6949
0 0.8188 0.5978 0.9669 0.7081 0.8686 0.9670 0.7205 0.8567
0 0.1401 0.2171 0.2529 0.2226 0.2481 0.4149 0.1354 0.4094
1 0.3214 0.3569 0.3313 0.3499 0.3432 0.3827 0.3333 0.3897
1 0.1899 0.7462 0.1902 0.7434 0.2153 0.7490 0.2150 0.7518
1 0.4675 0.9875 0.4615 0.9902 0.4436 0.9129 0.4496 0.9102
1 0.4339 0.2528 0.4542 0.2430 0.4569 0.2540 0.4366 0.2638
2 0.1849 0.7021 0.1771 0.6807 0.2046 0.6611 0.2124 0.6825
2 0.5393 0.0924 0.5464 0.0492 0.6010 0.0668 0.5939 0.1100
2 0.6346 0.4250 0.5351 0.3540 0.5525 0.3062 0.6520 0.3772
2 0.1181 0.1253 0.0816 0.1481 0.0485 0.0439 0.0850 0.0211
3 0.9392 0.4722 0.8769 0.5289 0.8680 0.5098 0.9303 0.4531
3 0.2325 0.9869 0.1917 0.9083 0.2023 0.8975 0.2431 0.9761
3 0.0990 0.1936 0.1009 0.2077 0.0499 0.2216 0.0479 0.2075
3 0.5709 0.5961 0.5324 0.5526 0.5400 0.5395 0.5784 0.5830
4 0.2714 0.0464 0.2745 0.0402 0.2869 0.0524 0.2838 0.0586
4 0.6010 0.5756 0.6018 0.5855 0.5958 0.5864 0.5951 0.5765
4 0.4079 0.9734 0.4189 0.9715 0.4198 0.9818 0.4088 0.9837
4 0.1108 0.5402 0.1350 0.5499 0.1323 0.5630 0.1081 0.5533
6 0.6278 0.6586 0.6932 0.9101 0.6027 0.9562 0.5374 0.7047
6 0.0945 0.7758 0.1446 0.8390 0.0538 0.9802 0.0037 0.9170
6 0.4420 0.3846 0.4596 0.3820 0.4615 0.4070 0.4438 0.4096
6 0.9831 0.4326 0.9745 0.4109 0.9903 0.3986 0.9989 0.4203
7 0.9098 0.5762 0.9042 0.5522 0.9420 0.5350 0.9475 0.5590
7 0.1027 0.7347 0.1030 0.7443 0.0898 0.7449 0.0896 0.7353
7 0.0357 0.6513 0.0704 0.6471 0.0772 0.7555 0.0425 0.7597
7 0.1258 0.4354 0.1226 0.4420 0.1068 0.4270 0.1099 0.4204
9 0.8971 0.1227 0.9402 0.1088 0.9769 0.3313 0.9338 0.3452
9 0.2862 0.9608 0.2662 0.8017 0.2926 0.7952 0.3127 0.9543
9 0.7292 0.0071 0.8166 0.0896 0.7925 0.1397 0.7051 0.0572
12 0.2493 0.1780 0.2440 0.1502 0.3439 0.1128 0.3492 0.1406
12 0.6908 0.4814 0.6924 0.4490 0.8232 0.4618 0.8216 0.4942
12 0.4801 0.1921 0.4750 0.1944 0.4305 0.0027 0.4356 0.0004
13 0.1865 0.4561 0.1571 0.4459 0.1615 0.4211 0.1909 0.4313
13 0.4214 0.9831 0.4264 0.9743 0.4383 0.9873 0.4334 0.9961
13 0.7738 0.3955 0.8541 0.4386 0.8522 0.4457 0.7719 0.4026
13 0.7196 0.3820 0.7458 0.3845 0.7435 0.4300 0.7173 0.4275
15 0.1870 0.5881 0.1990 0.5156 0.2421 0.5295 0.2302 0.6020
15 0.4712 0.7666 0.4287 0.8485 0.3820 0.8010 0.4245 0.7191
15 0.3269 0.2855 0.3363 0.3182 0.3011 0.3381 0.2917 0.3054
