0 0.4387 0.0767 0.2857 0.3145 0.2407 0.2577 0.3937 0.0199
0 0.8426 0.1199 0.8549 0.1647 0.5508 0.3281 0.5385 0.2833
0 0.1961 0.7151 0.0881 0.7613 0.0479 0.5773 0.1559 0.5311
0 0.5151 0.7829 0.6141 0.5222 0.7443 0.6191 0.6453 0.8798
1 0.2988 0.7564 0.2834 0.7266 0.2903 0.7196 0.3058 0.7494
1 0.3414 0.4912 0.3415 0.4868 0.3595 0.4876 0.3594 0.4920
1 0.3976 0.6529 0.4043 0.6460 0.4395 0.7115 0.4329 0.7184
1 0.4226 0.5412 0.4489 0.5412 0.4489 0.5532 0.4226 0.5532
2 0.8713 0.8101 0.8025 0.6869 0.8327 0.6539 0.9015 0.7771
2 0.9752 0.2589 0.9721 0.2865 0.9405 0.2795 0.9436 0.2519
2 0.1426 0.3348 0.0440 0.1580 0.1248 0.0696 0.2235 0.2464
3 0.3040 0.5565 0.2596 0.4396 0.2743 0.4287 0.3187 0.5456
3 0.8465 0.3766 0.8949 0.4894 0.8812 0.5010 0.8328 0.3882
3 0.8851 0.0329 0.8839 0.0242 0.9554 0.0047 0.9566 0.0134
3 0.5360 0.4601 0.5381 0.4363 0.6246 0.4511 0.6225 0.4749
4 0.8198 0.5341 0.8046 0.5586 0.7837 0.5331 0.7988 0.5086
4 0.8266 0.6346 0.8143 0.6513 0.7922 0.6194 0.8046 0.6027
4 0.6146 0.0704 0.5990 0.0802 0.5874 0.0436 0.6030 0.0338
4 0.8873 0.3693 0.8754 0.3639 0.8935 0.2855 0.9055 0.2909
6 0.4970 0.1367 0.5082 0.1174 0.5221 0.1333 0.5110 0.1526
6 0.2085 0.8266 0.3939 0.7618 0.4172 0.8926 0.2318 0.9574
6 0.3557 0.5860 0.3210 0.5083 0.3397 0.4920 0.3744 0.5697
6 0.7786 0.5599 0.7624 0.6026 0.7554 0.5973 0.7716 0.5546
7 0.8811 0.5569 0.8773 0.5949 0.8683 0.5931 0.8721 0.5551
7 0.3078 0.4069 0.3040 0.4269 0.2565 0.4091 0.2603 0.3891
7 0.4517 0.2930 0.5121 0.3418 0.5077 0.3526 0.4473 0.3038
7 0.2145 0.7518 0.2110 0.7434 0.2224 0.7342 0.2258 0.7426
9 0.7603 0.4305 0.7525 0.4821 0.6605 0.4547 0.6684 0.4031
9 0.0188 0.3830 0.0564 0.3783 0.0646 0.5094 0.0270 0.5141
9 0.0960 0.9944 0.0534 0.9542 0.1211 0.8136 0.1638 0.8538
12 0.8895 0.1877 0.8845 0.1597 0.9848 0.1247 0.9898 0.1527
12 0.5514 0.9777 0.5406 0.9576 0.5926 0.9027 0.6034 0.9228
12 0.3096 0.6962 0.3291 0.6659 0.3421 0.6822 0.3226 0.7125
12 0.5166 0.2133 0.5068 0.2344 0.4522 0.1847 0.4620 0.1636
13 0.9320 0.7228 0.9125 0.6208 0.9414 0.6100 0.9610 0.7120
13 0.7713 0.0422 0.7678 0.0633 0.7224 0.0486 0.7259 0.0275
13 0.9342 0.8590 0.9700 0.8510 0.9773 0.9154 0.9414 0.9234
13 0.3958 0.4338 0.3860 0.4484 0.3234 0.3666 0.3331 0.3520
15 0.7579 0.8927 0.8308 0.8855 0.8344 0.9573 0.7615 0.9645
15 0.7098 0.9079 0.7527 0.9089 0.7519 0.9713 0.7090 0.9703
15 0.2425 0.7019 0.2681 0.6859 0.2835 0.7341 0.2579 0.7501
