0 0.5222 0.6532 0.5366 0.8453 0.4232 0.8620 0.4088 0.6699
0 0.7940 0.4471 0.7061 0.5154 0.6357 0.3377 0.7237 0.2694
0 0.3244 0.5572 0.3564 0.7877 0.1508 0.8436 0.1188 0.6131
0 0.2916 0.4585 0.0331 0.1858 0.0675 0.1219 0.3260 0.3946
1 0.9475 0.9813 0.9455 0.9820 0.9394 0.9475 0.9413 0.9468
1 0.9109 0.2612 0.9184 0.2471 0.9246 0.2536 0.9170 0.2677
1 0.3401 0.8722 0.3430 0.8622 0.3981 0.8934 0.3952 0.9034
1 0.9306 0.2944 0.9233 0.3062 0.9034 0.2820 0.9107 0.2702
2 0.8864 0.4501 0.8387 0.5062 0.8087 0.4563 0.8565 0.4002
2 0.9137 0.6026 0.8932 0.6420 0.8380 0.5858 0.8585 0.5464
2 0.6979 0.7700 0.7776 0.7003 0.8321 0.8224 0.7524 0.8921
2 0.4709 0.4777 0.4699 0.4893 0.4362 0.4835 0.4372 0.4719
3 0.3637 0.5465 0.4368 0.5031 0.4437 0.5259 0.3706 0.5693
3 0.5209 0.1492 0.5192 0.1577 0.4491 0.1296 0.4508 0.1211
3 0.8438 0.2340 0.8166 0.3385 0.8000 0.3300 0.8271 0.2255
3 0.3548 0.1115 0.3970 0.0619 0.4069 0.0785 0.3647 0.1281
4 0.1020 0.9978 0.0760 0.9230 0.0888 0.9142 0.1149 0.9890
4 0.3215 0.1109 0.3151 0.0886 0.3305 0.0799 0.3369 0.1022
4 0.0503 0.7820 0.0396 0.7538 0.0474 0.7480 0.0581 0.7762
4 0.0915 0.0859 0.0888 0.0977 0.0562 0.0829 0.0589 0.0711
6 0.5709 0.7227 0.5815 0.7425 0.5671 0.7577 0.5565 0.7379
6 0.7610 0.0650 0.7842 0.0291 0.7901 0.0366 0.7670 0.0725
6 0.9833 0.0434 0.9681 0.1354 0.8359 0.0926 0.8510 0.0006
6 0.6191 0.8160 0.6191 0.7340 0.6780 0.7340 0.6780 0.8160
7 0.4693 0.4310 0.4621 0.4314 0.4613 0.3990 0.4685 0.3986
7 0.6180 0.1841 0.5954 0.2117 0.5277 0.1027 0.5503 0.0751
7 0.9079 0.7872 0.9172 0.8002 0.8961 0.8296 0.8868 0.8166
7 0.7124 0.6269 0.7093 0.5968 0.7931 0.5803 0.7961 0.6104
9 0.5027 0.5374 0.6145 0.4955 0.6215 0.5322 0.5098 0.5741
9 0.5440 0.9944 0.4294 0.9162 0.4423 0.8792 0.5569 0.9574
9 0.8715 0.7546 0.8585 0.7137 0.9616 0.6494 0.9746 0.6903
9 0.3329 0.3602 0.3317 0.2606 0.4765 0.2570 0.4778 0.3566
12 0.0421 0.6608 0.0242 0.6626 0.0196 0.5716 0.0376 0.5698
12 0.0812 0.8040 0.1041 0.8108 0.0908 0.8988 0.0679 0.8920
12 0.6426 0.6540 0.6245 0.5593 0.6291 0.5576 0.6473 0.6523
13 0.6777 0.1485 0.6760 0.1464 0.7323 0.0491 0.7340 0.0512
13 0.3452 0.0465 0.3425 0.0322 0.3485 0.0299 0.3513 0.0442
13 0.9436 0.4021 0.9386 0.3518 0.9847 0.3427 0.9897 0.3930
13 0.8584 0.9909 0.8371 0.9498 0.8747 0.9115 0.8961 0.9526
15 0.6792 0.9174 0.6214 0.9852 0.5928 0.9374 0.6506 0.8696
15 0.5182 0.3441 0.5563 0.2620 0.6275 0.3267 0.5894 0.4088
15 0.2011 0.1221 0.1362 0.0777 0.1615 0.0051 0.2264 0.0495
15 0.2054 0.8648 0.2686 0.9041 0.2386 0.9984 0.1754 0.9591
