0 0.0167 0.5434 0.2276 0.5486 0.2250 0.7550 0.0142 0.7498
0 0.9270 0.2382 0.8679 0.3521 0.7504 0.2326 0.8096 0.1187
0 0.5030 0.5612 0.3396 0.6141 0.2925 0.3284 0.4559 0.2755
0 0.5445 0.5807 0.6817 0.6009 0.6698 0.7597 0.5326 0.7395
1 0.8575 0.4033 0.8557 0.3932 0.8745 0.3867 0.8763 0.3968
1 0.6170 0.3119 0.6180 0.3016 0.6372 0.3049 0.6363 0.3152
1 0.8240 0.0391 0.8447 0.0469 0.8426 0.0581 0.8219 0.0503
1 0.1761 0.4017 0.1713 0.4024 0.1682 0.3607 0.1730 0.3600
2 0.2164 0.4421 0.2079 0.0999 0.2504 0.0979 0.2590 0.4401
2 0.9645 0.4951 0.9684 0.6522 0.9150 0.6549 0.9111 0.4978
2 0.9139 0.8557 0.8739 0.7695 0.9487 0.7015 0.9887 0.7877
2 0.0449 0.4210 0.0483 0.4458 0.0234 0.4526 0.0199 0.4278
3 0.6532 0.1814 0.7133 0.2425 0.7037 0.2610 0.6436 0.1999
3 0.7551 0.3713 0.7596 0.3584 0.8063 0.3903 0.8018 0.4032
3 0.1633 0.9733 0.1496 0.9720 0.1547 0.8699 0.1684 0.8712
3 0.8157 0.4207 0.7651 0.4968 0.7531 0.4813 0.8038 0.4052
4 0.4436 0.7860 0.4506 0.8104 0.4422 0.8152 0.4351 0.7908
4 0.5077 0.2983 0.5107 0.3137 0.5074 0.3149 0.5044 0.2995
4 0.3066 0.1026 0.2840 0.1093 0.2782 0.0714 0.3009 0.0647
4 0.8195 0.8101 0.8099 0.8047 0.8117 0.7987 0.8212 0.8041
6 0.3185 0.9610 0.2613 0.9110 0.3332 0.7498 0.3904 0.7998
6 0.6870 0.5117 0.6196 0.5068 0.6267 0.3171 0.6941 0.3220
6 0.5927 0.7951 0.7838 0.7997 0.7821 0.9345 0.5910 0.9299
6 0.4753 0.0438 0.5364 0.0040 0.5938 0.1762 0.5327 0.2160
7 0.2406 0.0335 0.2560 0.0350 0.2554 0.0473 0.2400 0.0458
7 0.6950 0.0583 0.6956 0.0678 0.6833 0.0693 0.6827 0.0598
7 0.9876 0.2754 0.9868 0.2671 0.9987 0.2650 0.9995 0.2733
7 0.4925 0.7206 0.4860 0.7084 0.5149 0.6778 0.5215 0.6900
9 0.8509 0.7515 0.7789 0.7533 0.7760 0.5209 0.8480 0.5191
9 0.4660 0.7299 0.3387 0.7361 0.3377 0.6949 0.4650 0.6887
9 0.1370 0.0190 0.0993 0.1722 0.0736 0.1598 0.1113 0.0066
9 0.3496 0.0560 0.3911 0.0499 0.4067 0.2580 0.3652 0.2641
12 0.2070 0.1908 0.1393 0.2890 0.1262 0.2712 0.1938 0.1730
12 0.0604 0.3721 0.0094 0.2869 0.0330 0.2591 0.0841 0.3443
12 0.2020 0.4879 0.2312 0.4901 0.2302 0.5145 0.2011 0.5123
13 0.6026 0.0058 0.6255 0.0103 0.6237 0.0282 0.6008 0.0237
13 0.8473 0.9671 0.8478 0.9782 0.8327 0.9797 0.8322 0.9686
13 0.9412 0.9630 0.8952 0.9732 0.8905 0.9322 0.9365 0.9220
13 0.4571 0.6513 0.4768 0.6499 0.4775 0.6699 0.4578 0.6713
15 0.1201 0.4814 0.0926 0.5010 0.0734 0.4482 0.1009 0.4286
15 0.0059 0.9095 0.0680 0.8531 0.0924 0.9057 0.0303 0.9621
15 0.4593 0.8259 0.5317 0.9111 0.4944 0.9733 0.4220 0.8881
15 0.2578 0.8893 0.2514 0.9913 0.1911 0.9839 0.1974 0.8819
