0 0.1896 0.6306 0.1104 0.7889 0.0170 0.6974 0.0962 0.5391
0 0.5444 0.3542 0.4850 0.3965 0.4622 0.3338 0.5215 0.2915
0 0.2672 0.2737 0.1845 0.5110 0.1185 0.4659 0.2012 0.2286
0 0.2531 0.7587 0.2635 0.8507 0.2138 0.8617 0.2034 0.7697
1 0.7120 0.8183 0.7147 0.8205 0.7054 0.8421 0.7027 0.8399
1 0.0622 0.1571 0.0632 0.1608 0.0264 0.1817 0.0253 0.1780
1 0.2958 0.0701 0.2940 0.0600 0.3128 0.0535 0.3146 0.0636
1 0.5170 0.9688 0.5137 0.9820 0.4416 0.9472 0.4448 0.9340
2 0.9903 0.5541 0.9437 0.6376 0.9128 0.6039 0.9595 0.5204
2 0.3917 0.3791 0.4040 0.5759 0.3440 0.5833 0.3317 0.3865
2 0.7033 0.1501 0.7724 0.0772 0.8256 0.1759 0.7564 0.2488
2 0.7606 0.6236 0.8104 0.6908 0.7828 0.7308 0.7331 0.6636
3 0.7330 0.8935 0.8061 0.9116 0.8033 0.9341 0.7302 0.9160
3 0.4533 0.1247 0.4657 0.1393 0.4084 0.2349 0.3960 0.2203
3 0.8361 0.9141 0.8260 0.9114 0.8359 0.8399 0.8460 0.8426
3 0.5850 0.7987 0.5886 0.7914 0.6490 0.8485 0.6454 0.8558
4 0.3311 0.2418 0.3435 0.2554 0.3335 0.2734 0.3211 0.2598
4 0.7884 0.2644 0.7921 0.2673 0.7765 0.3068 0.7727 0.3039
4 0.8299 0.3364 0.8317 0.3435 0.8253 0.3468 0.8234 0.3397
4 0.8551 0.0288 0.8575 0.0051 0.8663 0.0068 0.8639 0.0305
6 0.9208 0.1103 0.9955 0.3566 0.9069 0.4093 0.8322 0.1630
6 0.0214 0.4829 0.0014 0.2168 0.0972 0.2027 0.1172 0.4688
6 0.6088 0.3363 0.6435 0.2554 0.7598 0.3533 0.7251 0.4342
6 0.4768 0.8494 0.4710 0.7581 0.4930 0.7554 0.4987 0.8467
7 0.1740 0.9497 0.1755 0.9362 0.2012 0.9419 0.1997 0.9554
7 0.5766 0.1338 0.5476 0.1486 0.5234 0.0554 0.5524 0.0406
7 0.4402 0.7684 0.4443 0.7618 0.4572 0.7776 0.4531 0.7842
7 0.2294 0.0650 0.2318 0.0267 0.2409 0.0278 0.2385 0.0661
9 0.6033 0.5288 0.6245 0.4991 0.7132 0.6232 0.6920 0.6529
9 0.7685 0.4874 0.8008 0.4315 0.8950 0.5382 0.8626 0.5941
9 0.4368 0.5864 0.4722 0.5683 0.5044 0.6920 0.4689 0.7101
9 0.6834 0.0273 0.6814 0.1893 0.6543 0.1887 0.6563 0.0267
12 0.2708 0.6549 0.3635 0.6128 0.3692 0.6371 0.2765 0.6792
12 0.3761 0.1632 0.3743 0.1704 0.2382 0.1048 0.2399 0.0976
12 0.9260 0.8837 0.8733 0.8149 0.8889 0.7915 0.9416 0.8603
13 0.3320 0.3660 0.2930 0.3737 0.2905 0.3492 0.3296 0.3415
13 0.6944 0.7028 0.7001 0.7166 0.6791 0.7336 0.6733 0.7198
13 0.9223 0.9277 0.9217 0.9037 0.9263 0.9035 0.9269 0.9275
13 0.4559 0.8022 0.4584 0.8055 0.4052 0.8854 0.4027 0.8821
15 0.4433 0.0597 0.4798 0.0050 0.5132 0.0487 0.4768 0.1034
15 0.2878 0.9981 0.2534 0.9268 0.3200 0.8639 0.3543 0.9352
15 0.1633 0.0549 0.1569 0.1404 0.0770 0.1287 0.0834 0.0432
