0 0.2402 0.7297 0.2039 0.6515 0.2461 0.6131 0.2824 0.6913
0 0.6461 0.4274 0.6346 0.5192 0.5850 0.5070 0.5966 0.4152
0 0.3768 0.7986 0.4307 0.8554 0.4075 0.8986 0.3536 0.8418
0 0.1481 0.7975 0.1305 0.9369 0.0250 0.9109 0.0426 0.7715
1 0.9365 0.2989 0.9456 0.2932 0.9767 0.3907 0.9675 0.3964
1 0.7733 0.0947 0.7946 0.0768 0.7964 0.0809 0.7751 0.0988
1 0.3160 0.5646 0.3137 0.5669 0.3034 0.5462 0.3057 0.5439
1 0.1467 0.4541 0.1460 0.4580 0.1073 0.4455 0.1080 0.4416
2 0.3698 0.2868 0.2580 0.3005 0.2533 0.2260 0.3652 0.2123
2 0.4318 0.7094 0.4094 0.7468 0.3571 0.6854 0.3795 0.6480
2 0.6929 0.7936 0.6442 0.8413 0.5674 0.6876 0.6161 0.6399
2 0.1923 0.3547 0.2323 0.4694 0.1974 0.4933 0.1574 0.3786
3 0.6557 0.5975 0.6812 0.5382 0.6914 0.5469 0.6660 0.6062
3 0.2353 0.8604 0.1822 0.8817 0.1785 0.8632 0.2315 0.8419
3 0.8048 0.6157 0.8149 0.6127 0.8257 0.6839 0.8157 0.6869
3 0.0904 0.5965 0.0828 0.5868 0.1176 0.5327 0.1252 0.5424
4 0.8436 0.8732 0.8587 0.8542 0.8652 0.8644 0.8501 0.8834
4 0.8683 0.2868 0.8683 0.3072 0.8391 0.3072 0.8391 0.2868
4 0.2380 0.1691 0.2443 0.1871 0.1685 0.2389 0.1623 0.2209
4 0.9423 0.9095 0.9429 0.8855 0.9714 0.8869 0.9708 0.9109
6 0.4924 0.2780 0.4911 0.2533 0.5091 0.2516 0.5103 0.2763
6 0.6136 0.3586 0.5577 0.3058 0.6336 0.1482 0.6895 0.2010
6 0.1458 0.2135 0.1007 0.2836 -0.0001 0.1565 0.0450 0.0864
6 0.7509 0.9307 0.7749 0.9655 0.7691 0.9733 0.7451 0.9385
7 0.4728 0.2215 0.4772 0.2171 0.4838 0.2297 0.4794 0.2341
7 0.0163 0.5090 0.0266 0.5198 0.0111 0.5486 0.0008 0.5378
7 0.4942 0.1699 0.4944 0.1551 0.5318 0.1561 0.5316 0.1709
7 0.2037 0.5895 0.2105 0.5619 0.2475 0.5797 0.2407 0.6073
9 0.6845 0.5221 0.6602 0.4285 0.7963 0.3591 0.8207 0.4527
9 0.5172 0.4821 0.4882 0.5289 0.3651 0.3791 0.3941 0.3323
9 0.3365 0.1588 0.4297 0.0371 0.4498 0.0672 0.3566 0.1889
12 0.1987 0.6928 0.1762 0.7148 0.1302 0.6228 0.1526 0.6008
12 0.4774 0.1211 0.5455 0.0883 0.5529 0.1185 0.4848 0.1513
12 0.9236 0.1279 0.8627 0.1309 0.8619 0.0953 0.9227 0.0923
12 0.7190 0.9046 0.6985 0.8924 0.7710 0.6530 0.7915 0.6652
13 0.5679 0.9167 0.5720 0.9096 0.5844 0.9237 0.5803 0.9308
13 0.2802 0.8902 0.2719 0.8354 0.2892 0.8302 0.2975 0.8850
13 0.1216 0.0401 0.0931 0.0189 0.0981 0.0059 0.1266 0.0271
13 0.5648 0.9451 0.5732 0.9511 0.5629 0.9797 0.5545 0.9737
15 0.4922 0.7246 0.5566 0.7706 0.5304 0.8426 0.4660 0.7966
15 0.9074 0.8781 0.8750 0.7537 0.9295 0.7259 0.9619 0.8503
15 0.8656 0.4925 0.9277 0.4115 0.9807 0.4911 0.9186 0.5721
15 0.5610 0.8472 0.5852 0.8569 0.5747 0.9080 0.5505 0.8983
