0 0.0674 0.7449 0.0316 0.5442 0.3729 0.4251 0.4086 0.6258
0 0.5441 0.3530 0.6046 0.4655 0.4887 0.5878 0.4282 0.4753
0 0.6762 0.2388 0.7350 0.1950 0.7586 0.2572 0.6998 0.3010
0 0.8972 0.6769 0.7731 0.5922 0.8231 0.4487 0.9471 0.5334
1 0.2170 0.3394 0.2242 0.3367 0.2292 0.3630 0.2221 0.3657
1 0.2421 0.3378 0.2438 0.3393 0.2307 0.3698 0.2290 0.3683
1 0.9438 0.7719 0.9487 0.7721 0.9476 0.8141 0.9428 0.8139
1 0.7652 0.7379 0.7591 0.7510 0.7371 0.7309 0.7432 0.7178
2 0.6913 0.9162 0.9356 0.8983 0.9378 0.9578 0.6936 0.9757
2 0.0967 0.1425 0.0301 0.1458 0.0271 0.0227 0.0936 0.0194
2 0.9459 0.1748 0.9540 0.3059 0.8516 0.3184 0.8434 0.1873
2 0.2832 0.0802 0.2249 0.0945 0.2240 0.0870 0.2822 0.0727
3 0.3910 0.9123 0.3862 0.9353 0.3025 0.9017 0.3072 0.8787
3 0.2115 0.0604 0.1582 0.0804 0.1542 0.0596 0.2075 0.0396
3 0.7680 0.3347 0.7783 0.2670 0.7900 0.2705 0.7797 0.3382
3 0.3463 0.1264 0.3023 0.1729 0.2940 0.1576 0.3380 0.1111
4 0.6917 0.3347 0.7053 0.3466 0.7032 0.3513 0.6896 0.3394
4 0.6184 0.1491 0.6308 0.1292 0.6381 0.1381 0.6258 0.1580
4 0.7204 0.4547 0.7321 0.4728 0.7244 0.4825 0.7128 0.4644
4 0.5492 0.1899 0.5906 0.3199 0.5710 0.3321 0.5297 0.2021
6 0.4382 0.8298 0.4265 0.7368 0.5601 0.7038 0.5718 0.7968
6 0.4962 0.9157 0.5236 0.8294 0.6476 0.9067 0.6201 0.9930
6 0.5172 0.2574 0.4671 0.3206 0.3763 0.1794 0.4264 0.1162
7 0.3429 0.0475 0.3388 0.0557 0.3217 0.0389 0.3258 0.0307
7 0.7451 0.6230 0.7325 0.5831 0.7372 0.5802 0.7498 0.6201
7 0.3281 0.4083 0.3191 0.4181 0.3008 0.3853 0.3098 0.3755
7 0.6809 0.4766 0.7017 0.5216 0.6263 0.5902 0.6054 0.5452
9 0.6874 0.3908 0.6456 0.4454 0.6191 0.4056 0.6609 0.3510
9 0.1118 0.8985 0.0766 0.8796 0.1102 0.7567 0.1454 0.7756
9 0.5906 0.6880 0.6258 0.6691 0.6594 0.7920 0.6242 0.8109
9 0.2324 0.2780 0.2102 0.3102 0.1290 0.2004 0.1512 0.1682
12 0.9066 0.8283 0.8879 0.8474 0.8108 0.6989 0.8295 0.6798
13 0.6568 0.0895 0.6709 0.0675 0.6815 0.0809 0.6674 0.1029
13 0.2833 0.2905 0.2800 0.3045 0.2707 0.3003 0.2740 0.2863
13 0.2492 0.8184 0.2282 0.8226 0.2263 0.8028 0.2472 0.7986
13 0.2547 0.0466 0.2448 0.0581 0.2399 0.0498 0.2497 0.0383
15 0.1127 0.3203 0.0554 0.3744 0.0142 0.2889 0.0715 0.2348
15 0.9641 0.0702 0.9190 0.1509 0.8785 0.1066 0.9235 0.0259
15 0.7539 0.1645 0.7376 0.0203 0.8169 0.0027 0.8332 0.1469
15 0.1144 0.1684 0.1024 0.1248 0.1344 0.1076 0.1464 0.1512
