0 0.6213 0.2436 0.6557 0.1842 0.7878 0.3340 0.7535 0.3934
0 0.6544 0.6083 0.6103 0.7688 0.3188 0.6121 0.3628 0.4516
0 0.7236 0.5906 0.7820 0.5434 0.8013 0.5902 0.7429 0.6374
0 0.5875 0.2137 0.4668 0.3768 0.3214 0.1659 0.4420 0.0028
1 0.1604 0.9211 0.1626 0.9242 0.1499 0.9421 0.1477 0.9390
1 0.8421 0.4900 0.8413 0.4875 0.8647 0.4736 0.8655 0.4761
1 0.2484 0.9732 0.2420 0.9572 0.2585 0.9444 0.2649 0.9604
1 0.2100 0.4228 0.2053 0.4087 0.2291 0.3932 0.2338 0.4073
2 0.7714 0.0877 0.6334 0.1288 0.6208 0.0463 0.7589 0.0052
2 0.9196 0.1327 0.9644 0.0819 0.9907 0.1273 0.9458 0.1781
2 0.7364 0.7992 0.7740 0.7664 0.7790 0.7776 0.7414 0.8104
2 0.0470 0.6457 0.2544 0.4642 0.2770 0.5147 0.0696 0.6962
3 0.8222 0.7034 0.9022 0.6995 0.9026 0.7190 0.8227 0.7229
3 0.1918 0.4091 0.1930 0.4330 0.1454 0.4377 0.1442 0.4138
3 0.6910 0.4767 0.7835 0.4996 0.7808 0.5217 0.6882 0.4988
3 0.2419 0.1581 0.2822 0.1055 0.2916 0.1195 0.2512 0.1721
4 0.8293 0.7675 0.8199 0.7760 0.8073 0.7489 0.8167 0.7404
4 0.5405 0.8207 0.5541 0.8355 0.5486 0.8453 0.5351 0.8305
4 0.0856 0.3420 0.0817 0.3314 0.1010 0.3176 0.1049 0.3282
4 0.8912 0.1706 0.8959 0.1852 0.8859 0.1914 0.8813 0.1768
6 0.9129 0.5977 0.8938 0.6853 0.8728 0.6763 0.8919 0.5887
6 0.8226 0.7967 0.8595 0.8433 0.8371 0.8781 0.8002 0.8315
6 0.9328 0.7369 0.9136 0.6493 0.9347 0.6403 0.9538 0.7279
6 0.1520 0.1443 0.1204 0.2277 0.0005 0.1385 0.0322 0.0551
7 0.8853 0.4027 0.8960 0.3951 0.9087 0.4301 0.8980 0.4377
7 0.4644 0.8619 0.4696 0.8694 0.4505 0.8953 0.4453 0.8878
7 0.3898 0.9238 0.3772 0.9324 0.3348 0.8106 0.3473 0.8020
7 0.1015 0.9154 0.0778 0.9412 0.0168 0.8318 0.0404 0.8060
9 0.2474 0.1720 0.2629 0.3490 0.2337 0.3540 0.2182 0.1770
9 0.8772 0.8040 0.9875 0.8512 0.9797 0.8872 0.8693 0.8400
9 0.5797 0.8216 0.6093 0.7755 0.7306 0.9284 0.7009 0.9745
9 0.3078 0.8155 0.2913 0.8630 0.2068 0.8053 0.2233 0.7578
12 0.9029 0.3468 0.8895 0.3736 0.8368 0.3220 0.8502 0.2952
12 0.9972 0.0116 0.9989 0.0233 0.7905 0.0800 0.7888 0.0683
13 0.9589 0.3402 0.9960 0.3612 0.9894 0.3842 0.9523 0.3632
13 0.8161 0.7077 0.8062 0.7094 0.8045 0.6895 0.8144 0.6878
13 0.2794 0.3995 0.2927 0.4376 0.2809 0.4457 0.2676 0.4076
13 0.9254 0.2608 0.9615 0.2555 0.9663 0.3204 0.9302 0.3257
15 0.8710 0.9678 0.8810 0.9219 0.9136 0.9358 0.9035 0.9817
15 0.1510 0.3465 0.1120 0.2837 0.1493 0.2383 0.1883 0.3011
15 0.1303 0.8817 0.1291 0.7813 0.1891 0.7799 0.1903 0.8803
15 0.4150 0.3918 0.4163 0.4270 0.3784 0.4298 0.3771 0.3946
