0 0.5138 0.8517 0.4925 0.7813 0.6490 0.6883 0.6703 0.7587
0 0.1496 0.1603 0.2041 0.1630 0.1982 0.4009 0.1436 0.3982
0 0.1213 0.9668 0.1330 0.8738 0.1710 0.8832 0.1593 0.9762
0 0.6929 0.4385 0.6150 0.2937 0.8325 0.0643 0.9104 0.2091
1 0.0439 0.2792 0.0419 0.2763 0.0710 0.2384 0.0729 0.2413
1 0.0818 0.7607 0.0744 0.7749 0.0682 0.7685 0.0756 0.7543
1 0.2965 0.5047 0.3031 0.5094 0.2943 0.5337 0.2877 0.5290
1 0.9688 0.4032 0.9439 0.4020 0.9441 0.3972 0.9689 0.3984
2 0.2074 0.7314 0.2137 0.6899 0.2215 0.6922 0.2152 0.7337
2 0.3247 0.6153 0.3042 0.6097 0.3142 0.5383 0.3346 0.5439
2 0.2659 0.0229 0.2839 0.0216 0.2852 0.0571 0.2672 0.0584
2 0.2902 0.2409 0.3594 0.2056 0.3744 0.2631 0.3051 0.2984
3 0.4907 0.6810 0.4025 0.7309 0.3965 0.7102 0.4847 0.6603
3 0.0399 0.6041 0.1151 0.5658 0.1198 0.5843 0.0447 0.6226
3 0.5279 0.8749 0.5325 0.8620 0.5792 0.8939 0.5747 0.9068
3 0.5938 0.5150 0.6038 0.5281 0.5539 0.6030 0.5439 0.5899
4 0.5108 0.5809 0.5165 0.5771 0.5215 0.5915 0.5158 0.5953
4 0.5664 0.3149 0.5373 0.3214 0.5362 0.3111 0.5652 0.3046
4 0.9042 0.9246 0.8888 0.9242 0.8892 0.8858 0.9047 0.8862
4 0.6516 0.9731 0.6620 0.9666 0.6664 0.9805 0.6560 0.9870
6 0.9811 0.3821 0.9622 0.3416 0.9689 0.3355 0.9878 0.3760
6 0.6492 0.4584 0.6345 0.5477 0.6131 0.5408 0.6278 0.4515
6 0.4943 0.2177 0.4496 0.1872 0.4643 0.1451 0.5090 0.1756
6 0.3468 0.4048 0.3935 0.3554 0.4290 0.4212 0.3822 0.4706
7 0.7519 0.5921 0.7573 0.5450 0.8984 0.5763 0.8930 0.6234
7 0.2704 0.9213 0.2670 0.9457 0.2162 0.9319 0.2196 0.9075
7 0.0273 0.4189 0.0320 0.4151 0.0376 0.4287 0.0329 0.4325
7 0.3397 0.6610 0.3424 0.6677 0.3211 0.6842 0.3185 0.6775
9 0.1464 0.7594 0.1096 0.7713 0.0885 0.6430 0.1252 0.6311
9 0.8781 0.7970 0.8178 0.8498 0.7410 0.6778 0.8014 0.6250
9 0.5907 0.3644 0.6041 0.4133 0.4793 0.4804 0.4659 0.4315
9 0.3502 0.6003 0.4491 0.5171 0.4630 0.5493 0.3640 0.6325
12 0.2914 0.0436 0.3232 0.0247 0.3663 0.1668 0.3345 0.1857
12 0.2679 0.6266 0.2399 0.6153 0.2447 0.5918 0.2727 0.6031
12 0.9197 0.9529 0.9082 0.8215 0.9337 0.8171 0.9452 0.9485
12 0.1590 0.5572 0.2433 0.4971 0.2550 0.5292 0.1707 0.5893
13 0.7316 0.7182 0.7266 0.7754 0.7056 0.7718 0.7106 0.7146
13 0.5438 0.2519 0.5693 0.2797 0.5628 0.2913 0.5373 0.2635
13 0.0101 0.3049 0.0039 0.2977 0.0137 0.2815 0.0198 0.2887
13 0.5351 0.2465 0.5439 0.1927 0.5612 0.1983 0.5523 0.2521
15 0.0517 0.0468 0.0874 0.1024 0.0535 0.1452 0.0177 0.0896
15 0.2709 0.6278 0.2892 0.7303 0.2459 0.7454 0.2277 0.6429
15 0.4814 0.2479 0.4653 0.3458 0.4068 0.3269 0.4230 0.2290
15 0.6332 0.9311 0.6278 0.9740 0.5862 0.9637 0.5916 0.9208
