0 0.2846 0.7683 0.1549 0.8344 0.1160 0.6845 0.2456 0.6184
0 0.3719 0.8905 0.4006 0.7015 0.5121 0.7347 0.4834 0.9237
0 0.4550 0.2447 0.4030 0.4985 0.3324 0.4701 0.3844 0.2163
0 0.8185 0.3226 0.8833 0.4796 0.6475 0.6702 0.5827 0.5132
1 0.1065 0.1500 0.1109 0.1416 0.1266 0.1576 0.1222 0.1660
1 0.2107 0.9609 0.2088 0.9436 0.2164 0.9419 0.2184 0.9592
1 0.1318 0.0481 0.1246 0.0813 0.1213 0.0799 0.1286 0.0467
1 0.2575 0.3605 0.2465 0.3505 0.2568 0.3283 0.2678 0.3383
2 0.2385 0.3041 0.1891 0.1935 0.2330 0.1551 0.2823 0.2657
2 0.7395 0.2106 0.7878 0.2238 0.7819 0.2658 0.7337 0.2526
2 0.2726 0.4102 0.2485 0.5361 0.1985 0.5174 0.2226 0.3915
2 0.1225 0.2084 0.1289 0.3108 0.0401 0.3216 0.0337 0.2192
3 0.0790 0.9313 0.0895 0.8555 0.1030 0.8591 0.0925 0.9349
3 0.6438 0.0191 0.7327 0.0643 0.7270 0.0861 0.6382 0.0409
3 0.9558 0.8015 0.9296 0.8602 0.9194 0.8513 0.9456 0.7926
3 0.3933 0.1082 0.3156 0.1313 0.3119 0.1070 0.3896 0.0839
4 0.8156 0.1515 0.8053 0.1654 0.7467 0.0805 0.7570 0.0666
4 0.9001 0.5989 0.8993 0.5766 0.9033 0.5763 0.9041 0.5986
4 0.6007 0.9652 0.6212 0.9707 0.6188 0.9880 0.5983 0.9825
4 0.9194 0.6455 0.9269 0.6586 0.9172 0.6697 0.9096 0.6566
6 0.0838 0.1220 0.0678 0.1325 0.0602 0.1096 0.0762 0.0991
6 0.6979 0.8316 0.7317 0.7498 0.8492 0.8448 0.8155 0.9266
6 0.5843 0.8877 0.5335 0.9454 0.5197 0.9215 0.5705 0.8638
7 0.5686 0.2506 0.5468 0.2897 0.4786 0.2150 0.5004 0.1759
7 0.8703 0.0711 0.8894 0.0568 0.9292 0.1613 0.9100 0.1756
7 0.6640 0.1275 0.6689 0.1323 0.6477 0.1745 0.6428 0.1697
7 0.2735 0.5634 0.2665 0.5854 0.2357 0.5662 0.2427 0.5442
9 0.6773 0.8172 0.6437 0.8412 0.6010 0.7240 0.6346 0.7000
9 0.0300 0.5777 0.0005 0.5454 0.0828 0.3979 0.1123 0.4302
9 0.1154 0.9346 0.1139 0.8926 0.2391 0.8834 0.2407 0.9254
9 0.4768 0.4677 0.5192 0.4495 0.5669 0.6679 0.5245 0.6861
12 0.6678 0.9511 0.6841 0.9849 0.6696 0.9985 0.6533 0.9647
12 0.9917 0.2875 0.9878 0.3157 0.8863 0.2881 0.8902 0.2599
13 0.7752 0.0459 0.7733 0.0605 0.7671 0.0589 0.7690 0.0443
13 0.3513 0.2020 0.3477 0.1935 0.3761 0.1696 0.3798 0.1781
13 0.8713 0.7272 0.8744 0.7405 0.8641 0.7452 0.8610 0.7319
13 0.0485 0.5962 0.0440 0.5842 0.0498 0.5798 0.0543 0.5918
15 0.0417 0.9373 0.0162 0.9175 0.0349 0.8703 0.0604 0.8901
15 0.9213 0.5241 0.9272 0.4772 0.9610 0.4855 0.9551 0.5324
15 0.3609 0.7001 0.3597 0.7476 0.3254 0.7459 0.3266 0.6984
