0 0.6280 0.6476 0.8028 0.5487 0.8303 0.6440 0.6555 0.7429
0 0.6253 0.1372 0.6553 0.1140 0.8132 0.5128 0.7832 0.5360
0 0.0871 0.4834 0.2487 0.2571 0.2915 0.3170 0.1299 0.5433
0 0.3959 0.3536 0.4752 0.4403 0.3858 0.6004 0.3066 0.5137
1 0.5181 0.9551 0.5350 0.9593 0.5345 0.9637 0.5176 0.9595
1 0.6129 0.7467 0.6377 0.7473 0.6377 0.7521 0.6128 0.7515
1 0.4906 0.3753 0.4762 0.3444 0.4834 0.3379 0.4978 0.3688
1 0.1853 0.8988 0.2018 0.9054 0.2009 0.9096 0.1845 0.9030
2 0.4552 0.1315 0.4365 0.1689 0.4271 0.1597 0.4458 0.1223
2 0.8139 0.8649 0.7974 0.8499 0.8081 0.8267 0.8246 0.8417
2 0.2459 0.9215 0.2583 0.8463 0.2847 0.8549 0.2723 0.9301
2 0.5852 0.4131 0.5941 0.6532 0.4946 0.6605 0.4856 0.4204
3 0.3573 0.8023 0.3489 0.9137 0.3350 0.9117 0.3434 0.8003
3 0.4903 0.6956 0.5697 0.6956 0.5697 0.7204 0.4903 0.7204
3 0.8977 0.7239 0.9475 0.8355 0.9340 0.8473 0.8842 0.7357
3 0.4622 0.2254 0.4650 0.3365 0.4472 0.3374 0.4445 0.2263
4 0.8497 0.2858 0.8457 0.2839 0.8468 0.2790 0.8509 0.2809
4 0.3221 0.1710 0.3110 0.1721 0.3105 0.1618 0.3216 0.1607
4 0.0194 0.2253 0.0260 0.2099 0.0326 0.2155 0.0260 0.2309
4 0.7741 0.0899 0.7588 0.1033 0.7488 0.0809 0.7641 0.0675
6 0.1059 0.8969 0.0374 0.6470 0.1273 0.5987 0.1958 0.8486
6 0.8252 0.9245 0.8174 0.9716 0.8096 0.9691 0.8174 0.9220
6 0.5761 0.8088 0.5644 0.9018 0.4307 0.8688 0.4425 0.7758
6 0.6675 0.7499 0.6975 0.8055 0.6708 0.8337 0.6408 0.7781
7 0.5230 0.1967 0.5341 0.1931 0.5527 0.3057 0.5416 0.3093
7 0.9485 0.4945 0.8990 0.3141 0.9366 0.2939 0.9861 0.4743
7 0.9300 0.9324 0.9418 0.9199 0.9597 0.9532 0.9479 0.9657
7 0.3872 0.3091 0.3723 0.3128 0.3619 0.2301 0.3768 0.2264
9 0.3128 0.7316 0.2064 0.6456 0.2234 0.6044 0.3298 0.6904
9 0.1665 0.0065 0.2939 0.0003 0.2949 0.0415 0.1676 0.0477
9 0.1589 0.1845 0.1580 0.2565 0.0368 0.2535 0.0377 0.1815
9 0.8942 0.5444 0.9455 0.5406 0.9518 0.7100 0.9005 0.7138
12 0.6656 0.9037 0.6640 0.8710 0.7281 0.8647 0.7297 0.8974
12 0.5489 0.0344 0.5433 0.1454 0.5126 0.1424 0.5181 0.0314
12 0.2951 0.0563 0.3057 0.0316 0.3943 0.1061 0.3837 0.1308
12 0.2727 0.1278 0.2591 0.1540 0.1927 0.0866 0.2063 0.0604
13 0.8897 0.1394 0.8934 0.1243 0.9163 0.1354 0.9126 0.1505
13 0.2423 0.1986 0.2419 0.1662 0.2548 0.1658 0.2552 0.1982
13 0.0242 0.3421 0.0299 0.3419 0.0304 0.3623 0.0247 0.3625
15 0.8347 0.7483 0.8365 0.7132 0.8744 0.7169 0.8726 0.7520
15 0.5612 0.1822 0.5517 0.1432 0.5919 0.1238 0.6015 0.1628
15 0.0939 0.0019 0.1127 0.0996 0.0569 0.1205 0.0382 0.0228
