0 0.3486 0.6307 0.2535 0.6766 0.2063 0.4845 0.3013 0.4386
0 0.7323 0.3366 0.8973 0.4646 0.8617 0.5546 0.6967 0.4266
0 0.5892 0.5351 0.6881 0.5828 0.5879 0.9901 0.4890 0.9424
0 0.8149 0.9650 0.6890 0.9043 0.7742 0.5578 0.9001 0.6185
1 0.1896 0.1813 0.1882 0.1773 0.2044 0.1663 0.2058 0.1703
1 0.2536 0.0269 0.2510 0.0253 0.2584 0.0023 0.2610 0.0039
1 0.9479 0.2231 0.9513 0.1935 0.9595 0.1953 0.9561 0.2249
1 0.9987 0.7117 0.9932 0.7205 0.9490 0.6667 0.9545 0.6579
2 0.8502 0.1297 0.8662 0.1182 0.8778 0.1499 0.8618 0.1614
2 0.1227 0.6001 0.0450 0.5373 0.0890 0.4307 0.1667 0.4935
2 0.6078 0.2372 0.6557 0.5065 0.5748 0.5348 0.5268 0.2655
2 0.9849 0.4250 0.9278 0.4945 0.9031 0.4546 0.9602 0.3851
3 0.9162 0.2574 0.9171 0.2430 0.9692 0.2494 0.9683 0.2638
3 0.8744 0.2370 0.8051 0.2438 0.8042 0.2254 0.8735 0.2186
3 0.3624 0.0736 0.3961 0.1242 0.3873 0.1356 0.3536 0.0850
3 0.1928 0.1065 0.1737 0.0130 0.1863 0.0079 0.2055 0.1014
4 0.9249 0.6657 0.9191 0.6422 0.9280 0.6379 0.9338 0.6614
4 0.3911 0.7003 0.3974 0.6978 0.4023 0.7217 0.3960 0.7242
4 0.3508 0.2107 0.3625 0.1943 0.3738 0.2101 0.3621 0.2265
4 0.4186 0.8730 0.4177 0.8570 0.4211 0.8566 0.4221 0.8726
6 0.2947 0.2542 0.3064 0.3472 0.1727 0.3802 0.1610 0.2872
6 0.7602 0.0162 0.7821 0.1055 0.6538 0.1674 0.6319 0.0781
6 0.0122 0.6777 0.0760 0.6571 0.0809 0.6871 0.0172 0.7077
6 0.1093 0.9667 0.1743 0.9555 0.1770 0.9861 0.1120 0.9973
7 0.1787 0.5837 0.1739 0.5813 0.1778 0.5663 0.1827 0.5687
7 0.4545 0.5731 0.4549 0.6039 0.4138 0.6049 0.4134 0.5741
7 0.8861 0.2872 0.8829 0.2957 0.8716 0.2872 0.8748 0.2787
7 0.4486 0.1484 0.4583 0.1484 0.4583 0.1848 0.4486 0.1848
9 0.4013 0.4733 0.3968 0.4015 0.5175 0.3867 0.5220 0.4585
9 0.6295 0.1060 0.5477 0.2205 0.5285 0.1936 0.6103 0.0791
9 0.3154 0.7728 0.2450 0.9137 0.2171 0.8864 0.2876 0.7455
9 0.0051 0.7302 0.0454 0.7283 0.0503 0.9246 0.0100 0.9265
12 0.1864 0.8345 0.1740 0.7247 0.2045 0.7179 0.2169 0.8277
12 0.3232 0.1371 0.2477 0.2168 0.2322 0.1881 0.3077 0.1084
12 0.3724 0.8228 0.4034 0.9251 0.3750 0.9420 0.3440 0.8397
12 0.1393 0.7216 0.1621 0.7267 0.1416 0.9080 0.1187 0.9029
13 0.0753 0.1549 0.0975 0.1455 0.1012 0.1627 0.0791 0.1721
13 0.4785 0.2428 0.4671 0.2414 0.4692 0.2076 0.4806 0.2090
13 0.4005 0.5535 0.4263 0.5263 0.4326 0.5381 0.4069 0.5653
15 0.9921 0.8621 0.9271 0.8952 0.9019 0.7983 0.9669 0.7652
15 0.5261 0.3047 0.5224 0.3789 0.4782 0.3745 0.4819 0.3003
15 0.1247 0.2978 0.0494 0.3033 0.0470 0.2410 0.1224 0.2355
15 0.7461 0.2037 0.7436 0.3040 0.6836 0.3011 0.6861 0.2008
