0 0.1338 0.5458 0.1006 0.6266 0.0570 0.5914 0.0903 0.5106
0 0.7449 0.6832 0.6305 0.5115 0.7837 0.3116 0.8981 0.4833
0 0.4381 0.5261 0.3597 0.1162 0.4916 0.0667 0.5700 0.4766
0 0.2791 0.9151 0.3230 0.6264 0.4672 0.6693 0.4233 0.9580
1 0.7241 0.1275 0.7318 0.1606 0.7285 0.1621 0.7208 0.1290
1 0.2129 0.9835 0.2136 0.9934 0.1951 0.9957 0.1944 0.9858
1 0.2379 0.5745 0.2253 0.5739 0.2256 0.5631 0.2381 0.5637
1 0.0514 0.0743 0.0531 0.1090 0.0497 0.1093 0.0480 0.0746
2 0.7644 0.1337 0.7474 0.1405 0.7402 0.1055 0.7572 0.0987
2 0.1255 0.6780 0.1009 0.7136 0.0914 0.7008 0.1160 0.6652
2 0.8122 0.1953 0.7806 0.1930 0.7835 0.1147 0.8152 0.1170
2 0.6973 0.2635 0.7195 0.2935 0.7078 0.3105 0.6856 0.2805
3 0.2163 0.7009 0.2047 0.5982 0.2208 0.5947 0.2324 0.6974
3 0.2035 0.9130 0.1372 0.9756 0.1294 0.9594 0.1957 0.8968
3 0.4070 0.5957 0.3133 0.6141 0.3110 0.5911 0.4047 0.5727
3 0.2803 0.3412 0.2253 0.3452 0.2245 0.3260 0.2796 0.3220
4 0.0396 0.4238 0.0523 0.4405 0.0453 0.4510 0.0325 0.4343
4 0.3675 0.5517 0.3283 0.5633 0.3271 0.5551 0.3662 0.5435
4 0.0290 0.4805 0.0235 0.4857 0.0136 0.4651 0.0191 0.4599
4 0.1542 0.3517 0.1649 0.3462 0.1661 0.3507 0.1554 0.3562
6 0.8550 0.2170 0.8952 0.2579 0.8756 0.2958 0.8354 0.2549
6 0.8833 0.9707 0.8934 0.7035 0.9895 0.7105 0.9795 0.9777
6 0.6280 0.8710 0.6477 0.7807 0.7775 0.8362 0.7577 0.9265
6 0.8348 0.8636 0.8561 0.8255 0.8624 0.8324 0.8411 0.8705
7 0.0131 0.1266 0.0503 0.1136 0.0720 0.2358 0.0349 0.2488
7 0.9081 0.6266 0.9180 0.6563 0.9084 0.6626 0.8985 0.6329
7 0.2140 0.1613 0.1794 0.1333 0.2203 0.0343 0.2549 0.0623
7 0.8043 0.0668 0.8043 0.0820 0.7263 0.0820 0.7263 0.0668
9 0.1351 0.2926 0.1231 0.2510 0.2278 0.1918 0.2397 0.2334
9 0.3136 0.4523 0.3220 0.5037 0.2304 0.5333 0.2220 0.4819
9 0.4956 0.9106 0.5713 0.7887 0.5916 0.8134 0.5158 0.9353
9 0.9569 0.5629 0.9100 0.4152 0.9345 0.3999 0.9815 0.5476
12 0.6978 0.1796 0.5885 0.2206 0.5828 0.1908 0.6921 0.1498
12 0.0616 0.2610 0.0906 0.2567 0.0924 0.2810 0.0634 0.2853
13 0.1050 0.7943 0.0903 0.8009 0.0759 0.7389 0.0906 0.7323
13 0.6911 0.0609 0.6960 0.0447 0.7055 0.0503 0.7006 0.0665
13 0.8600 0.8029 0.8568 0.7905 0.8783 0.7795 0.8815 0.7919
13 0.1488 0.5658 0.1598 0.5254 0.1806 0.5366 0.1696 0.5770
15 0.6124 0.1252 0.5976 0.0920 0.6296 0.0640 0.6444 0.0972
15 0.2009 0.7867 0.2738 0.8047 0.2660 0.8665 0.1931 0.8485
15 0.8534 0.1474 0.9274 0.0664 0.9626 0.1294 0.8886 0.2104
15 0.5317 0.6184 0.5837 0.6639 0.5412 0.7592 0.4891 0.7137
