0 0.1741 0.2178 0.2304 0.1010 0.3507 0.2146 0.2945 0.3314
0 0.5995 0.0859 0.8861 0.2241 0.8417 0.4049 0.5550 0.2667
0 0.6665 0.7421 0.6797 0.4787 0.7529 0.4859 0.7398 0.7493
0 0.0062 0.4105 0.0254 0.2723 0.1678 0.3111 0.1486 0.4493
1 0.5698 0.7623 0.5744 0.7705 0.5591 0.7873 0.5545 0.7791
1 0.0621 0.7639 0.0542 0.7673 0.0370 0.6889 0.0450 0.6855
1 0.3832 0.4194 0.4021 0.4335 0.3982 0.4438 0.3793 0.4297
1 0.2134 0.4943 0.2366 0.5115 0.2326 0.5221 0.2094 0.5049
2 0.7807 0.7660 0.8360 0.8807 0.7884 0.9256 0.7331 0.8109
2 0.1611 0.7215 0.2292 0.7600 0.1958 0.8757 0.1277 0.8372
2 0.2930 0.9594 0.1309 0.9913 0.1250 0.9330 0.2871 0.9011
2 0.4080 0.4943 0.4935 0.6227 0.3343 0.8305 0.2488 0.7021
3 0.1890 0.6101 0.1944 0.6054 0.2330 0.6919 0.2276 0.6966
3 0.4080 0.0991 0.4175 0.1047 0.3971 0.1717 0.3877 0.1661
3 0.7867 0.5522 0.7830 0.5387 0.8316 0.5126 0.8353 0.5261
3 0.4892 0.1459 0.5441 0.1526 0.5428 0.1741 0.4879 0.1674
4 0.4430 0.2072 0.4494 0.2163 0.4359 0.2352 0.4294 0.2261
4 0.3464 0.8367 0.3483 0.8533 0.3359 0.8561 0.3340 0.8395
4 0.9737 0.9542 0.9513 0.9389 0.9566 0.9238 0.9789 0.9391
4 0.0045 0.1975 0.0090 0.1740 0.0189 0.1777 0.0144 0.2012
6 0.8268 0.6693 0.7805 0.6045 0.7961 0.5827 0.8423 0.6475
6 0.5220 0.5756 0.5775 0.5271 0.5891 0.5532 0.5337 0.6017
6 0.1034 0.1172 0.0825 0.0407 0.1374 0.0112 0.1584 0.0877
6 0.0953 0.5407 0.1368 0.4827 0.1784 0.5409 0.1370 0.5989
7 0.8038 0.7203 0.7901 0.7449 0.7825 0.7365 0.7962 0.7119
7 0.8982 0.4562 0.9022 0.4379 0.9467 0.4570 0.9427 0.4753
7 0.3948 0.3395 0.4056 0.3123 0.4141 0.3189 0.4033 0.3461
7 0.2227 0.3324 0.2235 0.3411 0.2090 0.3436 0.2082 0.3349
9 0.8574 0.7152 0.8699 0.6739 0.9738 0.7356 0.9613 0.7769
9 0.6497 0.9007 0.6366 0.9540 0.5040 0.8901 0.5171 0.8368
12 0.5412 0.2087 0.4910 0.3257 0.4754 0.3125 0.5255 0.1955
12 0.9519 0.5295 0.9664 0.5443 0.9281 0.6181 0.9136 0.6033
12 0.8799 0.9308 0.8841 0.9788 0.7747 0.9976 0.7704 0.9496
12 0.0987 0.2204 0.0868 0.1927 0.1570 0.1336 0.1690 0.1613
13 0.9574 0.3148 0.9679 0.3066 0.9718 0.3164 0.9613 0.3246
13 0.6956 0.0630 0.7000 0.0682 0.6906 0.0838 0.6863 0.0786
13 0.8919 0.4893 0.8801 0.4830 0.8838 0.4695 0.8956 0.4758
13 0.3576 0.3612 0.3878 0.3694 0.3836 0.4000 0.3533 0.3918
15 0.2406 0.3508 0.2869 0.4072 0.2343 0.4920 0.1879 0.4356
15 0.5052 0.4468 0.4651 0.3980 0.4942 0.3512 0.5343 0.4000
15 0.0394 0.0852 0.0606 0.0852 0.0606 0.1684 0.0394 0.1684
15 0.6252 0.7155 0.5523 0.7280 0.5462 0.6581 0.6191 0.6456
