0 0.2970 0.0379 0.4349 0.0446 0.4310 0.2041 0.2931 0.1974
0 0.7265 0.9817 0.6756 0.9198 0.7009 0.8791 0.7518 0.9410
0 0.3492 0.3175 0.4481 0.3652 0.3479 0.7725 0.2490 0.7248
0 0.7711 0.3548 0.7969 0.4999 0.5169 0.5976 0.4911 0.4525
1 0.6462 0.0301 0.6523 0.0139 0.6690 0.0263 0.6628 0.0425
1 0.9795 0.6297 0.9606 0.6041 0.9665 0.5955 0.9854 0.6211
1 0.9405 0.1040 0.9603 0.0830 0.9624 0.0868 0.9425 0.1078
1 0.8459 0.1596 0.8515 0.1658 0.8398 0.1860 0.8342 0.1798
2 0.6378 0.6283 0.6225 0.7033 0.5945 0.6921 0.6098 0.6171
2 0.9281 0.4306 0.8968 0.5449 0.8485 0.5190 0.8798 0.4047
2 0.5519 0.1343 0.6068 0.1151 0.6129 0.1493 0.5580 0.1685
2 0.5671 0.3020 0.5105 0.2808 0.5258 0.2012 0.5823 0.2224
3 0.8622 0.8902 0.8758 0.8926 0.8669 0.9942 0.8533 0.9918
3 0.0868 0.8299 0.1346 0.8685 0.1269 0.8873 0.0791 0.8487
3 0.8128 0.6828 0.8227 0.6865 0.8092 0.7568 0.7993 0.7531
3 0.1046 0.0862 0.0974 0.1025 0.0354 0.0482 0.0426 0.0319
4 0.6511 0.0919 0.7344 0.1736 0.7221 0.1981 0.6388 0.1164
4 0.8630 0.2048 0.8482 0.2162 0.8453 0.2088 0.8601 0.1974
4 0.0781 0.4807 0.0564 0.4930 0.0479 0.4633 0.0696 0.4510
4 0.4563 0.1175 0.4763 0.0691 0.4815 0.0733 0.4615 0.1217
6 0.1620 0.4088 0.0391 0.2038 0.1129 0.1172 0.2357 0.3222
6 0.5434 0.9664 0.3523 0.9664 0.3523 0.8316 0.5434 0.8316
6 0.9704 0.8014 0.9878 0.7967 0.9913 0.8214 0.9739 0.8261
6 0.8296 0.1757 0.8145 0.1889 0.8050 0.1675 0.8200 0.1543
7 0.2406 0.4154 0.2489 0.4313 0.1705 0.5110 0.1623 0.4951
7 0.4816 0.0843 0.4872 0.0786 0.4952 0.0941 0.4897 0.0998
7 0.0776 0.6287 0.0969 0.6588 0.0213 0.7541 0.0020 0.7240
7 0.3530 0.2534 0.3652 0.2507 0.3695 0.2894 0.3574 0.2921
9 0.9161 0.9857 0.8805 0.9695 0.9219 0.7915 0.9575 0.8077
9 0.7860 0.7962 0.7561 0.8277 0.6757 0.6782 0.7056 0.6467
9 0.8960 0.1799 0.9278 0.3353 0.9020 0.3457 0.8702 0.1903
9 0.6982 0.2773 0.7058 0.2220 0.8436 0.2595 0.8359 0.3148
12 0.2850 0.9311 0.2929 0.9537 0.2344 0.9937 0.2265 0.9711
12 0.2540 0.0689 0.1434 0.0360 0.1480 0.0059 0.2586 0.0388
12 0.3404 0.8908 0.3314 0.9254 0.1419 0.8288 0.1509 0.7942
12 0.6284 0.9723 0.5592 0.9876 0.5585 0.9809 0.6276 0.9656
13 0.5434 0.8893 0.5455 0.8855 0.6069 0.9527 0.6048 0.9565
13 0.2917 0.2755 0.2974 0.2912 0.2883 0.2977 0.2826 0.2820
13 0.0436 0.5861 0.0524 0.5735 0.0598 0.5835 0.0510 0.5961
13 0.3091 0.2977 0.3168 0.2838 0.3249 0.2927 0.3172 0.3066
15 0.6733 0.7923 0.6479 0.8849 0.5839 0.8505 0.6093 0.7579
15 0.8435 0.0821 0.7890 0.1417 0.7436 0.0603 0.7981 0.0007
15 0.8471 0.1067 0.9040 0.0374 0.9332 0.0845 0.8763 0.1538
15 0.5201 -0.0002 0.5387 0.0319 0.5056 0.0694 0.4871 0.0373
