0 0.3096 0.4714 0.2891 0.4006 0.4467 0.3114 0.4672 0.3822
0 0.9030 0.1519 0.8838 0.3217 0.5753 0.2533 0.5945 0.0835
0 0.0210 0.3998 0.2376 0.0630 0.2801 0.1166 0.0635 0.4534
0 0.6652 0.5701 0.6180 0.3885 0.7251 0.3339 0.7723 0.5155
1 0.4340 0.7289 0.4421 0.7182 0.4600 0.7451 0.4519 0.7558
1 0.3300 0.8433 0.3158 0.8457 0.3131 0.8151 0.3273 0.8127
1 0.5142 0.7326 0.5087 0.7208 0.5727 0.6626 0.5781 0.6744
1 0.4443 0.9561 0.4366 0.9601 0.4165 0.8831 0.4243 0.8791
2 0.5239 0.3029 0.3113 0.1513 0.3618 0.0127 0.5744 0.1643
2 0.0926 0.8070 0.1798 0.8156 0.1762 0.8878 0.0890 0.8792
2 0.4306 0.6017 0.4142 0.5788 0.4271 0.5607 0.4435 0.5836
2 0.8647 0.9068 0.8844 0.9239 0.8747 0.9456 0.8551 0.9285
3 0.8668 0.4152 0.8801 0.4198 0.8624 0.5192 0.8491 0.5146
3 0.5978 0.7863 0.6075 0.8967 0.5899 0.8997 0.5802 0.7893
3 0.9780 0.3415 0.9702 0.3572 0.9103 0.2985 0.9181 0.2828
3 0.4476 0.5425 0.4517 0.5358 0.5067 0.6027 0.5026 0.6094
4 0.4711 0.7308 0.5057 0.7051 0.5089 0.7136 0.4743 0.7393
4 0.8167 0.4206 0.7996 0.4328 0.7968 0.4250 0.8138 0.4128
4 0.5684 0.4202 0.5553 0.4012 0.5604 0.3942 0.5735 0.4132
4 0.2889 0.7830 0.3020 0.7846 0.2945 0.9054 0.2814 0.9038
6 0.6531 0.9501 0.6185 0.9475 0.6189 0.9363 0.6535 0.9389
6 0.2178 0.9790 0.1865 0.9249 0.2125 0.8954 0.2438 0.9495
6 0.1568 0.6082 0.3375 0.5211 0.3689 0.6486 0.1882 0.7357
6 0.0498 0.4747 0.1084 0.4761 0.1073 0.5585 0.0488 0.5571
7 0.2865 0.9275 0.2867 0.9139 0.3141 0.9145 0.3139 0.9281
7 0.8232 0.5425 0.8157 0.5236 0.8234 0.5175 0.8309 0.5364
7 0.3633 0.9264 0.3522 0.9167 0.3704 0.8760 0.3815 0.8857
7 0.9530 0.6235 0.9867 0.7202 0.8873 0.7881 0.8536 0.6914
9 0.7527 0.8306 0.7304 0.7984 0.8116 0.6886 0.8338 0.7208
9 0.0314 0.7394 0.0028 0.7190 0.0541 0.5782 0.0826 0.5986
12 0.9317 0.4447 0.9886 0.5504 0.9680 0.5721 0.9111 0.4664
12 0.2367 0.7908 0.2790 0.8521 0.2607 0.8768 0.2184 0.8155
12 0.8617 0.0728 0.8417 0.0394 0.8566 0.0220 0.8766 0.0554
13 0.2592 0.0204 0.2537 0.0093 0.2590 0.0040 0.2646 0.0151
13 0.6218 0.8124 0.6416 0.8128 0.6413 0.8328 0.6216 0.8324
13 0.8430 0.8619 0.8395 0.8788 0.8296 0.8749 0.8331 0.8580
13 0.0564 0.8931 0.0678 0.9324 0.0556 0.9393 0.0442 0.9000
15 0.9468 0.2218 0.9546 0.1183 0.9975 0.1246 0.9897 0.2281
15 0.3949 0.6840 0.3745 0.6764 0.3899 0.5960 0.4103 0.6036
15 0.7555 0.6567 0.7366 0.6702 0.7097 0.5961 0.7285 0.5826
15 0.6098 0.7364 0.6014 0.6250 0.6602 0.6164 0.6686 0.7278
