0 0.6562 0.4403 0.7069 0.5684 0.4378 0.7773 0.3871 0.6492
0 0.4127 0.0331 0.4352 0.2115 0.1670 0.2777 0.1445 0.0993
0 0.4565 0.4025 0.4419 0.2575 0.7467 0.1975 0.7612 0.3425
0 0.0485 0.6938 0.1199 0.5059 0.3643 0.6878 0.2930 0.8757
1 0.9123 0.3073 0.9146 0.2970 0.9712 0.3227 0.9688 0.3330
1 0.5440 0.8827 0.5461 0.8856 0.5180 0.9249 0.5159 0.9220
1 0.1001 0.9765 0.0976 0.9684 0.1510 0.9367 0.1535 0.9448
1 0.6609 0.9853 0.6552 0.9937 0.6131 0.9367 0.6188 0.9283
2 0.8464 0.6590 0.9050 0.5770 0.9658 0.6622 0.9073 0.7442
2 0.2821 0.4370 0.2455 0.5025 0.1399 0.3870 0.1765 0.3215
2 0.8136 0.6663 0.8211 0.6439 0.8447 0.6593 0.8372 0.6817
2 0.5036 0.0842 0.5186 0.0639 0.5547 0.1162 0.5397 0.1365
3 0.3239 0.9828 0.2688 0.9028 0.2815 0.8856 0.3367 0.9656
3 0.8724 0.2062 0.8370 0.3289 0.8216 0.3202 0.8570 0.1975
3 0.3898 0.9770 0.3887 0.9914 0.3370 0.9838 0.3381 0.9694
3 0.9196 0.4311 0.9361 0.5622 0.9204 0.5661 0.9039 0.4350
4 0.3892 0.0221 0.3885 0.0109 0.4068 0.0087 0.4075 0.0199
4 0.3750 0.8693 0.3807 0.8691 0.3810 0.8915 0.3753 0.8917
4 0.6561 0.0790 0.6453 0.0735 0.6468 0.0678 0.6575 0.0733
4 0.0482 0.2085 0.0684 0.2060 0.0692 0.2195 0.0490 0.2220
6 0.9456 0.9750 0.7628 0.8967 0.7910 0.7678 0.9738 0.8461
6 0.7506 0.6647 0.7612 0.6845 0.7469 0.6997 0.7362 0.6799
6 0.7106 0.1173 0.6945 0.1962 0.6379 0.1735 0.6541 0.0946
7 0.7485 0.8719 0.7600 0.9036 0.6921 0.9521 0.6805 0.9204
7 0.8284 0.4681 0.8045 0.4573 0.8325 0.3367 0.8564 0.3475
7 0.4549 0.8097 0.4459 0.8408 0.3914 0.8099 0.4004 0.7788
7 0.8853 0.0602 0.8893 0.0735 0.8659 0.0874 0.8619 0.0741
9 0.3492 0.3285 0.3079 0.4794 0.2828 0.4659 0.3241 0.3150
9 0.0372 0.1740 0.0236 0.1247 0.1114 0.0776 0.1249 0.1269
12 0.8114 0.0294 0.8457 0.0353 0.8323 0.1886 0.7980 0.1827
13 0.1037 0.3779 0.1109 0.3781 0.1103 0.4245 0.1031 0.4243
13 0.1931 0.9608 0.1826 0.9608 0.1826 0.9520 0.1931 0.9520
13 0.0979 0.2527 0.1023 0.2571 0.0130 0.4357 0.0085 0.4313
13 0.6080 0.0476 0.6189 0.0525 0.6114 0.0848 0.6005 0.0799
15 0.7633 0.0354 0.7726 0.1091 0.7276 0.1202 0.7183 0.0465
15 0.9213 0.1509 0.9526 0.0807 0.9938 0.1167 0.9625 0.1869
15 0.9386 0.5487 0.9559 0.4783 0.9977 0.4985 0.9804 0.5689
15 0.7588 0.5384 0.8143 0.5682 0.7983 0.6264 0.7428 0.5966
