0 0.6853 0.7590 0.7679 0.7427 0.7853 0.9154 0.7026 0.9317
0 0.5778 0.6803 0.4947 0.7745 0.3131 0.4605 0.3961 0.3663
0 0.8986 0.3818 0.9406 0.5434 0.6471 0.6930 0.6051 0.5314
0 0.1921 0.8801 0.1722 0.5613 0.2325 0.5539 0.2524 0.8727
1 0.8018 0.2075 0.8067 0.2084 0.8030 0.2501 0.7982 0.2492
1 0.1813 0.3042 0.1908 0.2999 0.2144 0.4014 0.2049 0.4057
1 0.2252 0.5316 0.2151 0.5382 0.2040 0.5048 0.2141 0.4982
1 0.5300 0.1256 0.5015 0.1536 0.4654 0.0816 0.4940 0.0536
2 0.4213 0.9154 0.4350 0.8628 0.5115 0.9018 0.4978 0.9544
2 0.4544 0.1458 0.3884 0.2261 0.3545 0.1714 0.4205 0.0911
2 0.1141 0.2751 0.1764 0.3720 0.1379 0.4205 0.0756 0.3236
2 0.6433 0.2893 0.6712 0.2158 0.7895 0.3039 0.7616 0.3774
3 0.9507 0.8501 0.8702 0.7823 0.8784 0.7631 0.9590 0.8309
3 0.3379 0.9255 0.3856 0.8458 0.3981 0.8605 0.3504 0.9402
3 0.6250 0.1893 0.5688 0.1107 0.5813 0.0931 0.6375 0.1717
3 0.8281 0.7507 0.8353 0.7611 0.7979 0.8117 0.7907 0.8013
4 0.1435 0.9007 0.1544 0.9130 0.1179 0.9761 0.1070 0.9638
4 0.5771 0.2769 0.5537 0.2642 0.5571 0.2515 0.5806 0.2642
4 0.6129 0.9120 0.5994 0.9216 0.5863 0.8856 0.5998 0.8760
4 0.6603 0.1156 0.6663 0.0923 0.6752 0.0968 0.6691 0.1201
6 0.2823 0.9055 0.3041 0.9680 0.2740 0.9885 0.2522 0.9260
6 0.9112 0.0259 0.9581 0.0938 0.8605 0.2257 0.8136 0.1578
6 0.5289 0.2143 0.5111 0.2793 0.4799 0.2625 0.4977 0.1975
6 0.4440 0.8352 0.4440 0.8104 0.4620 0.8104 0.4620 0.8352
7 0.3410 0.2364 0.3343 0.2468 0.3016 0.2056 0.3083 0.1952
7 0.3012 0.1357 0.2900 0.1234 0.3199 0.0699 0.3312 0.0822
7 0.9516 0.4990 0.9647 0.4934 0.9784 0.5558 0.9653 0.5614
7 0.0603 0.8869 0.0442 0.8787 0.0683 0.7859 0.0844 0.7941
9 0.1615 0.2658 0.1182 0.1159 0.1431 0.1018 0.1864 0.2517
9 0.3445 0.3049 0.3979 0.2763 0.4118 0.3271 0.3584 0.3557
9 0.1044 0.6323 0.0411 0.7798 0.0119 0.7553 0.0752 0.6078
12 0.8628 0.3288 0.9087 0.2548 0.9124 0.2592 0.8664 0.3332
12 0.1985 0.0908 0.2174 0.0795 0.2578 0.2128 0.2389 0.2241
12 0.8943 0.9827 0.8742 0.9996 0.8411 0.9225 0.8612 0.9056
12 0.1091 0.5816 0.1177 0.5816 0.1177 0.8788 0.1091 0.8788
13 0.1652 0.5339 0.1592 0.5386 0.1430 0.4977 0.1490 0.4930
13 0.5205 0.9449 0.5254 0.9444 0.5263 0.9627 0.5215 0.9632
13 0.0666 0.0281 0.0642 0.0933 0.0342 0.0911 0.0367 0.0259
13 0.7331 0.0971 0.7352 0.0956 0.7771 0.2061 0.7751 0.2076
15 0.1033 0.2485 0.0193 0.2320 0.0301 0.1243 0.1141 0.1408
15 0.0770 0.4505 0.1284 0.4299 0.1410 0.4915 0.0896 0.5121
15 0.2168 0.3556 0.2759 0.2954 0.3115 0.3640 0.2524 0.4242
15 0.4213 0.3003 0.4746 0.2951 0.4778 0.3589 0.4245 0.3641
