0 0.2408 0.9197 0.2765 0.7330 0.3866 0.7743 0.3509 0.9610
0 0.5122 0.3851 0.6207 0.3416 0.6586 0.5265 0.5501 0.5700
0 0.1102 0.6375 0.1241 0.7287 0.0749 0.7433 0.0611 0.6521
0 0.4803 0.1973 0.1788 0.2417 0.1645 0.0515 0.4660 0.0071
1 0.1886 0.5836 0.1631 0.5925 0.1611 0.5808 0.1866 0.5719
1 0.6707 0.6823 0.6654 0.6913 0.6199 0.6397 0.6251 0.6307
1 0.8797 0.4051 0.8835 0.4145 0.8321 0.4561 0.8282 0.4467
1 0.9685 0.5014 0.9608 0.4662 0.9690 0.4626 0.9767 0.4978
2 0.5972 0.7472 0.5121 0.8002 0.4911 0.7340 0.5762 0.6810
2 0.3108 0.3342 0.3417 0.3442 0.3292 0.4206 0.2983 0.4106
2 0.5431 0.9010 0.5242 0.8284 0.5498 0.8154 0.5686 0.8880
2 0.1231 0.8525 0.1329 0.8231 0.1495 0.8339 0.1397 0.8633
3 0.3691 0.3946 0.3594 0.3899 0.3763 0.3210 0.3860 0.3257
3 0.4468 0.6528 0.4566 0.6484 0.4726 0.7176 0.4629 0.7220
3 0.7906 0.4546 0.8264 0.5379 0.8151 0.5474 0.7793 0.4641
3 0.0874 0.3889 0.0848 0.4028 0.0343 0.3839 0.0369 0.3700
4 0.9955 0.5494 0.9981 0.5608 0.9680 0.5746 0.9653 0.5632
4 0.8228 0.7202 0.8330 0.7179 0.8337 0.7242 0.8236 0.7265
4 0.7704 0.3058 0.7690 0.3217 0.7647 0.3210 0.7661 0.3051
4 0.0998 0.2422 0.0905 0.2220 0.1145 0.2002 0.1238 0.2204
6 0.9214 0.4232 0.9577 0.4706 0.9349 0.5048 0.8986 0.4574
6 0.2720 0.5832 0.2551 0.4947 0.2763 0.4868 0.2932 0.5753
6 0.1422 0.8827 0.1469 0.9769 0.0115 0.9901 0.0068 0.8959
6 0.7436 0.0535 0.9220 0.1494 0.8875 0.2753 0.7091 0.1794
7 0.0578 0.1205 0.0486 0.0961 0.1010 0.0571 0.1103 0.0815
7 0.9241 0.9329 0.9338 0.9084 0.9776 0.9423 0.9679 0.9668
7 0.5821 0.3258 0.5814 0.3074 0.6245 0.3042 0.6252 0.3226
7 0.9431 0.5994 0.9377 0.5783 0.9591 0.5674 0.9646 0.5885
9 0.7966 0.8579 0.6560 0.9957 0.6134 0.9105 0.7540 0.7727
9 0.8385 0.6907 0.8619 0.6423 0.9857 0.7593 0.9624 0.8077
9 0.3208 0.6751 0.3688 0.5167 0.4001 0.5353 0.3521 0.6937
9 0.7044 0.2394 0.6755 0.2734 0.6151 0.1726 0.6439 0.1386
12 0.1735 0.2510 0.1903 0.2738 0.1457 0.3386 0.1288 0.3158
12 0.5196 0.0353 0.5204 0.0278 0.6630 0.0559 0.6622 0.0634
13 0.1259 0.4319 0.1374 0.4365 0.1352 0.4473 0.1237 0.4427
13 0.3816 0.2527 0.3966 0.2644 0.3858 0.2917 0.3708 0.2800
13 0.8871 0.0285 0.8776 0.0170 0.8815 0.0107 0.8910 0.0222
13 0.4900 0.4209 0.4876 0.4402 0.4786 0.4379 0.4810 0.4186
15 0.7461 0.5198 0.7026 0.5766 0.6722 0.5310 0.7157 0.4742
15 0.7024 0.6178 0.7854 0.6425 0.7693 0.7490 0.6863 0.7243
15 0.0561 0.1454 0.0445 0.2481 0.0019 0.2386 0.0135 0.1359
15 0.4423 0.3452 0.4506 0.3917 0.4177 0.4032 0.4094 0.3567
