0 0.2716 0.4202 0.5870 0.3183 0.5999 0.3962 0.2844 0.4981
0 0.1882 0.6581 0.0247 0.6052 0.0718 0.3195 0.2353 0.3724
0 0.6007 0.5463 0.6386 0.7098 0.3416 0.8449 0.3037 0.6814
0 0.7302 0.5546 0.8740 0.3387 0.9818 0.4794 0.8380 0.6953
1 0.9747 0.7375 0.9828 0.7351 0.9950 0.8153 0.9869 0.8177
1 0.5259 0.8673 0.5355 0.8474 0.5381 0.8499 0.5285 0.8698
1 0.2897 0.7915 0.2964 0.8040 0.2754 0.8261 0.2687 0.8136
1 0.7954 0.7955 0.7966 0.7915 0.8132 0.8013 0.8120 0.8053
2 0.5333 0.0412 0.6406 0.2079 0.5644 0.3040 0.4571 0.1373
2 0.2131 0.1120 0.2166 0.1015 0.2474 0.1216 0.2439 0.1321
2 0.7792 0.8226 0.7348 0.9114 0.7177 0.8946 0.7621 0.8058
2 0.1286 0.1416 0.1560 0.1638 0.1280 0.2316 0.1006 0.2094
3 0.7807 0.3309 0.7062 0.2494 0.7164 0.2311 0.7909 0.3126
3 0.2756 0.8571 0.3129 0.9553 0.2973 0.9669 0.2600 0.8687
3 0.8926 0.1433 0.8823 0.1307 0.9302 0.0535 0.9406 0.0661
3 0.5738 0.9271 0.4900 0.9869 0.4828 0.9669 0.5665 0.9071
4 0.4318 0.1002 0.4130 0.1025 0.4122 0.0898 0.4310 0.0875
4 0.3631 0.8979 0.3867 0.9470 0.3801 0.9533 0.3564 0.9042
4 0.6646 0.6491 0.6594 0.6629 0.6460 0.6529 0.6512 0.6391
4 0.0494 0.7095 0.1273 0.8011 0.1135 0.8241 0.0356 0.7325
6 0.3797 0.1062 0.3921 0.1514 0.3846 0.1554 0.3722 0.1102
6 0.6939 0.0300 0.7605 0.0152 0.7818 0.2028 0.7152 0.2176
6 0.1615 0.7957 0.1322 0.8214 0.1279 0.8119 0.1573 0.7862
7 0.4173 0.0402 0.4019 0.0542 0.3962 0.0418 0.4115 0.0278
7 0.9436 0.7640 0.9447 0.7855 0.9358 0.7864 0.9348 0.7649
7 0.6423 0.4109 0.6209 0.4130 0.6174 0.3431 0.6388 0.3410
7 0.8652 0.2907 0.8559 0.3037 0.8319 0.2701 0.8412 0.2571
9 0.3339 0.2027 0.4377 0.1770 0.4452 0.2365 0.3414 0.2622
9 0.9469 0.9146 0.8356 0.8699 0.8431 0.8334 0.9544 0.8781
9 0.9629 0.3088 0.9353 0.3252 0.8863 0.1636 0.9139 0.1472
12 0.2721 0.2096 0.1857 0.2913 0.1690 0.2568 0.2555 0.1751
12 0.9509 0.0478 0.9197 0.0486 0.9194 0.0214 0.9505 0.0206
12 0.1669 0.9648 0.0702 0.9101 0.0814 0.8716 0.1781 0.9263
12 0.1586 0.0437 0.0650 0.0813 0.0599 0.0567 0.1536 0.0191
13 0.0695 0.9939 0.0668 0.9969 0.0188 0.9109 0.0215 0.9079
13 0.7474 0.7383 0.9175 0.7006 0.9226 0.7457 0.7525 0.7834
13 0.6004 0.9593 0.5906 0.9513 0.6027 0.9219 0.6126 0.9299
13 0.6011 0.4759 0.6126 0.4479 0.6238 0.4569 0.6122 0.4849
15 0.6473 0.4689 0.6547 0.3703 0.7229 0.3803 0.7155 0.4789
15 0.6839 0.8937 0.6610 0.8678 0.6878 0.8215 0.7107 0.8474
15 0.0057 0.1542 0.0589 0.0822 0.0901 0.1274 0.0368 0.1994
