0 0.0297 0.5059 0.1507 0.4760 0.2049 0.9065 0.0839 0.9364
0 0.5889 0.6298 0.4899 0.7545 0.3148 0.4822 0.4138 0.3575
0 0.6895 0.9757 0.6047 0.8063 0.8928 0.5239 0.9776 0.6933
0 0.1970 0.1969 0.1546 0.4542 0.0830 0.4311 0.1254 0.1738
1 0.5020 0.9813 0.4995 0.9833 0.4905 0.9615 0.4930 0.9595
1 0.2024 0.1478 0.2052 0.1467 0.2161 0.2002 0.2134 0.2013
1 0.2714 0.9272 0.2777 0.8915 0.2861 0.8944 0.2797 0.9301
1 0.2721 0.2499 0.2662 0.2562 0.2545 0.2345 0.2604 0.2282
2 0.6641 0.3077 0.6480 0.2338 0.6739 0.2227 0.6900 0.2966
2 0.8887 0.1404 0.8618 0.1720 0.8359 0.1288 0.8628 0.0972
2 0.3646 0.3408 0.3566 0.3295 0.3691 0.3120 0.3772 0.3233
2 0.6924 0.1020 0.6394 0.1737 0.6090 0.1296 0.6620 0.0579
3 0.7615 0.4430 0.6667 0.4546 0.6653 0.4322 0.7601 0.4206
3 0.4960 0.1766 0.4984 0.1626 0.5489 0.1802 0.5464 0.1942
3 0.4001 0.8719 0.3976 0.9410 0.3856 0.9401 0.3882 0.8710
3 0.5978 0.1614 0.5963 0.1853 0.5488 0.1794 0.5503 0.1555
4 0.2422 0.0893 0.2501 0.0746 0.2558 0.0807 0.2479 0.0954
4 0.4405 0.9040 0.4179 0.8968 0.4230 0.8660 0.4455 0.8732
4 0.2691 0.3484 0.2557 0.3385 0.2692 0.3028 0.2826 0.3127
4 0.5761 0.2301 0.5731 0.1951 0.5824 0.1935 0.5855 0.2285
6 0.4017 0.0445 0.4148 0.0279 0.4269 0.0467 0.4137 0.0633
6 0.4929 0.1360 0.4687 0.2241 0.3420 0.1560 0.3662 0.0679
7 0.4772 0.3284 0.4617 0.3525 0.4131 0.2912 0.4286 0.2671
7 0.5410 0.0979 0.5307 0.0994 0.5262 0.0389 0.5364 0.0374
7 0.1442 0.0779 0.1504 0.0731 0.1741 0.1329 0.1679 0.1377
7 0.6443 0.3513 0.6467 0.3402 0.6675 0.3491 0.6650 0.3602
9 0.5961 0.8796 0.5915 0.9320 0.4982 0.9160 0.5028 0.8636
9 0.9283 0.0352 0.9221 0.0966 0.7606 0.0648 0.7667 0.0034
9 0.8273 0.1812 0.8644 0.2032 0.8096 0.3840 0.7725 0.3620
9 0.0402 0.0567 0.0718 0.0637 0.0541 0.2197 0.0225 0.2127
12 0.0422 0.3109 0.0595 0.3080 0.0701 0.4295 0.0528 0.4324
12 0.2151 0.5774 0.2665 0.4362 0.2861 0.4502 0.2347 0.5914
13 0.5080 0.8319 0.5185 0.8223 0.5218 0.8293 0.5112 0.8389
13 0.2503 0.6901 0.2459 0.6780 0.2517 0.6739 0.2561 0.6860
13 0.3710 0.8915 0.3763 0.9968 0.3464 0.9997 0.3411 0.8944
15 0.5990 0.3445 0.5274 0.3213 0.5387 0.2527 0.6103 0.2759
15 0.9409 0.3060 0.9747 0.4075 0.9211 0.4424 0.8873 0.3409
15 0.8075 0.5054 0.7768 0.4441 0.8143 0.4074 0.8449 0.4687
