0 0.7428 0.0627 0.8738 0.2526 0.8209 0.3241 0.6900 0.1342
0 0.3753 0.4950 0.4753 0.4522 0.5653 0.8642 0.4653 0.9070
0 0.6821 0.7410 0.6505 0.5328 0.9213 0.4522 0.9529 0.6604
0 0.2379 0.2269 0.2811 0.0291 0.6175 0.1731 0.5743 0.3709
1 0.9280 0.3085 0.9208 0.3059 0.9255 0.2795 0.9327 0.2821
1 0.1368 0.9423 0.1447 0.9533 0.1261 0.9793 0.1182 0.9683
1 0.9372 0.2657 0.9266 0.2705 0.9185 0.2355 0.9291 0.2307
1 0.3264 0.7035 0.3215 0.7037 0.3210 0.6617 0.3259 0.6615
2 0.1166 0.1791 0.1247 0.1936 0.0369 0.2897 0.0288 0.2752
2 0.1680 0.4480 0.3218 0.5264 0.3075 0.5816 0.1536 0.5032
2 0.3626 0.4338 0.3608 0.4099 0.3914 0.4054 0.3932 0.4293
2 0.1634 0.6252 0.1634 0.6528 0.1437 0.6528 0.1437 0.6252
3 0.6372 0.7246 0.6112 0.8305 0.5979 0.8242 0.6240 0.7183
3 0.7456 0.8458 0.7613 0.8360 0.7967 0.9474 0.7810 0.9572
3 0.0478 0.3258 0.1407 0.3464 0.1382 0.3686 0.0453 0.3480
3 0.0524 0.9165 0.0471 0.9042 0.0916 0.8667 0.0969 0.8790
4 0.4773 0.9439 0.4994 0.9327 0.5021 0.9433 0.4801 0.9545
4 0.6647 0.1962 0.6568 0.1948 0.6590 0.1694 0.6669 0.1708
4 0.8013 0.8656 0.8219 0.8610 0.8239 0.8784 0.8033 0.8830
4 0.1972 0.8773 0.1804 0.9592 0.1700 0.9551 0.1867 0.8732
6 0.7083 0.8660 0.7032 0.8897 0.6859 0.8824 0.6911 0.8587
6 0.9070 0.1962 0.9013 0.1049 0.9232 0.1022 0.9290 0.1935
6 0.3455 0.8647 0.2892 0.8873 0.2730 0.8081 0.3293 0.7855
6 0.1396 0.4350 0.0966 0.6957 0.0027 0.6654 0.0457 0.4047
7 0.9053 0.9982 0.8856 0.9588 0.9507 0.8950 0.9704 0.9344
7 0.1674 0.7154 0.1616 0.7130 0.1657 0.6930 0.1715 0.6954
7 0.1688 0.4310 0.2208 0.3272 0.2369 0.3430 0.1850 0.4468
7 0.6823 0.7965 0.6691 0.7862 0.6717 0.7795 0.6849 0.7898
9 0.2074 0.0659 0.2312 0.0959 0.1557 0.2133 0.1319 0.1833
12 0.2994 0.6306 0.3121 0.7755 0.2826 0.7806 0.2699 0.6357
12 0.2555 0.9260 0.2783 0.9557 0.2650 0.9756 0.2423 0.9459
12 0.6369 0.6994 0.6318 0.7020 0.5825 0.5126 0.5876 0.5100
12 0.9908 0.8107 0.9911 0.8351 0.9037 0.8373 0.9034 0.8129
13 0.5839 0.4787 0.6182 0.3846 0.6449 0.4037 0.6107 0.4978
13 0.9066 0.3107 0.9169 0.3215 0.9122 0.3301 0.9020 0.3193
13 0.7737 0.3571 0.7898 0.3653 0.7883 0.3713 0.7722 0.3631
13 0.2689 0.4412 0.2584 0.4178 0.2705 0.4072 0.2810 0.4306
15 0.1059 0.1031 0.1298 0.1311 0.1026 0.1765 0.0788 0.1485
15 0.6085 0.8784 0.6821 0.8892 0.6775 0.9516 0.6039 0.9408
15 0.9987 0.0688 0.9860 0.1697 0.9353 0.1572 0.9480 0.0563
