0 0.0022 0.3896 0.1247 0.3167 0.2270 0.6540 0.1044 0.7269
0 0.9237 0.3279 0.9818 0.4634 0.8640 0.5625 0.8059 0.4270
0 0.7374 0.2242 0.7484 0.5190 0.6012 0.5298 0.5902 0.2350
0 0.7798 0.8242 0.7710 0.6839 0.9156 0.6662 0.9244 0.8065
1 0.2063 0.1822 0.2129 0.1343 0.2746 0.1510 0.2680 0.1989
1 0.6039 0.8943 0.6074 0.8847 0.6604 0.9225 0.6569 0.9321
1 0.6377 0.7433 0.6222 0.7257 0.6260 0.7191 0.6415 0.7367
1 0.8967 0.1185 0.8937 0.1108 0.9444 0.0715 0.9475 0.0792
2 0.5281 0.0119 0.5647 0.0347 0.5316 0.1389 0.4950 0.1161
2 0.1815 0.2559 0.1597 0.2854 0.1542 0.2773 0.1760 0.2478
2 0.2908 0.6253 0.2924 0.6151 0.3220 0.6239 0.3205 0.6341
2 0.0360 0.8340 0.0644 0.8195 0.0672 0.8300 0.0387 0.8445
3 0.3507 0.8816 0.3785 0.7542 0.3938 0.7608 0.3660 0.8882
3 0.7113 0.9480 0.6996 0.9381 0.7372 0.8504 0.7490 0.8603
3 0.5546 0.5364 0.5032 0.6222 0.4925 0.6096 0.5439 0.5238
3 0.6773 0.6546 0.6187 0.5906 0.6287 0.5726 0.6873 0.6366
4 0.0322 0.7849 0.0279 0.7740 0.0578 0.7507 0.0621 0.7616
4 0.3547 0.0410 0.3567 0.0091 0.3656 0.0102 0.3636 0.0421
4 0.3505 0.8907 0.3550 0.9080 0.3424 0.9145 0.3379 0.8972
4 0.4609 0.3037 0.4603 0.3192 0.4534 0.3187 0.4540 0.3032
6 0.1334 0.9753 0.1589 0.8910 0.1792 0.9031 0.1536 0.9874
6 0.0917 0.8209 0.0968 0.7392 0.1554 0.7463 0.1503 0.8280
6 0.3947 0.6218 0.4478 0.5871 0.4727 0.6618 0.4196 0.6965
6 0.7268 0.0191 0.7692 0.0925 0.6638 0.2121 0.6213 0.1387
7 0.5608 0.5230 0.5736 0.5192 0.5827 0.5786 0.5698 0.5824
7 0.3912 0.6062 0.3899 0.6313 0.3503 0.6274 0.3515 0.6023
7 0.9698 0.8153 0.9581 0.8185 0.9533 0.7843 0.9651 0.7811
7 0.0937 0.9833 0.0839 0.9751 0.0869 0.9683 0.0967 0.9765
9 0.4595 0.1077 0.4533 0.2081 0.2879 0.1879 0.2942 0.0875
9 0.3081 0.4228 0.2774 0.3782 0.3947 0.2196 0.4255 0.2642
9 0.9735 0.1586 0.8773 0.2757 0.8580 0.2446 0.9541 0.1275
9 0.6455 0.8579 0.4744 0.8789 0.4679 0.7753 0.6390 0.7543
12 0.5476 0.4822 0.5274 0.4658 0.5595 0.3878 0.5798 0.4042
12 0.5610 0.2651 0.5806 0.2830 0.5456 0.3585 0.5260 0.3406
12 0.3143 0.4617 0.2544 0.5692 0.2399 0.5535 0.2999 0.4460
13 0.9649 0.9611 0.9561 0.9768 0.8885 0.9029 0.8973 0.8872
13 0.2651 0.9889 0.2585 0.9716 0.2666 0.9655 0.2732 0.9828
13 0.4101 0.9636 0.4091 0.9441 0.4182 0.9432 0.4192 0.9627
13 0.3014 0.6635 0.3138 0.6695 0.3112 0.6801 0.2988 0.6741
15 0.8496 0.0128 0.8535 0.1150 0.8021 0.1188 0.7983 0.0166
15 0.2316 0.8843 0.2381 0.9581 0.1941 0.9657 0.1876 0.8919
15 0.0975 0.1357 0.0443 0.1628 0.0240 0.0847 0.0771 0.0576
15 0.2222 0.7507 0.2808 0.7392 0.2875 0.8065 0.2290 0.8180
