0 0.0977 0.5511 0.1100 0.5063 0.4140 0.6697 0.4018 0.7145
0 0.3447 0.1746 0.5046 0.0347 0.5436 0.1218 0.3836 0.2617
0 0.3019 0.8946 0.2734 0.8090 0.3084 0.7862 0.3369 0.8718
0 0.5005 0.5550 0.5040 0.4620 0.8718 0.4890 0.8683 0.5820
1 0.3114 0.4206 0.3124 0.4067 0.3883 0.4178 0.3873 0.4317
1 0.0522 0.3960 0.0422 0.3955 0.0449 0.2888 0.0549 0.2893
1 0.1344 0.3871 0.1174 0.3900 0.1170 0.3857 0.1340 0.3828
1 0.9723 0.2266 0.9693 0.2255 0.9737 0.2010 0.9767 0.2021
2 0.2528 0.2653 0.1810 0.1455 0.2103 0.1111 0.2821 0.2309
2 0.5735 0.6653 0.5713 0.6363 0.6231 0.6287 0.6252 0.6577
2 0.9487 0.0863 0.9059 0.1577 0.8385 0.0785 0.8813 0.0071
2 0.9103 0.8616 0.8752 0.8624 0.8745 0.8060 0.9096 0.8052
3 0.5467 0.8442 0.5577 0.9543 0.5402 0.9578 0.5291 0.8477
3 0.5614 0.3850 0.5277 0.3000 0.5392 0.2910 0.5729 0.3760
3 0.8903 0.6523 0.9349 0.7267 0.9249 0.7385 0.8802 0.6641
3 0.5069 0.4569 0.4617 0.4288 0.4666 0.4135 0.5117 0.4416
4 0.6552 0.7392 0.6641 0.7563 0.6408 0.7800 0.6319 0.7629
4 0.0696 0.0307 0.0465 0.0340 0.0453 0.0173 0.0683 0.0140
4 0.0935 0.0617 0.0931 0.0529 0.1116 0.0511 0.1121 0.0599
4 0.4055 0.3308 0.3926 0.3577 0.3739 0.3400 0.3868 0.3131
6 0.7920 0.2890 0.6023 0.3216 0.5906 0.1878 0.7803 0.1552
6 0.9746 0.6233 0.9121 0.6501 0.9056 0.6207 0.9682 0.5939
6 0.9307 0.2812 0.9952 0.3088 0.9555 0.4904 0.8911 0.4628
6 0.7656 0.6706 0.8183 0.9278 0.7258 0.9650 0.6731 0.7078
7 0.9147 0.7917 0.8808 0.7620 0.8864 0.7495 0.9203 0.7792
7 0.1521 0.3338 0.1433 0.3211 0.1674 0.2886 0.1761 0.3013
7 0.0653 0.1639 0.0655 0.1823 0.0261 0.1833 0.0259 0.1649
7 0.9459 0.7005 0.9644 0.6991 0.9650 0.7147 0.9464 0.7161
9 0.0108 0.7571 0.0789 0.7243 0.1329 0.9441 0.0648 0.9769
9 0.4519 0.7956 0.4400 0.7100 0.5841 0.6708 0.5960 0.7564
9 0.2249 0.9696 0.1810 0.9610 0.2037 0.7348 0.2476 0.7434
12 0.8203 0.0362 0.8123 0.0890 0.7868 0.0814 0.7949 0.0286
12 0.6432 0.9760 0.6222 0.9896 0.5668 0.8232 0.5878 0.8096
13 0.2065 0.0571 0.2066 0.0619 0.1287 0.0657 0.1285 0.0609
13 0.0455 0.5013 0.0448 0.4987 0.1422 0.4491 0.1429 0.4517
13 0.8550 0.6971 0.8556 0.7403 0.8333 0.7409 0.8327 0.6977
13 0.8289 0.4553 0.8079 0.2159 0.8402 0.2103 0.8612 0.4497
15 0.4627 0.8839 0.3896 0.8892 0.3865 0.8045 0.4595 0.7992
15 0.2593 0.0035 0.2883 0.0106 0.2809 0.0693 0.2520 0.0622
15 0.9012 0.2729 0.8899 0.1986 0.9408 0.1835 0.9521 0.2578
