0 0.7608 0.1016 0.8441 0.1016 0.8441 0.1896 0.7608 0.1896
0 0.2436 0.1075 0.3384 0.1075 0.3384 0.4657 0.2436 0.4657
0 0.4879 0.6299 0.7541 0.6299 0.7541 0.8905 0.4879 0.8905
0 0.8677 0.4175 0.9658 0.4175 0.9658 0.7445 0.8677 0.7445
1 0.0942 0.6186 0.0998 0.6186 0.0998 0.6390 0.0942 0.6390
1 0.7091 0.1715 0.7264 0.1715 0.7264 0.1809 0.7091 0.1809
1 0.3560 0.5599 0.3606 0.5599 0.3606 0.5973 0.3560 0.5973
1 0.3028 0.5528 0.3138 0.5528 0.3138 0.5764 0.3028 0.5764
2 0.8840 0.0303 0.9195 0.0303 0.9195 0.0409 0.8840 0.0409
2 0.8499 0.9651 0.8861 0.9651 0.8861 0.9697 0.8499 0.9697
2 0.9093 0.3059 0.9635 0.3059 0.9635 0.3397 0.9093 0.3397
2 0.3291 0.8924 0.3583 0.8924 0.3583 0.9332 0.3291 0.9332
3 0.2882 0.8342 0.3015 0.8342 0.3015 0.9286 0.2882 0.9286
3 0.0065 0.2007 0.0907 0.2007 0.0907 0.2265 0.0065 0.2265
3 0.0068 0.0763 0.0706 0.0763 0.0706 0.1013 0.0068 0.1013
3 0.4342 0.0060 0.4864 0.0060 0.4864 0.0184 0.4342 0.0184
4 0.4576 0.0647 0.4713 0.0647 0.4713 0.0845 0.4576 0.0845
4 0.0919 0.0246 0.0983 0.0246 0.0983 0.0302 0.0919 0.0302
4 0.2070 0.7350 0.2295 0.7350 0.2295 0.7518 0.2070 0.7518
4 0.3697 0.7374 0.3837 0.7374 0.3837 0.7462 0.3697 0.7462
6 0.7400 0.2664 0.8015 0.2664 0.8015 0.4396 0.7400 0.4396
6 0.6525 0.0300 0.6781 0.0300 0.6781 0.0664 0.6525 0.0664
6 0.8611 0.0790 0.8981 0.0790 0.8981 0.0910 0.8611 0.0910
6 0.0897 0.3835 0.1375 0.3835 0.1375 0.3989 0.0897 0.3989
7 0.3382 0.3700 0.3495 0.3700 0.3495 0.4088 0.3382 0.4088
7 0.4240 0.6944 0.4626 0.6944 0.4626 0.7148 0.4240 0.7148
7 0.4319 0.4087 0.5269 0.4087 0.5269 0.6257 0.4319 0.6257
7 0.8479 0.6283 0.8558 0.6283 0.8558 0.6497 0.8479 0.6497
9 0.8462 0.1123 0.8698 0.1123 0.8698 0.1949 0.8462 0.1949
9 0.1013 0.6115 0.1487 0.6115 0.1487 0.6565 0.1013 0.6565
9 0.9517 0.7679 0.9900 0.7679 0.9900 0.9925 0.9517 0.9925
9 0.5702 0.2479 0.5941 0.2479 0.5941 0.3873 0.5702 0.3873
12 0.8703 0.1566 0.8860 0.1566 0.8860 0.2366 0.8703 0.2366
12 0.6414 0.4083 0.6884 0.4083 0.6884 0.6181 0.6414 0.6181
12 0.3870 0.7047 0.4233 0.7047 0.4233 0.8533 0.3870 0.8533
12 0.0303 0.9054 0.2506 0.9054 0.2506 0.9438 0.0303 0.9438
13 0.6737 0.0898 0.6997 0.0898 0.6997 0.1118 0.6737 0.1118
13 0.9325 0.2547 0.9420 0.2547 0.9420 0.2669 0.9325 0.2669
13 0.3556 0.4358 0.3744 0.4358 0.3744 0.4574 0.3556 0.4574
13 0.1108 0.5012 0.1227 0.5012 0.1227 0.5124 0.1108 0.5124
15 0.2368 0.5339 0.2652 0.5339 0.2652 0.6461 0.2368 0.6461
15 0.6959 0.5140 0.7418 0.5140 0.7418 0.5512 0.6959 0.5512
15 0.3888 0.1975 0.4281 0.1975 0.4281 0.2529 0.3888 0.2529
15 0.1422 0.2783 0.1892 0.2783 0.1892 0.3457 0.1422 0.3457
