0 0.1102 0.0690 0.2110 0.0690 0.2110 0.3658 0.1102 0.3658
0 0.6482 0.8763 0.7135 0.8763 0.7135 0.9453 0.6482 0.9453
0 0.2307 0.2831 0.4953 0.2831 0.4953 0.3813 0.2307 0.3813
0 0.6234 0.0574 0.6609 0.0574 0.6609 0.5554 0.6234 0.5554
1 0.2148 0.2590 0.2209 0.2590 0.2209 0.2814 0.2148 0.2814
1 0.2265 0.1640 0.2298 0.1640 0.2298 0.2072 0.2265 0.2072
1 0.3359 0.7831 0.3430 0.7831 0.3430 0.8601 0.3359 0.8601
1 0.2751 0.0351 0.2829 0.0351 0.2829 0.0633 0.2751 0.0633
2 0.4213 0.2328 0.4373 0.2328 0.4373 0.2504 0.4213 0.2504
2 0.4694 0.4092 0.4926 0.4092 0.4926 0.4416 0.4694 0.4416
2 0.5342 0.6843 0.5450 0.6843 0.5450 0.8029 0.5342 0.8029
2 0.7220 0.1831 0.8940 0.1831 0.8940 0.2089 0.7220 0.2089
3 0.0668 0.8135 0.0746 0.8135 0.0746 0.8689 0.0668 0.8689
3 0.1691 0.3959 0.2871 0.3959 0.2871 0.4237 0.1691 0.4237
3 0.4870 0.8318 0.5410 0.8318 0.5410 0.8502 0.4870 0.8502
3 0.5111 0.2976 0.5274 0.2976 0.5274 0.4192 0.5111 0.4192
4 0.8311 0.0788 0.8366 0.0788 0.8366 0.0884 0.8311 0.0884
4 0.7259 0.7399 0.7421 0.7399 0.7421 0.7441 0.7259 0.7441
4 0.2983 0.2408 0.3060 0.2408 0.3060 0.2512 0.2983 0.2512
4 0.9559 0.2026 0.9695 0.2026 0.9695 0.2154 0.9559 0.2154
6 0.1762 0.7020 0.2575 0.7020 0.2575 0.8164 0.1762 0.8164
6 0.8993 0.0988 0.9693 0.0988 0.9693 0.1972 0.8993 0.1972
6 0.7231 0.5599 0.8092 0.5599 0.8092 0.6809 0.7231 0.6809
6 0.1151 0.7691 0.1344 0.7691 0.1344 0.7965 0.1151 0.7965
7 0.5967 0.4944 0.6235 0.4944 0.6235 0.5956 0.5967 0.5956
7 0.3950 0.0987 0.4116 0.0987 0.4116 0.1077 0.3950 0.1077
7 0.8867 0.5166 0.8944 0.5166 0.8944 0.5422 0.8867 0.5422
7 0.7273 0.3887 0.7341 0.3887 0.7341 0.4109 0.7273 0.4109
9 0.0639 0.8883 0.2316 0.8883 0.2316 0.9425 0.0639 0.9425
9 0.2593 0.4783 0.3196 0.4783 0.3196 0.7721 0.2593 0.7721
9 0.0719 0.0180 0.0918 0.0180 0.0918 0.1160 0.0719 0.1160
9 0.8145 0.2855 0.9841 0.2855 0.9841 0.3513 0.8145 0.3513
12 0.0454 0.1478 0.0752 0.1478 0.0752 0.4350 0.0454 0.4350
12 0.7156 0.2931 0.8084 0.2931 0.8084 0.3021 0.7156 0.3021
12 0.7945 0.7751 0.8821 0.7751 0.8821 0.7837 0.7945 0.7837
12 0.8239 0.5584 0.8524 0.5584 0.8524 0.6748 0.8239 0.6748
13 0.2523 0.1374 0.2917 0.1374 0.2917 0.1774 0.2523 0.1774
13 0.0862 0.3404 0.0947 0.3404 0.0947 0.3692 0.0862 0.3692
13 0.4102 0.7434 0.4238 0.7434 0.4238 0.7930 0.4102 0.7930
13 0.4568 0.2207 0.4924 0.2207 0.4924 0.2825 0.4568 0.2825
15 0.0148 0.7447 0.0603 0.7447 0.0603 0.7977 0.0148 0.7977
15 0.3273 0.1732 0.4090 0.1732 0.4090 0.2536 0.3273 0.2536
15 0.7256 0.8880 0.7855 0.8880 0.7855 0.9576 0.7256 0.9576
15 0.8928 0.6091 0.9929 0.6091 0.9929 0.7077 0.8928 0.7077
