0 0.0708 0.6379 0.1406 0.6379 0.1406 0.8865 0.0708 0.8865
0 0.7956 0.1612 0.8701 0.1612 0.8701 0.7380 0.7956 0.7380
0 0.4434 0.7379 0.4843 0.7379 0.4843 0.7813 0.4434 0.7813
0 0.5011 0.0347 0.5909 0.0347 0.5909 0.7305 0.5011 0.7305
1 0.6496 0.6910 0.6587 0.6910 0.6587 0.8078 0.6496 0.8078
1 0.3537 0.1695 0.3689 0.1695 0.3689 0.1725 0.3537 0.1725
1 0.2403 0.0967 0.2437 0.0967 0.2437 0.1645 0.2403 0.1645
1 0.2602 0.2098 0.2946 0.2098 0.2946 0.2966 0.2602 0.2966
2 0.1482 0.9019 0.2590 0.9019 0.2590 0.9921 0.1482 0.9921
2 0.1768 0.6263 0.2023 0.6263 0.2023 0.6545 0.1768 0.6545
2 0.6747 0.0680 0.7733 0.0680 0.7733 0.1880 0.6747 0.1880
2 0.6865 0.8007 0.7320 0.8007 0.7320 0.8737 0.6865 0.8737
3 0.3654 0.8184 0.3955 0.8184 0.3955 0.8288 0.3654 0.8288
3 0.6120 0.6575 0.6249 0.6575 0.6249 0.7561 0.6120 0.7561
3 0.1711 0.2223 0.2009 0.2223 0.2009 0.2325 0.1711 0.2325
3 0.6307 0.5168 0.6393 0.5168 0.6393 0.5776 0.6307 0.5776
4 0.8856 0.4954 0.9021 0.4954 0.9021 0.6470 0.8856 0.6470
4 0.3233 0.5038 0.3418 0.5038 0.3418 0.5146 0.3233 0.5146
4 0.0726 0.2307 0.0817 0.2307 0.0817 0.2441 0.0726 0.2441
4 0.4908 0.8371 0.5163 0.8371 0.5163 0.8937 0.4908 0.8937
6 0.1234 0.2683 0.2158 0.2683 0.2158 0.3117 0.1234 0.3117
6 0.5919 0.8607 0.6406 0.8607 0.6406 0.8837 0.5919 0.8837
6 0.3665 0.6891 0.3932 0.6891 0.3932 0.6977 0.3665 0.6977
6 0.2251 0.5994 0.2512 0.5994 0.2512 0.6366 0.2251 0.6366
7 0.2208 0.2015 0.2298 0.2015 0.2298 0.2925 0.2208 0.2925
7 0.0614 0.0414 0.1117 0.0414 0.1117 0.2046 0.0614 0.2046
7 0.3260 0.3534 0.3395 0.3534 0.3395 0.4202 0.3260 0.4202
7 0.5979 0.4322 0.6630 0.4322 0.6630 0.4698 0.5979 0.4698
9 0.0146 0.3523 0.1451 0.3523 0.1451 0.4313 0.0146 0.4313
9 0.3688 0.1678 0.4589 0.1678 0.4589 0.4650 0.3688 0.4650
9 0.7359 0.6359 0.7781 0.6359 0.7781 0.8825 0.7359 0.8825
9 0.2605 0.6083 0.3161 0.6083 0.3161 0.7917 0.2605 0.7917
12 0.2946 0.2035 0.3009 0.2035 0.3009 0.4229 0.2946 0.4229
12 0.1473 0.4767 0.1610 0.4767 0.1610 0.5445 0.1473 0.5445
12 0.9356 0.3550 0.9601 0.3550 0.9601 0.5498 0.9356 0.5498
12 0.7188 0.2154 0.7466 0.2154 0.7466 0.5370 0.7188 0.5370
13 0.2887 0.8804 0.3073 0.8804 0.3073 0.8992 0.2887 0.8992
13 0.1576 0.1742 0.1721 0.1742 0.1721 0.1878 0.1576 0.1878
13 0.6565 0.9312 0.6810 0.9312 0.6810 0.9464 0.6565 0.9464
13 0.0311 0.2095 0.0412 0.2095 0.0412 0.2133 0.0311 0.2133
15 0.3237 0.8668 0.4043 0.8668 0.4043 0.9760 0.3237 0.9760
15 0.3714 0.0018 0.4114 0.0018 0.4114 0.0350 0.3714 0.0350
15 0.5997 0.3195 0.7078 0.3195 0.7078 0.4113 0.5997 0.4113
15 0.5488 0.8767 0.5638 0.8767 0.5638 0.9045 0.5488 0.9045
