0 0.1256 0.5822 0.2198 0.5822 0.2198 0.9382 0.1256 0.9382
0 0.1710 0.3918 0.3590 0.3918 0.3590 0.5758 0.1710 0.5758
0 0.3605 0.5412 0.7981 0.5412 0.7981 0.8172 0.3605 0.8172
0 0.8153 0.8420 0.8732 0.8420 0.8732 0.9032 0.8153 0.9032
1 0.5782 0.5231 0.5932 0.5231 0.5932 0.5293 0.5782 0.5293
1 0.8942 0.0330 0.8970 0.0330 0.8970 0.0574 0.8942 0.0574
1 0.3242 0.7747 0.3269 0.7747 0.3269 0.7981 0.3242 0.7981
1 0.0116 0.8842 0.0204 0.8842 0.0204 0.8918 0.0116 0.8918
2 0.4436 0.2939 0.7501 0.2939 0.7501 0.4937 0.4436 0.4937
2 0.2413 0.8304 0.3284 0.8304 0.3284 0.8980 0.2413 0.8980
2 0.2582 0.0778 0.2827 0.0778 0.2827 0.1282 0.2582 0.1282
2 0.9045 0.7219 0.9407 0.7219 0.9407 0.8113 0.9045 0.8113
3 0.9156 0.1903 0.9335 0.1903 0.9335 0.3241 0.9156 0.3241
3 0.8088 0.2808 0.8143 0.2808 0.8143 0.3200 0.8088 0.3200
3 0.1660 0.0019 0.1740 0.0019 0.1740 0.0589 0.1660 0.0589
3 0.4199 0.2235 0.5338 0.2235 0.5338 0.2513 0.4199 0.2513
4 0.0031 0.5675 0.0058 0.5675 0.0058 0.5809 0.0031 0.5809
4 0.1091 0.5900 0.1134 0.5900 0.1134 0.6068 0.1091 0.6068
4 0.4945 0.8227 0.5252 0.8227 0.5252 0.8645 0.4945 0.8645
4 0.9317 0.6839 0.9375 0.6839 0.9375 0.7065 0.9317 0.7065
6 0.5874 0.2120 0.6232 0.2120 0.6232 0.2456 0.5874 0.2456
6 0.2027 0.1966 0.2716 0.1966 0.2716 0.3906 0.2027 0.3906
6 0.2014 0.1211 0.2532 0.1211 0.2532 0.1941 0.2014 0.1941
6 0.8297 0.1560 0.8960 0.1560 0.8960 0.1872 0.8297 0.1872
7 0.3408 0.1775 0.3660 0.1775 0.3660 0.1905 0.3408 0.1905
7 0.6597 0.0514 0.6646 0.0514 0.6646 0.0678 0.6597 0.0678
7 0.0302 0.2386 0.0523 0.2386 0.0523 0.3426 0.0302 0.3426
7 0.9134 0.8190 0.9181 0.8190 0.9181 0.8322 0.9134 0.8322
9 0.1193 0.2743 0.1407 0.2743 0.1407 0.3489 0.1193 0.3489
9 0.6774 0.0963 0.7195 0.0963 0.7195 0.2321 0.6774 0.2321
9 0.9021 0.4468 0.9730 0.4468 0.9730 0.6804 0.9021 0.6804
9 0.2870 0.0160 0.3338 0.0160 0.3338 0.2572 0.2870 0.2572
12 0.8213 0.6311 0.8376 0.6311 0.8376 0.7601 0.8213 0.7601
12 0.8002 0.1330 0.8178 0.1330 0.8178 0.2114 0.8002 0.2114
12 0.4771 0.0090 0.5189 0.0090 0.5189 0.0318 0.4771 0.0318
12 0.0743 0.0551 0.0980 0.0551 0.0980 0.2221 0.0743 0.2221
13 0.0482 0.4911 0.0643 0.4911 0.0643 0.5009 0.0482 0.5009
13 0.7299 0.5075 0.7438 0.5075 0.7438 0.5193 0.7299 0.5193
13 0.8019 0.2971 0.8078 0.2971 0.8078 0.3197 0.8019 0.3197
13 0.8857 0.4266 0.8955 0.4266 0.8955 0.4546 0.8857 0.4546
15 0.7142 0.8752 0.7841 0.8752 0.7841 0.9780 0.7142 0.9780
15 0.8802 0.3240 0.9433 0.3240 0.9433 0.4048 0.8802 0.4048
15 0.4797 0.0791 0.5769 0.0791 0.5769 0.1929 0.4797 0.1929
15 0.8191 0.4700 0.8826 0.4700 0.8826 0.5224 0.8191 0.5224
