0 0.4722 0.4735 0.6663 0.4735 0.6663 0.8129 0.4722 0.8129
0 0.1500 0.0820 0.2675 0.0820 0.2675 0.4736 0.1500 0.4736
0 0.8220 0.2223 0.9660 0.2223 0.9660 0.7349 0.8220 0.7349
0 0.2365 0.5231 0.3261 0.5231 0.3261 0.7105 0.2365 0.7105
1 0.2145 0.6719 0.2172 0.6719 0.2172 0.6929 0.2145 0.6929
1 0.3990 0.1978 0.4075 0.1978 0.4075 0.2290 0.3990 0.2290
1 0.3217 0.3815 0.3255 0.3815 0.3255 0.4145 0.3217 0.4145
1 0.4296 0.7438 0.4321 0.7438 0.4321 0.7638 0.4296 0.7638
2 0.2113 0.8007 0.2321 0.8007 0.2321 0.8297 0.2113 0.8297
2 0.0405 0.3683 0.1112 0.3683 0.1112 0.4169 0.0405 0.4169
2 0.2905 0.0374 0.3783 0.0374 0.3783 0.1650 0.2905 0.1650
2 0.6125 0.0588 0.8212 0.0588 0.8212 0.1836 0.6125 0.1836
3 0.3031 0.4056 0.3178 0.4056 0.3178 0.5096 0.3031 0.5096
3 0.0173 0.2739 0.0732 0.2739 0.0732 0.2929 0.0173 0.2929
3 0.9286 0.2051 0.9603 0.2051 0.9603 0.2161 0.9286 0.2161
3 0.1070 0.5022 0.1261 0.5022 0.1261 0.6486 0.1070 0.6486
4 0.9764 0.7322 0.9987 0.7322 0.9987 0.7842 0.9764 0.7842
4 0.8329 0.9707 0.8366 0.9707 0.8366 0.9753 0.8329 0.9753
4 0.0382 0.0067 0.0541 0.0067 0.0541 0.0201 0.0382 0.0201
4 0.8563 0.8403 0.9426 0.8403 0.9426 0.8685 0.8563 0.8685
6 0.3434 0.8276 0.4169 0.8276 0.4169 0.8968 0.3434 0.8968
6 0.9345 0.8202 0.9787 0.8202 0.9787 0.8346 0.9345 0.8346
6 0.6583 0.3494 0.6935 0.3494 0.6935 0.3826 0.6583 0.3826
6 0.7619 0.4079 0.7973 0.4079 0.7973 0.4193 0.7619 0.4193
7 0.8993 0.1852 0.9070 0.1852 0.9070 0.2152 0.8993 0.2152
7 0.3994 0.4388 0.4346 0.4388 0.4346 0.5368 0.3994 0.5368
7 0.3063 0.3084 0.3429 0.3084 0.3429 0.3252 0.3063 0.3252
7 0.5674 0.2150 0.6117 0.2150 0.6117 0.4066 0.5674 0.4066
9 0.1436 0.8724 0.2758 0.8724 0.2758 0.9524 0.1436 0.9524
9 0.6727 0.8840 0.6950 0.8840 0.6950 0.9924 0.6727 0.9924
9 0.6462 0.1834 0.6658 0.1834 0.6658 0.2518 0.6462 0.2518
9 0.6971 0.4779 0.7400 0.4779 0.7400 0.7293 0.6971 0.7293
12 0.5585 0.4135 0.6318 0.4135 0.6318 0.4461 0.5585 0.4461
12 0.1601 0.7411 0.2796 0.7411 0.2796 0.7865 0.1601 0.7865
12 0.2708 0.0344 0.2761 0.0344 0.2761 0.2296 0.2708 0.2296
13 0.7776 0.4324 0.7846 0.4324 0.7846 0.4436 0.7776 0.4436
13 0.7005 0.8167 0.7170 0.8167 0.7170 0.8769 0.7005 0.8769
13 0.0194 0.4891 0.0258 0.4891 0.0258 0.5329 0.0194 0.5329
13 0.4513 0.7966 0.4641 0.7966 0.4641 0.8506 0.4513 0.8506
15 0.0542 0.7671 0.1232 0.7671 0.1232 0.8497 0.0542 0.8497
15 0.8642 0.0287 0.9518 0.0287 0.9518 0.1773 0.8642 0.1773
15 0.7676 0.8811 0.8150 0.8811 0.8150 0.9357 0.7676 0.9357
15 0.3405 0.7323 0.3881 0.7323 0.3881 0.7961 0.3405 0.7961
