0 0.4771 0.5659 0.5252 0.5659 0.5252 0.6045 0.4771 0.6045
0 0.2202 0.3747 0.4658 0.3747 0.4658 0.8041 0.2202 0.8041
0 0.5539 0.5819 0.6649 0.5819 0.6649 0.9521 0.5539 0.9521
0 0.6745 0.7122 0.9115 0.7122 0.9115 0.8618 0.6745 0.8618
1 0.3516 0.1235 0.3749 0.1235 0.3749 0.1333 0.3516 0.1333
1 0.1042 0.7655 0.1138 0.7655 0.1138 0.8677 0.1042 0.8677
1 0.0559 0.7479 0.0621 0.7479 0.0621 0.8097 0.0559 0.8097
1 0.3868 0.8711 0.3955 0.8711 0.3955 0.9649 0.3868 0.9649
2 0.0376 0.0031 0.0601 0.0031 0.0601 0.0537 0.0376 0.0537
2 0.6103 0.1358 0.7160 0.1358 0.7160 0.2194 0.6103 0.2194
2 0.7302 0.6632 0.8075 0.6632 0.8075 0.6732 0.7302 0.6732
2 0.1437 0.3891 0.2041 0.3891 0.2041 0.4417 0.1437 0.4417
3 0.5796 0.4275 0.6904 0.4275 0.6904 0.4621 0.5796 0.4621
3 0.5477 0.3915 0.5589 0.3915 0.5589 0.4777 0.5477 0.4777
3 0.6968 0.3431 0.7935 0.3431 0.7935 0.3661 0.6968 0.3661
3 0.4656 0.9756 0.5015 0.9756 0.5015 0.9880 0.4656 0.9880
4 0.9065 0.5562 0.9149 0.5562 0.9149 0.5770 0.9065 0.5770
4 0.9442 0.4091 0.9586 0.4091 0.9586 0.4189 0.9442 0.4189
4 0.8913 0.9538 0.9284 0.9538 0.9284 0.9630 0.8913 0.9630
4 0.8917 0.4627 0.8983 0.4627 0.8983 0.4837 0.8917 0.4837
6 0.1951 0.1782 0.4503 0.1782 0.4503 0.3582 0.1951 0.3582
6 0.1094 0.0202 0.1766 0.0202 0.1766 0.2098 0.1094 0.2098
6 0.8402 0.9620 0.8587 0.9620 0.8587 0.9680 0.8402 0.9680
6 0.1303 0.6892 0.2203 0.6892 0.2203 0.9428 0.1303 0.9428
7 0.1165 0.6716 0.1266 0.6716 0.1266 0.6988 0.1165 0.6988
7 0.1156 0.4971 0.1350 0.4971 0.1350 0.5505 0.1156 0.5505
7 0.0368 0.8078 0.0515 0.8078 0.0515 0.8154 0.0368 0.8154
7 0.8933 0.4002 0.9016 0.4002 0.9016 0.4510 0.8933 0.4510
9 0.5159 0.0831 0.5950 0.0831 0.5950 0.3441 0.5159 0.3441
9 0.8168 0.4771 0.8498 0.4771 0.8498 0.6473 0.8168 0.6473
9 0.7717 0.0455 0.9269 0.0455 0.9269 0.0961 0.7717 0.0961
9 0.0505 0.4668 0.1035 0.4668 0.1035 0.7248 0.0505 0.7248
12 0.3640 0.0259 0.4686 0.0259 0.4686 0.0361 0.3640 0.0361
12 0.4071 0.8619 0.4703 0.8619 0.4703 0.8901 0.4071 0.8901
12 0.0705 0.2275 0.0870 0.2275 0.0870 0.3117 0.0705 0.3117
12 0.1133 0.3212 0.1318 0.3212 0.1318 0.3972 0.1133 0.3972
13 0.6991 0.2943 0.7083 0.2943 0.7083 0.3205 0.6991 0.3205
13 0.1456 0.4780 0.1484 0.4780 0.1484 0.6760 0.1456 0.6760
13 0.6946 0.4056 0.7063 0.4056 0.7063 0.5040 0.6946 0.5040
13 0.8363 0.8987 0.8591 0.8987 0.8591 0.9081 0.8363 0.9081
15 0.0114 0.5780 0.0481 0.5780 0.0481 0.6460 0.0114 0.6460
15 0.5073 0.7015 0.5390 0.7015 0.5390 0.7685 0.5073 0.7685
15 0.8522 0.1564 0.9692 0.1564 0.9692 0.2824 0.8522 0.2824
15 0.7256 0.1148 0.7955 0.1148 0.7955 0.2176 0.7256 0.2176
