0 0.6130 0.5183 0.6978 0.5183 0.6978 0.6629 0.6130 0.6629
0 0.2394 0.4207 0.4592 0.4207 0.4592 0.5593 0.2394 0.5593
0 0.1548 0.2364 0.3801 0.2364 0.3801 0.3592 0.1548 0.3592
0 0.5887 0.1407 0.6641 0.1407 0.6641 0.2929 0.5887 0.2929
1 0.7622 0.0112 0.7715 0.0112 0.7715 0.0420 0.7622 0.0420
1 0.5583 0.2742 0.5800 0.2742 0.5800 0.2834 0.5583 0.2834
1 0.3871 0.0490 0.3938 0.0490 0.3938 0.0710 0.3871 0.0710
1 0.3591 0.6070 0.3621 0.6070 0.3621 0.6314 0.3591 0.6314
2 0.6884 0.4076 0.7150 0.4076 0.7150 0.4832 0.6884 0.4832
2 0.8028 0.3204 0.8095 0.3204 0.8095 0.3588 0.8028 0.3588
2 0.7964 0.4002 0.8784 0.4002 0.8784 0.4662 0.7964 0.4662
2 0.0888 0.0843 0.0986 0.0843 0.0986 0.1057 0.0888 0.1057
3 0.1149 0.4472 0.2174 0.4472 0.2174 0.4716 0.1149 0.4716
3 0.9539 0.7376 0.9664 0.7376 0.9664 0.8260 0.9539 0.8260
3 0.0650 0.8363 0.0976 0.8363 0.0976 0.8473 0.0650 0.8473
3 0.3242 0.0042 0.4270 0.0042 0.4270 0.0358 0.3242 0.0358
4 0.9217 0.1312 0.9366 0.1312 0.9366 0.1516 0.9217 0.1516
4 0.1819 0.1095 0.2150 0.1095 0.2150 0.1177 0.1819 0.1177
4 0.7480 0.3543 0.7635 0.3543 0.7635 0.3633 0.7480 0.3633
4 0.3253 0.6366 0.3392 0.6366 0.3392 0.6566 0.3253 0.6566
6 0.8697 0.3103 0.8957 0.3103 0.8957 0.3473 0.8697 0.3473
6 0.0134 0.0040 0.0309 0.0040 0.0309 0.0288 0.0134 0.0288
6 0.4985 0.2447 0.5421 0.2447 0.5421 0.2653 0.4985 0.2653
6 0.4819 0.1162 0.5275 0.1162 0.5275 0.1310 0.4819 0.1310
7 0.8351 0.9071 0.8432 0.9071 0.8432 0.9365 0.8351 0.9365
7 0.5390 0.7750 0.5621 0.7750 0.5621 0.9010 0.5390 0.9010
7 0.7128 0.2123 0.7177 0.2123 0.7177 0.2533 0.7128 0.2533
7 0.3531 0.5943 0.3583 0.5943 0.3583 0.6061 0.3531 0.6061
9 0.0359 0.2818 0.0787 0.2818 0.0787 0.4230 0.0359 0.4230
9 0.6631 0.8135 0.7000 0.8135 0.7000 0.8485 0.6631 0.8485
9 0.5902 0.7059 0.6403 0.7059 0.6403 0.9573 0.5902 0.9573
9 0.4317 0.7851 0.4754 0.7851 0.4754 0.9293 0.4317 0.9293
12 0.4663 0.6055 0.4886 0.6055 0.4886 0.7185 0.4663 0.7185
12 0.6091 0.0378 0.6952 0.0378 0.6952 0.0462 0.6091 0.0462
12 0.9143 0.5699 0.9894 0.5699 0.9894 0.6033 0.9143 0.6033
12 0.2453 0.7166 0.2793 0.7166 0.2793 0.8470 0.2453 0.8470
13 0.1054 0.5822 0.1203 0.5822 0.1203 0.5994 0.1054 0.5994
13 0.4908 0.0115 0.5229 0.0115 0.5229 0.0937 0.4908 0.0937
13 0.3167 0.7744 0.3578 0.7744 0.3578 0.7932 0.3167 0.7932
13 0.0941 0.5843 0.0996 0.5843 0.0996 0.6045 0.0941 0.6045
15 0.4636 0.4688 0.5490 0.4688 0.5490 0.5608 0.4636 0.5608
15 0.8457 0.5316 0.8923 0.5316 0.8923 0.6012 0.8457 0.6012
15 0.7071 0.5235 0.7994 0.5235 0.7994 0.6613 0.7071 0.6613
15 0.8897 0.3588 0.9574 0.3588 0.9574 0.4584 0.8897 0.4584
