0 0.0567 0.6251 0.1693 0.6251 0.1693 0.6865 0.0567 0.6865
0 0.1371 0.4048 0.2244 0.4048 0.2244 0.5872 0.1371 0.5872
0 0.3450 0.1067 0.4524 0.1067 0.4524 0.5489 0.3450 0.5489
0 0.6900 0.0170 0.8875 0.0170 0.8875 0.6754 0.6900 0.6754
1 0.2990 0.4787 0.3170 0.4787 0.3170 0.4833 0.2990 0.4833
1 0.0097 0.7822 0.0272 0.7822 0.0272 0.7902 0.0097 0.7902
1 0.4507 0.6962 0.4647 0.6962 0.4647 0.7038 0.4507 0.7038
1 0.5665 0.5223 0.5864 0.5223 0.5864 0.5313 0.5665 0.5313
2 0.4694 0.0471 0.5264 0.0471 0.5264 0.0745 0.4694 0.0745
2 0.1229 0.1663 0.1303 0.1663 0.1303 0.2545 0.1229 0.2545
2 0.9156 0.7867 0.9692 0.7867 0.9692 0.9093 0.9156 0.9093
2 0.1585 0.7494 0.2786 0.7494 0.2786 0.7846 0.1585 0.7846
3 0.8667 0.6878 0.9416 0.6878 0.9416 0.7062 0.8667 0.7062
3 0.1699 0.1835 0.2446 0.1835 0.2446 0.2065 0.1699 0.2065
3 0.7279 0.7787 0.8104 0.7787 0.8104 0.7989 0.7279 0.7989
3 0.5114 0.7375 0.5258 0.7375 0.5258 0.8397 0.5114 0.8397
4 0.6562 0.2342 0.6875 0.2342 0.6875 0.2770 0.6562 0.2770
4 0.8851 0.9176 0.8915 0.9176 0.8915 0.9256 0.8851 0.9256
4 0.6828 0.9251 0.6901 0.9251 0.6901 0.9485 0.6828 0.9485
4 0.5517 0.0407 0.5652 0.0407 0.5652 0.0521 0.5517 0.0521
6 0.0987 0.7856 0.3801 0.7856 0.3801 0.9840 0.0987 0.9840
6 0.4890 0.6851 0.5027 0.6851 0.5027 0.7045 0.4890 0.7045
6 0.3682 0.7180 0.3955 0.7180 0.3955 0.7436 0.3682 0.7436
7 0.5993 0.1438 0.6070 0.1438 0.6070 0.1718 0.5993 0.1718
7 0.0225 0.0891 0.0424 0.0891 0.0424 0.1569 0.0225 0.1569
7 0.9265 0.3287 0.9501 0.3287 0.9501 0.3729 0.9265 0.3729
7 0.4642 0.5871 0.4852 0.5871 0.4852 0.6597 0.4642 0.6597
9 0.6034 0.5778 0.6543 0.5778 0.6543 0.7554 0.6034 0.7554
9 0.4960 0.3186 0.5495 0.3186 0.5495 0.5862 0.4960 0.5862
9 0.8942 0.3903 0.9489 0.3903 0.9489 0.6645 0.8942 0.6645
9 0.6122 0.4682 0.6764 0.4682 0.6764 0.4890 0.6122 0.4890
12 0.2173 0.5939 0.4301 0.5939 0.4301 0.6309 0.2173 0.6309
12 0.6808 0.7436 0.7229 0.7436 0.7229 0.7476 0.6808 0.7476
12 0.6602 0.6824 0.7906 0.6824 0.7906 0.7320 0.6602 0.7320
12 0.5288 0.8307 0.7509 0.8307 0.7509 0.8693 0.5288 0.8693
13 0.2822 0.6743 0.3118 0.6743 0.3118 0.7557 0.2822 0.7557
13 0.0274 0.6398 0.0480 0.6398 0.0480 0.6774 0.0274 0.6774
13 0.3163 0.2324 0.3255 0.2324 0.3255 0.2568 0.3163 0.2568
13 0.9685 0.0971 0.9743 0.0971 0.9743 0.1137 0.9685 0.1137
15 0.2056 0.2448 0.2944 0.2448 0.2944 0.3440 0.2056 0.3440
15 0.0402 0.3944 0.1136 0.3944 0.1136 0.4764 0.0402 0.4764
15 0.5514 0.1840 0.6246 0.1840 0.6246 0.2644 0.5514 0.2644
15 0.1940 0.0126 0.2949 0.0126 0.2949 0.1838 0.1940 0.1838
