0 0.4834 0.0558 0.9057 0.0558 0.9057 0.3222 0.4834 0.3222
0 0.2940 0.5664 0.3734 0.5664 0.3734 0.8668 0.2940 0.8668
0 0.2765 0.0434 0.4341 0.0434 0.4341 0.3122 0.2765 0.3122
0 0.0374 0.1644 0.1481 0.1644 0.1481 0.3880 0.0374 0.3880
1 0.8239 0.8416 0.8281 0.8416 0.8281 0.8780 0.8239 0.8780
1 0.8211 0.6119 0.8409 0.6119 0.8409 0.6617 0.8211 0.6617
1 0.9436 0.2979 0.9541 0.2979 0.9541 0.4113 0.9436 0.4113
1 0.0894 0.7640 0.1206 0.7640 0.1206 0.7700 0.0894 0.7700
2 0.1365 0.0102 0.1698 0.0102 0.1698 0.0354 0.1365 0.0354
2 0.5447 0.9306 0.5650 0.9306 0.5650 0.9722 0.5447 0.9722
2 0.5468 0.3471 0.7463 0.3471 0.7463 0.5093 0.5468 0.5093
2 0.0747 0.5343 0.2861 0.5343 0.2861 0.6589 0.0747 0.6589
3 0.2671 0.8766 0.2832 0.8766 0.2832 0.9974 0.2671 0.9974
3 0.5299 0.7311 0.6127 0.7311 0.6127 0.7565 0.5299 0.7565
3 0.8477 0.6155 0.8869 0.6155 0.8869 0.6289 0.8477 0.6289
3 0.4540 0.7835 0.4623 0.7835 0.4623 0.8457 0.4540 0.8457
4 0.4062 0.7358 0.4173 0.7358 0.4173 0.7714 0.4062 0.7714
4 0.1997 0.0998 0.2174 0.0998 0.2174 0.1118 0.1997 0.1118
4 0.1071 0.7888 0.1195 0.7888 0.1195 0.7944 0.1071 0.7944
4 0.0165 0.3655 0.0189 0.3655 0.0189 0.3801 0.0165 0.3801
6 0.8980 0.6140 0.9660 0.6140 0.9660 0.6780 0.8980 0.6780
6 0.2091 0.2408 0.2577 0.2408 0.2577 0.2636 0.2091 0.2636
6 0.4911 0.5246 0.7683 0.5246 0.7683 0.7202 0.4911 0.7202
6 0.1187 0.3935 0.1887 0.3935 0.1887 0.4593 0.1187 0.4593
7 0.3550 0.9214 0.3684 0.9214 0.3684 0.9510 0.3550 0.9510
7 0.0468 0.7364 0.0781 0.7364 0.0781 0.8940 0.0468 0.8940
7 0.8891 0.3908 0.9169 0.3908 0.9169 0.4968 0.8891 0.4968
7 0.2611 0.3175 0.2958 0.3175 0.2958 0.4401 0.2611 0.4401
9 0.7182 0.7443 0.7650 0.7443 0.7650 0.9857 0.7182 0.9857
9 0.0525 0.9263 0.2212 0.9263 0.2212 0.9817 0.0525 0.9817
9 0.4073 0.9331 0.5370 0.9331 0.5370 0.9753 0.4073 0.9753
9 0.4694 0.7600 0.6326 0.7600 0.6326 0.8588 0.4694 0.8588
12 0.7716 0.3775 0.8032 0.3775 0.8032 0.7465 0.7716 0.7465
12 0.4402 0.8859 0.4638 0.8859 0.4638 0.9057 0.4402 0.9057
12 0.0173 0.8942 0.1870 0.8942 0.1870 0.9238 0.0173 0.9238
12 0.2087 0.4663 0.2216 0.4663 0.2216 0.5157 0.2087 0.5157
13 0.0473 0.6954 0.0555 0.6954 0.0555 0.7234 0.0473 0.7234
13 0.4042 0.8946 0.4121 0.8946 0.4121 0.9214 0.4042 0.9214
13 0.6673 0.9751 0.6875 0.9751 0.6875 0.9941 0.6673 0.9941
13 0.3285 0.3950 0.3312 0.3950 0.3312 0.5474 0.3285 0.5474
15 0.3674 0.3240 0.4509 0.3240 0.4509 0.4208 0.3674 0.4208
15 0.9137 0.0595 0.9746 0.0595 0.9746 0.1505 0.9137 0.1505
15 0.8234 0.5174 0.9049 0.5174 0.9049 0.5874 0.8234 0.5874
15 0.9067 0.8359 0.9644 0.8359 0.9644 0.9133 0.9067 0.9133
