0 0.7540 0.3814 0.9189 0.3814 0.9189 0.5722 0.7540 0.5722
0 0.6919 0.6644 0.7521 0.6644 0.7521 0.9268 0.6919 0.9268
0 0.7734 0.0110 0.8643 0.0110 0.8643 0.1162 0.7734 0.1162
0 0.2233 0.2655 0.4315 0.2655 0.4315 0.7965 0.2233 0.7965
1 0.6393 0.7734 0.6567 0.7734 0.6567 0.8082 0.6393 0.8082
1 0.5633 0.1728 0.5701 0.1728 0.5701 0.1972 0.5633 0.1972
1 0.6754 0.5920 0.6806 0.5920 0.6806 0.6376 0.6754 0.6376
1 0.0856 0.6235 0.1081 0.6235 0.1081 0.6801 0.0856 0.6801
2 0.7728 0.5976 0.9983 0.5976 0.9983 0.7304 0.7728 0.7304
2 0.2047 0.4248 0.2190 0.4248 0.2190 0.4556 0.2047 0.4556
2 0.5083 0.6622 0.5920 0.6622 0.5920 0.7818 0.5083 0.7818
2 0.5556 0.1510 0.6109 0.1510 0.6109 0.1582 0.5556 0.1582
3 0.6336 0.4055 0.6924 0.4055 0.6924 0.4285 0.6336 0.4285
3 0.0031 0.9059 0.0855 0.9059 0.0855 0.9261 0.0031 0.9261
3 0.7687 0.8247 0.8764 0.8247 0.8764 0.8501 0.7687 0.8501
3 0.6554 0.3302 0.6666 0.3302 0.6666 0.3742 0.6554 0.3742
4 0.3800 0.1958 0.4003 0.1958 0.4003 0.2110 0.3800 0.2110
4 0.5440 0.1507 0.5549 0.1507 0.5549 0.2389 0.5440 0.2389
4 0.7799 0.2279 0.7958 0.2279 0.7958 0.2581 0.7799 0.2581
4 0.8857 0.0434 0.9018 0.0434 0.9018 0.0542 0.8857 0.0542
6 0.6579 0.0615 0.7006 0.0615 0.7006 0.0753 0.6579 0.0753
6 0.8057 0.5843 0.8346 0.5843 0.8346 0.5937 0.8057 0.5937
6 0.4605 0.0454 0.5555 0.0454 0.5555 0.0902 0.4605 0.0902
6 0.4727 0.3868 0.5336 0.3868 0.5336 0.4724 0.4727 0.4724
7 0.1276 0.6067 0.1504 0.6067 0.1504 0.6985 0.1276 0.6985
7 0.4723 0.9251 0.4786 0.9251 0.4786 0.9497 0.4723 0.9497
7 0.0793 0.3012 0.0910 0.3012 0.0910 0.3524 0.0793 0.3524
7 0.1239 0.5123 0.1343 0.5123 0.1343 0.5513 0.1239 0.5513
9 0.2442 0.0966 0.2690 0.0966 0.2690 0.2206 0.2442 0.2206
9 0.8434 0.2410 0.9529 0.2410 0.9529 0.2770 0.8434 0.2770
9 0.5416 0.3366 0.6321 0.3366 0.6321 0.6354 0.5416 0.6354
9 0.1240 0.8686 0.2932 0.8686 0.2932 0.9242 0.1240 0.9242
12 0.3663 0.8012 0.4572 0.8012 0.4572 0.8100 0.3663 0.8100
12 0.1733 0.9316 0.4038 0.9316 0.4038 0.9740 0.1733 0.9740
12 0.6148 0.7364 0.6301 0.7364 0.6301 0.9132 0.6148 0.9132
12 0.0063 0.2504 0.0366 0.2504 0.0366 0.6040 0.0063 0.6040
13 0.1168 0.1271 0.1238 0.1271 0.1238 0.1385 0.1168 0.1385
13 0.3616 0.1362 0.3676 0.1362 0.3676 0.1770 0.3616 0.1770
13 0.0639 0.1071 0.1096 0.1071 0.1096 0.1325 0.0639 0.1325
13 0.8199 0.8839 0.8312 0.8839 0.8312 0.8933 0.8199 0.8933
15 0.1079 0.7071 0.1415 0.7071 0.1415 0.7521 0.1079 0.7521
15 0.0788 0.4327 0.1330 0.4327 0.1330 0.4977 0.0788 0.4977
15 0.0265 0.7915 0.0795 0.7915 0.0795 0.8537 0.0265 0.8537
15 0.2474 0.0114 0.2986 0.0114 0.2986 0.0606 0.2474 0.0606
