0 0.1414 0.0859 0.1706 0.0859 0.1706 0.4745 0.1414 0.4745
0 0.6860 0.1215 0.8280 0.1215 0.8280 0.5949 0.6860 0.5949
0 0.4425 0.4407 0.5552 0.4407 0.5552 0.7281 0.4425 0.7281
0 0.3491 0.1423 0.6729 0.1423 0.6729 0.3465 0.3491 0.3465
1 0.4625 0.8978 0.4660 0.8978 0.4660 0.9290 0.4625 0.9290
1 0.9728 0.1966 0.9866 0.1966 0.9866 0.2002 0.9728 0.2002
1 0.4211 0.5351 0.4229 0.5351 0.4229 0.5657 0.4211 0.5657
1 0.8548 0.4316 0.8575 0.4316 0.8575 0.4544 0.8548 0.4544
2 0.5717 0.7163 0.7255 0.7163 0.7255 0.8437 0.5717 0.8437
2 0.9117 0.6595 0.9654 0.6595 0.9654 0.8333 0.9117 0.8333
2 0.2571 0.1507 0.3189 0.1507 0.3189 0.1933 0.2571 0.1933
2 0.1966 0.2066 0.3437 0.2066 0.3437 0.2946 0.1966 0.2946
3 0.5497 0.9236 0.5600 0.9236 0.5600 0.9968 0.5497 0.9968
3 0.3614 0.4092 0.3723 0.4092 0.3723 0.4872 0.3614 0.4872
3 0.7496 0.8890 0.7641 0.8890 0.7641 0.9918 0.7496 0.9918
3 0.5893 0.6283 0.6213 0.6283 0.6213 0.6409 0.5893 0.6409
4 0.6851 0.9519 0.6952 0.9519 0.6952 0.9825 0.6851 0.9825
4 0.1186 0.9032 0.1349 0.9032 0.1349 0.9148 0.1186 0.9148
4 0.6362 0.5295 0.6447 0.5295 0.6447 0.5565 0.6362 0.5565
4 0.5108 0.9392 0.5443 0.9392 0.5443 0.9952 0.5108 0.9952
6 0.2911 0.7526 0.3486 0.7526 0.3486 0.9146 0.2911 0.9146
6 0.8645 0.0338 0.9360 0.0338 0.9360 0.2354 0.8645 0.2354
6 0.1044 0.9331 0.1684 0.9331 0.1684 0.9933 0.1044 0.9933
6 0.4793 0.1166 0.5293 0.1166 0.5293 0.1402 0.4793 0.1402
7 0.8465 0.9610 0.8549 0.9610 0.8549 0.9814 0.8465 0.9814
7 0.7831 0.0586 0.7892 0.0586 0.7892 0.1090 0.7831 0.1090
7 0.8002 0.7395 0.8126 0.7395 0.8126 0.7725 0.8002 0.7725
7 0.6839 0.5971 0.6901 0.5971 0.6901 0.6145 0.6839 0.6145
9 0.2142 0.6887 0.3853 0.6887 0.3853 0.7445 0.2142 0.7445
9 0.0768 0.5107 0.3392 0.5107 0.3392 0.5969 0.0768 0.5969
9 0.8686 0.3800 0.9126 0.3800 0.9126 0.5972 0.8686 0.5972
9 0.1070 0.0263 0.2401 0.0263 0.2401 0.0701 0.1070 0.0701
12 0.0048 0.1942 0.1134 0.1942 0.1134 0.2238 0.0048 0.2238
12 0.4796 0.0735 0.5175 0.0735 0.5175 0.1065 0.4796 0.1065
12 0.8445 0.6020 0.9603 0.6020 0.9603 0.6460 0.8445 0.6460
12 0.8579 0.9467 0.9947 0.9467 0.9947 0.9773 0.8579 0.9773
13 0.1502 0.4823 0.1604 0.4823 0.1604 0.5009 0.1502 0.5009
13 0.0154 0.2400 0.0183 0.2400 0.0183 0.4028 0.0154 0.4028
13 0.5802 0.4990 0.5886 0.4990 0.5886 0.5062 0.5802 0.5062
13 0.0214 0.8795 0.0375 0.8795 0.0375 0.8861 0.0214 0.8861
15 0.0109 0.6850 0.1140 0.6850 0.1140 0.8390 0.0109 0.8390
15 0.8850 0.7747 0.9090 0.7747 0.9090 0.8253 0.8850 0.8253
15 0.9374 0.3464 0.9775 0.3464 0.9775 0.4040 0.9374 0.4040
15 0.0296 0.2711 0.1061 0.2711 0.1061 0.3445 0.0296 0.3445
