0 0.4359 0.4803 0.4849 0.4803 0.4849 0.8601 0.4359 0.8601
0 0.8268 0.4631 0.8952 0.4631 0.8952 0.9933 0.8268 0.9933
0 0.6197 0.3308 0.7815 0.3308 0.7815 0.8072 0.6197 0.8072
0 0.0913 0.6710 0.1538 0.6710 0.1538 0.9438 0.0913 0.9438
1 0.3397 0.6275 0.3715 0.6275 0.3715 0.6337 0.3397 0.6337
1 0.1823 0.7499 0.1866 0.7499 0.1866 0.7845 0.1823 0.7845
1 0.2877 0.3928 0.3046 0.3928 0.3046 0.4072 0.2877 0.4072
1 0.6354 0.8563 0.6558 0.8563 0.6558 0.8657 0.6354 0.8657
2 0.6705 0.8371 0.7355 0.8371 0.7355 0.9397 0.6705 0.9397
2 0.6091 0.1862 0.6624 0.1862 0.6624 0.2702 0.6091 0.2702
2 0.3131 0.5743 0.3529 0.5743 0.3529 0.5949 0.3131 0.5949
2 0.2430 0.0954 0.2658 0.0954 0.2658 0.1530 0.2430 0.1530
3 0.0396 0.0414 0.0927 0.0414 0.0927 0.0622 0.0396 0.0622
3 0.7608 0.8251 0.7681 0.8251 0.7681 0.9433 0.7608 0.9433
3 0.3429 0.7211 0.4140 0.7211 0.4140 0.7489 0.3429 0.7489
3 0.4196 0.6087 0.4295 0.6087 0.4295 0.6785 0.4196 0.6785
4 0.3914 0.4543 0.4183 0.4543 0.4183 0.4725 0.3914 0.4725
4 0.5106 0.0990 0.5217 0.0990 0.5217 0.1570 0.5106 0.1570
4 0.3120 0.8714 0.3183 0.8714 0.3183 0.8786 0.3120 0.8786
4 0.7180 0.2760 0.7289 0.2760 0.7289 0.2840 0.7180 0.2840
6 0.0939 0.4307 0.1467 0.4307 0.1467 0.5793 0.0939 0.5793
6 0.3250 0.8295 0.3364 0.8295 0.3364 0.8457 0.3250 0.8457
6 0.4846 0.9206 0.5226 0.9206 0.5226 0.9330 0.4846 0.9330
6 0.4997 0.2000 0.5783 0.2000 0.5783 0.4216 0.4997 0.4216
7 0.5522 0.8434 0.5606 0.8434 0.5606 0.8850 0.5522 0.8850
7 0.2691 0.6803 0.2866 0.6803 0.2866 0.7813 0.2691 0.7813
7 0.9048 0.1468 0.9454 0.1468 0.9454 0.3220 0.9048 0.3220
7 0.2542 0.5480 0.2641 0.5480 0.2641 0.6088 0.2542 0.6088
9 0.1990 0.1427 0.2238 0.1427 0.2238 0.2877 0.1990 0.2877
9 0.2520 0.3295 0.2817 0.3295 0.2817 0.4333 0.2520 0.4333
9 0.2394 0.8604 0.2591 0.8604 0.2591 0.9292 0.2394 0.9292
9 0.0500 0.0895 0.0803 0.0895 0.0803 0.1953 0.0500 0.1953
12 0.1603 0.7947 0.2829 0.7947 0.2829 0.8413 0.1603 0.8413
12 0.7868 0.3798 0.9844 0.3798 0.9844 0.4142 0.7868 0.4142
12 0.9708 0.0004 0.9972 0.0004 0.9972 0.1340 0.9708 0.1340
12 0.1925 0.7071 0.2657 0.7071 0.2657 0.7397 0.1925 0.7397
13 0.3031 0.4972 0.3161 0.4972 0.3161 0.5304 0.3031 0.5304
13 0.3837 0.9764 0.3920 0.9764 0.3920 0.9860 0.3837 0.9860
13 0.2854 0.0464 0.2906 0.0464 0.2906 0.0640 0.2854 0.0640
13 0.6131 0.8147 0.6346 0.8147 0.6346 0.8329 0.6131 0.8329
15 0.8027 0.0328 0.8541 0.0328 0.8541 0.0820 0.8027 0.0820
15 0.7737 0.8312 0.8166 0.8312 0.8166 0.9128 0.7737 0.9128
15 0.7057 0.0602 0.7797 0.0602 0.7797 0.1430 0.7057 0.1430
15 0.1826 0.2858 0.1983 0.2858 0.1983 0.3150 0.1826 0.3150
