0 0.6673 0.7130 0.9001 0.7130 0.9001 0.7994 0.6673 0.7994
0 0.1696 0.1488 0.2495 0.1488 0.2495 0.7676 0.1696 0.7676
0 0.3748 0.3755 0.6212 0.3755 0.6212 0.8061 0.3748 0.8061
0 0.0062 0.3843 0.0984 0.3843 0.0984 0.4909 0.0062 0.4909
1 0.9734 0.8195 0.9752 0.8195 0.9752 0.8357 0.9734 0.8357
1 0.6233 0.8999 0.6289 0.8999 0.6289 0.9605 0.6233 0.9605
1 0.3248 0.0787 0.3266 0.0787 0.3266 0.0933 0.3248 0.0933
1 0.5443 0.1002 0.5483 0.1002 0.5483 0.1326 0.5443 0.1326
2 0.7501 0.3896 0.7633 0.3896 0.7633 0.4452 0.7501 0.4452
2 0.6931 0.3626 0.7192 0.3626 0.7192 0.3762 0.6931 0.3762
2 0.8608 0.2430 0.9546 0.2430 0.9546 0.3194 0.8608 0.3194
2 0.0468 0.2070 0.1141 0.2070 0.1141 0.2294 0.0468 0.2294
3 0.8799 0.9198 0.9483 0.9198 0.9483 0.9466 0.8799 0.9466
3 0.3753 0.0120 0.3913 0.0120 0.3913 0.1256 0.3753 0.1256
3 0.9079 0.6680 0.9276 0.6680 0.9276 0.8188 0.9079 0.8188
3 0.1342 0.7011 0.1481 0.7011 0.1481 0.7993 0.1342 0.7993
4 0.9479 0.1715 0.9724 0.1715 0.9724 0.1897 0.9479 0.1897
4 0.1208 0.5231 0.1317 0.5231 0.1317 0.5289 0.1208 0.5289
4 0.1322 0.5046 0.1355 0.5046 0.1355 0.5106 0.1322 0.5106
4 0.8462 0.5752 0.8593 0.5752 0.8593 0.6132 0.8462 0.6132
6 0.2728 0.1235 0.3712 0.1235 0.3712 0.4009 0.2728 0.4009
6 0.9208 0.8739 0.9512 0.8739 0.9512 0.9025 0.9208 0.9025
6 0.3293 0.8131 0.5639 0.8131 0.5639 0.9785 0.3293 0.9785
6 0.7436 0.2180 0.7752 0.2180 0.7752 0.2624 0.7436 0.2624
7 0.7711 0.8032 0.7780 0.8032 0.7780 0.8204 0.7711 0.8204
7 0.5668 0.8100 0.5775 0.8100 0.5775 0.8516 0.5668 0.8516
7 0.2754 0.6708 0.2932 0.6708 0.2932 0.6852 0.2754 0.6852
7 0.4299 0.0500 0.4578 0.0500 0.4578 0.1144 0.4299 0.1144
9 0.6383 0.0256 0.6972 0.0256 0.6972 0.0816 0.6383 0.0816
9 0.8919 0.0544 0.9219 0.0544 0.9219 0.2044 0.8919 0.2044
9 0.5827 0.1419 0.6607 0.1419 0.6607 0.3641 0.5827 0.3641
9 0.7759 0.2724 0.8378 0.2724 0.8378 0.5912 0.7759 0.5912
12 0.5074 0.1354 0.5234 0.1354 0.5234 0.2150 0.5074 0.2150
12 0.9440 0.5898 0.9634 0.5898 0.9634 0.8150 0.9440 0.8150
12 0.0237 0.8104 0.0431 0.8104 0.0431 0.9068 0.0237 0.9068
13 0.7756 0.9478 0.7884 0.9478 0.7884 0.9670 0.7756 0.9670
13 0.7559 0.4639 0.7704 0.4639 0.7704 0.4861 0.7559 0.4861
13 0.0031 0.5151 0.0114 0.5151 0.0114 0.5449 0.0031 0.5449
13 0.2611 0.0707 0.2855 0.0707 0.2855 0.1129 0.2611 0.1129
15 0.6657 0.3771 0.7337 0.3771 0.7337 0.4565 0.6657 0.4565
15 0.4016 0.2926 0.4490 0.2926 0.4490 0.3730 0.4016 0.3730
15 0.3871 0.1579 0.4534 0.1579 0.4534 0.2321 0.3871 0.2321
15 0.7019 0.5242 0.7609 0.5242 0.7609 0.6114 0.7019 0.6114
