0 0.4971 0.8968 0.5746 0.8968 0.5746 0.9588 0.4971 0.9588
0 0.0380 0.0131 0.0937 0.0131 0.0937 0.0957 0.0380 0.0957
0 0.3979 0.0523 0.4487 0.0523 0.4487 0.1549 0.3979 0.1549
0 0.4142 0.3015 0.4792 0.3015 0.4792 0.8053 0.4142 0.8053
1 0.7062 0.8632 0.7261 0.8632 0.7261 0.9060 0.7062 0.9060
1 0.9845 0.0472 0.9975 0.0472 0.9975 0.1868 0.9845 0.1868
1 0.1060 0.7351 0.1100 0.7351 0.1100 0.7713 0.1060 0.7713
1 0.0180 0.1392 0.0418 0.1392 0.0418 0.1992 0.0180 0.1992
2 0.0973 0.1191 0.2932 0.1191 0.2932 0.1485 0.0973 0.1485
2 0.2285 0.4187 0.2752 0.4187 0.2752 0.4477 0.2285 0.4477
2 0.2893 0.8235 0.3353 0.8235 0.3353 0.8461 0.2893 0.8461
2 0.0139 0.6183 0.3184 0.6183 0.3184 0.6925 0.0139 0.6925
3 0.0977 0.2187 0.1555 0.2187 0.1555 0.2389 0.0977 0.2389
3 0.3334 0.2443 0.3403 0.2443 0.3403 0.3573 0.3334 0.3573
3 0.2614 0.2250 0.2735 0.2250 0.2735 0.3178 0.2614 0.3178
3 0.7436 0.3987 0.8278 0.3987 0.8278 0.4245 0.7436 0.4245
4 0.8434 0.7611 0.8684 0.7611 0.8684 0.7753 0.8434 0.7753
4 0.6151 0.3610 0.6420 0.3610 0.6420 0.3978 0.6151 0.3978
4 0.5926 0.2162 0.6083 0.2162 0.6083 0.2290 0.5926 0.2290
4 0.0780 0.9426 0.1075 0.9426 0.1075 0.9630 0.0780 0.9630
6 0.3374 0.5346 0.3820 0.5346 0.3820 0.5974 0.3374 0.5974
6 0.3642 0.2012 0.4315 0.2012 0.4315 0.2644 0.3642 0.2644
6 0.9068 0.2944 0.9943 0.2944 0.9943 0.5408 0.9068 0.5408
6 0.7205 0.0018 0.7984 0.0018 0.7984 0.1114 0.7205 0.1114
7 0.3451 0.8430 0.3514 0.8430 0.3514 0.8702 0.3451 0.8702
7 0.4714 0.1283 0.4791 0.1283 0.4791 0.1553 0.4714 0.1553
7 0.8808 0.1944 0.8841 0.1944 0.8841 0.2044 0.8808 0.2044
7 0.2786 0.3251 0.2994 0.3251 0.2994 0.3709 0.2786 0.3709
9 0.7500 0.7351 0.7920 0.7351 0.7920 0.9457 0.7500 0.9457
9 0.4805 0.2616 0.5764 0.2616 0.5764 0.3196 0.4805 0.3196
9 0.8737 0.6143 0.9026 0.6143 0.9026 0.7153 0.8737 0.7153
9 0.7351 0.1575 0.8037 0.1575 0.8037 0.1801 0.7351 0.1801
12 0.3414 0.2820 0.3898 0.2820 0.3898 0.3276 0.3414 0.3276
12 0.9468 0.5498 0.9692 0.5498 0.9692 0.7078 0.9468 0.7078
12 0.9629 0.7183 0.9686 0.7183 0.9686 0.9169 0.9629 0.9169
12 0.1854 0.3699 0.2137 0.3699 0.2137 0.5945 0.1854 0.5945
13 0.5265 0.4691 0.5335 0.4691 0.5335 0.4953 0.5265 0.4953
13 0.5059 0.7283 0.5192 0.7283 0.5192 0.7649 0.5059 0.7649
13 0.1599 0.5951 0.1889 0.5951 0.1889 0.6177 0.1599 0.6177
13 0.0725 0.1684 0.2540 0.1684 0.2540 0.2164 0.0725 0.2164
15 0.5113 0.5935 0.6184 0.5935 0.6184 0.6989 0.5113 0.6989
15 0.4345 0.2035 0.4729 0.2035 0.4729 0.2745 0.4345 0.2745
15 0.8185 0.7975 0.9021 0.7975 0.9021 0.8841 0.8185 0.8841
15 0.3925 0.9186 0.4532 0.9186 0.4532 0.9914 0.3925 0.9914
