0 0.3713 0.3230 0.6155 0.3230 0.6155 0.4562 0.3713 0.4562
0 0.8796 0.1283 0.9855 0.1283 0.9855 0.5289 0.8796 0.5289
0 0.7354 0.5102 0.8561 0.5102 0.8561 0.9666 0.7354 0.9666
0 0.1087 0.0716 0.2341 0.0716 0.2341 0.5880 0.1087 0.5880
1 0.3917 0.9511 0.3983 0.9511 0.3983 0.9569 0.3917 0.9569
1 0.9824 0.0075 0.9913 0.0075 0.9913 0.0265 0.9824 0.0265
1 0.2579 0.3916 0.3041 0.3916 0.3041 0.5084 0.2579 0.5084
1 0.8508 0.2782 0.8535 0.2782 0.8535 0.3254 0.8508 0.3254
2 0.1251 0.7323 0.2160 0.7323 0.2160 0.7485 0.1251 0.7485
2 0.6330 0.2882 0.7164 0.2882 0.7164 0.3402 0.6330 0.3402
2 0.5963 0.7219 0.6660 0.7219 0.6660 0.9137 0.5963 0.9137
2 0.3560 0.8315 0.4315 0.8315 0.4315 0.8749 0.3560 0.8749
3 0.4985 0.6008 0.5752 0.6008 0.5752 0.6308 0.4985 0.6308
3 0.0522 0.2387 0.0618 0.2387 0.0618 0.3069 0.0522 0.3069
3 0.0391 0.8707 0.0506 0.8707 0.0506 0.9517 0.0391 0.9517
3 0.9141 0.6471 0.9227 0.6471 0.9227 0.7861 0.9141 0.7861
4 0.1679 0.7582 0.1753 0.7582 0.1753 0.8266 0.1679 0.8266
4 0.6579 0.5642 0.6769 0.5642 0.6769 0.5802 0.6579 0.5802
4 0.6545 0.3443 0.6712 0.3443 0.6712 0.3533 0.6545 0.3533
4 0.7582 0.1544 0.7721 0.1544 0.7721 0.1916 0.7582 0.1916
6 0.3153 0.7216 0.4004 0.7216 0.4004 0.7616 0.3153 0.7616
6 0.2865 0.6051 0.3398 0.6051 0.3398 0.6801 0.2865 0.6801
6 0.2360 0.0424 0.4732 0.0424 0.4732 0.2096 0.2360 0.2096
6 0.3036 0.5362 0.3553 0.5362 0.3553 0.5530 0.3036 0.5530
7 0.1779 0.8511 0.2143 0.8511 0.2143 0.9709 0.1779 0.9709
7 0.5594 0.0255 0.5897 0.0255 0.5897 0.1169 0.5594 0.1169
7 0.8820 0.5739 0.8906 0.5739 0.8906 0.6205 0.8820 0.6205
7 0.0571 0.8248 0.1012 0.8248 0.1012 0.9324 0.0571 0.9324
9 0.3980 0.4696 0.4391 0.4696 0.4391 0.6052 0.3980 0.6052
9 0.6028 0.0619 0.8504 0.0619 0.8504 0.1433 0.6028 0.1433
9 0.2799 0.2107 0.4578 0.2107 0.4578 0.3185 0.2799 0.3185
9 0.4468 0.5707 0.5238 0.5707 0.5238 0.6005 0.4468 0.6005
12 0.5573 0.6978 0.5950 0.6978 0.5950 0.8522 0.5573 0.8522
12 0.2554 0.6411 0.2814 0.6411 0.2814 0.9205 0.2554 0.9205
12 0.8228 0.2398 0.8275 0.2398 0.8275 0.4138 0.8228 0.4138
12 0.3039 0.3595 0.3672 0.3595 0.3672 0.3965 0.3039 0.3965
13 0.3408 0.9188 0.3777 0.9188 0.3777 0.9828 0.3408 0.9828
13 0.7242 0.8359 0.7344 0.8359 0.7344 0.8513 0.7242 0.8513
13 0.5786 0.2828 0.5883 0.2828 0.5883 0.2864 0.5786 0.2864
13 0.3084 0.0004 0.3556 0.0004 0.3556 0.0296 0.3084 0.0296
15 0.9502 0.5759 0.9804 0.5759 0.9804 0.6337 0.9502 0.6337
15 0.5936 0.6182 0.6584 0.6182 0.6584 0.6734 0.5936 0.6734
15 0.4794 0.8675 0.5904 0.8675 0.5904 0.9893 0.4794 0.9893
