0 0.2645 0.1595 0.3772 0.1595 0.3772 0.4913 0.2645 0.4913
0 0.9050 0.1855 0.9515 0.1855 0.9515 0.8037 0.9050 0.8037
0 0.4870 0.3418 0.5298 0.3418 0.5298 0.9106 0.4870 0.9106
0 0.6137 0.0943 0.7220 0.0943 0.7220 0.2789 0.6137 0.2789
1 0.6473 0.5656 0.6838 0.5656 0.6838 0.6576 0.6473 0.6576
1 0.6994 0.6207 0.7089 0.6207 0.7089 0.7217 0.6994 0.7217
1 0.0016 0.8396 0.0189 0.8396 0.0189 0.8440 0.0016 0.8440
1 0.8322 0.5418 0.8409 0.5418 0.8409 0.6282 0.8322 0.6282
2 0.1579 0.7163 0.2541 0.7163 0.2541 0.7961 0.1579 0.7961
2 0.0817 0.4456 0.2326 0.4456 0.2326 0.5180 0.0817 0.5180
2 0.3316 0.5314 0.4632 0.5314 0.4632 0.7146 0.3316 0.7146
2 0.7193 0.3003 0.8258 0.3003 0.8258 0.8117 0.7193 0.8117
3 0.0731 0.1263 0.0915 0.1263 0.0915 0.2633 0.0731 0.2633
3 0.5511 0.3931 0.6046 0.3931 0.6046 0.4073 0.5511 0.4073
3 0.2759 0.7823 0.2955 0.7823 0.2955 0.9321 0.2759 0.9321
3 0.9068 0.8511 0.9170 0.8511 0.9170 0.9233 0.9068 0.9233
4 0.6213 0.5372 0.6775 0.5372 0.6775 0.5512 0.6213 0.5512
4 0.5774 0.7554 0.5940 0.7554 0.5940 0.7674 0.5774 0.7674
4 0.3371 0.0735 0.3609 0.0735 0.3609 0.1265 0.3371 0.1265
4 0.7770 0.0299 0.7867 0.0299 0.7867 0.0433 0.7770 0.0433
6 0.6691 0.3939 0.6906 0.3939 0.6906 0.4009 0.6691 0.4009
6 0.2662 0.6967 0.2855 0.6967 0.2855 0.7029 0.2662 0.7029
6 0.3128 0.7491 0.4158 0.7491 0.4158 0.8217 0.3128 0.8217
6 0.0931 0.5512 0.1272 0.5512 0.1272 0.5832 0.0931 0.5832
7 0.2528 0.8086 0.2686 0.8086 0.2686 0.8642 0.2528 0.8642
7 0.1005 0.0906 0.1501 0.0906 0.1501 0.2950 0.1005 0.2950
7 0.8759 0.5987 0.9047 0.5987 0.9047 0.7081 0.8759 0.7081
7 0.4050 0.4099 0.4098 0.4099 0.4098 0.4229 0.4050 0.4229
9 0.6088 0.4448 0.7106 0.4448 0.7106 0.5064 0.6088 0.5064
9 0.6370 0.8326 0.7555 0.8326 0.7555 0.8786 0.6370 0.8786
9 0.4231 0.0716 0.5412 0.0716 0.5412 0.1392 0.4231 0.1392
9 0.3830 0.8843 0.4115 0.8843 0.4115 0.9837 0.3830 0.9837
12 0.4137 0.9052 0.4295 0.9052 0.4295 0.9836 0.4137 0.9836
12 0.7731 0.9206 0.8863 0.9206 0.8863 0.9822 0.7731 0.9822
12 0.5579 0.5103 0.5641 0.5103 0.5641 0.7377 0.5579 0.7377
12 0.9713 0.2007 0.9987 0.2007 0.9987 0.2245 0.9713 0.2245
13 0.1677 0.0928 0.1869 0.0928 0.1869 0.1044 0.1677 0.1044
13 0.5765 0.6594 0.6252 0.6594 0.6252 0.7030 0.5765 0.7030
13 0.3771 0.3400 0.3946 0.3400 0.3946 0.3516 0.3771 0.3516
13 0.0514 0.7530 0.0977 0.7530 0.0977 0.8362 0.0514 0.8362
15 0.1917 0.3095 0.2529 0.3095 0.2529 0.3985 0.1917 0.3985
15 0.0614 0.6251 0.1152 0.6251 0.1152 0.6689 0.0614 0.6689
15 0.1277 0.7076 0.1497 0.7076 0.1497 0.7392 0.1277 0.7392
15 0.1214 0.0075 0.1783 0.0075 0.1783 0.0557 0.1214 0.0557
