0 0.3931 0.7439 0.4775 0.7439 0.4775 0.9761 0.3931 0.9761
0 0.8219 0.7118 0.9827 0.7118 0.9827 0.8978 0.8219 0.8978
0 0.0742 0.6052 0.2078 0.6052 0.2078 0.8032 0.0742 0.8032
0 0.5325 0.4118 0.7463 0.4118 0.7463 0.9570 0.5325 0.9570
1 0.4074 0.5870 0.4100 0.5870 0.4100 0.6082 0.4074 0.6082
1 0.2059 0.2919 0.2352 0.2919 0.2352 0.3041 0.2059 0.3041
1 0.4956 0.8271 0.5233 0.8271 0.5233 0.8969 0.4956 0.8969
1 0.0984 0.0591 0.1064 0.0591 0.1064 0.1621 0.0984 0.1621
2 0.7750 0.7024 0.8318 0.7024 0.8318 0.7096 0.7750 0.7096
2 0.5365 0.0719 0.8915 0.0719 0.8915 0.1589 0.5365 0.1589
2 0.2400 0.8138 0.3320 0.8138 0.3320 0.9842 0.2400 0.9842
2 0.5751 0.1675 0.6380 0.1675 0.6380 0.3525 0.5751 0.3525
3 0.7691 0.2431 0.7766 0.2431 0.7766 0.2957 0.7691 0.2957
3 0.1388 0.3040 0.2181 0.3040 0.2181 0.3316 0.1388 0.3316
3 0.9128 0.4375 0.9618 0.4375 0.9618 0.4541 0.9128 0.4541
3 0.1340 0.0442 0.2109 0.0442 0.2109 0.0646 0.1340 0.0646
4 0.3762 0.4472 0.4441 0.4472 0.4441 0.4700 0.3762 0.4700
4 0.0091 0.6447 0.0172 0.6447 0.0172 0.6549 0.0091 0.6549
4 0.0205 0.1723 0.0440 0.1723 0.0440 0.1917 0.0205 0.1917
4 0.1910 0.0903 0.2012 0.0903 0.2012 0.0973 0.1910 0.0973
6 0.2779 0.2755 0.3347 0.2755 0.3347 0.4357 0.2779 0.4357
6 0.0688 0.9199 0.1374 0.9199 0.1374 0.9521 0.0688 0.9521
6 0.1605 0.1306 0.1712 0.1306 0.1712 0.1458 0.1605 0.1458
6 0.3163 0.2211 0.3269 0.2211 0.3269 0.2361 0.3163 0.2361
7 0.0193 0.6476 0.0618 0.6476 0.0618 0.6588 0.0193 0.6588
7 0.2200 0.1015 0.2298 0.1015 0.2298 0.1333 0.2200 0.1333
7 0.2136 0.2734 0.2318 0.2734 0.2318 0.2834 0.2136 0.2834
7 0.7679 0.1703 0.7778 0.1703 0.7778 0.1993 0.7679 0.1993
9 0.1940 0.8167 0.2183 0.8167 0.2183 0.9353 0.1940 0.9353
9 0.2314 0.5222 0.2660 0.5222 0.2660 0.6430 0.2314 0.6430
9 0.2113 0.7403 0.3750 0.7403 0.3750 0.7937 0.2113 0.7937
9 0.8425 0.2798 0.8829 0.2798 0.8829 0.4822 0.8425 0.4822
12 0.3548 0.2923 0.3746 0.2923 0.3746 0.5225 0.3548 0.5225
12 0.3747 0.0910 0.3939 0.0910 0.3939 0.3142 0.3747 0.3142
12 0.0896 0.2616 0.0961 0.2616 0.0961 0.4868 0.0896 0.4868
12 0.0576 0.1627 0.0824 0.1627 0.0824 0.4513 0.0576 0.4513
13 0.1122 0.9712 0.1190 0.9712 0.1190 0.9776 0.1122 0.9776
13 0.3011 0.5134 0.3083 0.5134 0.3083 0.5218 0.3011 0.5218
13 0.1422 0.3688 0.1986 0.3688 0.1986 0.4196 0.1422 0.4196
13 0.8139 0.7683 0.8218 0.7683 0.8218 0.8193 0.8139 0.8193
15 0.7479 0.3223 0.8241 0.3223 0.8241 0.4113 0.7479 0.4113
15 0.4265 0.0996 0.5255 0.0996 0.5255 0.2144 0.4265 0.2144
15 0.4162 0.3499 0.4995 0.3499 0.4995 0.4469 0.4162 0.4469
15 0.9086 0.6107 0.9320 0.6107 0.9320 0.6549 0.9086 0.6549
