0 0.5060 0.0402 0.5891 0.0402 0.5891 0.3174 0.5060 0.3174
0 0.0571 0.0652 0.1203 0.0652 0.1203 0.5548 0.0571 0.5548
0 0.2476 0.1168 0.2858 0.1168 0.2858 0.2832 0.2476 0.2832
0 0.8204 0.5587 0.8590 0.5587 0.8590 0.8573 0.8204 0.8573
1 0.2260 0.3727 0.2569 0.3727 0.2569 0.3869 0.2260 0.3869
1 0.6213 0.1914 0.6530 0.1914 0.6530 0.2086 0.6213 0.2086
1 0.2176 0.4751 0.2267 0.4751 0.2267 0.4829 0.2176 0.4829
1 0.2568 0.9559 0.2584 0.9559 0.2584 0.9697 0.2568 0.9697
2 0.0179 0.6010 0.4272 0.6010 0.4272 0.7014 0.0179 0.7014
2 0.4259 0.4683 0.4938 0.4683 0.4938 0.5837 0.4259 0.5837
2 0.6063 0.8411 0.6123 0.8411 0.6123 0.8757 0.6063 0.8757
2 0.2185 0.9492 0.2229 0.9492 0.2229 0.9968 0.2185 0.9968
3 0.2527 0.5060 0.3719 0.5060 0.3719 0.5340 0.2527 0.5340
3 0.8157 0.9772 0.8854 0.9772 0.8854 0.9936 0.8157 0.9936
3 0.8694 0.2192 0.8883 0.2192 0.8883 0.3644 0.8694 0.3644
3 0.8571 0.5000 0.8646 0.5000 0.8646 0.5532 0.8571 0.5532
4 0.3842 0.1234 0.3967 0.1234 0.3967 0.1338 0.3842 0.1338
4 0.6008 0.4227 0.6263 0.4227 0.6263 0.4465 0.6008 0.4465
4 0.7233 0.6435 0.7427 0.6435 0.7427 0.6537 0.7233 0.6537
4 0.8833 0.7107 0.9001 0.7107 0.9001 0.7333 0.8833 0.7333
6 0.0476 0.7964 0.2304 0.7964 0.2304 0.9252 0.0476 0.9252
6 0.5811 0.8778 0.6460 0.8778 0.6460 0.9390 0.5811 0.9390
6 0.0334 0.7072 0.0772 0.7072 0.0772 0.7688 0.0334 0.7688
6 0.3096 0.7183 0.5436 0.7183 0.5436 0.8833 0.3096 0.8833
7 0.7037 0.9611 0.7078 0.9611 0.7078 0.9729 0.7037 0.9729
7 0.7325 0.4791 0.7866 0.4791 0.7866 0.5065 0.7325 0.5065
7 0.4494 0.0424 0.4703 0.0424 0.4703 0.1444 0.4494 0.1444
7 0.1760 0.1612 0.1937 0.1612 0.1937 0.2456 0.1760 0.2456
9 0.8997 0.2162 0.9589 0.2162 0.9589 0.5218 0.8997 0.5218
9 0.4543 0.2267 0.4869 0.2267 0.4869 0.3901 0.4543 0.3901
9 0.8977 0.5722 0.9272 0.5722 0.9272 0.6754 0.8977 0.6754
9 0.7083 0.0275 0.7395 0.0275 0.7395 0.1885 0.7083 0.1885
12 0.3847 0.1406 0.4150 0.1406 0.4150 0.4910 0.3847 0.4910
12 0.1559 0.0415 0.4284 0.0415 0.4284 0.0889 0.1559 0.0889
12 0.1782 0.0996 0.2203 0.0996 0.2203 0.1348 0.1782 0.1348
12 0.7705 0.5775 0.7989 0.5775 0.7989 0.7225 0.7705 0.7225
13 0.8708 0.6359 0.8957 0.6359 0.8957 0.6813 0.8708 0.6813
13 0.7028 0.7700 0.7152 0.7700 0.7152 0.7760 0.7028 0.7760
13 0.7454 0.8348 0.7492 0.8348 0.7492 0.9888 0.7454 0.9888
13 0.6390 0.6847 0.6573 0.6847 0.6573 0.7057 0.6390 0.7057
15 0.8159 0.3535 0.8653 0.3535 0.8653 0.4245 0.8159 0.4245
15 0.6593 0.6619 0.7356 0.6619 0.7356 0.7597 0.6593 0.7597
15 0.6564 0.3910 0.6918 0.3910 0.6918 0.4434 0.6564 0.4434
15 0.5703 0.5388 0.6017 0.5388 0.6017 0.5832 0.5703 0.5832
