0 0.4011 0.1463 0.5166 0.1463 0.5166 0.3177 0.4011 0.3177
0 0.7734 0.0839 0.9703 0.0839 0.9703 0.7405 0.7734 0.7405
0 0.7305 0.4776 0.7687 0.4776 0.7687 0.7732 0.7305 0.7732
0 0.1357 0.3290 0.1832 0.3290 0.1832 0.5362 0.1357 0.5362
1 0.9401 0.7671 0.9479 0.7671 0.9479 0.8493 0.9401 0.8493
1 0.1640 0.9783 0.1749 0.9783 0.1749 0.9841 0.1640 0.9841
1 0.2477 0.3464 0.2520 0.3464 0.2520 0.3888 0.2477 0.3888
1 0.1594 0.0691 0.1680 0.0691 0.1680 0.1005 0.1594 0.1005
2 0.1496 0.7144 0.1804 0.7144 0.1804 0.8220 0.1496 0.8220
2 0.2473 0.5672 0.2781 0.5672 0.2781 0.6104 0.2473 0.6104
2 0.6065 0.8631 0.7149 0.8631 0.7149 0.9513 0.6065 0.9513
2 0.2348 0.3911 0.2986 0.3911 0.2986 0.4701 0.2348 0.4701
3 0.2194 0.6674 0.3052 0.6674 0.3052 0.6902 0.2194 0.6902
3 0.3074 0.8040 0.4120 0.8040 0.4120 0.8296 0.3074 0.8296
3 0.1088 0.4966 0.1137 0.4966 0.1137 0.5766 0.1088 0.5766
3 0.5626 0.2339 0.6952 0.2339 0.6952 0.2665 0.5626 0.2665
4 0.3002 0.7731 0.3092 0.7731 0.3092 0.8021 0.3002 0.8021
4 0.0220 0.8159 0.0460 0.8159 0.0460 0.8321 0.0220 0.8321
4 0.8040 0.8798 0.8103 0.8798 0.8103 0.9214 0.8040 0.9214
4 0.5073 0.5727 0.5427 0.5727 0.5427 0.5813 0.5073 0.5813
6 0.6924 0.0455 0.7453 0.0455 0.7453 0.0953 0.6924 0.0953
6 0.3547 0.3895 0.5133 0.3895 0.5133 0.5013 0.3547 0.5013
6 0.3519 0.1744 0.3958 0.1744 0.3958 0.2360 0.3519 0.2360
6 0.3246 0.6407 0.5206 0.6407 0.5206 0.7789 0.3246 0.7789
7 0.5365 0.4122 0.5686 0.4122 0.5686 0.5310 0.5365 0.5310
7 0.8876 0.8403 0.9035 0.8403 0.9035 0.8477 0.8876 0.8477
7 0.5274 0.7759 0.5932 0.7759 0.5932 0.8213 0.5274 0.8213
7 0.3982 0.3375 0.4092 0.3375 0.4092 0.3677 0.3982 0.3677
9 0.0123 0.3998 0.0572 0.3998 0.0572 0.6214 0.0123 0.6214
9 0.3979 0.0343 0.5378 0.0343 0.5378 0.0885 0.3979 0.0885
9 0.6414 0.4807 0.6700 0.4807 0.6700 0.6221 0.6414 0.6221
9 0.5628 0.6991 0.6964 0.6991 0.6964 0.7429 0.5628 0.7429
12 0.2016 0.7855 0.2675 0.7855 0.2675 0.8029 0.2016 0.8029
12 0.3024 0.2670 0.3204 0.2670 0.3204 0.3934 0.3024 0.3934
12 0.6213 0.5159 0.6381 0.5159 0.6381 0.6489 0.6213 0.6489
12 0.1562 0.1722 0.1766 0.1722 0.1766 0.2762 0.1562 0.2762
13 0.0040 0.6279 0.0080 0.6279 0.0080 0.7921 0.0040 0.7921
13 0.4186 0.8399 0.4234 0.8399 0.4234 0.8717 0.4186 0.8717
13 0.0820 0.1290 0.0963 0.1290 0.0963 0.1718 0.0820 0.1718
13 0.1002 0.2274 0.1092 0.2274 0.1092 0.2378 0.1002 0.2378
15 0.2130 0.6999 0.2558 0.6999 0.2558 0.7793 0.2130 0.7793
15 0.6879 0.2923 0.7221 0.2923 0.7221 0.3569 0.6879 0.3569
15 0.0099 0.0528 0.0415 0.0528 0.0415 0.0980 0.0099 0.0980
15 0.2293 0.1263 0.3193 0.1263 0.3193 0.2149 0.2293 0.2149
