0 0.4976 0.0247 0.5718 0.0247 0.5718 0.1105 0.4976 0.1105
0 0.3759 0.4480 0.5030 0.4480 0.5030 0.9004 0.3759 0.9004
0 0.8862 0.6422 0.9580 0.6422 0.9580 0.8398 0.8862 0.8398
0 0.6194 0.1530 0.8178 0.1530 0.8178 0.6590 0.6194 0.6590
1 0.3668 0.3603 0.3792 0.3603 0.3792 0.3709 0.3668 0.3709
1 0.0176 0.0919 0.0216 0.0919 0.0216 0.1269 0.0176 0.1269
1 0.1256 0.2603 0.1284 0.2603 0.1284 0.3109 0.1256 0.3109
1 0.4480 0.1498 0.4512 0.1498 0.4512 0.1754 0.4480 0.1754
2 0.2506 0.3391 0.2697 0.3391 0.2697 0.3537 0.2506 0.3537
2 0.8180 0.3102 0.9309 0.3102 0.9309 0.5846 0.8180 0.5846
2 0.5308 0.6483 0.6178 0.6483 0.6178 0.7961 0.5308 0.7961
2 0.4227 0.9594 0.4821 0.9594 0.4821 0.9990 0.4227 0.9990
3 0.5907 0.1195 0.6084 0.1195 0.6084 0.2453 0.5907 0.2453
3 0.1091 0.0416 0.1883 0.0416 0.1883 0.0604 0.1091 0.0604
3 0.2110 0.7951 0.2887 0.7951 0.2887 0.8221 0.2110 0.8221
3 0.1396 0.2211 0.1941 0.2211 0.1941 0.2397 0.1396 0.2397
4 0.3419 0.7652 0.3470 0.7652 0.3470 0.8060 0.3419 0.8060
4 0.1594 0.6698 0.1689 0.6698 0.1689 0.6746 0.1594 0.6746
4 0.5345 0.5619 0.5467 0.5619 0.5467 0.5721 0.5345 0.5721
4 0.7808 0.0284 0.7886 0.0284 0.7886 0.0592 0.7808 0.0592
6 0.2825 0.6756 0.3161 0.6756 0.3161 0.6864 0.2825 0.6864
6 0.7456 0.7096 0.8324 0.7096 0.8324 0.7504 0.7456 0.7504
6 0.1165 0.4608 0.3326 0.4608 0.3326 0.6132 0.1165 0.6132
6 0.5167 0.4839 0.5635 0.4839 0.5635 0.5497 0.5167 0.5497
7 0.8131 0.1134 0.8260 0.1134 0.8260 0.1482 0.8131 0.1482
7 0.0922 0.0442 0.0984 0.0442 0.0984 0.0630 0.0922 0.0630
7 0.5336 0.1363 0.5727 0.1363 0.5727 0.2521 0.5336 0.2521
7 0.2762 0.7300 0.2861 0.7300 0.2861 0.7756 0.2762 0.7756
9 0.1362 0.1002 0.4001 0.1002 0.4001 0.1870 0.1362 0.1870
9 0.5433 0.8378 0.7104 0.8378 0.7104 0.9390 0.5433 0.9390
9 0.7516 0.8291 0.7955 0.8291 0.7955 0.9709 0.7516 0.9709
9 0.4171 0.2146 0.4963 0.2146 0.4963 0.4406 0.4171 0.4406
12 0.1299 0.7402 0.1607 0.7402 0.1607 0.9842 0.1299 0.9842
12 0.7102 0.6666 0.8364 0.6666 0.8364 0.6998 0.7102 0.6998
12 0.8336 0.0443 0.8984 0.0443 0.8984 0.0505 0.8336 0.0505
12 0.2060 0.1879 0.3472 0.1879 0.3472 0.2193 0.2060 0.2193
13 0.0007 0.8035 0.0121 0.8035 0.0121 0.8421 0.0007 0.8421
13 0.9187 0.8408 0.9370 0.8408 0.9370 0.8740 0.9187 0.8740
13 0.2099 0.2706 0.2138 0.2706 0.2138 0.2842 0.2099 0.2842
13 0.3494 0.8870 0.3584 0.8870 0.3584 0.9454 0.3494 0.9454
15 0.2605 0.2412 0.2901 0.2412 0.2901 0.3012 0.2605 0.3012
15 0.8853 0.9483 0.9238 0.9483 0.9238 0.9933 0.8853 0.9933
15 0.2868 0.3691 0.3632 0.3691 0.3632 0.4513 0.2868 0.4513
15 0.0654 0.6624 0.0860 0.6624 0.0860 0.7016 0.0654 0.7016
