0 0.1288 0.2828 0.2058 0.2828 0.2058 0.4436 0.1288 0.4436
0 0.5756 0.5932 0.5933 0.5932 0.5933 0.8284 0.5756 0.8284
0 0.2262 0.1272 0.3184 0.1272 0.3184 0.3808 0.2262 0.3808
0 0.3954 0.4718 0.5138 0.4718 0.5138 0.6474 0.3954 0.6474
1 0.8257 0.5203 0.8369 0.5203 0.8369 0.6313 0.8257 0.6313
1 0.9442 0.0903 0.9469 0.0903 0.9469 0.1433 0.9442 0.1433
1 0.3436 0.0659 0.3641 0.0659 0.3641 0.0745 0.3436 0.0745
1 0.5185 0.8231 0.5244 0.8231 0.5244 0.8869 0.5185 0.8869
2 0.2154 0.5490 0.3403 0.5490 0.3403 0.6478 0.2154 0.6478
2 0.0503 0.3743 0.1243 0.3743 0.1243 0.4909 0.0503 0.4909
2 0.3970 0.7223 0.4324 0.7223 0.4324 0.7269 0.3970 0.7269
2 0.8544 0.6316 0.9564 0.6316 0.9564 0.7160 0.8544 0.7160
3 0.8287 0.1499 0.9304 0.1499 0.9304 0.1741 0.8287 0.1741
3 0.2073 0.4926 0.2624 0.4926 0.2624 0.5058 0.2073 0.5058
3 0.3473 0.8148 0.4004 0.8148 0.4004 0.8272 0.3473 0.8272
3 0.3676 0.2150 0.3764 0.2150 0.3764 0.2802 0.3676 0.2802
4 0.7157 0.1563 0.7192 0.1563 0.7192 0.1605 0.7157 0.1605
4 0.7599 0.9583 0.7718 0.9583 0.7718 0.9633 0.7599 0.9633
4 0.3474 0.7128 0.3543 0.7128 0.3543 0.7240 0.3474 0.7240
4 0.7434 0.6551 0.7595 0.6551 0.7595 0.6629 0.7434 0.6629
6 0.6228 0.8418 0.7058 0.8418 0.7058 0.9586 0.6228 0.9586
6 0.0685 0.6911 0.2992 0.6911 0.2992 0.8537 0.0685 0.8537
6 0.8999 0.2815 0.9861 0.2815 0.9861 0.4029 0.8999 0.4029
6 0.5520 0.2239 0.8143 0.2239 0.8143 0.4089 0.5520 0.4089
7 0.4922 0.9086 0.4976 0.9086 0.4976 0.9206 0.4922 0.9206
7 0.0168 0.6406 0.0572 0.6406 0.0572 0.6678 0.0168 0.6678
7 0.4047 0.7359 0.4175 0.7359 0.4175 0.7933 0.4047 0.7933
7 0.3434 0.4994 0.3772 0.4994 0.3772 0.6186 0.3434 0.6186
9 0.3774 0.8780 0.4615 0.8780 0.4615 0.9052 0.3774 0.9052
9 0.8122 0.7235 0.8955 0.7235 0.8955 0.9925 0.8122 0.9925
9 0.7506 0.7634 0.7974 0.7634 0.7974 0.9270 0.7506 0.9270
9 0.4631 0.0036 0.5095 0.0036 0.5095 0.1652 0.4631 0.1652
12 0.3236 0.7375 0.3441 0.7375 0.3441 0.9577 0.3236 0.9577
12 0.6337 0.7034 0.7797 0.7034 0.7797 0.7418 0.6337 0.7418
12 0.9396 0.4131 0.9975 0.4131 0.9975 0.4469 0.9396 0.4469
12 0.3976 0.2348 0.4184 0.2348 0.4184 0.3404 0.3976 0.3404
13 0.5833 0.8663 0.5961 0.8663 0.5961 0.8781 0.5833 0.8781
13 0.3913 0.9223 0.4064 0.9223 0.4064 0.9485 0.3913 0.9485
13 0.8359 0.0270 0.8686 0.0270 0.8686 0.0838 0.8359 0.0838
13 0.1125 0.5486 0.1463 0.5486 0.1463 0.6414 0.1125 0.6414
15 0.9153 0.5582 0.9847 0.5582 0.9847 0.6178 0.9153 0.6178
15 0.8002 0.4204 0.8593 0.4204 0.8593 0.4896 0.8002 0.4896
15 0.4157 0.8143 0.4560 0.8143 0.4560 0.8613 0.4157 0.8613
15 0.5241 0.8904 0.6039 0.8904 0.6039 0.9552 0.5241 0.9552
