0 0.3011 0.8426 0.4297 0.8426 0.4297 0.9914 0.3011 0.9914
0 0.5062 0.7251 0.7355 0.7251 0.7355 0.7817 0.5062 0.7817
0 0.7416 0.7390 0.8681 0.7390 0.8681 0.9946 0.7416 0.9946
0 0.1680 0.0466 0.2803 0.0466 0.2803 0.2814 0.1680 0.2814
1 0.2911 0.3023 0.3003 0.3023 0.3003 0.3325 0.2911 0.3325
1 0.9400 0.6647 0.9469 0.6647 0.9469 0.6901 0.9400 0.6901
1 0.6802 0.5334 0.7001 0.5334 0.7001 0.5442 0.6802 0.5442
1 0.8636 0.0874 0.8741 0.0874 0.8741 0.1998 0.8636 0.1998
2 0.3200 0.3970 0.6463 0.3970 0.6463 0.4766 0.3200 0.4766
2 0.6163 0.8946 0.6234 0.8946 0.6234 0.9102 0.6163 0.9102
2 0.4828 0.1328 0.5706 0.1328 0.5706 0.1840 0.4828 0.1840
2 0.2979 0.6095 0.3509 0.6095 0.3509 0.6649 0.2979 0.6649
3 0.5725 0.4851 0.6364 0.4851 0.6364 0.5069 0.5725 0.5069
3 0.5286 0.2031 0.5357 0.2031 0.5357 0.2537 0.5286 0.2537
3 0.8419 0.1116 0.8529 0.1116 0.8529 0.1936 0.8419 0.1936
3 0.8656 0.3015 0.8861 0.3015 0.8861 0.4541 0.8656 0.4541
4 0.8702 0.0327 0.8738 0.0327 0.8738 0.0713 0.8702 0.0713
4 0.6114 0.3411 0.6644 0.3411 0.6644 0.3589 0.6114 0.3589
4 0.2717 0.7552 0.4140 0.7552 0.4140 0.7688 0.2717 0.7688
4 0.1593 0.5070 0.2104 0.5070 0.2104 0.5178 0.1593 0.5178
6 0.6519 0.7886 0.7341 0.7886 0.7341 0.8274 0.6519 0.8274
6 0.4173 0.5668 0.4899 0.5668 0.4899 0.7712 0.4173 0.7712
6 0.7536 0.4570 0.8147 0.4570 0.8147 0.5146 0.7536 0.5146
6 0.1496 0.6666 0.2035 0.6666 0.2035 0.7174 0.1496 0.7174
7 0.5005 0.5143 0.5452 0.5143 0.5452 0.5333 0.5005 0.5333
7 0.1488 0.3760 0.2218 0.3760 0.2218 0.4180 0.1488 0.4180
7 0.6716 0.8739 0.6844 0.8739 0.6844 0.8809 0.6716 0.8809
7 0.3157 0.0059 0.3349 0.0059 0.3349 0.1189 0.3157 0.1189
9 0.7505 0.2162 0.7729 0.2162 0.7729 0.2946 0.7505 0.2946
9 0.6782 0.3596 0.7107 0.3596 0.7107 0.5200 0.6782 0.5200
9 0.4399 0.3027 0.5458 0.3027 0.5458 0.3669 0.4399 0.3669
9 0.3145 0.4828 0.3443 0.4828 0.3443 0.5868 0.3145 0.5868
12 0.7113 0.2172 0.7378 0.2172 0.7378 0.5260 0.7113 0.5260
12 0.5588 0.5095 0.5738 0.5095 0.5738 0.6285 0.5588 0.6285
12 0.4250 0.1106 0.4412 0.1106 0.4412 0.2246 0.4250 0.2246
12 0.0739 0.2327 0.1033 0.2327 0.1033 0.5733 0.0739 0.5733
13 0.3841 0.2715 0.3976 0.2715 0.3976 0.2805 0.3841 0.2805
13 0.8148 0.2492 0.8504 0.2492 0.8504 0.2712 0.8148 0.2712
13 0.9471 0.6255 0.9575 0.6255 0.9575 0.6341 0.9471 0.6341
13 0.0536 0.2802 0.0707 0.2802 0.0707 0.2946 0.0536 0.2946
15 0.0639 0.7534 0.1655 0.7534 0.1655 0.8586 0.0639 0.8586
15 0.3636 0.1422 0.4092 0.1422 0.4092 0.2298 0.3636 0.2298
15 0.2631 0.5570 0.2840 0.5570 0.2840 0.5958 0.2631 0.5958
15 0.8970 0.3099 0.9681 0.3099 0.9681 0.3845 0.8970 0.3845
