0 0.1259 0.1718 0.2307 0.1718 0.2307 0.4390 0.1259 0.4390
0 0.2899 0.3511 0.4178 0.3511 0.4178 0.8781 0.2899 0.8781
0 0.4360 0.0359 0.6777 0.0359 0.6777 0.2725 0.4360 0.2725
0 0.4827 0.7878 0.8135 0.7878 0.8135 0.9106 0.4827 0.9106
1 0.0220 0.4770 0.0275 0.4770 0.0275 0.5366 0.0220 0.5366
1 0.3440 0.2614 0.3675 0.2614 0.3675 0.2742 0.3440 0.2742
1 0.9353 0.9252 0.9510 0.9252 0.9510 0.9768 0.9353 0.9768
1 0.4800 0.4152 0.5134 0.4152 0.5134 0.4996 0.4800 0.4996
2 0.5100 0.9187 0.5303 0.9187 0.5303 0.9701 0.5100 0.9701
2 0.4320 0.6022 0.7043 0.6022 0.7043 0.6686 0.4320 0.6686
2 0.7436 0.7151 0.7987 0.7151 0.7987 0.7221 0.7436 0.7221
2 0.8559 0.8534 0.9092 0.8534 0.9092 0.9374 0.8559 0.9374
3 0.1525 0.5039 0.2201 0.5039 0.2201 0.5249 0.1525 0.5249
3 0.6597 0.9746 0.6995 0.9746 0.6995 0.9902 0.6597 0.9902
3 0.4110 0.0319 0.4164 0.0319 0.4164 0.0697 0.4110 0.0697
3 0.3022 0.1724 0.4133 0.1724 0.4133 0.1996 0.3022 0.1996
4 0.4844 0.5179 0.5107 0.5179 0.5107 0.5373 0.4844 0.5373
4 0.9207 0.3743 0.9356 0.3743 0.9356 0.3961 0.9207 0.3961
4 0.1188 0.1803 0.1240 0.1803 0.1240 0.2337 0.1188 0.2337
4 0.6605 0.6776 0.6646 0.6776 0.6646 0.6836 0.6605 0.6836
6 0.0108 0.6798 0.0714 0.6798 0.0714 0.8506 0.0108 0.8506
6 0.1336 0.8660 0.2204 0.8660 0.2204 0.9880 0.1336 0.9880
6 0.9514 0.4659 0.9795 0.4659 0.9795 0.4749 0.9514 0.4749
6 0.8693 0.7316 0.9418 0.7316 0.9418 0.8336 0.8693 0.8336
7 0.3017 0.2019 0.3106 0.2019 0.3106 0.2329 0.3017 0.2329
7 0.1496 0.7779 0.2601 0.7779 0.2601 0.8101 0.1496 0.8101
7 0.9022 0.1098 0.9169 0.1098 0.9169 0.1634 0.9022 0.1634
7 0.7443 0.0770 0.7820 0.0770 0.7820 0.1638 0.7443 0.1638
9 0.5711 0.3484 0.7100 0.3484 0.7100 0.3940 0.5711 0.3940
9 0.7474 0.2963 0.8157 0.2963 0.8157 0.5169 0.7474 0.5169
9 0.8134 0.9455 0.9158 0.9455 0.9158 0.9789 0.8134 0.9789
9 0.9414 0.1535 0.9943 0.1535 0.9943 0.3381 0.9414 0.3381
12 0.0245 0.0355 0.0321 0.0355 0.0321 0.2993 0.0245 0.2993
12 0.0774 0.2459 0.0958 0.2459 0.0958 0.3165 0.0774 0.3165
12 0.5245 0.3435 0.5495 0.3435 0.5495 0.4709 0.5245 0.4709
13 0.6742 0.4098 0.6895 0.4098 0.6895 0.4654 0.6742 0.4654
13 0.0107 0.4675 0.0210 0.4675 0.0210 0.4717 0.0107 0.4717
13 0.1734 0.6098 0.2123 0.6098 0.2123 0.6798 0.1734 0.6798
13 0.7194 0.6395 0.7269 0.6395 0.7269 0.6481 0.7194 0.6481
15 0.7748 0.1819 0.8137 0.1819 0.8137 0.2553 0.7748 0.2553
15 0.8759 0.4891 0.9749 0.4891 0.9749 0.6369 0.8759 0.6369
15 0.0351 0.1118 0.0832 0.1118 0.0832 0.1786 0.0351 0.1786
15 0.8842 0.0466 0.9255 0.0466 0.9255 0.0874 0.8842 0.0874
