0 0.8542 0.2543 0.9047 0.2543 0.9047 0.9265 0.8542 0.9265
0 0.6702 0.0212 0.7818 0.0212 0.7818 0.2464 0.6702 0.2464
0 0.5651 0.2983 0.6200 0.2983 0.6200 0.5245 0.5651 0.5245
0 0.3728 0.0159 0.5638 0.0159 0.5638 0.1201 0.3728 0.1201
1 0.3762 0.6508 0.3810 0.6508 0.3810 0.7132 0.3762 0.7132
1 0.5199 0.2991 0.5278 0.2991 0.5278 0.3277 0.5199 0.3277
1 0.1319 0.2959 0.1372 0.2959 0.1372 0.3413 0.1319 0.3413
1 0.2017 0.4763 0.2032 0.4763 0.2032 0.5021 0.2017 0.5021
2 0.2466 0.3116 0.3603 0.3116 0.3603 0.3952 0.2466 0.3952
2 0.7301 0.3882 0.7687 0.3882 0.7687 0.8370 0.7301 0.8370
2 0.6007 0.9586 0.7244 0.9586 0.7244 0.9806 0.6007 0.9806
2 0.0442 0.1702 0.0690 0.1702 0.0690 0.2270 0.0442 0.2270
3 0.1914 0.5974 0.2032 0.5974 0.2032 0.6854 0.1914 0.6854
3 0.4808 0.9336 0.5669 0.9336 0.5669 0.9604 0.4808 0.9604
3 0.1016 0.7239 0.1530 0.7239 0.1530 0.7365 0.1016 0.7365
3 0.4299 0.7503 0.4506 0.7503 0.4506 0.9089 0.4299 0.9089
4 0.1963 0.5327 0.2094 0.5327 0.2094 0.5437 0.1963 0.5437
4 0.0700 0.7187 0.1255 0.7187 0.1255 0.7241 0.0700 0.7241
4 0.1497 0.4562 0.1712 0.4562 0.1712 0.4638 0.1497 0.4638
4 0.5628 0.7590 0.5787 0.7590 0.5787 0.7810 0.5628 0.7810
6 0.2096 0.5950 0.2921 0.5950 0.2921 0.8274 0.2096 0.8274
6 0.6339 0.8584 0.6947 0.8584 0.6947 0.9156 0.6339 0.9156
6 0.9374 0.6918 0.9969 0.6918 0.9969 0.8594 0.9374 0.8594
6 0.6951 0.5683 0.7143 0.5683 0.7143 0.5957 0.6951 0.5957
7 0.4105 0.5942 0.4370 0.5942 0.4370 0.6110 0.4105 0.6110
7 0.9382 0.2723 0.9532 0.2723 0.9532 0.3053 0.9382 0.3053
7 0.6068 0.1596 0.6247 0.1596 0.6247 0.2556 0.6068 0.2556
7 0.5267 0.8892 0.5450 0.8892 0.5450 0.8976 0.5267 0.8976
9 0.3613 0.5439 0.4796 0.5439 0.4796 0.5821 0.3613 0.5821
9 0.8022 0.2950 0.8269 0.2950 0.8269 0.4394 0.8022 0.4394
9 0.1142 0.7539 0.1792 0.7539 0.1792 0.9393 0.1142 0.9393
9 0.1010 0.1808 0.3530 0.1808 0.3530 0.2636 0.1010 0.2636
12 0.6990 0.8379 0.7701 0.8379 0.7701 0.8765 0.6990 0.8765
12 0.0885 0.0567 0.1135 0.0567 0.1135 0.1593 0.0885 0.1593
12 0.9713 0.1179 0.9887 0.1179 0.9887 0.1957 0.9713 0.1957
12 0.3143 0.4039 0.3509 0.4039 0.3509 0.7561 0.3143 0.7561
13 0.4847 0.1516 0.5096 0.1516 0.5096 0.1740 0.4847 0.1740
13 0.3874 0.7075 0.4120 0.7075 0.4120 0.7225 0.3874 0.7225
13 0.6397 0.3359 0.6669 0.3359 0.6669 0.3529 0.6397 0.3529
13 0.8839 0.0786 0.8941 0.0786 0.8941 0.0918 0.8839 0.0918
15 0.5946 0.7571 0.6946 0.7571 0.6946 0.8429 0.5946 0.8429
15 0.4751 0.4623 0.5112 0.4623 0.5112 0.5305 0.4751 0.5305
15 0.0099 0.8099 0.0929 0.8099 0.0929 0.8993 0.0099 0.8993
15 0.6679 0.6466 0.7078 0.6466 0.7078 0.7206 0.6679 0.7206
