0 0.3547 0.2207 0.4738 0.2207 0.4738 0.5485 0.3547 0.5485
0 0.1197 0.4751 0.1638 0.4751 0.1638 0.5105 0.1197 0.5105
0 0.4817 0.5562 0.7934 0.5562 0.7934 0.8614 0.4817 0.8614
0 0.6616 0.0339 0.7230 0.0339 0.7230 0.1385 0.6616 0.1385
1 0.9679 0.3746 0.9770 0.3746 0.9770 0.3770 0.9679 0.3770
1 0.6468 0.0671 0.6580 0.0671 0.6580 0.0717 0.6468 0.0717
1 0.3980 0.6376 0.4129 0.6376 0.4129 0.6696 0.3980 0.6696
1 0.3371 0.2612 0.3435 0.2612 0.3435 0.3444 0.3371 0.3444
2 0.0790 0.5423 0.0870 0.5423 0.0870 0.6373 0.0790 0.6373
2 0.4868 0.1236 0.5512 0.1236 0.5512 0.3316 0.4868 0.3316
2 0.3264 0.8163 0.4636 0.8163 0.4636 0.9077 0.3264 0.9077
2 0.2162 0.0171 0.5321 0.0171 0.5321 0.0941 0.2162 0.0941
3 0.7702 0.2646 0.7840 0.2646 0.7840 0.3678 0.7702 0.3678
3 0.2219 0.2375 0.2436 0.2375 0.2436 0.3221 0.2219 0.3221
3 0.0013 0.8191 0.0907 0.8191 0.0907 0.8465 0.0013 0.8465
3 0.0113 0.3576 0.0819 0.3576 0.0819 0.3748 0.0113 0.3748
4 0.7968 0.2738 0.8072 0.2738 0.8072 0.3046 0.7968 0.3046
4 0.5628 0.2063 0.5689 0.2063 0.5689 0.2737 0.5628 0.2737
4 0.8339 0.2299 0.8378 0.2299 0.8378 0.2349 0.8339 0.2349
4 0.6837 0.9384 0.7326 0.9384 0.7326 0.9452 0.6837 0.9452
6 0.0037 0.0384 0.0515 0.0384 0.0515 0.1056 0.0037 0.1056
6 0.5794 0.4751 0.6237 0.4751 0.6237 0.5169 0.5794 0.5169
6 0.1068 0.1755 0.1854 0.1755 0.1854 0.3969 0.1068 0.3969
7 0.6382 0.2271 0.6873 0.2271 0.6873 0.5161 0.6382 0.5161
7 0.0291 0.5142 0.0394 0.5142 0.0394 0.5526 0.0291 0.5526
7 0.9246 0.6683 0.9617 0.6683 0.9617 0.6897 0.9246 0.6897
7 0.3262 0.3647 0.3384 0.3647 0.3384 0.4649 0.3262 0.4649
9 0.8285 0.5698 0.8729 0.5698 0.8729 0.7246 0.8285 0.7246
9 0.9417 0.2524 0.9955 0.2524 0.9955 0.3036 0.9417 0.3036
9 0.0291 0.8872 0.2141 0.8872 0.2141 0.9480 0.0291 0.9480
9 0.1819 0.5231 0.2464 0.5231 0.2464 0.8557 0.1819 0.8557
12 0.6209 0.3254 0.6346 0.3254 0.6346 0.4218 0.6209 0.4218
12 0.0604 0.1823 0.0818 0.1823 0.0818 0.3325 0.0604 0.3325
12 0.6785 0.1607 0.9666 0.1607 0.9666 0.2109 0.6785 0.2109
12 0.1533 0.4283 0.2941 0.4283 0.2941 0.4653 0.1533 0.4653
13 0.3288 0.6619 0.3514 0.6619 0.3514 0.6849 0.3288 0.6849
13 0.6030 0.0966 0.6104 0.0966 0.6104 0.1234 0.6030 0.1234
13 0.8911 0.4619 0.9049 0.4619 0.9049 0.4829 0.8911 0.4829
13 0.1342 0.0224 0.1441 0.0224 0.1441 0.0404 0.1342 0.0404
15 0.9065 0.8275 0.9512 0.8275 0.9512 0.8645 0.9065 0.8645
15 0.7782 0.4183 0.8812 0.4183 0.8812 0.5377 0.7782 0.5377
15 0.9199 0.7000 0.9861 0.7000 0.9861 0.7772 0.9199 0.7772
15 0.7362 0.8655 0.8175 0.8655 0.8175 0.9345 0.7362 0.9345
