0 0.1410 0.1751 0.2053 0.1751 0.2053 0.2265 0.1410 0.2265
0 0.5745 0.1272 0.6703 0.1272 0.6703 0.2284 0.5745 0.2284
0 0.0977 0.5431 0.2420 0.5431 0.2420 0.9113 0.0977 0.9113
0 0.6793 0.0108 0.9187 0.0108 0.9187 0.4292 0.6793 0.4292
1 0.2888 0.0083 0.3038 0.0083 0.3038 0.0121 0.2888 0.0121
1 0.8437 0.5032 0.8589 0.5032 0.8589 0.5360 0.8437 0.5360
1 0.4391 0.7479 0.4674 0.7479 0.4674 0.7633 0.4391 0.7633
1 0.2280 0.4315 0.2354 0.4315 0.2354 0.4465 0.2280 0.4465
2 0.4139 0.0783 0.5507 0.0783 0.5507 0.7357 0.4139 0.7357
2 0.6528 0.7087 0.7558 0.7087 0.7558 0.7833 0.6528 0.7833
2 0.0688 0.7999 0.0869 0.7999 0.0869 0.8345 0.0688 0.8345
2 0.8251 0.5531 0.8652 0.5531 0.8652 0.5665 0.8251 0.5665
3 0.3048 0.4906 0.3232 0.4906 0.3232 0.5626 0.3048 0.5626
3 0.5588 0.2118 0.5686 0.2118 0.5686 0.2846 0.5588 0.2846
3 0.0142 0.9455 0.1124 0.9455 0.1124 0.9761 0.0142 0.9761
3 0.0620 0.2775 0.0734 0.2775 0.0734 0.3589 0.0620 0.3589
4 0.4670 0.9115 0.4959 0.9115 0.4959 0.9189 0.4670 0.9189
4 0.2091 0.4959 0.2269 0.4959 0.2269 0.5361 0.2091 0.5361
4 0.8093 0.6675 0.8993 0.6675 0.8993 0.6969 0.8093 0.6969
4 0.3116 0.9766 0.3244 0.9766 0.3244 0.9862 0.3116 0.9862
6 0.6874 0.5286 0.7877 0.5286 0.7877 0.5994 0.6874 0.5994
6 0.3002 0.6500 0.3961 0.6500 0.3961 0.9200 0.3002 0.9200
6 0.0840 0.2348 0.3586 0.2348 0.3586 0.4284 0.0840 0.4284
6 0.6606 0.7982 0.9243 0.7982 0.9243 0.9842 0.6606 0.9842
7 0.3142 0.0436 0.3395 0.0436 0.3395 0.1704 0.3142 0.1704
7 0.5825 0.6671 0.5886 0.6671 0.5886 0.6873 0.5825 0.6873
7 0.2376 0.1363 0.2552 0.1363 0.2552 0.2293 0.2376 0.2293
7 0.1799 0.1195 0.1933 0.1195 0.1933 0.1705 0.1799 0.1705
9 0.5011 0.0368 0.6104 0.0368 0.6104 0.0724 0.5011 0.0724
9 0.5999 0.6043 0.6432 0.6043 0.6432 0.8153 0.5999 0.8153
9 0.5507 0.4439 0.6753 0.4439 0.6753 0.4841 0.5507 0.4841
12 0.0557 0.5523 0.0823 0.5523 0.0823 0.6713 0.0557 0.6713
12 0.9619 0.7291 0.9790 0.7291 0.9790 0.8161 0.9619 0.8161
12 0.0139 0.3890 0.0624 0.3890 0.0624 0.4154 0.0139 0.4154
12 0.1667 0.9206 0.4053 0.9206 0.4053 0.9622 0.1667 0.9622
13 0.0319 0.0815 0.0418 0.0815 0.0418 0.1177 0.0319 0.1177
13 0.0599 0.9302 0.0718 0.9302 0.0718 0.9414 0.0599 0.9414
13 0.9153 0.5511 0.9624 0.5511 0.9624 0.6357 0.9153 0.6357
13 0.6153 0.3783 0.6235 0.3783 0.6235 0.3889 0.6153 0.3889
15 0.1033 0.0299 0.1681 0.0299 0.1681 0.1257 0.1033 0.1257
15 0.7636 0.6983 0.8472 0.6983 0.8472 0.7861 0.7636 0.7861
15 0.5165 0.8455 0.5998 0.8455 0.5998 0.9681 0.5165 0.9681
15 0.3853 0.0039 0.4449 0.0039 0.4449 0.0545 0.3853 0.0545
