0 0.0322 0.1946 0.1552 0.1946 0.1552 0.4042 0.0322 0.4042
0 0.5113 0.3319 0.7901 0.3319 0.7901 0.4353 0.5113 0.4353
0 0.3839 0.5543 0.4678 0.5543 0.4678 0.8529 0.3839 0.8529
0 0.1491 0.5118 0.2400 0.5118 0.2400 0.8150 0.1491 0.8150
1 0.8176 0.0951 0.8218 0.0951 0.8218 0.1289 0.8176 0.1289
1 0.6399 0.5658 0.6844 0.5658 0.6844 0.6782 0.6399 0.6782
1 0.5053 0.5668 0.5327 0.5668 0.5327 0.5720 0.5053 0.5720
1 0.1200 0.8910 0.1266 0.8910 0.1266 0.9762 0.1200 0.9762
2 0.2722 0.2100 0.3712 0.2100 0.3712 0.3932 0.2722 0.3932
2 0.8279 0.8111 0.8478 0.8111 0.8478 0.8613 0.8279 0.8613
2 0.5417 0.6388 0.5823 0.6388 0.5823 0.7504 0.5417 0.7504
2 0.7982 0.7072 0.9118 0.7072 0.9118 0.7272 0.7982 0.7272
3 0.8151 0.1467 0.9186 0.1467 0.9186 0.1713 0.8151 0.1713
3 0.9530 0.8339 0.9707 0.8339 0.9707 0.9657 0.9530 0.9657
3 0.3719 0.0244 0.3826 0.0244 0.3826 0.1040 0.3719 0.1040
3 0.3577 0.7899 0.3715 0.7899 0.3715 0.8873 0.3577 0.8873
4 0.3171 0.0243 0.3257 0.0243 0.3257 0.0473 0.3171 0.0473
4 0.6513 0.1828 0.6632 0.1828 0.6632 0.2608 0.6513 0.2608
4 0.5493 0.2659 0.5952 0.2659 0.5952 0.2781 0.5493 0.2781
4 0.7854 0.7886 0.7903 0.7886 0.7903 0.8078 0.7854 0.8078
6 0.7057 0.1282 0.7192 0.1282 0.7192 0.1474 0.7057 0.1474
6 0.1516 0.0280 0.1852 0.0280 0.1852 0.0388 0.1516 0.0388
6 0.5656 0.5815 0.6075 0.5815 0.6075 0.6013 0.5656 0.6013
6 0.7079 0.5831 0.8692 0.5831 0.8692 0.6969 0.7079 0.6969
7 0.8542 0.2924 0.8646 0.2924 0.8646 0.2976 0.8542 0.2976
7 0.3822 0.1116 0.4001 0.1116 0.4001 0.1732 0.3822 0.1732
7 0.5208 0.0636 0.5292 0.0636 0.5292 0.1024 0.5208 0.1024
7 0.2562 0.5843 0.3060 0.5843 0.3060 0.7197 0.2562 0.7197
9 0.2096 0.8815 0.2444 0.8815 0.2444 0.9961 0.2096 0.9961
9 0.8817 0.0603 0.9615 0.0603 0.9615 0.0865 0.8817 0.0865
9 0.8743 0.2928 0.9257 0.2928 0.9257 0.4396 0.8743 0.4396
9 0.4656 0.1283 0.5929 0.1283 0.5929 0.1701 0.4656 0.1701
12 0.4183 0.0535 0.4646 0.0535 0.4646 0.4993 0.4183 0.4993
12 0.7885 0.2790 0.8492 0.2790 0.8492 0.2950 0.7885 0.2950
12 0.9256 0.3823 0.9721 0.3823 0.9721 0.8313 0.9256 0.8313
12 0.5125 0.7723 0.7073 0.7723 0.7073 0.8061 0.5125 0.8061
13 0.7939 0.1583 0.8041 0.1583 0.8041 0.1701 0.7939 0.1701
13 0.3370 0.5515 0.3667 0.5515 0.3667 0.6273 0.3370 0.6273
13 0.8871 0.5391 0.9121 0.5391 0.9121 0.6033 0.8871 0.6033
13 0.9230 0.8632 0.9364 0.8632 0.9364 0.8744 0.9230 0.8744
15 0.1348 0.0526 0.1801 0.0526 0.1801 0.1070 0.1348 0.1070
15 0.2028 0.2343 0.2535 0.2343 0.2535 0.2949 0.2028 0.2949
15 0.0302 0.7323 0.0838 0.7323 0.0838 0.7777 0.0302 0.7777
15 0.0370 0.0374 0.1218 0.0374 0.1218 0.1362 0.0370 0.1362
