0 0.6774 0.4623 0.8306 0.4623 0.8306 0.8841 0.6774 0.8841
0 0.2097 0.7838 0.2952 0.7838 0.2952 0.9626 0.2097 0.9626
0 0.4059 0.4595 0.5476 0.4595 0.5476 0.5121 0.4059 0.5121
0 0.3259 0.1050 0.4038 0.1050 0.4038 0.3194 0.3259 0.3194
1 0.9220 0.0855 0.9237 0.0855 0.9237 0.1169 0.9220 0.1169
1 0.4174 0.0522 0.4344 0.0522 0.4344 0.0614 0.4174 0.0614
1 0.5557 0.4244 0.5663 0.4244 0.5663 0.5388 0.5557 0.5388
1 0.8311 0.2334 0.8480 0.2334 0.8480 0.2674 0.8311 0.2674
2 0.6071 0.8044 0.6561 0.8044 0.6561 0.8336 0.6071 0.8336
2 0.6159 0.4498 0.6355 0.4498 0.6355 0.5342 0.6159 0.5342
2 0.3423 0.7956 0.3937 0.7956 0.3937 0.8276 0.3423 0.8276
2 0.0930 0.4251 0.1395 0.4251 0.1395 0.5401 0.0930 0.5401
3 0.5559 0.2039 0.6264 0.2039 0.6264 0.2225 0.5559 0.2225
3 0.5902 0.9451 0.7018 0.9451 0.7018 0.9717 0.5902 0.9717
3 0.1770 0.1747 0.2296 0.1747 0.2296 0.1873 0.1770 0.1873
3 0.0806 0.1334 0.0900 0.1334 0.0900 0.2006 0.0806 0.2006
4 0.2325 0.0519 0.2447 0.0519 0.2447 0.1317 0.2325 0.1317
4 0.6986 0.1035 0.7089 0.1035 0.7089 0.1365 0.6986 0.1365
4 0.1342 0.9191 0.1912 0.9191 0.1912 0.9369 0.1342 0.9369
4 0.6505 0.7311 0.6712 0.7311 0.6712 0.7461 0.6505 0.7461
6 0.9205 0.8064 0.9838 0.8064 0.9838 0.8660 0.9205 0.8660
6 0.0099 0.8136 0.0593 0.8136 0.0593 0.8296 0.0099 0.8296
6 0.5508 0.1624 0.5929 0.1624 0.5929 0.2020 0.5508 0.2020
6 0.1974 0.6619 0.2563 0.6619 0.2563 0.6897 0.1974 0.6897
7 0.4853 0.0878 0.4978 0.0878 0.4978 0.1154 0.4853 0.1154
7 0.8371 0.5595 0.9226 0.5595 0.9226 0.7113 0.8371 0.7113
7 0.0896 0.7484 0.1047 0.7484 0.1047 0.8008 0.0896 0.8008
7 0.4937 0.8535 0.5006 0.8535 0.5006 0.8909 0.4937 0.8909
9 0.6291 0.2695 0.8858 0.2695 0.8858 0.4249 0.6291 0.4249
9 0.5250 0.8647 0.5478 0.8647 0.5478 0.9441 0.5250 0.9441
9 0.1594 0.7092 0.1892 0.7092 0.1892 0.8564 0.1594 0.8564
9 0.2870 0.4663 0.3607 0.4663 0.3607 0.7093 0.2870 0.7093
12 0.5868 0.5591 0.5900 0.5591 0.5900 0.6777 0.5868 0.6777
12 0.2282 0.2330 0.2558 0.2330 0.2558 0.3394 0.2282 0.3394
12 0.9076 0.2094 0.9139 0.2094 0.9139 0.4426 0.9076 0.4426
12 0.1334 0.2000 0.1803 0.2000 0.1803 0.2208 0.1334 0.2208
13 0.6039 0.6488 0.6435 0.6488 0.6435 0.6708 0.6039 0.6708
13 0.4345 0.8295 0.4795 0.8295 0.4795 0.8569 0.4345 0.8569
13 0.5730 0.3648 0.5836 0.3648 0.5836 0.3840 0.5730 0.3840
13 0.4802 0.5702 0.5030 0.5702 0.5030 0.5918 0.4802 0.5918
15 0.1331 0.5459 0.1735 0.5459 0.1735 0.6277 0.1331 0.6277
15 0.1571 0.1011 0.1963 0.1011 0.1963 0.1557 0.1571 0.1557
15 0.3748 0.6582 0.4449 0.6582 0.4449 0.7614 0.3748 0.7614
15 0.2323 0.4779 0.2757 0.4779 0.2757 0.5613 0.2323 0.5613
