0 0.7222 0.4406 0.8380 0.4406 0.8380 0.6746 0.7222 0.6746
0 0.8808 0.3011 0.9018 0.3011 0.9018 0.5805 0.8808 0.5805
0 0.7517 0.2140 0.8472 0.2140 0.8472 0.4068 0.7517 0.4068
0 0.2222 0.0355 0.4163 0.0355 0.4163 0.6825 0.2222 0.6825
1 0.7066 0.7047 0.7194 0.7047 0.7194 0.7081 0.7066 0.7081
1 0.7350 0.7388 0.7490 0.7388 0.7490 0.7688 0.7350 0.7688
1 0.8750 0.6743 0.8835 0.6743 0.8835 0.7653 0.8750 0.7653
1 0.0419 0.4212 0.0478 0.4212 0.0478 0.4796 0.0419 0.4796
2 0.4464 0.5900 0.5030 0.5900 0.5030 0.6600 0.4464 0.6600
2 0.5565 0.7998 0.5700 0.7998 0.5700 0.8266 0.5565 0.8266
2 0.9196 0.4939 0.9447 0.4939 0.9447 0.6001 0.9196 0.6001
2 0.1236 0.4583 0.1441 0.4583 0.1441 0.5453 0.1236 0.5453
3 0.0579 0.1747 0.1329 0.1747 0.1329 0.2009 0.0579 0.2009
3 0.6097 0.6959 0.6797 0.6959 0.6797 0.7197 0.6097 0.7197
3 0.1077 0.6951 0.1146 0.6951 0.1146 0.8073 0.1077 0.8073
3 0.1536 0.4907 0.1653 0.4907 0.1653 0.5737 0.1536 0.5737
4 0.4434 0.8712 0.4689 0.8712 0.4689 0.8776 0.4434 0.8776
4 0.5491 0.0480 0.5715 0.0480 0.5715 0.0976 0.5491 0.0976
4 0.9654 0.1731 0.9763 0.1731 0.9763 0.1889 0.9654 0.1889
4 0.4679 0.5087 0.4823 0.5087 0.4823 0.5209 0.4679 0.5209
6 0.1748 0.8331 0.2635 0.8331 0.2635 0.8749 0.1748 0.8749
6 0.6730 0.1386 0.7078 0.1386 0.7078 0.2366 0.6730 0.2366
6 0.8925 0.1007 0.9263 0.1007 0.9263 0.1325 0.8925 0.1325
6 0.0848 0.2031 0.1866 0.2031 0.1866 0.2749 0.0848 0.2749
7 0.1913 0.6146 0.2158 0.6146 0.2158 0.7098 0.1913 0.7098
7 0.1856 0.3838 0.2073 0.3838 0.2073 0.4858 0.1856 0.4858
7 0.5951 0.1127 0.6135 0.1127 0.6135 0.1277 0.5951 0.1277
7 0.0850 0.4495 0.0981 0.4495 0.0981 0.4985 0.0850 0.4985
9 0.5350 0.4006 0.6350 0.4006 0.6350 0.4394 0.5350 0.4394
9 0.4510 0.0639 0.5147 0.0639 0.5147 0.3921 0.4510 0.3921
9 0.9079 0.1920 0.9410 0.1920 0.9410 0.3552 0.9079 0.3552
9 0.5920 0.2647 0.7403 0.2647 0.7403 0.3497 0.5920 0.3497
12 0.5665 0.2158 0.5898 0.2158 0.5898 0.2378 0.5665 0.2378
12 0.5125 0.5263 0.5172 0.5263 0.5172 0.6993 0.5125 0.6993
12 0.0742 0.8324 0.0978 0.8324 0.0978 0.9984 0.0742 0.9984
12 0.5425 0.4499 0.5670 0.4499 0.5670 0.6221 0.5425 0.6221
13 0.5319 0.6279 0.5401 0.6279 0.5401 0.6573 0.5319 0.6573
13 0.9094 0.7183 0.9286 0.7183 0.9286 0.7333 0.9094 0.7333
13 0.1045 0.8503 0.1215 0.8503 0.1215 0.8617 0.1045 0.8617
13 0.9374 0.3875 0.9503 0.3875 0.9503 0.3993 0.9374 0.3993
15 0.8588 0.7812 0.9515 0.7812 0.9515 0.9384 0.8588 0.9384
15 0.2679 0.8307 0.3566 0.8307 0.3566 0.9509 0.2679 0.9509
15 0.1431 0.3643 0.1775 0.3643 0.1775 0.4341 0.1431 0.4341
15 0.6713 0.0128 0.8204 0.0128 0.8204 0.1360 0.6713 0.1360
