0 0.7776 0.0334 0.8790 0.0334 0.8790 0.4166 0.7776 0.4166
0 0.3971 0.5704 0.4415 0.5704 0.4415 0.6060 0.3971 0.6060
0 0.5714 0.3123 0.6332 0.3123 0.6332 0.5321 0.5714 0.5321
0 0.4645 0.8978 0.5401 0.8978 0.5401 0.9854 0.4645 0.9854
1 0.2523 0.6867 0.2780 0.6867 0.2780 0.6917 0.2523 0.6917
1 0.2665 0.5319 0.2710 0.5319 0.2710 0.5481 0.2665 0.5481
1 0.6571 0.4794 0.6781 0.4794 0.6781 0.5326 0.6571 0.5326
1 0.7373 0.6728 0.7415 0.6728 0.7415 0.7068 0.7373 0.7068
2 0.9319 0.7558 0.9887 0.7558 0.9887 0.9118 0.9319 0.9118
2 0.7297 0.3680 0.8043 0.3680 0.8043 0.4116 0.7297 0.4116
2 0.5739 0.4419 0.6196 0.4419 0.6196 0.4769 0.5739 0.4769
2 0.8488 0.4318 0.9272 0.4318 0.9272 0.5458 0.8488 0.5458
3 0.3436 0.9459 0.3495 0.9459 0.3495 0.9873 0.3436 0.9873
3 0.4939 0.7220 0.5066 0.7220 0.5066 0.8124 0.4939 0.8124
3 0.4265 0.1230 0.4460 0.1230 0.4460 0.1990 0.4265 0.1990
3 0.1328 0.4735 0.1887 0.4735 0.1887 0.4925 0.1328 0.4925
4 0.5702 0.8247 0.5843 0.8247 0.5843 0.9413 0.5702 0.9413
4 0.5916 0.8803 0.6064 0.8803 0.6064 0.8909 0.5916 0.8909
4 0.5339 0.6820 0.5384 0.6820 0.5384 0.6880 0.5339 0.6880
4 0.7896 0.2543 0.8021 0.2543 0.8021 0.2877 0.7896 0.2877
6 0.2703 0.1687 0.3040 0.1687 0.3040 0.2005 0.2703 0.2005
6 0.5922 0.2612 0.6910 0.2612 0.6910 0.3308 0.5922 0.3308
6 0.3811 0.5271 0.4055 0.5271 0.4055 0.5617 0.3811 0.5617
6 0.1813 0.0567 0.2007 0.0567 0.2007 0.0629 0.1813 0.0629
7 0.9434 0.2886 0.9592 0.2886 0.9592 0.2966 0.9434 0.2966
7 0.0548 0.3343 0.0706 0.3343 0.0706 0.3925 0.0548 0.3925
7 0.6303 0.5047 0.6423 0.5047 0.6423 0.6045 0.6303 0.6045
7 0.9214 0.2422 0.9455 0.2422 0.9455 0.3554 0.9214 0.3554
9 0.1437 0.6983 0.2315 0.6983 0.2315 0.9485 0.1437 0.9485
9 0.3619 0.4852 0.4175 0.4852 0.4175 0.7716 0.3619 0.7716
9 0.1616 0.5215 0.2504 0.5215 0.2504 0.8081 0.1616 0.8081
9 0.5371 0.5854 0.5615 0.5854 0.5615 0.6706 0.5371 0.6706
12 0.3651 0.7019 0.3766 0.7019 0.3766 0.7833 0.3651 0.7833
12 0.3739 0.4888 0.4158 0.4888 0.4158 0.5132 0.3739 0.5132
12 0.2903 0.2711 0.3200 0.2711 0.3200 0.4041 0.2903 0.4041
12 0.6928 0.0875 0.7063 0.0875 0.7063 0.1393 0.6928 0.1393
13 0.8168 0.0303 0.8306 0.0303 0.8306 0.0433 0.8168 0.0433
13 0.5919 0.6819 0.5967 0.6819 0.5967 0.6997 0.5919 0.6997
13 0.1997 0.3278 0.2012 0.3278 0.2012 0.4118 0.1997 0.4118
13 0.5879 0.4598 0.5906 0.4598 0.5906 0.5466 0.5879 0.5466
15 0.7854 0.3811 0.8880 0.3811 0.8880 0.4645 0.7854 0.4645
15 0.4856 0.3038 0.5190 0.3038 0.5190 0.3518 0.4856 0.3518
15 0.8051 0.5779 0.8543 0.5779 0.8543 0.6613 0.8051 0.6613
15 0.7823 0.3591 0.9583 0.3591 0.9583 0.5045 0.7823 0.5045
