0 0.5579 0.4431 0.7096 0.4431 0.7096 0.5257 0.5579 0.5257
0 0.7554 0.6275 0.9629 0.6275 0.9629 0.8305 0.7554 0.8305
0 0.0797 0.0110 0.1660 0.0110 0.1660 0.6794 0.0797 0.6794
0 0.8233 0.1126 0.9850 0.1126 0.9850 0.3882 0.8233 0.3882
1 0.0194 0.2878 0.0389 0.2878 0.0389 0.3298 0.0194 0.3298
1 0.7516 0.6251 0.7576 0.6251 0.7576 0.7025 0.7516 0.7025
1 0.3431 0.6196 0.3472 0.6196 0.3472 0.6548 0.3431 0.6548
1 0.6650 0.8563 0.6695 0.8563 0.6695 0.8729 0.6650 0.8729
2 0.3507 0.3142 0.3764 0.3142 0.3764 0.3426 0.3507 0.3426
2 0.7993 0.3570 0.8878 0.3570 0.8878 0.4034 0.7993 0.4034
2 0.8285 0.4895 0.8801 0.4895 0.8801 0.5273 0.8285 0.5273
2 0.6237 0.1844 0.6552 0.1844 0.6552 0.1960 0.6237 0.1960
3 0.3999 0.4754 0.5375 0.4754 0.5375 0.5082 0.3999 0.5082
3 0.7745 0.7984 0.8732 0.7984 0.8732 0.8216 0.7745 0.8216
3 0.5631 0.1640 0.5723 0.1640 0.5723 0.2288 0.5631 0.2288
3 0.5016 0.2992 0.5927 0.2992 0.5927 0.3276 0.5016 0.3276
4 0.8839 0.1731 0.9132 0.1731 0.9132 0.1805 0.8839 0.1805
4 0.8476 0.3315 0.8632 0.3315 0.8632 0.3397 0.8476 0.3397
4 0.1228 0.1630 0.1283 0.1630 0.1283 0.1806 0.1228 0.1806
4 0.4247 0.7884 0.4456 0.7884 0.4456 0.8056 0.4247 0.8056
6 0.8034 0.3339 0.8494 0.3339 0.8494 0.3773 0.8034 0.3773
6 0.4619 0.7328 0.4929 0.7328 0.4929 0.7764 0.4619 0.7764
6 0.3283 0.8151 0.3686 0.8151 0.3686 0.8717 0.3283 0.8717
6 0.2166 0.8855 0.2392 0.8855 0.2392 0.8929 0.2166 0.8929
7 0.5659 0.1614 0.6001 0.1614 0.6001 0.2686 0.5659 0.2686
7 0.7151 0.4136 0.7698 0.4136 0.7698 0.5896 0.7151 0.5896
7 0.3922 0.8086 0.4170 0.8086 0.4170 0.8842 0.3922 0.8842
7 0.7131 0.6316 0.7252 0.6316 0.7252 0.6964 0.7131 0.6964
9 0.8087 0.7679 0.9167 0.7679 0.9167 0.8297 0.8087 0.8297
9 0.0313 0.4663 0.1881 0.4663 0.1881 0.5613 0.0313 0.5613
9 0.5851 0.5870 0.6120 0.5870 0.6120 0.7258 0.5851 0.7258
9 0.6067 0.6390 0.6519 0.6390 0.6519 0.8654 0.6067 0.8654
12 0.8424 0.7122 0.8550 0.7122 0.8550 0.7762 0.8424 0.7762
12 0.9722 0.1639 0.9964 0.1639 0.9964 0.4469 0.9722 0.4469
12 0.4248 0.5962 0.5063 0.5962 0.5063 0.6042 0.4248 0.6042
12 0.3019 0.3614 0.3087 0.3614 0.3087 0.6154 0.3019 0.6154
13 0.2467 0.3071 0.2724 0.3071 0.2724 0.3729 0.2467 0.3729
13 0.8067 0.3839 0.8247 0.3839 0.8247 0.4109 0.8067 0.4109
13 0.9491 0.5739 0.9618 0.5739 0.9618 0.5933 0.9491 0.5933
13 0.9247 0.3728 0.9370 0.3728 0.9370 0.3844 0.9247 0.3844
15 0.1545 0.2903 0.2427 0.2903 0.2427 0.3889 0.1545 0.3889
15 0.4596 0.8119 0.5241 0.8119 0.5241 0.9073 0.4596 0.9073
15 0.6642 0.6051 0.7235 0.6051 0.7235 0.6925 0.6642 0.6925
15 0.8159 0.6636 0.8818 0.6636 0.8818 0.7196 0.8159 0.7196
