0 0.0416 0.0079 0.3287 0.0079 0.3287 0.1145 0.0416 0.1145
0 0.7699 0.1312 0.9083 0.1312 0.9083 0.3364 0.7699 0.3364
0 0.8993 0.0750 0.9835 0.0750 0.9835 0.7274 0.8993 0.7274
0 0.0282 0.1327 0.1512 0.1327 0.1512 0.5425 0.0282 0.5425
1 0.5685 0.1168 0.5780 0.1168 0.5780 0.2192 0.5685 0.2192
1 0.8271 0.2572 0.8340 0.2572 0.8340 0.2800 0.8271 0.2800
1 0.6516 0.1135 0.6778 0.1135 0.6778 0.1245 0.6516 0.1245
1 0.8263 0.5380 0.8474 0.5380 0.8474 0.5420 0.8263 0.5420
2 0.6839 0.4786 0.6964 0.4786 0.6964 0.5058 0.6839 0.5058
2 0.5805 0.2916 0.6406 0.2916 0.6406 0.3524 0.5805 0.3524
2 0.4774 0.6594 0.5023 0.6594 0.5023 0.7106 0.4774 0.7106
2 0.5225 0.8068 0.5990 0.8068 0.5990 0.8868 0.5225 0.8868
3 0.1490 0.7139 0.2184 0.7139 0.2184 0.7305 0.1490 0.7305
3 0.6502 0.4506 0.6633 0.4506 0.6633 0.5438 0.6502 0.5438
3 0.5699 0.9254 0.5798 0.9254 0.5798 0.9958 0.5699 0.9958
3 0.1042 0.4328 0.1121 0.4328 0.1121 0.4888 0.1042 0.4888
4 0.7156 0.3834 0.7410 0.3834 0.7410 0.4010 0.7156 0.4010
4 0.5579 0.6471 0.5656 0.6471 0.5656 0.6809 0.5579 0.6809
4 0.2056 0.0075 0.2270 0.0075 0.2270 0.0129 0.2056 0.0129
4 0.2904 0.1903 0.3270 0.1903 0.3270 0.2101 0.2904 0.2101
6 0.4819 0.8276 0.4949 0.8276 0.4949 0.8460 0.4819 0.8460
6 0.4462 0.2926 0.4941 0.2926 0.4941 0.3082 0.4462 0.3082
6 0.7984 0.1106 0.8598 0.1106 0.8598 0.1970 0.7984 0.1970
6 0.3102 0.0088 0.3830 0.0088 0.3830 0.1112 0.3102 0.1112
7 0.6059 0.6455 0.6438 0.6455 0.6438 0.7329 0.6059 0.7329
7 0.9662 0.3358 0.9818 0.3358 0.9818 0.4314 0.9662 0.4314
7 0.8539 0.0775 0.8847 0.0775 0.8847 0.2677 0.8539 0.2677
7 0.6223 0.2151 0.6674 0.2151 0.6674 0.2521 0.6223 0.2521
9 0.8211 0.8168 0.8943 0.8168 0.8943 0.8864 0.8211 0.8864
9 0.1354 0.0355 0.2269 0.0355 0.2269 0.3373 0.1354 0.3373
9 0.3702 0.5274 0.4055 0.5274 0.4055 0.6438 0.3702 0.6438
9 0.5437 0.7320 0.6157 0.7320 0.6157 0.9644 0.5437 0.9644
12 0.6868 0.3056 0.8595 0.3056 0.8595 0.3356 0.6868 0.3356
12 0.8993 0.0791 0.9427 0.0791 0.9427 0.1169 0.8993 0.1169
12 0.3651 0.5536 0.4618 0.5536 0.4618 0.5904 0.3651 0.5904
12 0.0085 0.6256 0.0415 0.6256 0.0415 0.7608 0.0085 0.7608
13 0.0908 0.1495 0.2001 0.1495 0.2001 0.1785 0.0908 0.1785
13 0.2668 0.8891 0.3369 0.8891 0.3369 0.8953 0.2668 0.8953
13 0.0302 0.0380 0.0398 0.0380 0.0398 0.1040 0.0302 0.1040
13 0.9199 0.7395 0.9315 0.7395 0.9315 0.7505 0.9199 0.7505
15 0.5579 0.3047 0.6621 0.3047 0.6621 0.3909 0.5579 0.3909
15 0.5030 0.7676 0.5338 0.7676 0.5338 0.8124 0.5030 0.8124
15 0.3474 0.3590 0.3818 0.3590 0.3818 0.4002 0.3474 0.4002
15 0.1987 0.5339 0.2456 0.5339 0.2456 0.5989 0.1987 0.5989
