0 0.6185 0.8832 0.6829 0.8832 0.6829 0.9512 0.6185 0.9512
0 0.3894 0.4395 0.5300 0.4395 0.5300 0.9081 0.3894 0.9081
0 0.2754 0.0515 0.4840 0.0515 0.4840 0.7469 0.2754 0.7469
0 0.6379 0.2771 0.8370 0.2771 0.8370 0.6253 0.6379 0.6253
1 0.1905 0.7035 0.1933 0.7035 0.1933 0.7261 0.1905 0.7261
1 0.6428 0.2460 0.6555 0.2460 0.6555 0.2732 0.6428 0.2732
1 0.7016 0.5986 0.7052 0.5986 0.7052 0.6302 0.7016 0.6302
1 0.0780 0.1751 0.0843 0.1751 0.0843 0.1985 0.0780 0.1985
2 0.7897 0.7667 0.8240 0.7667 0.8240 0.7929 0.7897 0.7929
2 0.8656 0.2222 0.9001 0.2222 0.9001 0.3702 0.8656 0.3702
2 0.5391 0.2491 0.6409 0.2491 0.6409 0.3309 0.5391 0.3309
2 0.5002 0.1364 0.5658 0.1364 0.5658 0.3168 0.5002 0.3168
3 0.3311 0.0019 0.3698 0.0019 0.3698 0.0137 0.3311 0.0137
3 0.0357 0.4126 0.0420 0.4126 0.0420 0.5162 0.0357 0.5162
3 0.2565 0.8487 0.2817 0.8487 0.2817 0.9469 0.2565 0.9469
3 0.7250 0.2116 0.8561 0.2116 0.8561 0.2424 0.7250 0.2424
4 0.9084 0.3676 0.9218 0.3676 0.9218 0.3740 0.9084 0.3740
4 0.8827 0.7768 0.8867 0.7768 0.8867 0.8016 0.8827 0.8016
4 0.4471 0.3515 0.4529 0.3515 0.4529 0.4121 0.4471 0.4121
4 0.2987 0.8079 0.3238 0.8079 0.3238 0.8261 0.2987 0.8261
6 0.8742 0.0683 0.9155 0.0683 0.9155 0.1265 0.8742 0.1265
6 0.1322 0.1564 0.1943 0.1564 0.1943 0.2148 0.1322 0.2148
6 0.5233 0.2355 0.7924 0.2355 0.7924 0.4253 0.5233 0.4253
6 0.1917 0.2390 0.2477 0.2390 0.2477 0.2918 0.1917 0.2918
7 0.3174 0.1403 0.3455 0.1403 0.3455 0.3721 0.3174 0.3721
7 0.4742 0.7364 0.4807 0.7364 0.4807 0.7644 0.4742 0.7644
7 0.6613 0.2274 0.6759 0.2274 0.6759 0.2730 0.6613 0.2730
7 0.9031 0.6712 0.9197 0.6712 0.9197 0.7600 0.9031 0.7600
9 0.5079 0.4486 0.6132 0.4486 0.6132 0.4894 0.5079 0.4894
9 0.0651 0.4790 0.1069 0.4790 0.1069 0.6942 0.0651 0.6942
9 0.0651 0.3392 0.0906 0.3392 0.0906 0.4652 0.0651 0.4652
9 0.0199 0.0058 0.1404 0.0058 0.1404 0.0526 0.0199 0.0526
12 0.6842 0.4175 0.7232 0.4175 0.7232 0.5773 0.6842 0.5773
12 0.0125 0.1591 0.0561 0.1591 0.0561 0.1845 0.0125 0.1845
12 0.6496 0.6676 0.8290 0.6676 0.8290 0.6988 0.6496 0.6988
12 0.1173 0.6046 0.1367 0.6046 0.1367 0.7006 0.1173 0.7006
13 0.7811 0.5227 0.7975 0.5227 0.7975 0.5337 0.7811 0.5337
13 0.8254 0.7847 0.8320 0.7847 0.8320 0.7933 0.8254 0.7933
13 0.0836 0.2324 0.1238 0.2324 0.1238 0.2576 0.0836 0.2576
13 0.4425 0.1950 0.4563 0.1950 0.4563 0.2158 0.4425 0.2158
15 0.8097 0.2083 0.9106 0.2083 0.9106 0.3077 0.8097 0.3077
15 0.0902 0.2487 0.1312 0.2487 0.1312 0.2977 0.0902 0.2977
15 0.8174 0.7607 0.8943 0.7607 0.8943 0.8261 0.8174 0.8261
15 0.5590 0.1655 0.5798 0.1655 0.5798 0.2041 0.5590 0.2041
