0 0.5202 0.9179 0.7995 0.9179 0.7995 0.9869 0.5202 0.9869
0 0.1743 0.5663 0.4809 0.5663 0.4809 0.7597 0.1743 0.7597
0 0.3402 0.1654 0.5083 0.1654 0.5083 0.6606 0.3402 0.6606
0 0.2994 0.0043 0.5015 0.0043 0.5015 0.3577 0.2994 0.3577
1 0.4080 0.7146 0.4251 0.7146 0.4251 0.7294 0.4080 0.7294
1 0.5667 0.2115 0.5738 0.2115 0.5738 0.2257 0.5667 0.2257
1 0.9365 0.0064 0.9469 0.0064 0.9469 0.1176 0.9365 0.1176
1 0.4668 0.3162 0.4829 0.3162 0.4829 0.3694 0.4668 0.3694
2 0.7422 0.6114 0.7844 0.6114 0.7844 0.7566 0.7422 0.7566
2 0.8842 0.7715 0.8947 0.7715 0.8947 0.7981 0.8842 0.7981
2 0.2993 0.9079 0.3301 0.9079 0.3301 0.9841 0.2993 0.9841
2 0.0099 0.2176 0.1035 0.2176 0.1035 0.2828 0.0099 0.2828
3 0.2893 0.4247 0.3041 0.4247 0.3041 0.5377 0.2893 0.5377
3 0.3900 0.3880 0.3960 0.3880 0.3960 0.4304 0.3900 0.4304
3 0.0122 0.0666 0.0646 0.0666 0.0646 0.0790 0.0122 0.0790
3 0.8631 0.7588 0.9889 0.7588 0.9889 0.7884 0.8631 0.7884
4 0.6305 0.1807 0.6375 0.1807 0.6375 0.2117 0.6305 0.2117
4 0.4577 0.9151 0.4661 0.9151 0.4661 0.9221 0.4577 0.9221
4 0.7460 0.7184 0.7729 0.7184 0.7729 0.7336 0.7460 0.7336
4 0.8511 0.5818 0.8683 0.5818 0.8683 0.5938 0.8511 0.5938
6 0.8608 0.7952 0.8952 0.7952 0.8952 0.8436 0.8608 0.8436
6 0.0282 0.9212 0.0763 0.9212 0.0763 0.9888 0.0282 0.9888
6 0.8068 0.6811 0.8218 0.6811 0.8218 0.7025 0.8068 0.7025
6 0.7290 0.8162 0.7901 0.8162 0.7901 0.8450 0.7290 0.8450
7 0.3748 0.4514 0.3897 0.4514 0.3897 0.5026 0.3748 0.5026
7 0.8533 0.3844 0.8933 0.3844 0.8933 0.5128 0.8533 0.5128
7 0.5900 0.4908 0.6020 0.4908 0.6020 0.4968 0.5900 0.4968
7 0.9233 0.3572 0.9339 0.3572 0.9339 0.3964 0.9233 0.3964
9 0.7125 0.1246 0.7635 0.1246 0.7635 0.3802 0.7125 0.3802
9 0.8833 0.2055 0.9133 0.2055 0.9133 0.3101 0.8833 0.3101
9 0.0094 0.3219 0.0398 0.3219 0.0398 0.4997 0.0094 0.4997
9 0.0822 0.0794 0.2315 0.0794 0.2315 0.1650 0.0822 0.1650
12 0.0993 0.0067 0.1401 0.0067 0.1401 0.0249 0.0993 0.0249
12 0.3191 0.7391 0.3323 0.7391 0.3323 0.8929 0.3191 0.8929
12 0.8502 0.4676 0.8870 0.4676 0.8870 0.6184 0.8502 0.6184
12 0.5625 0.6036 0.5852 0.6036 0.5852 0.8676 0.5625 0.8676
13 0.9542 0.7140 0.9886 0.7140 0.9886 0.7736 0.9542 0.7736
13 0.7760 0.6204 0.7851 0.6204 0.7851 0.6280 0.7760 0.6280
13 0.1762 0.3267 0.1866 0.3267 0.1866 0.4141 0.1762 0.4141
13 0.0256 0.7427 0.0484 0.7427 0.0484 0.7657 0.0256 0.7657
15 0.9513 0.2095 0.9815 0.2095 0.9815 0.2669 0.9513 0.2669
15 0.3857 0.5943 0.4363 0.5943 0.4363 0.6645 0.3857 0.6645
15 0.1234 0.2740 0.1595 0.2740 0.1595 0.3472 0.1234 0.3472
15 0.5108 0.2332 0.5664 0.2332 0.5664 0.2864 0.5108 0.2864
