0 0.6460 0.4746 0.7466 0.4746 0.7466 0.8102 0.6460 0.8102
0 0.5105 0.0168 0.8941 0.0168 0.8941 0.1116 0.5105 0.1116
0 0.0317 0.0063 0.1135 0.0063 0.1135 0.3629 0.0317 0.3629
0 0.7248 0.4691 0.7960 0.4691 0.7960 0.7797 0.7248 0.7797
1 0.0974 0.2119 0.1180 0.2119 0.1180 0.2213 0.0974 0.2213
1 0.8359 0.0238 0.8387 0.0238 0.8387 0.0462 0.8359 0.0462
1 0.4144 0.4111 0.4156 0.4111 0.4156 0.4313 0.4144 0.4313
1 0.9573 0.6778 0.9764 0.6778 0.9764 0.7190 0.9573 0.7190
2 0.8368 0.3210 0.8450 0.3210 0.8450 0.4114 0.8368 0.4114
2 0.4193 0.7696 0.4516 0.7696 0.4516 0.8580 0.4193 0.8580
2 0.4862 0.3088 0.4946 0.3088 0.4946 0.4080 0.4862 0.4080
2 0.4500 0.6894 0.5069 0.6894 0.5069 0.7306 0.4500 0.7306
3 0.7400 0.2400 0.7632 0.2400 0.7632 0.4052 0.7400 0.4052
3 0.9130 0.4759 0.9273 0.4759 0.9273 0.5313 0.9130 0.5313
3 0.2142 0.3696 0.2561 0.3696 0.2561 0.3824 0.2142 0.3824
3 0.9341 0.2880 0.9407 0.2880 0.9407 0.3344 0.9341 0.3344
4 0.0260 0.4890 0.0311 0.4890 0.0311 0.5114 0.0260 0.5114
4 0.1608 0.9076 0.1675 0.9076 0.1675 0.9132 0.1608 0.9132
4 0.0074 0.3047 0.0121 0.3047 0.0121 0.3545 0.0074 0.3545
4 0.7734 0.8615 0.7829 0.8615 0.7829 0.9517 0.7734 0.9517
6 0.7468 0.2982 0.7846 0.2982 0.7846 0.3514 0.7468 0.3514
6 0.4931 0.7211 0.5429 0.7211 0.5429 0.7681 0.4931 0.7681
6 0.0445 0.2843 0.0686 0.2843 0.0686 0.3185 0.0445 0.3185
6 0.2037 0.1951 0.2255 0.1951 0.2255 0.2261 0.2037 0.2261
7 0.7137 0.8531 0.7486 0.8531 0.7486 0.9241 0.7137 0.9241
7 0.5142 0.6955 0.5261 0.6955 0.5261 0.8085 0.5142 0.8085
7 0.1331 0.3063 0.1417 0.3063 0.1417 0.3301 0.1331 0.3301
7 0.7436 0.1502 0.7550 0.1502 0.7550 0.1918 0.7436 0.1918
9 0.6890 0.1346 0.7279 0.1346 0.7279 0.2702 0.6890 0.2702
9 0.8974 0.3160 0.9966 0.3160 0.9966 0.3480 0.8974 0.3480
9 0.7670 0.5250 0.8481 0.5250 0.8481 0.7562 0.7670 0.7562
9 0.4508 0.4627 0.5221 0.4627 0.5221 0.6661 0.4508 0.6661
12 0.7139 0.2183 0.7658 0.2183 0.7658 0.2381 0.7139 0.2381
12 0.1608 0.3211 0.1932 0.3211 0.1932 0.3517 0.1608 0.3517
12 0.7016 0.2028 0.9475 0.2028 0.9475 0.2480 0.7016 0.2480
12 0.7765 0.4659 0.8935 0.4659 0.8935 0.4977 0.7765 0.4977
13 0.0465 0.7387 0.0512 0.7387 0.0512 0.7561 0.0465 0.7561
13 0.5853 0.1380 0.7084 0.1380 0.7084 0.1472 0.5853 0.1472
13 0.3863 0.6744 0.3932 0.6744 0.3932 0.9508 0.3863 0.9508
13 0.1391 0.1615 0.1506 0.1615 0.1506 0.1725 0.1391 0.1725
15 0.9334 0.6928 0.9972 0.6928 0.9972 0.7556 0.9334 0.7556
15 0.3805 0.6071 0.4075 0.6071 0.4075 0.6465 0.3805 0.6465
15 0.3782 0.3520 0.4750 0.3520 0.4750 0.4964 0.3782 0.4964
15 0.9033 0.1268 0.9273 0.1268 0.9273 0.1600 0.9033 0.1600
