0 0.3502 0.6271 0.4695 0.6271 0.4695 0.8681 0.3502 0.8681
0 0.6139 0.3915 0.6418 0.3915 0.6418 0.5133 0.6139 0.5133
0 0.6408 0.0295 0.7086 0.0295 0.7086 0.3089 0.6408 0.3089
0 0.2245 0.0048 0.4492 0.0048 0.4492 0.5776 0.2245 0.5776
1 0.0905 0.5020 0.0978 0.5020 0.0978 0.5284 0.0905 0.5284
1 0.2316 0.5372 0.2510 0.5372 0.2510 0.5860 0.2316 0.5860
1 0.0471 0.0127 0.0566 0.0127 0.0566 0.1161 0.0471 0.1161
1 0.4482 0.2030 0.4523 0.2030 0.4523 0.2358 0.4482 0.2358
2 0.6894 0.0932 0.7009 0.0932 0.7009 0.1592 0.6894 0.1592
2 0.5991 0.3559 0.6838 0.3559 0.6838 0.4769 0.5991 0.4769
2 0.4796 0.2267 0.5578 0.2267 0.5578 0.2841 0.4796 0.2841
2 0.2051 0.5203 0.3764 0.5203 0.3764 0.6213 0.2051 0.6213
3 0.5987 0.4743 0.6407 0.4743 0.6407 0.4889 0.5987 0.4889
3 0.6534 0.1872 0.6941 0.1872 0.6941 0.1996 0.6534 0.1996
3 0.0211 0.1856 0.1386 0.1856 0.1386 0.2144 0.0211 0.2144
3 0.1399 0.0883 0.2518 0.0883 0.2518 0.1233 0.1399 0.1233
4 0.0705 0.5918 0.0855 0.5918 0.0855 0.6046 0.0705 0.6046
4 0.5142 0.4039 0.5329 0.4039 0.5329 0.4341 0.5142 0.4341
4 0.1094 0.3954 0.1221 0.3954 0.1221 0.4126 0.1094 0.4126
4 0.3119 0.7643 0.3244 0.7643 0.3244 0.8009 0.3119 0.8009
6 0.7714 0.0430 0.8401 0.0430 0.8401 0.0754 0.7714 0.0754
6 0.7700 0.4958 0.7883 0.4958 0.7883 0.5018 0.7700 0.5018
6 0.2811 0.6859 0.2992 0.6859 0.2992 0.7117 0.2811 0.7117
6 0.0128 0.6863 0.0949 0.6863 0.0949 0.8017 0.0128 0.8017
7 0.5287 0.5023 0.5336 0.5023 0.5336 0.5129 0.5287 0.5129
7 0.4633 0.4356 0.4784 0.4356 0.4784 0.4448 0.4633 0.4448
7 0.8139 0.2755 0.8718 0.2755 0.8718 0.3033 0.8139 0.3033
7 0.7705 0.2546 0.7827 0.2546 0.7827 0.2814 0.7705 0.2814
9 0.9159 0.5512 0.9701 0.5512 0.9701 0.8228 0.9159 0.8228
9 0.6511 0.5071 0.7321 0.5071 0.7321 0.7381 0.6511 0.7381
9 0.6467 0.7150 0.6850 0.7150 0.6850 0.8486 0.6467 0.8486
9 0.6680 0.1168 0.7155 0.1168 0.7155 0.3544 0.6680 0.3544
12 0.2396 0.2692 0.3112 0.2692 0.3112 0.2880 0.2396 0.2880
12 0.2854 0.0994 0.3004 0.0994 0.3004 0.2606 0.2854 0.2606
12 0.8439 0.6402 0.8593 0.6402 0.8593 0.8186 0.8439 0.8186
12 0.3822 0.1979 0.4449 0.1979 0.4449 0.2257 0.3822 0.2257
13 0.1542 0.0295 0.1655 0.0295 0.1655 0.0341 0.1542 0.0341
13 0.1042 0.6587 0.1098 0.6587 0.1098 0.6633 0.1042 0.6633
13 0.0831 0.4051 0.0955 0.4051 0.0955 0.4133 0.0831 0.4133
13 0.0556 0.0907 0.0721 0.0907 0.0721 0.1601 0.0556 0.1601
15 0.9160 0.5255 0.9609 0.5255 0.9609 0.5889 0.9160 0.5889
15 0.7240 0.6539 0.7740 0.6539 0.7740 0.7121 0.7240 0.7121
15 0.3668 0.5987 0.4147 0.5987 0.4147 0.6377 0.3668 0.6377
15 0.5430 0.0183 0.5918 0.0183 0.5918 0.0873 0.5430 0.0873
