0 0.3296 0.9516 0.3667 0.9516 0.3667 0.9812 0.3296 0.9812
0 0.8651 0.6994 0.8875 0.6994 0.8875 0.9974 0.8651 0.9974
0 0.0873 0.2234 0.1369 0.2234 0.1369 0.4398 0.0873 0.4398
0 0.5268 0.2446 0.7470 0.2446 0.7470 0.9786 0.5268 0.9786
1 0.3576 0.1567 0.3781 0.1567 0.3781 0.1677 0.3576 0.1677
1 0.3785 0.2539 0.3846 0.2539 0.3846 0.3193 0.3785 0.3193
1 0.2385 0.9660 0.2590 0.9660 0.2590 0.9712 0.2385 0.9712
1 0.3368 0.7300 0.3404 0.7300 0.3404 0.7588 0.3368 0.7588
2 0.1602 0.1736 0.1810 0.1736 0.1810 0.2616 0.1602 0.2616
2 0.0271 0.2355 0.0961 0.2355 0.0961 0.2957 0.0271 0.2957
2 0.1442 0.8751 0.1758 0.8751 0.1758 0.9485 0.1442 0.9485
2 0.0814 0.2883 0.1283 0.2883 0.1283 0.3973 0.0814 0.3973
3 0.0337 0.8006 0.0475 0.8006 0.0475 0.8986 0.0337 0.8986
3 0.2866 0.1098 0.3043 0.1098 0.3043 0.2458 0.2866 0.2458
3 0.0699 0.0628 0.0764 0.0628 0.0764 0.1092 0.0699 0.1092
3 0.2439 0.1071 0.2538 0.1071 0.2538 0.1781 0.2439 0.1781
4 0.9374 0.0875 0.9624 0.0875 0.9624 0.0941 0.9374 0.0941
4 0.4331 0.6515 0.4406 0.6515 0.4406 0.6757 0.4331 0.6757
4 0.2702 0.7203 0.2950 0.7203 0.2950 0.7369 0.2702 0.7369
4 0.4602 0.0652 0.4844 0.0652 0.4844 0.0832 0.4602 0.0832
6 0.6905 0.9231 0.7404 0.9231 0.7404 0.9701 0.6905 0.9701
6 0.6387 0.9739 0.6873 0.9739 0.6873 0.9897 0.6387 0.9897
6 0.8922 0.5987 0.9103 0.5987 0.9103 0.6245 0.8922 0.6245
6 0.5296 0.9698 0.5775 0.9698 0.5775 0.9854 0.5296 0.9854
7 0.0900 0.8331 0.1026 0.8331 0.1026 0.8797 0.0900 0.8797
7 0.7336 0.2854 0.7547 0.2854 0.7547 0.2962 0.7336 0.2962
7 0.4317 0.1428 0.4394 0.1428 0.4394 0.2008 0.4317 0.2008
7 0.1756 0.2667 0.1829 0.2667 0.1829 0.3265 0.1756 0.3265
9 0.1910 0.5919 0.2367 0.5919 0.2367 0.7513 0.1910 0.7513
9 0.6203 0.5188 0.6517 0.5188 0.6517 0.6760 0.6203 0.6760
9 0.0979 0.7294 0.1472 0.7294 0.1472 0.9698 0.0979 0.9698
9 0.5182 0.0091 0.6372 0.0091 0.6372 0.0773 0.5182 0.0773
12 0.5553 0.3584 0.6084 0.3584 0.6084 0.8704 0.5553 0.8704
12 0.9091 0.2382 0.9621 0.2382 0.9621 0.2434 0.9091 0.2434
12 0.2962 0.6199 0.4715 0.6199 0.4715 0.6589 0.2962 0.6589
12 0.0205 0.9752 0.0380 0.9752 0.0380 0.9904 0.0205 0.9904
13 0.8610 0.8428 0.8664 0.8428 0.8664 0.8580 0.8610 0.8580
13 0.5887 0.0675 0.6304 0.0675 0.6304 0.0929 0.5887 0.0929
13 0.9153 0.6571 0.9252 0.6571 0.9252 0.6865 0.9153 0.6865
13 0.6168 0.9272 0.6429 0.9272 0.6429 0.9460 0.6168 0.9460
15 0.2514 0.8406 0.2894 0.8406 0.2894 0.8974 0.2514 0.8974
15 0.1346 0.1974 0.1766 0.1974 0.1766 0.2378 0.1346 0.2378
15 0.1308 0.4508 0.2386 0.4508 0.2386 0.5568 0.1308 0.5568
15 0.2385 0.0638 0.2889 0.0638 0.2889 0.1202 0.2385 0.1202
