0 0.6122 0.2178 0.7447 0.2178 0.7447 0.2670 0.6122 0.2670
0 0.5748 0.3091 0.6327 0.3091 0.6327 0.4077 0.5748 0.4077
0 0.1550 0.4047 0.2264 0.4047 0.2264 0.5105 0.1550 0.5105
0 0.8910 0.2536 0.9850 0.2536 0.9850 0.5880 0.8910 0.5880
1 0.1697 0.1610 0.1940 0.1610 0.1940 0.1722 0.1697 0.1722
1 0.4330 0.0702 0.4461 0.0702 0.4461 0.2098 0.4330 0.2098
1 0.3662 0.0999 0.3689 0.0999 0.3689 0.1217 0.3662 0.1217
1 0.2910 0.7987 0.2973 0.7987 0.2973 0.8193 0.2910 0.8193
2 0.6869 0.3855 0.8349 0.3855 0.8349 0.4565 0.6869 0.4565
2 0.4416 0.2024 0.5504 0.2024 0.5504 0.5012 0.4416 0.5012
2 0.2256 0.5688 0.5961 0.5688 0.5961 0.6596 0.2256 0.6596
2 0.9090 0.1415 0.9624 0.1415 0.9624 0.3981 0.9090 0.3981
3 0.5320 0.8843 0.6237 0.8843 0.6237 0.9069 0.5320 0.9069
3 0.4160 0.2894 0.4952 0.2894 0.4952 0.3170 0.4160 0.3170
3 0.9256 0.3203 0.9378 0.3203 0.9378 0.4141 0.9256 0.4141
3 0.4280 0.5151 0.4483 0.5151 0.4483 0.6705 0.4280 0.6705
4 0.6488 0.6354 0.6806 0.6354 0.6806 0.6538 0.6488 0.6538
4 0.0288 0.6698 0.0529 0.6698 0.0529 0.6902 0.0288 0.6902
4 0.5574 0.0659 0.5837 0.0659 0.5837 0.0805 0.5574 0.0805
4 0.4437 0.1326 0.4638 0.1326 0.4638 0.1462 0.4437 0.1462
6 0.5599 0.2339 0.6036 0.2339 0.6036 0.2545 0.5599 0.2545
6 0.8754 0.8399 0.9269 0.8399 0.9269 0.8565 0.8754 0.8565
6 0.8714 0.5552 0.8869 0.5552 0.8869 0.5772 0.8714 0.5772
6 0.1928 0.3622 0.2738 0.3622 0.2738 0.4762 0.1928 0.4762
7 0.5805 0.4710 0.6506 0.4710 0.6506 0.4914 0.5805 0.4914
7 0.5754 0.8910 0.6075 0.8910 0.6075 0.9810 0.5754 0.9810
7 0.4903 0.9155 0.5123 0.9155 0.5123 0.9805 0.4903 0.9805
7 0.3970 0.0468 0.4198 0.0468 0.4198 0.1644 0.3970 0.1644
9 0.5977 0.3007 0.7403 0.3007 0.7403 0.3825 0.5977 0.3825
9 0.7857 0.6418 0.8603 0.6418 0.8603 0.8878 0.7857 0.8878
9 0.5894 0.4794 0.6192 0.4794 0.6192 0.5078 0.5894 0.5078
9 0.2830 0.0290 0.3584 0.0290 0.3584 0.2722 0.2830 0.2722
12 0.0182 0.7356 0.2366 0.7356 0.2366 0.7736 0.0182 0.7736
12 0.5699 0.8706 0.6033 0.8706 0.6033 0.8986 0.5699 0.8986
12 0.8857 0.5460 0.9357 0.5460 0.9357 0.5932 0.8857 0.5932
12 0.2784 0.1359 0.2898 0.1359 0.2898 0.5309 0.2784 0.5309
13 0.1826 0.5926 0.2160 0.5926 0.2160 0.6846 0.1826 0.6846
13 0.7359 0.5988 0.7466 0.5988 0.7466 0.6160 0.7359 0.6160
13 0.9039 0.1559 0.9229 0.1559 0.9229 0.1697 0.9039 0.1697
13 0.8050 0.3827 0.8178 0.3827 0.8178 0.3937 0.8050 0.3937
15 0.4570 0.5698 0.5007 0.5698 0.5007 0.6054 0.4570 0.6054
15 0.6642 0.2915 0.7035 0.2915 0.7035 0.3581 0.6642 0.3581
15 0.3045 0.4347 0.3563 0.4347 0.3563 0.4949 0.3045 0.4949
15 0.8422 0.5651 0.8941 0.5651 0.8941 0.6253 0.8422 0.6253
