0 0.4911 0.7896 0.6003 0.7896 0.6003 0.9516 0.4911 0.9516
0 0.3702 0.5243 0.6941 0.5243 0.6941 0.6445 0.3702 0.6445
0 0.6645 0.2199 0.7341 0.2199 0.7341 0.4833 0.6645 0.4833
0 0.5057 0.6903 0.6663 0.6903 0.6663 0.8761 0.5057 0.8761
1 0.1365 0.1227 0.1401 0.1227 0.1401 0.1545 0.1365 0.1545
1 0.3176 0.9314 0.3246 0.9314 0.3246 0.9546 0.3176 0.9546
1 0.4556 0.4690 0.4612 0.4690 0.4612 0.4894 0.4556 0.4894
1 0.1814 0.3759 0.1841 0.3759 0.1841 0.3993 0.1814 0.3993
2 0.1791 0.7500 0.4941 0.7500 0.4941 0.8420 0.1791 0.8420
2 0.1601 0.8091 0.2244 0.8091 0.2244 0.9009 0.1601 0.9009
2 0.7808 0.8987 0.8884 0.8987 0.8884 0.9737 0.7808 0.9737
2 0.0557 0.0919 0.0723 0.0919 0.0723 0.3129 0.0557 0.3129
3 0.8270 0.0392 0.8590 0.0392 0.8590 0.0500 0.8270 0.0500
3 0.6870 0.0471 0.8236 0.0471 0.8236 0.0797 0.6870 0.0797
3 0.9146 0.5443 0.9192 0.5443 0.9192 0.6189 0.9146 0.6189
3 0.1437 0.2215 0.1543 0.2215 0.1543 0.3013 0.1437 0.3013
4 0.4136 0.8404 0.4272 0.8404 0.4272 0.8496 0.4136 0.8496
4 0.1928 0.8015 0.2232 0.8015 0.2232 0.8525 0.1928 0.8525
4 0.2483 0.5123 0.2829 0.5123 0.2829 0.5289 0.2483 0.5289
4 0.5682 0.1503 0.5769 0.1503 0.5769 0.1729 0.5682 0.1729
6 0.5186 0.7776 0.5526 0.7776 0.5526 0.7936 0.5186 0.7936
6 0.4657 0.2914 0.5455 0.2914 0.5455 0.3290 0.4657 0.3290
6 0.4931 0.9136 0.5386 0.9136 0.5386 0.9564 0.4931 0.9564
6 0.8936 0.5258 0.9701 0.5258 0.9701 0.6334 0.8936 0.6334
7 0.9274 0.4538 0.9394 0.4538 0.9394 0.5250 0.9274 0.5250
7 0.1177 0.1900 0.2158 0.1900 0.2158 0.2840 0.1177 0.2840
7 0.0551 0.9543 0.0826 0.9543 0.0826 0.9717 0.0551 0.9717
7 0.0374 0.3412 0.0426 0.3412 0.0426 0.3552 0.0374 0.3552
9 0.3296 0.9426 0.4264 0.9426 0.4264 0.9742 0.3296 0.9742
9 0.2340 0.6563 0.2651 0.6563 0.2651 0.8121 0.2340 0.8121
9 0.3576 0.1342 0.4667 0.1342 0.4667 0.1698 0.3576 0.1698
9 0.0159 0.4771 0.1203 0.4771 0.1203 0.5113 0.0159 0.5113
12 0.9142 0.1486 0.9333 0.1486 0.9333 0.3698 0.9142 0.3698
12 0.4770 0.2974 0.4938 0.2974 0.4938 0.3122 0.4770 0.3122
12 0.6290 0.5556 0.6407 0.5556 0.6407 0.9612 0.6290 0.9612
12 0.5048 0.0215 0.5758 0.0215 0.5758 0.0409 0.5048 0.0409
13 0.2654 0.6888 0.2706 0.6888 0.2706 0.6972 0.2654 0.6972
13 0.6848 0.1279 0.7309 0.1279 0.7309 0.1569 0.6848 0.1569
13 0.5188 0.9056 0.5580 0.9056 0.5580 0.9452 0.5188 0.9452
13 0.5485 0.4308 0.5518 0.4308 0.5518 0.4424 0.5485 0.4424
15 0.8480 0.7746 0.8986 0.7746 0.8986 0.8278 0.8480 0.8278
15 0.4991 0.0623 0.5737 0.0623 0.5737 0.1481 0.4991 0.1481
15 0.7903 0.0914 0.8640 0.0914 0.8640 0.1622 0.7903 0.1622
15 0.4539 0.2411 0.4952 0.2411 0.4952 0.3197 0.4539 0.3197
