0 0.8256 0.4662 0.9358 0.4662 0.9358 0.6890 0.8256 0.6890
0 0.0962 0.1382 0.2781 0.1382 0.2781 0.7858 0.0962 0.7858
0 0.1165 0.2559 0.1703 0.2559 0.1703 0.3645 0.1165 0.3645
0 0.5488 0.1590 0.8024 0.1590 0.8024 0.3190 0.5488 0.3190
1 0.7397 0.0919 0.7803 0.0919 0.7803 0.1945 0.7397 0.1945
1 0.2653 0.9856 0.2952 0.9856 0.2952 0.9992 0.2653 0.9992
1 0.8310 0.4720 0.8330 0.4720 0.8330 0.4888 0.8310 0.4888
1 0.7810 0.6978 0.7858 0.6978 0.7858 0.7602 0.7810 0.7602
2 0.6868 0.6368 0.9729 0.6368 0.9729 0.8052 0.6868 0.8052
2 0.5421 0.7051 0.6167 0.7051 0.6167 0.9405 0.5421 0.9405
2 0.1185 0.1595 0.2626 0.1595 0.2626 0.8517 0.1185 0.8517
2 0.1442 0.2472 0.1747 0.2472 0.1747 0.2960 0.1442 0.2960
3 0.1105 0.3927 0.1846 0.3927 0.1846 0.4185 0.1105 0.4185
3 0.2585 0.5471 0.2678 0.5471 0.2678 0.6125 0.2585 0.6125
3 0.3474 0.8715 0.3683 0.8715 0.3683 0.9529 0.3474 0.9529
3 0.5261 0.8052 0.6456 0.8052 0.6456 0.8344 0.5261 0.8344
4 0.2594 0.3715 0.2706 0.3715 0.2706 0.3785 0.2594 0.3785
4 0.6986 0.9004 0.7280 0.9004 0.7280 0.9160 0.6986 0.9160
4 0.4853 0.0430 0.5004 0.0430 0.5004 0.0646 0.4853 0.0646
4 0.9056 0.7559 0.9412 0.7559 0.9412 0.7761 0.9056 0.7761
6 0.4116 0.1882 0.4718 0.1882 0.4718 0.2450 0.4116 0.2450
6 0.5634 0.5827 0.6000 0.5827 0.6000 0.5945 0.5634 0.5945
6 0.4531 0.3316 0.5109 0.3316 0.5109 0.3860 0.4531 0.3860
6 0.8814 0.2838 0.9314 0.2838 0.9314 0.3542 0.8814 0.3542
7 0.0705 0.5706 0.0969 0.5706 0.0969 0.7234 0.0705 0.7234
7 0.9267 0.0051 0.9696 0.0051 0.9696 0.2165 0.9267 0.2165
7 0.7074 0.6023 0.7160 0.6023 0.7160 0.6485 0.7074 0.6485
7 0.9193 0.9522 0.9338 0.9522 0.9338 0.9922 0.9193 0.9922
9 0.1962 0.3891 0.2598 0.3891 0.2598 0.4137 0.1962 0.4137
9 0.5400 0.6895 0.6414 0.6895 0.6414 0.7225 0.5400 0.7225
9 0.0150 0.8012 0.1987 0.8012 0.1987 0.9124 0.0150 0.9124
9 0.1527 0.1178 0.2010 0.1178 0.2010 0.3590 0.1527 0.3590
12 0.3382 0.8527 0.6892 0.8527 0.6892 0.9173 0.3382 0.9173
12 0.0393 0.1787 0.0587 0.1787 0.0587 0.1957 0.0393 0.1957
12 0.9031 0.0424 0.9643 0.0424 0.9643 0.6312 0.9031 0.6312
12 0.1276 0.6451 0.6747 0.6451 0.6747 0.7457 0.1276 0.7457
13 0.7836 0.1202 0.8009 0.1202 0.8009 0.1366 0.7836 0.1366
13 0.1724 0.8571 0.1958 0.8571 0.1958 0.8789 0.1724 0.8789
13 0.9526 0.3692 0.9629 0.3692 0.9629 0.3848 0.9526 0.3848
13 0.5599 0.5678 0.5675 0.5678 0.5675 0.5802 0.5599 0.5802
15 0.7040 0.4832 0.7480 0.4832 0.7480 0.5344 0.7040 0.5344
15 0.6257 0.4386 0.6883 0.4386 0.6883 0.5234 0.6257 0.5234
15 0.2399 0.8451 0.3595 0.8451 0.3595 0.9985 0.2399 0.9985
15 0.4528 0.7247 0.5084 0.7247 0.5084 0.7869 0.4528 0.7869
