0 0.6410 0.7335 0.8404 0.7335 0.8404 0.8421 0.6410 0.8421
0 0.4494 0.2996 0.7158 0.2996 0.7158 0.4448 0.4494 0.4448
0 0.2180 0.4802 0.3632 0.4802 0.3632 0.6482 0.2180 0.6482
0 0.1780 0.1875 0.4709 0.1875 0.4709 0.4741 0.1780 0.4741
1 0.9799 0.8043 0.9989 0.8043 0.9989 0.8129 0.9799 0.8129
1 0.7693 0.5488 0.7881 0.5488 0.7881 0.5536 0.7693 0.5536
1 0.2591 0.8543 0.2883 0.8543 0.2883 0.8701 0.2591 0.8701
1 0.8830 0.4982 0.8898 0.4982 0.8898 0.5230 0.8830 0.5230
2 0.6400 0.5503 0.6738 0.5503 0.6738 0.5761 0.6400 0.5761
2 0.1070 0.4415 0.1387 0.4415 0.1387 0.4861 0.1070 0.4861
2 0.8628 0.1100 0.9041 0.1100 0.9041 0.1384 0.8628 0.1384
2 0.1425 0.2676 0.2046 0.2676 0.2046 0.3732 0.1425 0.3732
3 0.3480 0.4788 0.3986 0.4788 0.3986 0.4912 0.3480 0.4912
3 0.7162 0.9655 0.8118 0.9655 0.8118 0.9889 0.7162 0.9889
3 0.7582 0.5854 0.7726 0.5854 0.7726 0.6874 0.7582 0.6874
3 0.4785 0.2375 0.5983 0.2375 0.5983 0.2669 0.4785 0.2669
4 0.2019 0.0308 0.2347 0.0308 0.2347 0.0376 0.2019 0.0376
4 0.1385 0.4463 0.1446 0.4463 0.1446 0.4761 0.1385 0.4761
4 0.8293 0.8583 0.9479 0.8583 0.9479 0.8933 0.8293 0.8933
4 0.9819 0.5875 0.9907 0.5875 0.9907 0.5993 0.9819 0.5993
6 0.0256 0.3035 0.2873 0.3035 0.2873 0.4881 0.0256 0.4881
6 0.2334 0.5566 0.2980 0.5566 0.2980 0.7386 0.2334 0.7386
6 0.0568 0.7838 0.3080 0.7838 0.3080 0.9610 0.0568 0.9610
6 0.8039 0.4383 0.8318 0.4383 0.8318 0.4473 0.8039 0.4473
7 0.4013 0.6876 0.4155 0.6876 0.4155 0.7264 0.4013 0.7264
7 0.3433 0.2196 0.3596 0.2196 0.3596 0.2472 0.3433 0.2472
7 0.4265 0.0291 0.4344 0.0291 0.4344 0.0733 0.4265 0.0733
7 0.7528 0.8867 0.7618 0.8867 0.7618 0.9181 0.7528 0.9181
9 0.5631 0.4898 0.5869 0.4898 0.5869 0.6062 0.5631 0.6062
9 0.9436 0.1518 0.9678 0.1518 0.9678 0.2698 0.9436 0.2698
9 0.2729 0.4435 0.3223 0.4435 0.3223 0.4905 0.2729 0.4905
9 0.0543 0.3627 0.1180 0.3627 0.1180 0.3993 0.0543 0.3993
12 0.0211 0.5616 0.0418 0.5616 0.0418 0.7836 0.0211 0.7836
12 0.8228 0.0259 0.8455 0.0259 0.8455 0.2061 0.8228 0.2061
12 0.2263 0.6659 0.2503 0.6659 0.2503 0.8349 0.2263 0.8349
12 0.5551 0.7940 0.5949 0.7940 0.5949 0.8288 0.5551 0.8288
13 0.6580 0.8072 0.6623 0.8072 0.6623 0.8232 0.6580 0.8232
13 0.8599 0.2564 0.8775 0.2564 0.8775 0.2636 0.8599 0.2636
13 0.2842 0.6463 0.3118 0.6463 0.3118 0.6941 0.2842 0.6941
13 0.3803 0.8006 0.3889 0.8006 0.3889 0.8086 0.3803 0.8086
15 0.5305 0.7436 0.5755 0.7436 0.5755 0.8292 0.5305 0.8292
15 0.1876 0.5263 0.2584 0.5263 0.2584 0.6077 0.1876 0.6077
15 0.2687 0.6944 0.3344 0.6944 0.3344 0.7924 0.2687 0.7924
15 0.1690 0.7216 0.2412 0.7216 0.2412 0.7812 0.1690 0.7812
