0 0.6988 0.6848 0.7186 0.6848 0.7186 0.9484 0.6988 0.9484
0 0.1939 0.1411 0.2875 0.1411 0.2875 0.2493 0.1939 0.2493
0 0.5182 0.2632 0.8044 0.2632 0.8044 0.5432 0.5182 0.5432
0 0.2320 0.0867 0.3540 0.0867 0.3540 0.4461 0.2320 0.4461
1 0.0577 0.3479 0.0620 0.3479 0.0620 0.3905 0.0577 0.3905
1 0.5219 0.7367 0.5275 0.7367 0.5275 0.7573 0.5219 0.7573
1 0.2105 0.5179 0.2329 0.5179 0.2329 0.5301 0.2105 0.5301
1 0.3505 0.9030 0.3537 0.9030 0.3537 0.9314 0.3505 0.9314
2 0.1037 0.0410 0.3340 0.0410 0.3340 0.2318 0.1037 0.2318
2 0.4462 0.7194 0.4621 0.7194 0.4621 0.7522 0.4462 0.7522
2 0.7980 0.1619 0.8386 0.1619 0.8386 0.1973 0.7980 0.1973
2 0.4644 0.6263 0.5533 0.6263 0.5533 0.7773 0.4644 0.7773
3 0.2500 0.3018 0.2994 0.3018 0.2994 0.3170 0.2500 0.3170
3 0.5359 0.0127 0.5861 0.0127 0.5861 0.0301 0.5359 0.0301
3 0.4577 0.8068 0.4954 0.8068 0.4954 0.8196 0.4577 0.8196
3 0.0866 0.1728 0.0937 0.1728 0.0937 0.2236 0.0866 0.2236
4 0.8325 0.6175 0.8415 0.6175 0.8415 0.6701 0.8325 0.6701
4 0.6271 0.5387 0.6378 0.5387 0.6378 0.5477 0.6271 0.5477
4 0.9436 0.2887 0.9690 0.2887 0.9690 0.3097 0.9436 0.3097
4 0.4093 0.6579 0.4187 0.6579 0.4187 0.6657 0.4093 0.6657
6 0.0750 0.6063 0.1484 0.6063 0.1484 0.8129 0.0750 0.8129
6 0.4663 0.5374 0.5006 0.5374 0.5006 0.5698 0.4663 0.5698
6 0.0576 0.4050 0.0832 0.4050 0.0832 0.4414 0.0576 0.4414
6 0.6737 0.8507 0.8754 0.8507 0.8754 0.9929 0.6737 0.9929
7 0.2223 0.5574 0.2354 0.5574 0.2354 0.6058 0.2223 0.6058
7 0.0219 0.3862 0.0569 0.3862 0.0569 0.3994 0.0219 0.3994
7 0.3645 0.8035 0.4040 0.8035 0.4040 0.8809 0.3645 0.8809
7 0.8754 0.3924 0.8849 0.3924 0.8849 0.4184 0.8754 0.4184
9 0.7883 0.8898 0.8177 0.8898 0.8177 0.9926 0.7883 0.9926
9 0.1662 0.0387 0.1935 0.0387 0.1935 0.1337 0.1662 0.1337
9 0.8271 0.0931 0.8586 0.0931 0.8586 0.2033 0.8271 0.2033
9 0.3571 0.4274 0.4164 0.4274 0.4164 0.7166 0.3571 0.7166
12 0.8793 0.8183 0.8972 0.8183 0.8972 0.8333 0.8793 0.8333
12 0.3840 0.5016 0.4420 0.5016 0.4420 0.5072 0.3840 0.5072
12 0.8482 0.4662 0.9666 0.4662 0.9666 0.4974 0.8482 0.4974
12 0.8531 0.0824 0.8660 0.0824 0.8660 0.1480 0.8531 0.1480
13 0.7199 0.8024 0.7264 0.8024 0.7264 0.8260 0.7199 0.8260
13 0.5571 0.7334 0.5672 0.7334 0.5672 0.7402 0.5571 0.7402
13 0.5220 0.0262 0.5312 0.0262 0.5312 0.0402 0.5220 0.0402
13 0.3482 0.4264 0.3632 0.4264 0.3632 0.4380 0.3482 0.4380
15 0.7690 0.6858 0.8107 0.6858 0.8107 0.7258 0.7690 0.7258
15 0.7422 0.8843 0.8270 0.8843 0.8270 0.9993 0.7422 0.9993
15 0.4633 0.6036 0.6130 0.6036 0.6130 0.7272 0.4633 0.7272
15 0.2616 0.0075 0.3855 0.0075 0.3855 0.1129 0.2616 0.1129
