0 0.1574 0.3979 0.3220 0.3979 0.3220 0.8177 0.1574 0.8177
0 0.7803 0.6651 0.8652 0.6651 0.8652 0.9481 0.7803 0.9481
0 0.1513 0.2626 0.3655 0.2626 0.3655 0.9766 0.1513 0.9766
0 0.6673 0.5564 0.8567 0.5564 0.8567 0.6032 0.6673 0.6032
1 0.5273 0.8078 0.5313 0.8078 0.5313 0.8426 0.5273 0.8426
1 0.0660 0.3943 0.1169 0.3943 0.1169 0.5229 0.0660 0.5229
1 0.5597 0.4403 0.5618 0.4403 0.5618 0.4773 0.5597 0.4773
1 0.1803 0.2903 0.1817 0.2903 0.1817 0.3165 0.1803 0.3165
2 0.2774 0.3259 0.3666 0.3259 0.3666 0.3905 0.2774 0.3905
2 0.2250 0.5336 0.2501 0.5336 0.2501 0.5832 0.2250 0.5832
2 0.7274 0.7756 0.7874 0.7756 0.7874 0.8384 0.7274 0.8384
2 0.2202 0.4618 0.2963 0.4618 0.2963 0.5210 0.2202 0.5210
3 0.4083 0.7331 0.4214 0.7331 0.4214 0.8313 0.4083 0.8313
3 0.7942 0.1163 0.8536 0.1163 0.8536 0.1305 0.7942 0.1305
3 0.9054 0.1868 0.9626 0.1868 0.9626 0.2004 0.9054 0.2004
3 0.5384 0.5571 0.6470 0.5571 0.6470 0.5905 0.5384 0.5905
4 0.9519 0.3275 0.9927 0.3275 0.9927 0.3377 0.9519 0.3377
4 0.5188 0.5286 0.5249 0.5286 0.5249 0.5914 0.5188 0.5914
4 0.6028 0.0355 0.6238 0.0355 0.6238 0.0469 0.6028 0.0469
4 0.8408 0.3744 0.8495 0.3744 0.8495 0.3860 0.8408 0.3860
6 0.2805 0.7900 0.3472 0.7900 0.3472 0.8528 0.2805 0.8528
6 0.3280 0.2123 0.3826 0.2123 0.3826 0.2637 0.3280 0.2637
6 0.3854 0.2200 0.4186 0.2200 0.4186 0.2512 0.3854 0.2512
6 0.1805 0.0756 0.2201 0.0756 0.2201 0.1312 0.1805 0.1312
7 0.0416 0.6486 0.0521 0.6486 0.0521 0.7134 0.0416 0.7134
7 0.7179 0.0138 0.7353 0.0138 0.7353 0.1142 0.7179 0.1142
7 0.7108 0.8564 0.7175 0.8564 0.7175 0.9232 0.7108 0.9232
7 0.6499 0.0259 0.6758 0.0259 0.6758 0.0417 0.6499 0.0417
9 0.4259 0.4056 0.4858 0.4056 0.4858 0.5764 0.4259 0.5764
9 0.6167 0.4280 0.6624 0.4280 0.6624 0.6536 0.6167 0.6536
9 0.4239 0.5159 0.4755 0.5159 0.4755 0.6861 0.4239 0.6861
9 0.1193 0.5124 0.1567 0.5124 0.1567 0.7048 0.1193 0.7048
12 0.9408 0.3576 0.9466 0.3576 0.9466 0.5720 0.9408 0.5720
12 0.3516 0.7184 0.3795 0.7184 0.3795 0.9144 0.3516 0.9144
12 0.0656 0.5674 0.1152 0.5674 0.1152 0.6142 0.0656 0.6142
12 0.1876 0.9410 0.2087 0.9410 0.2087 0.9610 0.1876 0.9610
13 0.3088 0.0558 0.3109 0.0558 0.3109 0.2102 0.3088 0.2102
13 0.0553 0.3127 0.0656 0.3127 0.0656 0.3333 0.0553 0.3333
13 0.0179 0.1355 0.0218 0.1355 0.0218 0.2581 0.0179 0.2581
13 0.9563 0.9371 0.9694 0.9371 0.9694 0.9481 0.9563 0.9481
15 0.5102 0.8714 0.5324 0.8714 0.5324 0.9586 0.5102 0.9586
15 0.2834 0.8120 0.3309 0.8120 0.3309 0.8728 0.2834 0.8728
15 0.2728 0.8707 0.3432 0.8707 0.3432 0.9525 0.2728 0.9525
15 0.6945 0.5155 0.7289 0.5155 0.7289 0.5557 0.6945 0.5557
