0 0.7679 0.1000 0.8784 0.1000 0.8784 0.2884 0.7679 0.2884
0 0.7662 0.3887 0.8981 0.3887 0.8981 0.5845 0.7662 0.5845
0 0.2408 0.5340 0.4035 0.5340 0.4035 0.6932 0.2408 0.6932
0 0.6591 0.6114 0.8855 0.6114 0.8855 0.8330 0.6591 0.8330
1 0.6551 0.9474 0.6632 0.9474 0.6632 0.9650 0.6551 0.9650
1 0.2971 0.0615 0.3015 0.0615 0.3015 0.1185 0.2971 0.1185
1 0.3365 0.5254 0.3458 0.5254 0.3458 0.6182 0.3365 0.6182
1 0.4734 0.0312 0.4763 0.0312 0.4763 0.0560 0.4734 0.0560
2 0.2116 0.4964 0.2544 0.4964 0.2544 0.6000 0.2116 0.6000
2 0.8810 0.8034 0.9481 0.8034 0.9481 0.8714 0.8810 0.8714
2 0.1676 0.6959 0.1827 0.6959 0.1827 0.7269 0.1676 0.7269
2 0.2008 0.0763 0.2098 0.0763 0.2098 0.1277 0.2008 0.1277
3 0.0144 0.4764 0.0864 0.4764 0.0864 0.4988 0.0144 0.4988
3 0.1000 0.7499 0.1092 0.7499 0.1092 0.8189 0.1000 0.8189
3 0.0543 0.8572 0.0617 0.8572 0.0617 0.9100 0.0543 0.9100
3 0.9748 0.6767 0.9823 0.6767 0.9823 0.7297 0.9748 0.7297
4 0.3490 0.0555 0.3558 0.0555 0.3558 0.0773 0.3490 0.0773
4 0.8503 0.8071 0.8743 0.8071 0.8743 0.8233 0.8503 0.8233
4 0.3669 0.1312 0.3726 0.1312 0.3726 0.1340 0.3669 0.1340
4 0.5396 0.9454 0.5553 0.9454 0.5553 0.9586 0.5396 0.9586
6 0.5319 0.3515 0.8146 0.3515 0.8146 0.5509 0.5319 0.5509
6 0.4456 0.4819 0.4893 0.4819 0.4893 0.5433 0.4456 0.5433
6 0.3794 0.8535 0.4060 0.8535 0.4060 0.8785 0.3794 0.8785
6 0.8704 0.5775 0.9564 0.5775 0.9564 0.6985 0.8704 0.6985
7 0.7843 0.5678 0.8006 0.5678 0.8006 0.6458 0.7843 0.6458
7 0.4557 0.1039 0.4612 0.1039 0.4612 0.1185 0.4557 0.1185
7 0.7537 0.3131 0.7623 0.3131 0.7623 0.3457 0.7537 0.3457
7 0.8188 0.3639 0.8612 0.3639 0.8612 0.4889 0.8188 0.4889
9 0.8142 0.6419 0.8452 0.6419 0.8452 0.7501 0.8142 0.7501
9 0.4902 0.0323 0.6061 0.0323 0.6061 0.0697 0.4902 0.0697
9 0.6017 0.1548 0.7066 0.1548 0.7066 0.2148 0.6017 0.2148
9 0.7619 0.7611 0.8078 0.7611 0.8078 0.9125 0.7619 0.9125
12 0.0528 0.2028 0.0589 0.2028 0.0589 0.4120 0.0528 0.4120
12 0.2444 0.0727 0.5824 0.0727 0.5824 0.1349 0.2444 0.1349
12 0.5450 0.4679 0.5610 0.4679 0.5610 0.5489 0.5450 0.5489
12 0.9291 0.3199 0.9592 0.3199 0.9592 0.4353 0.9291 0.4353
13 0.0983 0.0879 0.1040 0.0879 0.1040 0.1253 0.0983 0.1253
13 0.4270 0.9240 0.4335 0.9240 0.4335 0.9432 0.4270 0.9432
13 0.1331 0.7319 0.1424 0.7319 0.1424 0.7365 0.1331 0.7365
13 0.1646 0.4940 0.1806 0.4940 0.1806 0.5416 0.1646 0.5416
15 0.7108 0.1803 0.7960 0.1803 0.7960 0.2957 0.7108 0.2957
15 0.4379 0.4850 0.4955 0.4850 0.4955 0.5590 0.4379 0.5590
15 0.4453 0.0695 0.5353 0.0695 0.5353 0.1557 0.4453 0.1557
15 0.8171 0.8251 0.9034 0.8251 0.9034 0.8985 0.8171 0.8985
