0 0.1473 0.3802 0.1867 0.3802 0.1867 0.9038 0.1473 0.9038
0 0.1540 0.0911 0.2500 0.0911 0.2500 0.4113 0.1540 0.4113
0 0.0523 0.5467 0.1906 0.5467 0.1906 0.9541 0.0523 0.9541
0 0.0968 0.5279 0.2907 0.5279 0.2907 0.7177 0.0968 0.7177
1 0.1351 0.3118 0.1603 0.3118 0.1603 0.3234 0.1351 0.3234
1 0.2973 0.4358 0.3138 0.4358 0.3138 0.4434 0.2973 0.4434
1 0.6879 0.4974 0.6952 0.4974 0.6952 0.5914 0.6879 0.5914
1 0.9402 0.1139 0.9441 0.1139 0.9441 0.1477 0.9402 0.1477
2 0.2379 0.4419 0.3012 0.4419 0.3012 0.4933 0.2379 0.4933
2 0.2257 0.2548 0.2472 0.2548 0.2472 0.5044 0.2257 0.5044
2 0.4002 0.6224 0.4953 0.6224 0.4953 0.6540 0.4002 0.6540
2 0.8071 0.4392 0.8889 0.4392 0.8889 0.5248 0.8071 0.5248
3 0.4816 0.4535 0.4869 0.4535 0.4869 0.4913 0.4816 0.4913
3 0.8086 0.4327 0.9400 0.4327 0.9400 0.4637 0.8086 0.4637
3 0.7950 0.8292 0.8493 0.8292 0.8493 0.8476 0.7950 0.8476
3 0.3308 0.9348 0.4335 0.9348 0.4335 0.9668 0.3308 0.9668
4 0.8060 0.6414 0.8129 0.6414 0.8129 0.6546 0.8060 0.6546
4 0.0593 0.0263 0.0827 0.0263 0.0827 0.0437 0.0593 0.0437
4 0.5779 0.9399 0.5909 0.9399 0.5909 0.9761 0.5779 0.9761
4 0.1313 0.7778 0.1367 0.7778 0.1367 0.7950 0.1313 0.7950
6 0.8628 0.5039 0.9318 0.5039 0.9318 0.5365 0.8628 0.5365
6 0.2682 0.2100 0.4498 0.2100 0.4498 0.3380 0.2682 0.3380
6 0.6376 0.7230 0.6572 0.7230 0.6572 0.7294 0.6376 0.7294
6 0.4530 0.3216 0.5207 0.3216 0.5207 0.4168 0.4530 0.4168
7 0.0802 0.1815 0.0864 0.1815 0.0864 0.2001 0.0802 0.2001
7 0.9527 0.9494 0.9587 0.9494 0.9587 0.9662 0.9527 0.9662
7 0.3742 0.7470 0.3867 0.7470 0.3867 0.7826 0.3742 0.7826
7 0.5959 0.7835 0.6072 0.7835 0.6072 0.7929 0.5959 0.7929
9 0.4856 0.2590 0.6104 0.2590 0.6104 0.3074 0.4856 0.3074
9 0.2082 0.3158 0.3144 0.3158 0.3144 0.6586 0.2082 0.6586
9 0.8166 0.3224 0.8509 0.3224 0.8509 0.4944 0.8166 0.4944
9 0.6700 0.7232 0.7249 0.7232 0.7249 0.9984 0.6700 0.9984
12 0.9125 0.4835 0.9192 0.4835 0.9192 0.7313 0.9125 0.7313
12 0.0754 0.0090 0.1166 0.0090 0.1166 0.0130 0.0754 0.0130
12 0.2902 0.8063 0.3233 0.8063 0.3233 0.9334 0.2902 0.9334
12 0.1800 0.0750 0.8315 0.0750 0.8315 0.1950 0.1800 0.1950
13 0.9027 0.0607 0.9070 0.0607 0.9070 0.0729 0.9027 0.0729
13 0.7745 0.3634 0.7764 0.3634 0.7764 0.4650 0.7745 0.4650
13 0.0974 0.3287 0.1231 0.3287 0.1231 0.3517 0.0974 0.3517
13 0.5088 0.1467 0.5192 0.1467 0.5192 0.2149 0.5088 0.2149
15 0.1571 0.0102 0.2209 0.0102 0.2209 0.0958 0.1571 0.0958
15 0.1022 0.5435 0.1564 0.5435 0.1564 0.5969 0.1022 0.5969
15 0.3825 0.8120 0.4618 0.8120 0.4618 0.8776 0.3825 0.8776
15 0.5477 0.6907 0.6341 0.6907 0.6341 0.7913 0.5477 0.7913
