0 0.6971 0.1627 0.7643 0.1627 0.7643 0.4393 0.6971 0.4393
0 0.6471 0.6546 0.7441 0.6546 0.7441 0.8574 0.6471 0.8574
0 0.3236 0.2459 0.4344 0.2459 0.4344 0.5509 0.3236 0.5509
0 0.6151 0.4635 0.7969 0.4635 0.7969 0.9637 0.6151 0.9637
1 0.0271 0.1075 0.0309 0.1075 0.0309 0.1417 0.0271 0.1417
1 0.6271 0.2067 0.6289 0.2067 0.6289 0.2209 0.6271 0.2209
1 0.2245 0.5870 0.2441 0.5870 0.2441 0.6294 0.2245 0.6294
1 0.5846 0.0128 0.5977 0.0128 0.5977 0.1532 0.5846 0.1532
2 0.3020 0.2303 0.3066 0.2303 0.3066 0.2817 0.3020 0.2817
2 0.8414 0.7023 0.9015 0.7023 0.9015 0.7337 0.8414 0.7337
2 0.3050 0.4479 0.3492 0.4479 0.3492 0.5121 0.3050 0.5121
2 0.1697 0.7463 0.2012 0.7463 0.2012 0.8457 0.1697 0.8457
3 0.1899 0.8462 0.2079 0.8462 0.2079 0.9806 0.1899 0.9806
3 0.2528 0.1302 0.3921 0.1302 0.3921 0.1630 0.2528 0.1630
3 0.1208 0.6678 0.1275 0.6678 0.1275 0.7150 0.1208 0.7150
3 0.7128 0.8954 0.7895 0.8954 0.7895 0.9190 0.7128 0.9190
4 0.4600 0.5399 0.4663 0.5399 0.4663 0.5493 0.4600 0.5493
4 0.2711 0.6107 0.2952 0.6107 0.2952 0.6269 0.2711 0.6269
4 0.5924 0.6380 0.6044 0.6380 0.6044 0.6480 0.5924 0.6480
4 0.7207 0.7763 0.8030 0.7763 0.8030 0.7969 0.7207 0.7969
6 0.1319 0.2267 0.1875 0.2267 0.1875 0.3049 0.1319 0.3049
6 0.8959 0.4654 0.9264 0.4654 0.9264 0.4942 0.8959 0.4942
6 0.6654 0.3978 0.7020 0.3978 0.7020 0.5010 0.6654 0.5010
6 0.3877 0.5496 0.4475 0.5496 0.4475 0.7180 0.3877 0.7180
7 0.5385 0.6827 0.5598 0.6827 0.5598 0.7625 0.5385 0.7625
7 0.2773 0.4798 0.3007 0.4798 0.3007 0.5522 0.2773 0.5522
7 0.3299 0.7756 0.3618 0.7756 0.3618 0.8380 0.3299 0.8380
7 0.1174 0.0610 0.1257 0.0610 0.1257 0.1178 0.1174 0.1178
9 0.2290 0.5003 0.3598 0.5003 0.3598 0.5433 0.2290 0.5433
9 0.0476 0.0907 0.0718 0.0907 0.0718 0.2325 0.0476 0.2325
9 0.8759 0.7223 0.9341 0.7223 0.9341 0.7777 0.8759 0.7777
9 0.5499 0.2210 0.6001 0.2210 0.6001 0.4726 0.5499 0.4726
12 0.0348 0.5996 0.0609 0.5996 0.0609 0.9036 0.0348 0.9036
12 0.5191 0.4983 0.6718 0.4983 0.6718 0.5593 0.5191 0.5593
12 0.3276 0.7854 0.3432 0.7854 0.3432 0.8950 0.3276 0.8950
12 0.2120 0.1548 0.2303 0.1548 0.2303 0.3004 0.2120 0.3004
13 0.6531 0.0687 0.6647 0.0687 0.6647 0.0925 0.6531 0.0925
13 0.2502 0.3812 0.2920 0.3812 0.2920 0.4112 0.2502 0.4112
13 0.8193 0.2791 0.8384 0.2791 0.8384 0.2965 0.8193 0.2965
13 0.6231 0.4135 0.6475 0.4135 0.6475 0.4573 0.6231 0.4573
15 0.5662 0.5832 0.6070 0.5832 0.6070 0.6600 0.5662 0.6600
15 0.5353 0.0598 0.5695 0.0598 0.5695 0.1090 0.5353 0.1090
15 0.2971 0.2419 0.3555 0.2419 0.3555 0.3073 0.2971 0.3073
15 0.2064 0.7460 0.3230 0.7460 0.3230 0.8716 0.2064 0.8716
