0 0.6688 0.9142 0.7681 0.9142 0.7681 0.9938 0.6688 0.9938
0 0.8207 0.1595 0.9627 0.1595 0.9627 0.3237 0.8207 0.3237
0 0.3574 0.7850 0.4749 0.7850 0.4749 0.9854 0.3574 0.9854
0 0.2620 0.4346 0.6609 0.4346 0.6609 0.6862 0.2620 0.6862
1 0.5353 0.5115 0.5404 0.5115 0.5404 0.5301 0.5353 0.5301
1 0.4733 0.0027 0.4795 0.0027 0.4795 0.0253 0.4733 0.0253
1 0.4237 0.2412 0.4255 0.2412 0.4255 0.2728 0.4237 0.2728
1 0.7548 0.9026 0.7623 0.9026 0.7623 0.9998 0.7548 0.9998
2 0.6582 0.2383 0.6955 0.2383 0.6955 0.3289 0.6582 0.3289
2 0.0499 0.9371 0.1038 0.9371 0.1038 0.9653 0.0499 0.9653
2 0.6482 0.7066 0.7007 0.7066 0.7007 0.7134 0.6482 0.7134
2 0.7442 0.4576 0.7472 0.4576 0.7472 0.5016 0.7442 0.5016
3 0.2808 0.2888 0.4001 0.2888 0.4001 0.3180 0.2808 0.3180
3 0.4274 0.2760 0.5586 0.2760 0.5586 0.3068 0.4274 0.3068
3 0.7857 0.0898 0.7926 0.0898 0.7926 0.1386 0.7857 0.1386
3 0.2071 0.4888 0.2289 0.4888 0.2289 0.5740 0.2071 0.5740
4 0.7388 0.4719 0.7569 0.4719 0.7569 0.4849 0.7388 0.4849
4 0.1550 0.7751 0.1770 0.7751 0.1770 0.8265 0.1550 0.8265
4 0.2933 0.7346 0.3104 0.7346 0.3104 0.7506 0.2933 0.7506
4 0.3585 0.7355 0.3727 0.7355 0.3727 0.7453 0.3585 0.7453
6 0.3173 0.7344 0.3370 0.7344 0.3370 0.7624 0.3173 0.7624
6 0.3602 0.6611 0.3738 0.6611 0.3738 0.6805 0.3602 0.6805
6 0.2902 0.2863 0.3490 0.2863 0.3490 0.4521 0.2902 0.4521
6 0.2953 0.0771 0.3870 0.0771 0.3870 0.3353 0.2953 0.3353
7 0.3802 0.3871 0.3973 0.3871 0.3973 0.3949 0.3802 0.3949
7 0.3310 0.2571 0.3407 0.2571 0.3407 0.2833 0.3310 0.2833
7 0.7620 0.4202 0.7697 0.4202 0.7697 0.4454 0.7620 0.4454
7 0.7479 0.0146 0.7575 0.0146 0.7575 0.0422 0.7479 0.0422
9 0.5102 0.8039 0.5612 0.8039 0.5612 0.9817 0.5102 0.9817
9 0.4520 0.7647 0.5040 0.7647 0.5040 0.9365 0.4520 0.9365
9 0.0725 0.3591 0.0983 0.3591 0.0983 0.4493 0.0725 0.4493
9 0.0764 0.7999 0.2196 0.7999 0.2196 0.8465 0.0764 0.8465
12 0.2802 0.4290 0.2967 0.4290 0.2967 0.4434 0.2802 0.4434
12 0.2953 0.1111 0.3198 0.1111 0.3198 0.2053 0.2953 0.2053
12 0.2036 0.2815 0.2607 0.2815 0.2607 0.8309 0.2036 0.8309
12 0.4302 0.5024 0.4781 0.5024 0.4781 0.5304 0.4302 0.5304
13 0.7313 0.5754 0.7387 0.5754 0.7387 0.8702 0.7313 0.8702
13 0.5879 0.4075 0.6198 0.4075 0.6198 0.4629 0.5879 0.4629
13 0.1628 0.8351 0.1709 0.8351 0.1709 0.8881 0.1628 0.8881
13 0.8722 0.2103 0.8904 0.2103 0.8904 0.2377 0.8722 0.2377
15 0.3702 0.6479 0.4004 0.6479 0.4004 0.6833 0.3702 0.6833
15 0.6996 0.0883 0.7429 0.0883 0.7429 0.1401 0.6996 0.1401
15 0.5982 0.4087 0.6527 0.4087 0.6527 0.4713 0.5982 0.4713
15 0.2722 0.8303 0.3129 0.8303 0.3129 0.8905 0.2722 0.8905
