0 0.3465 0.8476 0.8275 0.8476 0.8275 0.9664 0.3465 0.9664
0 0.3137 0.5243 0.3394 0.5243 0.3394 0.8669 0.3137 0.8669
0 0.3174 0.5768 0.4412 0.5768 0.4412 0.9892 0.3174 0.9892
0 0.5540 0.2839 0.6426 0.2839 0.6426 0.9705 0.5540 0.9705
1 0.3473 0.6515 0.3615 0.6515 0.3615 0.6593 0.3473 0.6593
1 0.1891 0.6963 0.1955 0.6963 0.1955 0.7197 0.1891 0.7197
1 0.1423 0.5448 0.1526 0.5448 0.1526 0.5536 0.1423 0.5536
1 0.0171 0.1355 0.0289 0.1355 0.0289 0.1457 0.0171 0.1457
2 0.4390 0.7203 0.4975 0.7203 0.4975 0.7713 0.4390 0.7713
2 0.5197 0.2955 0.5694 0.2955 0.5694 0.4373 0.5197 0.4373
2 0.2034 0.3155 0.2240 0.3155 0.2240 0.3549 0.2034 0.3549
2 0.2136 0.7392 0.2601 0.7392 0.2601 0.8540 0.2136 0.8540
3 0.9256 0.5119 0.9370 0.5119 0.9370 0.5921 0.9256 0.5921
3 0.2573 0.5860 0.3375 0.5860 0.3375 0.6072 0.2573 0.6072
3 0.9662 0.1627 0.9789 0.1627 0.9789 0.2529 0.9662 0.2529
3 0.4040 0.7403 0.4100 0.7403 0.4100 0.8385 0.4040 0.8385
4 0.2505 0.1542 0.2647 0.1542 0.2647 0.1626 0.2505 0.1626
4 0.9368 0.5366 0.9469 0.5366 0.9469 0.5494 0.9368 0.5494
4 0.3108 0.6914 0.3198 0.6914 0.3198 0.7234 0.3108 0.7234
4 0.8476 0.9359 0.8678 0.9359 0.8678 0.9549 0.8476 0.9549
6 0.8122 0.8043 0.8858 0.8043 0.8858 0.8389 0.8122 0.8389
6 0.8525 0.5790 0.8852 0.5790 0.8852 0.6250 0.8525 0.6250
6 0.5322 0.3159 0.5807 0.3159 0.5807 0.4525 0.5322 0.4525
6 0.5114 0.7972 0.6606 0.7972 0.6606 0.9024 0.5114 0.9024
7 0.8216 0.0060 0.8373 0.0060 0.8373 0.0964 0.8216 0.0964
7 0.8151 0.7903 0.8309 0.7903 0.8309 0.8621 0.8151 0.8621
7 0.7854 0.6852 0.8080 0.6852 0.8080 0.7452 0.7854 0.7452
7 0.8205 0.1543 0.8297 0.1543 0.8297 0.1605 0.8205 0.1605
9 0.6422 0.3743 0.6933 0.3743 0.6933 0.4229 0.6422 0.4229
9 0.0840 0.1474 0.1300 0.1474 0.1300 0.3750 0.0840 0.3750
9 0.1030 0.3067 0.1638 0.3067 0.1638 0.5029 0.1030 0.5029
9 0.4285 0.6808 0.4623 0.6808 0.4623 0.7988 0.4285 0.7988
12 0.7773 0.7879 0.8107 0.7879 0.8107 0.9581 0.7773 0.9581
12 0.1999 0.1199 0.3098 0.1199 0.3098 0.1617 0.1999 0.1617
12 0.2528 0.8199 0.4655 0.8199 0.4655 0.8569 0.2528 0.8569
12 0.6939 0.0990 0.7995 0.0990 0.7995 0.1278 0.6939 0.1278
13 0.8097 0.1008 0.8269 0.1008 0.8269 0.1168 0.8097 0.1168
13 0.5385 0.5894 0.5429 0.5894 0.5429 0.6022 0.5385 0.6022
13 0.3228 0.1999 0.3297 0.1999 0.3297 0.2245 0.3228 0.2245
13 0.2982 0.4439 0.3509 0.4439 0.3509 0.4909 0.2982 0.4909
15 0.4034 0.5500 0.5058 0.5500 0.5058 0.7028 0.4034 0.7028
15 0.8743 0.1763 0.9249 0.1763 0.9249 0.2501 0.8743 0.2501
15 0.2573 0.2183 0.2981 0.2183 0.2981 0.3009 0.2573 0.3009
15 0.3094 0.6759 0.3480 0.6759 0.3480 0.7277 0.3094 0.7277
