0 0.3317 0.2594 0.4657 0.2594 0.4657 0.7662 0.3317 0.7662
0 0.3604 0.0411 0.4084 0.0411 0.4084 0.6793 0.3604 0.6793
0 0.4634 0.1415 0.6186 0.1415 0.6186 0.7809 0.4634 0.7809
0 0.0554 0.3531 0.1864 0.3531 0.1864 0.5765 0.0554 0.5765
1 0.4688 0.5802 0.4709 0.5802 0.4709 0.5970 0.4688 0.5970
1 0.8933 0.7723 0.9098 0.7723 0.9098 0.7793 0.8933 0.7793
1 0.5483 0.2095 0.5803 0.2095 0.5803 0.2157 0.5483 0.2157
1 0.8039 0.9278 0.8184 0.9278 0.8184 0.9306 0.8039 0.9306
2 0.6570 0.8356 0.8430 0.8356 0.8430 0.9868 0.6570 0.9868
2 0.7188 0.0051 0.7349 0.0051 0.7349 0.0613 0.7188 0.0613
2 0.8776 0.0636 0.9378 0.0636 0.9378 0.2032 0.8776 0.2032
2 0.2019 0.1039 0.2232 0.1039 0.2232 0.1517 0.2019 0.1517
3 0.0260 0.7503 0.0878 0.7503 0.0878 0.7713 0.0260 0.7713
3 0.6437 0.7483 0.7340 0.7483 0.7340 0.7761 0.6437 0.7761
3 0.2171 0.5395 0.2254 0.5395 0.2254 0.6741 0.2171 0.6741
3 0.0597 0.7591 0.0698 0.7591 0.0698 0.8345 0.0597 0.8345
4 0.4420 0.1058 0.4575 0.1058 0.4575 0.1286 0.4420 0.1286
4 0.4564 0.3248 0.4899 0.3248 0.4899 0.3808 0.4564 0.3808
4 0.1811 0.2271 0.1952 0.2271 0.1952 0.2321 0.1811 0.2321
4 0.8708 0.1255 0.8763 0.1255 0.8763 0.1353 0.8708 0.1353
6 0.8076 0.7062 0.8312 0.7062 0.8312 0.7398 0.8076 0.7398
6 0.8820 0.0479 0.9637 0.0479 0.9637 0.1629 0.8820 0.1629
6 0.5913 0.3050 0.6890 0.3050 0.6890 0.3510 0.5913 0.3510
6 0.5220 0.2636 0.5555 0.2636 0.5555 0.2744 0.5220 0.2744
7 0.9659 0.8319 0.9849 0.8319 0.9849 0.9193 0.9659 0.9193
7 0.1190 0.5671 0.1281 0.5671 0.1281 0.6461 0.1190 0.6461
7 0.8610 0.4399 0.8804 0.4399 0.8804 0.5077 0.8610 0.5077
7 0.2316 0.7808 0.2404 0.7808 0.2404 0.7852 0.2316 0.7852
9 0.5771 0.0787 0.6752 0.0787 0.6752 0.1349 0.5771 0.1349
9 0.6600 0.4315 0.7080 0.4315 0.7080 0.5685 0.6600 0.5685
9 0.0985 0.3386 0.2729 0.3386 0.2729 0.4442 0.0985 0.4442
9 0.5308 0.5775 0.5500 0.5775 0.5500 0.6721 0.5308 0.6721
12 0.5137 0.0684 0.5863 0.0684 0.5863 0.0960 0.5137 0.0960
12 0.8943 0.3096 0.9389 0.3096 0.9389 0.7384 0.8943 0.7384
12 0.1671 0.6952 0.2015 0.6952 0.2015 0.8656 0.1671 0.8656
12 0.4771 0.4118 0.5409 0.4118 0.5409 0.4466 0.4771 0.4466
13 0.7559 0.9138 0.7941 0.9138 0.7941 0.9378 0.7559 0.9378
13 0.8448 0.5832 0.8746 0.5832 0.8746 0.6652 0.8448 0.6652
13 0.4928 0.5923 0.5069 0.5923 0.5069 0.6041 0.4928 0.6041
13 0.2654 0.8011 0.2786 0.8011 0.2786 0.8493 0.2654 0.8493
15 0.7033 0.4407 0.7401 0.4407 0.7401 0.5185 0.7033 0.5185
15 0.2646 0.4987 0.3500 0.4987 0.3500 0.5969 0.2646 0.5969
15 0.7564 0.5083 0.7738 0.5083 0.7738 0.5769 0.7564 0.5769
15 0.1843 0.3174 0.2189 0.3174 0.2189 0.3686 0.1843 0.3686
