0 0.2083 0.8008 0.2832 0.8008 0.2832 0.8608 0.2083 0.8608
0 0.2279 0.5806 0.3518 0.5806 0.3518 0.7918 0.2279 0.7918
0 0.0982 0.0454 0.3121 0.0454 0.3121 0.5910 0.0982 0.5910
0 0.1273 0.8952 0.2093 0.8952 0.2093 0.9608 0.1273 0.9608
1 0.8665 0.5887 0.9167 0.5887 0.9167 0.7153 0.8665 0.7153
1 0.3070 0.7767 0.3147 0.7767 0.3147 0.8589 0.3070 0.8589
1 0.0534 0.2651 0.0649 0.2651 0.0649 0.3793 0.0534 0.3793
1 0.3748 0.3451 0.4146 0.3451 0.4146 0.4457 0.3748 0.4457
2 0.3808 0.3755 0.3943 0.3755 0.3943 0.5557 0.3808 0.5557
2 0.1090 0.2896 0.1844 0.2896 0.1844 0.4176 0.1090 0.4176
2 0.5262 0.1032 0.5938 0.1032 0.5938 0.2012 0.5262 0.2012
2 0.0190 0.0610 0.0967 0.0610 0.0967 0.1214 0.0190 0.1214
3 0.7374 0.2272 0.8209 0.2272 0.8209 0.2468 0.7374 0.2468
3 0.6211 0.3447 0.6801 0.3447 0.6801 0.3653 0.6211 0.3653
3 0.4103 0.3850 0.4560 0.3850 0.4560 0.4006 0.4103 0.4006
3 0.4071 0.8047 0.4635 0.8047 0.4635 0.8221 0.4071 0.8221
4 0.7611 0.0047 0.7809 0.0047 0.7809 0.0189 0.7611 0.0189
4 0.1270 0.7219 0.1321 0.7219 0.1321 0.7381 0.1270 0.7381
4 0.6920 0.3543 0.6975 0.3543 0.6975 0.3813 0.6920 0.3813
4 0.4069 0.8131 0.4149 0.8131 0.4149 0.8221 0.4069 0.8221
6 0.8462 0.7991 0.8955 0.7991 0.8955 0.9381 0.8462 0.9381
6 0.7731 0.3748 0.8049 0.3748 0.8049 0.4048 0.7731 0.4048
6 0.8108 0.1968 0.8806 0.1968 0.8806 0.2296 0.8108 0.2296
6 0.2787 0.6674 0.3261 0.6674 0.3261 0.6898 0.2787 0.6898
7 0.0685 0.6402 0.0835 0.6402 0.0835 0.6834 0.0685 0.6834
7 0.4326 0.3622 0.4374 0.3622 0.4374 0.3866 0.4326 0.3866
7 0.2177 0.4306 0.2363 0.4306 0.2363 0.4350 0.2177 0.4350
7 0.9757 0.3827 0.9949 0.3827 0.9949 0.4633 0.9757 0.4633
9 0.2370 0.5368 0.2590 0.5368 0.2590 0.6464 0.2370 0.6464
9 0.3440 0.3399 0.4772 0.3399 0.4772 0.3829 0.3440 0.3829
9 0.3350 0.8511 0.3681 0.8511 0.3681 0.9601 0.3350 0.9601
9 0.8243 0.8170 0.9206 0.8170 0.9206 0.8482 0.8243 0.8482
12 0.2637 0.4007 0.2769 0.4007 0.2769 0.5057 0.2637 0.5057
12 0.7645 0.1014 0.7929 0.1014 0.7929 0.2106 0.7645 0.2106
12 0.0487 0.3059 0.0904 0.3059 0.0904 0.3453 0.0487 0.3453
12 0.1503 0.9284 0.4194 0.9284 0.4194 0.9752 0.1503 0.9752
13 0.8617 0.9487 0.9138 0.9487 0.9138 0.9861 0.8617 0.9861
13 0.5556 0.5891 0.5655 0.5891 0.5655 0.6185 0.5556 0.6185
13 0.9356 0.1151 0.9407 0.1151 0.9407 0.1253 0.9356 0.1253
13 0.7939 0.2239 0.8021 0.2239 0.8021 0.2333 0.7939 0.2333
15 0.2888 0.1220 0.3332 0.1220 0.3332 0.1752 0.2888 0.1752
15 0.4940 0.3655 0.5200 0.3655 0.5200 0.4137 0.4940 0.4137
15 0.1253 0.2263 0.1641 0.2263 0.1641 0.2645 0.1253 0.2645
15 0.8868 0.5474 0.9415 0.5474 0.9415 0.6130 0.8868 0.6130
