0 0.3536 0.2823 0.4472 0.2823 0.4472 0.4781 0.3536 0.4781
0 0.0220 0.3704 0.1754 0.3704 0.1754 0.7616 0.0220 0.7616
0 0.0274 0.8231 0.3149 0.8231 0.3149 0.9297 0.0274 0.9297
0 0.5463 0.1675 0.6411 0.1675 0.6411 0.3293 0.5463 0.3293
1 0.7322 0.6256 0.7356 0.6256 0.7356 0.6528 0.7322 0.6528
1 -0.0000 0.5735 0.0086 0.5735 0.0086 0.5809 -0.0000 0.5809
1 0.4468 0.9031 0.4501 0.9031 0.4501 0.9293 0.4468 0.9293
1 0.0070 0.7096 0.0256 0.7096 0.0256 0.7468 0.0070 0.7468
2 0.6422 0.5323 0.8167 0.5323 0.8167 0.5749 0.6422 0.5749
2 0.9394 0.3902 0.9886 0.3902 0.9886 0.3966 0.9394 0.3966
2 0.1202 0.1099 0.2035 0.1099 0.2035 0.1701 0.1202 0.1701
2 0.2171 0.5302 0.3669 0.5302 0.3669 0.5566 0.2171 0.5566
3 0.0051 0.1439 0.0275 0.1439 0.0275 0.3033 0.0051 0.3033
3 0.4513 0.3119 0.4696 0.3119 0.4696 0.4417 0.4513 0.4417
3 0.1231 0.2219 0.1466 0.2219 0.1466 0.3137 0.1231 0.3137
3 0.3465 0.5971 0.3569 0.5971 0.3569 0.6769 0.3465 0.6769
4 0.6551 0.4558 0.6755 0.4558 0.6755 0.4630 0.6551 0.4630
4 0.9768 0.3934 0.9932 0.3934 0.9932 0.4174 0.9768 0.4174
4 0.2241 0.4819 0.2539 0.4819 0.2539 0.5025 0.2241 0.5025
4 0.7702 0.1300 0.7972 0.1300 0.7972 0.1528 0.7702 0.1528
6 0.0665 0.3959 0.1032 0.3959 0.1032 0.4305 0.0665 0.4305
6 0.1074 0.1212 0.3894 0.1212 0.3894 0.3200 0.1074 0.3200
6 0.1150 0.3259 0.1501 0.3259 0.1501 0.3373 0.1150 0.3373
6 0.6257 0.6515 0.7115 0.6515 0.7115 0.7721 0.6257 0.7721
7 0.9119 0.5235 0.9401 0.5235 0.9401 0.6461 0.9119 0.6461
7 0.8397 0.7546 0.8466 0.7546 0.8466 0.7870 0.8397 0.7870
7 0.0256 0.4200 0.0518 0.4200 0.0518 0.5396 0.0256 0.5396
7 0.7339 0.2999 0.7461 0.2999 0.7461 0.3513 0.7339 0.3513
9 0.0304 0.3816 0.0556 0.3816 0.0556 0.5040 0.0304 0.5040
9 0.1160 0.7447 0.1706 0.7447 0.1706 0.9249 0.1160 0.9249
9 0.9511 0.0303 0.9832 0.0303 0.9832 0.0609 0.9511 0.0609
9 0.5665 0.1058 0.6046 0.1058 0.6046 0.2390 0.5665 0.2390
12 0.3120 0.4387 0.3560 0.4387 0.3560 0.4429 0.3120 0.4429
12 0.6954 0.2967 0.7909 0.2967 0.7909 0.3217 0.6954 0.3217
12 0.5376 0.0480 0.5475 0.0480 0.5475 0.3900 0.5376 0.3900
12 0.8345 0.1639 0.8655 0.1639 0.8655 0.4093 0.8345 0.4093
13 0.1813 0.7955 0.1941 0.7955 0.1941 0.8073 0.1813 0.8073
13 0.2714 0.2358 0.3640 0.2358 0.3640 0.2874 0.2714 0.2874
13 0.3562 0.2516 0.3607 0.2516 0.3607 0.4340 0.3562 0.4340
13 0.0443 0.3988 0.0855 0.3988 0.0855 0.4728 0.0443 0.4728
15 0.7917 0.2867 0.8581 0.2867 0.8581 0.3521 0.7917 0.3521
15 0.5717 0.5584 0.6146 0.5584 0.6146 0.5996 0.5717 0.5996
15 0.0222 0.6118 0.1658 0.6118 0.1658 0.7306 0.0222 0.7306
15 0.2608 0.1251 0.3609 0.1251 0.3609 0.2745 0.2608 0.2745
