0 0.4103 0.2771 0.5557 0.2771 0.5557 0.8765 0.4103 0.8765
0 0.1588 0.3286 0.4060 0.3286 0.4060 0.4634 0.1588 0.4634
0 0.3897 0.2639 0.5220 0.2639 0.5220 0.6281 0.3897 0.6281
0 0.4254 0.3798 0.6106 0.3798 0.6106 0.4486 0.4254 0.4486
1 0.1931 0.2447 0.2074 0.2447 0.2074 0.3977 0.1931 0.3977
1 0.4365 0.2063 0.4472 0.2063 0.4472 0.3117 0.4365 0.3117
1 0.2099 0.8796 0.2138 0.8796 0.2138 0.8936 0.2099 0.8936
1 0.4733 0.8979 0.4813 0.8979 0.4813 0.9765 0.4733 0.9765
2 0.6522 0.8151 0.6821 0.8151 0.6821 0.8457 0.6522 0.8457
2 0.6453 0.0508 0.7112 0.0508 0.7112 0.1628 0.6453 0.1628
2 0.9105 0.2655 0.9586 0.2655 0.9586 0.2905 0.9105 0.2905
2 0.7102 0.4683 0.7827 0.4683 0.7827 0.6973 0.7102 0.6973
3 0.9328 0.4647 0.9818 0.4647 0.9818 0.4797 0.9328 0.4797
3 0.7456 0.3035 0.7607 0.3035 0.7607 0.3621 0.7456 0.3621
3 0.3182 0.0630 0.4124 0.0630 0.4124 0.0862 0.3182 0.0862
3 0.0722 0.8802 0.1109 0.8802 0.1109 0.8934 0.0722 0.8934
4 0.1471 0.3078 0.1595 0.3078 0.1595 0.3162 0.1471 0.3162
4 0.6551 0.4616 0.6789 0.4616 0.6789 0.4792 0.6551 0.4792
4 0.0276 0.3684 0.0333 0.3684 0.0333 0.4280 0.0276 0.4280
4 0.6079 0.9271 0.6244 0.9271 0.6244 0.9381 0.6079 0.9381
6 0.8154 0.5028 0.9163 0.5028 0.9163 0.7872 0.8154 0.7872
6 0.5240 0.3619 0.5697 0.3619 0.5697 0.4049 0.5240 0.4049
6 0.6693 0.6371 0.7615 0.6371 0.7615 0.6805 0.6693 0.6805
6 0.3324 0.9651 0.3747 0.9651 0.3747 0.9849 0.3324 0.9849
7 0.3171 0.7616 0.3509 0.7616 0.3509 0.9240 0.3171 0.9240
7 0.2453 0.3608 0.2553 0.3608 0.2553 0.4228 0.2453 0.4228
7 0.6950 0.5055 0.7041 0.5055 0.7041 0.5969 0.6950 0.5969
7 0.6242 0.6927 0.6403 0.6927 0.6403 0.7361 0.6242 0.7361
9 0.1843 0.6507 0.3432 0.6507 0.3432 0.7021 0.1843 0.7021
9 0.8828 0.1536 0.9261 0.1536 0.9261 0.2932 0.8828 0.2932
9 0.1407 0.4711 0.2913 0.4711 0.2913 0.5205 0.1407 0.5205
9 0.6574 0.6280 0.7112 0.6280 0.7112 0.8976 0.6574 0.8976
12 0.1884 0.7643 0.2501 0.7643 0.2501 0.7805 0.1884 0.7805
12 0.3879 0.7188 0.4567 0.7188 0.4567 0.7368 0.3879 0.7368
12 0.5524 0.2727 0.6079 0.2727 0.6079 0.3249 0.5524 0.3249
12 0.5919 0.6855 0.6364 0.6855 0.6364 0.8841 0.5919 0.8841
13 0.3716 0.6006 0.4155 0.6006 0.4155 0.6402 0.3716 0.6402
13 0.0031 0.9280 0.0203 0.9280 0.0203 0.9440 0.0031 0.9440
13 0.6862 0.6750 0.6923 0.6750 0.6923 0.6806 0.6862 0.6806
13 0.2814 0.7904 0.3083 0.7904 0.3083 0.8644 0.2814 0.8644
15 0.2676 0.0171 0.3873 0.0171 0.3873 0.1705 0.2676 0.1705
15 0.3780 0.2146 0.4372 0.2146 0.4372 0.3022 0.3780 0.3022
15 0.7143 0.1206 0.8720 0.1206 0.8720 0.2510 0.7143 0.2510
15 0.6108 0.0047 0.6372 0.0047 0.6372 0.0605 0.6108 0.0605
