0 0.6171 0.3419 0.6672 0.3419 0.6672 0.3949 0.6171 0.3949
0 0.7031 0.4515 0.8926 0.4515 0.8926 0.9729 0.7031 0.9729
0 0.5625 0.1563 0.6287 0.1563 0.6287 0.6693 0.5625 0.6693
0 0.6259 0.1490 0.7578 0.1490 0.7578 0.3446 0.6259 0.3446
1 0.1448 0.5476 0.1521 0.5476 0.1521 0.6104 0.1448 0.6104
1 0.9545 0.3575 0.9964 0.3575 0.9964 0.4633 0.9545 0.4633
1 0.8547 0.4951 0.8784 0.4951 0.8784 0.4997 0.8547 0.4997
1 0.5605 0.3114 0.5667 0.3114 0.5667 0.3342 0.5605 0.3342
2 0.2997 0.4343 0.3197 0.4343 0.3197 0.5041 0.2997 0.5041
2 0.3582 0.4051 0.6335 0.4051 0.6335 0.5673 0.3582 0.5673
2 0.7271 0.1887 0.8672 0.1887 0.8672 0.8621 0.7271 0.8621
2 0.7580 0.6744 0.8580 0.6744 0.8580 0.7572 0.7580 0.7572
3 0.6342 0.4078 0.6407 0.4078 0.6407 0.5130 0.6342 0.5130
3 0.7825 0.4759 0.8070 0.4759 0.8070 0.5713 0.7825 0.5713
3 0.5999 0.4963 0.6133 0.4963 0.6133 0.5913 0.5999 0.5913
3 0.2108 0.3327 0.3078 0.3327 0.3078 0.3565 0.2108 0.3565
4 0.9143 0.2947 0.9229 0.2947 0.9229 0.3073 0.9143 0.3073
4 0.6020 0.1402 0.6660 0.1402 0.6660 0.1562 0.6020 0.1562
4 0.0594 0.0607 0.1123 0.0607 0.1123 0.0737 0.0594 0.0737
4 0.3442 0.5171 0.3607 0.5171 0.3607 0.5229 0.3442 0.5229
6 0.1445 0.5327 0.2021 0.5327 0.2021 0.5869 0.1445 0.5869
6 0.1130 0.0544 0.1353 0.0544 0.1353 0.0860 0.1130 0.0860
6 0.7913 0.4258 0.8439 0.4258 0.8439 0.4998 0.7913 0.4998
6 0.8682 0.4006 0.9116 0.4006 0.9116 0.5230 0.8682 0.5230
7 0.3736 0.6287 0.3878 0.6287 0.3878 0.6749 0.3736 0.6749
7 0.5714 0.8655 0.5755 0.8655 0.5755 0.8769 0.5714 0.8769
7 0.7239 0.4584 0.7687 0.4584 0.7687 0.4892 0.7239 0.4892
7 0.3273 0.3399 0.3375 0.3399 0.3375 0.3709 0.3273 0.3709
9 0.1239 0.9448 0.2409 0.9448 0.2409 0.9832 0.1239 0.9832
9 0.0856 0.6872 0.1575 0.6872 0.1575 0.7108 0.0856 0.7108
9 0.5626 0.9260 0.6240 0.9260 0.6240 0.9844 0.5626 0.9844
9 0.8354 0.5419 0.8789 0.5419 0.8789 0.6821 0.8354 0.6821
12 0.6082 0.2347 0.6818 0.2347 0.6818 0.9429 0.6082 0.9429
12 0.4259 0.0292 0.4595 0.0292 0.4595 0.0488 0.4259 0.0488
12 0.9080 0.7806 0.9503 0.7806 0.9503 0.8206 0.9080 0.8206
12 0.6897 0.1572 0.7209 0.1572 0.7209 0.4044 0.6897 0.4044
13 0.3077 0.0043 0.3169 0.0043 0.3169 0.0317 0.3077 0.0317
13 0.3603 0.0855 0.3774 0.0855 0.3774 0.0989 0.3603 0.0989
13 0.2022 0.3415 0.2404 0.3415 0.2404 0.3689 0.2022 0.3689
13 0.0257 0.9714 0.0386 0.9714 0.0386 0.9862 0.0257 0.9862
15 0.8493 0.2303 0.8698 0.2303 0.8698 0.2589 0.8493 0.2589
15 0.3057 0.3084 0.3497 0.3084 0.3497 0.3600 0.3057 0.3600
15 0.8091 0.0911 0.9472 0.0911 0.9472 0.2097 0.8091 0.2097
15 0.1528 0.7820 0.2612 0.7820 0.2612 0.8988 0.1528 0.8988
