0 0.0400 0.7450 0.1440 0.7450 0.1440 0.9626 0.0400 0.9626
0 0.7826 0.5544 0.8677 0.5544 0.8677 0.6528 0.7826 0.6528
0 0.5179 0.1307 0.5389 0.1307 0.5389 0.4097 0.5179 0.4097
0 0.7722 0.4176 0.8455 0.4176 0.8455 0.6944 0.7722 0.6944
1 0.6565 0.3547 0.6587 0.3547 0.6587 0.3725 0.6565 0.3725
1 0.9234 0.6634 0.9529 0.6634 0.9529 0.6758 0.9234 0.6758
1 0.8190 0.4483 0.8387 0.4483 0.8387 0.4573 0.8190 0.4573
1 0.5190 0.7127 0.5544 0.7127 0.5544 0.7289 0.5190 0.7289
2 0.4854 0.8740 0.5443 0.8740 0.5443 0.9048 0.4854 0.9048
2 0.2782 0.5763 0.2987 0.5763 0.2987 0.6633 0.2782 0.6633
2 0.9461 0.6502 0.9861 0.6502 0.9861 0.7182 0.9461 0.7182
2 0.3116 0.6471 0.3604 0.6471 0.3604 0.7373 0.3116 0.7373
3 0.1796 0.3423 0.2321 0.3423 0.2321 0.3629 0.1796 0.3629
3 0.8451 0.8740 0.8546 0.8740 0.8546 0.9408 0.8451 0.9408
3 0.4560 0.5928 0.4972 0.5928 0.4972 0.6068 0.4560 0.6068
3 0.3925 0.1171 0.3972 0.1171 0.3972 0.1937 0.3925 0.1937
4 0.4285 0.5394 0.4446 0.5394 0.4446 0.5506 0.4285 0.5506
4 0.1565 0.5379 0.1744 0.5379 0.1744 0.5641 0.1565 0.5641
4 0.1956 0.6439 0.2078 0.6439 0.2078 0.6521 0.1956 0.6521
4 0.7160 0.9535 0.7369 0.9535 0.7369 0.9841 0.7160 0.9841
6 0.7182 0.3367 0.7821 0.3367 0.7821 0.5165 0.7182 0.5165
6 0.2305 0.0763 0.2952 0.0763 0.2952 0.1373 0.2305 0.1373
6 0.3327 0.7716 0.4575 0.7716 0.4575 0.8596 0.3327 0.8596
6 0.1925 0.3966 0.4749 0.3966 0.4749 0.5958 0.1925 0.5958
7 0.4971 0.4307 0.5418 0.4307 0.5418 0.4741 0.4971 0.4741
7 0.0094 0.1790 0.0272 0.1790 0.0272 0.1882 0.0094 0.1882
7 0.8294 0.3468 0.8472 0.3468 0.8472 0.4792 0.8294 0.4792
7 0.0910 0.7347 0.1001 0.7347 0.1001 0.7801 0.0910 0.7801
9 0.6883 0.1879 0.7137 0.1879 0.7137 0.3137 0.6883 0.3137
9 0.7477 0.2858 0.8263 0.2858 0.8263 0.5102 0.7477 0.5102
9 0.5991 0.2216 0.7235 0.2216 0.7235 0.2624 0.5991 0.2624
9 0.2828 0.7011 0.3060 0.7011 0.3060 0.8157 0.2828 0.8157
12 0.9390 0.2268 0.9561 0.2268 0.9561 0.2924 0.9390 0.2924
12 0.9591 0.4983 0.9777 0.4983 0.9777 0.5925 0.9591 0.5925
12 0.6299 0.3326 0.7730 0.3326 0.7730 0.3702 0.6299 0.3702
12 0.1887 0.9246 0.4576 0.9246 0.4576 0.9714 0.1887 0.9714
13 0.0548 0.5795 0.0695 0.5795 0.0695 0.6089 0.0548 0.6089
13 0.5476 0.2251 0.5990 0.2251 0.5990 0.2709 0.5476 0.2709
13 0.8442 0.7803 0.8472 0.7803 0.8472 0.9957 0.8442 0.9957
13 0.1436 0.1999 0.1601 0.1999 0.1601 0.2189 0.1436 0.2189
15 0.8876 0.7658 0.9432 0.7658 0.9432 0.8602 0.8876 0.8602
15 0.5822 0.2131 0.6601 0.2131 0.6601 0.2801 0.5822 0.2801
15 0.6325 0.4483 0.7212 0.4483 0.7212 0.5245 0.6325 0.5245
15 0.6927 0.8372 0.7164 0.8372 0.7164 0.8852 0.6927 0.8852
