0 0.1033 0.3887 0.2058 0.3887 0.2058 0.6709 0.1033 0.6709
0 0.4623 0.1900 0.7620 0.1900 0.7620 0.3012 0.4623 0.3012
0 0.2060 0.0039 0.2292 0.0039 0.2292 0.3129 0.2060 0.3129
0 0.0596 0.5583 0.1444 0.5583 0.1444 0.8409 0.0596 0.8409
1 0.1688 0.4592 0.1707 0.4592 0.1707 0.4744 0.1688 0.4744
1 0.8076 0.4279 0.8252 0.4279 0.8252 0.4633 0.8076 0.4633
1 0.4696 0.4572 0.4799 0.4572 0.4799 0.4948 0.4696 0.4948
1 0.9160 0.1456 0.9295 0.1456 0.9295 0.2896 0.9160 0.2896
2 0.3621 0.1692 0.4676 0.1692 0.4676 0.2564 0.3621 0.2564
2 0.1386 0.5479 0.2063 0.5479 0.2063 0.7617 0.1386 0.7617
2 0.3206 0.4339 0.3620 0.4339 0.3620 0.4581 0.3206 0.4581
2 0.2651 0.7124 0.3240 0.7124 0.3240 0.7720 0.2651 0.7720
3 0.7856 0.1778 0.7950 0.1778 0.7950 0.2478 0.7856 0.2478
3 0.2125 0.8243 0.2840 0.8243 0.2840 0.8413 0.2125 0.8413
3 0.5862 0.4228 0.6929 0.4228 0.6929 0.4560 0.5862 0.4560
3 0.1425 0.1190 0.1543 0.1190 0.1543 0.2026 0.1425 0.2026
4 0.5425 0.6995 0.5537 0.6995 0.5537 0.7321 0.5425 0.7321
4 0.6291 0.4446 0.6429 0.4446 0.6429 0.4546 0.6291 0.4546
4 0.8473 0.9516 0.8727 0.9516 0.8727 0.9704 0.8473 0.9704
4 0.7825 0.2258 0.7952 0.2258 0.7952 0.2346 0.7825 0.2346
6 0.9534 0.8183 0.9874 0.8183 0.9874 0.8293 0.9534 0.8293
6 0.7991 0.1150 0.8826 0.1150 0.8826 0.2326 0.7991 0.2326
6 0.7731 0.0967 0.8592 0.0967 0.8592 0.3393 0.7731 0.3393
6 0.6902 0.6419 0.7404 0.6419 0.7404 0.7125 0.6902 0.7125
7 0.6505 0.4698 0.6624 0.4698 0.6624 0.5134 0.6505 0.5134
7 0.0925 0.8998 0.1121 0.8998 0.1121 0.9514 0.0925 0.9514
7 0.6879 0.2655 0.7001 0.2655 0.7001 0.2985 0.6879 0.2985
7 0.2350 0.3306 0.2678 0.3306 0.2678 0.4722 0.2350 0.4722
9 0.0814 0.7043 0.2194 0.7043 0.2194 0.7493 0.0814 0.7493
9 0.1834 0.8431 0.2754 0.8431 0.2754 0.8729 0.1834 0.8729
9 0.6188 0.5240 0.7772 0.5240 0.7772 0.5752 0.6188 0.5752
9 0.7724 0.6515 0.8107 0.6515 0.8107 0.7605 0.7724 0.7605
12 0.9197 0.7396 0.9717 0.7396 0.9717 0.7700 0.9197 0.7700
12 0.5748 0.3944 0.6132 0.3944 0.6132 0.8068 0.5748 0.8068
12 0.2694 0.5770 0.3501 0.5770 0.3501 0.6078 0.2694 0.6078
12 0.3550 0.0027 0.4158 0.0027 0.4158 0.5873 0.3550 0.5873
13 0.5365 0.4003 0.5395 0.4003 0.5395 0.5645 0.5365 0.5645
13 0.5422 0.7319 0.5546 0.7319 0.5546 0.7461 0.5422 0.7461
13 0.3628 0.2514 0.3738 0.2514 0.3738 0.2594 0.3628 0.2594
13 0.7199 0.6103 0.7235 0.6103 0.7235 0.7233 0.7199 0.7233
15 0.4414 0.7420 0.5306 0.7420 0.5306 0.8564 0.4414 0.8564
15 0.1476 0.9135 0.1681 0.9135 0.1681 0.9425 0.1476 0.9425
15 0.5639 0.8046 0.6395 0.8046 0.6395 0.8790 0.5639 0.8790
15 0.6914 0.4736 0.7211 0.4736 0.7211 0.5300 0.6914 0.5300
