0 0.4280 0.5616 0.7180 0.5616 0.7180 0.6692 0.4280 0.6692
0 0.0871 0.2127 0.1961 0.2127 0.1961 0.6005 0.0871 0.6005
0 0.2271 0.5651 0.3018 0.5651 0.3018 0.7213 0.2271 0.7213
0 0.5189 0.5692 0.6914 0.5692 0.6914 0.6632 0.5189 0.6632
1 0.0962 0.9379 0.1066 0.9379 0.1066 0.9757 0.0962 0.9757
1 0.7439 0.5091 0.7681 0.5091 0.7681 0.5201 0.7439 0.5201
1 0.8782 0.0900 0.8816 0.0900 0.8816 0.1172 0.8782 0.1172
1 0.0417 0.6256 0.0666 0.6256 0.0666 0.6884 0.0417 0.6884
2 0.0477 0.3656 0.0937 0.3656 0.0937 0.9012 0.0477 0.9012
2 0.3087 0.0492 0.3844 0.0492 0.3844 0.1100 0.3087 0.1100
2 0.2299 0.8659 0.3118 0.8659 0.3118 0.9137 0.2299 0.9137
2 0.5382 0.8732 0.5832 0.8732 0.5832 0.8968 0.5382 0.8968
3 0.5217 0.9428 0.5892 0.9428 0.5892 0.9588 0.5217 0.9588
3 0.5008 0.6744 0.5826 0.6744 0.5826 0.6944 0.5008 0.6944
3 0.5308 0.1032 0.5404 0.1032 0.5404 0.1748 0.5308 0.1748
3 0.1328 0.8168 0.2520 0.8168 0.2520 0.8452 0.1328 0.8452
4 0.1117 0.9256 0.1203 0.9256 0.1203 0.9328 0.1117 0.9328
4 0.1685 0.0575 0.1958 0.0575 0.1958 0.0757 0.1685 0.0757
4 0.8614 0.7555 0.8826 0.7555 0.8826 0.7733 0.8614 0.7733
4 0.9533 0.6078 0.9661 0.6078 0.9661 0.6166 0.9533 0.6166
6 0.4496 0.5455 0.4924 0.5455 0.4924 0.6661 0.4496 0.6661
6 0.8939 0.7759 0.9132 0.7759 0.9132 0.7821 0.8939 0.7821
6 0.1639 0.3578 0.2606 0.3578 0.2606 0.4034 0.1639 0.4034
6 0.6625 0.8691 0.6972 0.8691 0.6972 0.9017 0.6625 0.9017
7 0.4048 0.3267 0.4266 0.3267 0.4266 0.3449 0.4048 0.3449
7 0.9031 0.4971 0.9067 0.4971 0.9067 0.5237 0.9031 0.5237
7 0.0679 0.7344 0.0749 0.7344 0.0749 0.7588 0.0679 0.7588
7 0.0499 0.1120 0.0589 0.1120 0.0589 0.1676 0.0499 0.1676
9 0.7879 0.5080 0.8193 0.5080 0.8193 0.6176 0.7879 0.6176
9 0.6082 0.8327 0.7330 0.8327 0.7330 0.8737 0.6082 0.8737
9 0.4996 0.5515 0.5484 0.5515 0.5484 0.7957 0.4996 0.7957
9 0.3156 0.7868 0.3959 0.7868 0.3959 0.8632 0.3156 0.8632
12 0.3533 0.6427 0.3592 0.6427 0.3592 0.8625 0.3533 0.8625
12 0.5900 0.6434 0.6197 0.6434 0.6197 0.9306 0.5900 0.9306
12 0.6796 0.7667 0.7175 0.7667 0.7175 0.7997 0.6796 0.7997
12 0.2905 0.3038 0.4489 0.3038 0.4489 0.3470 0.2905 0.3470
13 0.9314 0.1311 0.9426 0.1311 0.9426 0.1417 0.9314 0.1417
13 0.4400 0.5939 0.5872 0.5939 0.5872 0.6049 0.4400 0.6049
13 0.0104 0.3487 0.0138 0.3487 0.0138 0.5349 0.0104 0.5349
13 0.4764 0.0451 0.5259 0.0451 0.5259 0.0761 0.4764 0.0761
15 0.6390 0.0578 0.7238 0.0578 0.7238 0.1826 0.6390 0.1826
15 0.4285 0.7103 0.5218 0.7103 0.5218 0.7997 0.4285 0.7997
15 0.1630 0.8339 0.1870 0.8339 0.1870 0.8693 0.1630 0.8693
15 0.9545 0.7999 0.9840 0.7999 0.9840 0.9161 0.9545 0.9161
