0 0.4225 0.0582 0.4770 0.0582 0.4770 0.1390 0.4225 0.1390
0 0.2411 0.3512 0.4598 0.3512 0.4598 0.5652 0.2411 0.5652
0 0.6857 0.5415 0.7720 0.5415 0.7720 0.8973 0.6857 0.8973
0 0.5163 0.7527 0.6060 0.7527 0.6060 0.9997 0.5163 0.9997
1 0.1819 0.2267 0.2121 0.2267 0.2121 0.2325 0.1819 0.2325
1 0.7554 0.9011 0.7706 0.9011 0.7706 0.9141 0.7554 0.9141
1 0.1659 0.2922 0.1798 0.2922 0.1798 0.2998 0.1659 0.2998
1 0.0236 0.4984 0.0361 0.4984 0.0361 0.5236 0.0236 0.5236
2 0.6429 0.4176 0.8209 0.4176 0.8209 0.4612 0.6429 0.4612
2 0.0490 0.0764 0.2761 0.0764 0.2761 0.2644 0.0490 0.2644
2 0.1988 0.4294 0.2089 0.4294 0.2089 0.4874 0.1988 0.4874
2 0.5223 0.0422 0.5500 0.0422 0.5500 0.3654 0.5223 0.3654
3 0.5193 0.5618 0.6247 0.5618 0.6247 0.5866 0.5193 0.5866
3 0.1143 0.5187 0.1297 0.5187 0.1297 0.6373 0.1143 0.6373
3 0.2403 0.4879 0.2863 0.4879 0.2863 0.5001 0.2403 0.5001
3 0.6111 0.0367 0.6612 0.0367 0.6612 0.0541 0.6111 0.0541
4 0.7416 0.6495 0.7484 0.6495 0.7484 0.6585 0.7416 0.6585
4 0.0559 0.4976 0.0656 0.4976 0.0656 0.5016 0.0559 0.5016
4 0.4594 0.8255 0.4678 0.8255 0.4678 0.8369 0.4594 0.8369
4 0.1065 0.4126 0.1286 0.4126 0.1286 0.4430 0.1065 0.4430
6 0.9213 0.7167 0.9538 0.7167 0.9538 0.7473 0.9213 0.7473
6 0.4031 0.4331 0.4369 0.4331 0.4369 0.4805 0.4031 0.4805
6 0.5151 0.8879 0.5878 0.8879 0.5878 0.9221 0.5151 0.9221
6 0.3753 0.0922 0.3969 0.0922 0.3969 0.1230 0.3753 0.1230
7 0.2345 0.0363 0.2406 0.0363 0.2406 0.0945 0.2345 0.0945
7 0.0790 0.5027 0.0921 0.5027 0.0921 0.5677 0.0790 0.5677
7 0.9491 0.2090 0.9629 0.2090 0.9629 0.2890 0.9491 0.2890
7 0.0713 0.3006 0.0855 0.3006 0.0855 0.3890 0.0713 0.3890
9 0.1831 0.4787 0.2138 0.4787 0.2138 0.5801 0.1831 0.5801
9 0.8727 0.2908 0.9344 0.2908 0.9344 0.3108 0.8727 0.3108
9 0.4174 0.1375 0.5212 0.1375 0.5212 0.1969 0.4174 0.1969
9 0.4448 0.6116 0.4738 0.6116 0.4738 0.7564 0.4448 0.7564
12 0.1139 0.0328 0.2466 0.0328 0.2466 0.0676 0.1139 0.0676
12 0.5925 0.1719 0.7355 0.1719 0.7355 0.2289 0.5925 0.2289
12 0.3854 0.3007 0.4880 0.3007 0.4880 0.3417 0.3854 0.3417
12 0.9437 0.6615 0.9643 0.6615 0.9643 0.7641 0.9437 0.7641
13 0.1605 0.2587 0.1718 0.2587 0.1718 0.2693 0.1605 0.2693
13 0.5922 0.1359 0.5992 0.1359 0.5992 0.1617 0.5922 0.1617
13 0.4237 0.2696 0.4352 0.2696 0.4352 0.2828 0.4237 0.2828
13 0.3311 0.6467 0.3446 0.6467 0.3446 0.6605 0.3311 0.6605
15 0.5976 0.5231 0.6272 0.5231 0.6272 0.5789 0.5976 0.5789
15 0.9185 0.7067 0.9809 0.7067 0.9809 0.7681 0.9185 0.7681
15 0.5519 0.7730 0.6198 0.7730 0.6198 0.8882 0.5519 0.8882
15 0.6582 0.8400 0.7200 0.8400 0.7200 0.9448 0.6582 0.9448
