0 0.4111 0.3598 0.5169 0.3598 0.5169 0.5166 0.4111 0.5166
0 0.3877 0.7170 0.4866 0.7170 0.4866 0.9170 0.3877 0.9170
0 0.3073 0.2751 0.3581 0.2751 0.3581 0.6681 0.3073 0.6681
0 0.1448 0.7484 0.2624 0.7484 0.2624 0.9228 0.1448 0.9228
1 0.0811 0.0627 0.0832 0.0627 0.0832 0.0817 0.0811 0.0817
1 0.9317 0.5112 0.9337 0.5112 0.9337 0.5292 0.9317 0.5292
1 0.5916 0.2628 0.5935 0.2628 0.5935 0.2988 0.5916 0.2988
1 0.7159 0.1627 0.7209 0.1627 0.7209 0.1809 0.7159 0.1809
2 0.6003 0.7055 0.6709 0.7055 0.6709 0.8081 0.6003 0.8081
2 0.5639 0.2550 0.6421 0.2550 0.6421 0.3998 0.5639 0.3998
2 0.6837 0.9170 0.7423 0.9170 0.7423 0.9246 0.6837 0.9246
2 0.7870 0.7754 0.8764 0.7754 0.8764 0.9054 0.7870 0.9054
3 0.6179 0.4740 0.6744 0.4740 0.6744 0.4936 0.6179 0.4936
3 0.4165 0.8982 0.5241 0.8982 0.5241 0.9246 0.4165 0.9246
3 0.5382 0.0678 0.6766 0.0678 0.6766 0.1018 0.5382 0.1018
3 0.5268 0.5919 0.5349 0.5919 0.5349 0.6497 0.5268 0.6497
4 0.1180 0.6855 0.1223 0.6855 0.1223 0.7037 0.1180 0.7037
4 0.4285 0.5903 0.4507 0.5903 0.4507 0.6053 0.4285 0.6053
4 0.6105 0.6318 0.6292 0.6318 0.6292 0.6418 0.6105 0.6418
4 0.2076 0.4714 0.2464 0.4714 0.2464 0.4814 0.2076 0.4814
6 0.0120 0.8135 0.0420 0.8135 0.0420 0.8417 0.0120 0.8417
6 0.3934 0.2896 0.4132 0.2896 0.4132 0.2960 0.3934 0.2960
6 0.4062 0.5979 0.4692 0.5979 0.4692 0.7753 0.4062 0.7753
6 0.5631 0.7283 0.6186 0.7283 0.6186 0.8845 0.5631 0.8845
7 0.8711 0.1052 0.8835 0.1052 0.8835 0.2024 0.8711 0.2024
7 0.1917 0.4563 0.1974 0.4563 0.1974 0.4985 0.1917 0.4985
7 0.3527 0.5440 0.3935 0.5440 0.3935 0.5596 0.3527 0.5596
7 0.8428 0.6430 0.8580 0.6430 0.8580 0.7186 0.8428 0.7186
9 0.6419 0.7164 0.6835 0.7164 0.6835 0.9220 0.6419 0.9220
9 0.4322 0.1127 0.4712 0.1127 0.4712 0.2489 0.4322 0.2489
9 0.6110 0.4954 0.6647 0.4954 0.6647 0.6686 0.6110 0.6686
9 0.2268 0.9531 0.2986 0.9531 0.2986 0.9809 0.2268 0.9809
12 0.8291 0.5055 0.9215 0.5055 0.9215 0.5557 0.8291 0.5557
12 0.2782 0.4699 0.3026 0.4699 0.3026 0.5941 0.2782 0.5941
12 0.4179 0.4963 0.4607 0.4963 0.4607 0.5321 0.4179 0.5321
12 0.2370 0.2040 0.2544 0.2040 0.2544 0.3904 0.2370 0.3904
13 0.2416 0.8939 0.2481 0.8939 0.2481 0.9013 0.2416 0.9013
13 0.1702 0.7591 0.1844 0.7591 0.1844 0.7725 0.1702 0.7725
13 0.4285 0.7867 0.4372 0.7867 0.4372 0.7997 0.4285 0.7997
13 0.8205 0.7027 0.8272 0.7027 0.8272 0.7277 0.8205 0.7277
15 0.4843 0.2291 0.5075 0.2291 0.5075 0.2613 0.4843 0.2613
15 0.1119 0.5954 0.1655 0.5954 0.1655 0.6578 0.1119 0.6578
15 0.3654 0.3262 0.4423 0.3262 0.4423 0.4410 0.3654 0.4410
15 0.8425 0.7614 0.9435 0.7614 0.9435 0.8474 0.8425 0.8474
