7 0.272770 0.859988 0.295970 0.859988 0.295970 0.880613 0.272770 0.880613
7 0.535891 0.778436 0.614107 0.778436 0.614107 0.824385 0.535891 0.824385
7 0.426535 0.868428 0.496780 0.868428 0.496780 0.889049 0.426535 0.889049
7 0.083879 0.963104 0.910373 0.963104 0.910373 0.983728 0.083879 0.983728
7 0.064059 0.834703 0.063878 0.688484 0.078458 0.688448 0.078638 0.834668
7 0.138650 0.903119 0.138395 0.695990 0.152974 0.695954 0.153230 0.903083
7 0.674174 0.617215 0.674054 0.519734 0.688633 0.519698 0.688753 0.617179
7 0.112139 0.608777 0.112101 0.577854 0.126681 0.577818 0.126719 0.608741
7 0.133275 0.578315 0.133237 0.547392 0.147819 0.547356 0.147857 0.578279
7 0.088871 0.526757 0.088832 0.495834 0.103412 0.495798 0.103450 0.526721
7 0.088207 0.428333 0.088168 0.397406 0.102751 0.397370 0.102789 0.428297
7 0.198891 0.254915 0.198852 0.223988 0.213435 0.223952 0.213473 0.254879
7 0.286377 0.226793 0.286339 0.195866 0.300921 0.195830 0.300960 0.226757
7 0.284388 0.256789 0.284350 0.225862 0.298932 0.225826 0.298970 0.256753
2 0.516423 0.395260 0.668062 0.395260 0.668062 0.445776 0.516423 0.445776
0 0.518250 0.445647 0.989610 0.445647 0.989610 0.983245 0.518250 0.983245
15 0.204924 0.463736 0.332813 0.463736 0.332813 0.599524 0.204924 0.599524
3 0.499068 0.673168 0.631522 0.673168 0.631522 0.709343 0.499068 0.709343
4 0.445396 0.324802 0.463559 0.322011 0.474214 0.460728 0.456050 0.463519
4 0.274575 0.350643 0.292738 0.347852 0.303393 0.486568 0.285230 0.489359
4 0.653445 0.346296 0.694554 0.346296 0.694554 0.377304 0.653445 0.377304
4 0.311801 0.603402 0.362043 0.603402 0.362043 0.635699 0.311801 0.635699
4 0.313628 0.474200 0.366612 0.474200 0.366612 0.500040 0.313628 0.500040
4 0.483537 0.661540 0.639744 0.661540 0.639744 0.715804 0.483537 0.715804
4 0.158336 0.158956 0.176606 0.158956 0.176606 0.298489 0.158336 0.298489
2 0.335551 0.417223 0.518250 0.417223 0.518250 0.970326 0.335551 0.970326
7 0.047113 0.088476 0.115380 0.088476 0.115380 0.109097 0.047113 0.109097
7 0.159436 0.085699 0.174010 0.085699 0.174010 0.106324 0.159436 0.106324
7 0.187937 0.087578 0.209832 0.087578 0.209832 0.108198 0.187937 0.108198
7 0.064659 0.155067 0.149493 0.155067 0.149493 0.175691 0.064659 0.175691
7 0.791063 0.086449 0.979966 0.086449 0.979966 0.240189 0.791063 0.240189
7 0.933559 0.031330 0.989399 0.031330 0.989399 0.069770 0.933559 0.069770
7 0.443285 0.234051 0.554230 0.221150 0.556259 0.256066 0.445314 0.268967
7 0.401529 0.256547 0.427610 0.253514 0.429013 0.277641 0.402931 0.280674
7 0.302113 0.382158 0.387647 0.372212 0.388838 0.392707 0.303305 0.402653
7 0.145187 0.499093 0.185608 0.499093 0.185608 0.519714 0.145187 0.519714
7 0.229359 0.474720 0.281049 0.474720 0.281049 0.495345 0.229359 0.495345
7 0.385113 0.508468 0.402337 0.508468 0.402337 0.529089 0.385113 0.529089
7 0.414275 0.551588 0.508378 0.551588 0.508378 0.572209 0.414275 0.572209
7 0.430844 0.627517 0.492476 0.627517 0.492476 0.648138 0.430844 0.648138
7 0.338718 0.586272 0.399687 0.586272 0.399687 0.606892 0.338718 0.606892
7 0.289008 0.551588 0.324138 0.551588 0.324138 0.590004 0.289008 0.590004
7 0.542189 0.639702 0.587261 0.639702 0.587261 0.660326 0.542189 0.660326
7 0.158444 0.548775 0.197549 0.548775 0.197549 0.569395 0.158444 0.569395
7 0.085537 0.648138 0.166401 0.648138 0.166401 0.668763 0.085537 0.668763
7 0.192246 0.776562 0.215446 0.776562 0.215446 0.797187 0.192246 0.797187
7 0.237640 0.776562 0.260844 0.776562 0.260844 0.797183 0.237640 0.797183
7 0.286025 0.776562 0.309225 0.776562 0.309225 0.797183 0.286025 0.797183
