7 0.599199 0.832600 0.639612 0.832600 0.639612 0.855099 0.599199 0.855099
0 0.569404 0.480661 0.988695 0.480661 0.988695 0.981955 0.569404 0.981955
2 0.383055 0.478077 0.569404 0.478077 0.569404 0.972910 0.383055 0.972910
3 0.550222 0.861798 0.685417 0.861798 0.685417 0.901850 0.550222 0.901850
4 0.536520 0.855337 0.691812 0.855337 0.691812 0.907017 0.536520 0.907017
4 0.366612 0.505208 0.413200 0.505208 0.413200 0.536215 0.366612 0.536215
4 0.365697 0.373426 0.413200 0.373426 0.413200 0.405728 0.365697 0.405728
15 0.256993 0.360375 0.383055 0.360375 0.383055 0.501334 0.256993 0.501334
7 0.420242 0.429520 0.498433 0.429520 0.498433 0.472632 0.420242 0.472632
7 0.686677 0.413583 0.746982 0.413583 0.746982 0.436082 0.686677 0.436082
7 0.206828 0.427646 0.245939 0.427646 0.245939 0.450141 0.206828 0.450141
7 0.473266 0.588875 0.565375 0.588875 0.565375 0.611374 0.473266 0.611374
7 0.587261 0.671366 0.666116 0.671366 0.666116 0.712616 0.587261 0.712616
7 0.792722 0.089246 0.972984 0.089246 0.972984 0.252358 0.792722 0.252358
7 0.931243 0.029250 0.986235 0.029250 0.986235 0.066747 0.931243 0.066747
7 0.246594 0.678867 0.263807 0.678867 0.263807 0.701366 0.246594 0.701366
7 0.295979 0.676054 0.313192 0.676054 0.313192 0.698553 0.295979 0.698553
7 0.340385 0.676054 0.357598 0.676054 0.357598 0.698553 0.340385 0.698553
7 0.428535 0.616062 0.445745 0.616062 0.445745 0.638561 0.428535 0.638561
7 0.329117 0.789480 0.346329 0.789480 0.346329 0.811979 0.329117 0.811979
7 0.478903 0.752922 0.548475 0.752922 0.548475 0.775417 0.478903 0.775417
7 0.482551 0.914156 0.546822 0.914156 0.546822 0.936651 0.482551 0.936651
7 0.601186 0.906655 0.670758 0.906655 0.670758 0.929154 0.601186 0.929154
7 0.085549 0.963837 0.913337 0.963837 0.913337 0.986332 0.085549 0.986332
7 0.340054 0.452019 0.380450 0.452019 0.380450 0.488593 0.340054 0.488593
7 0.087073 0.862074 0.087429 0.717783 0.103337 0.717861 0.102981 0.862153
7 0.190408 0.855962 0.190914 0.650715 0.206822 0.650794 0.206315 0.856040
7 0.183780 0.475380 0.183838 0.452095 0.199745 0.452174 0.199688 0.475458
7 0.480594 0.179521 0.540696 0.186510 0.539295 0.210616 0.479193 0.203627
7 0.253568 0.338573 0.304602 0.338573 0.304602 0.361072 0.253568 0.361072
7 0.393728 0.360153 0.454032 0.360153 0.454032 0.382652 0.393728 0.382652
