7 0.297666 0.885792 0.356911 0.885792 0.356911 0.911286 0.297666 0.911286
0 0.011265 0.072394 0.495412 0.072394 0.495412 0.329496 0.011265 0.329496
2 0.009439 0.330790 0.563924 0.330790 0.563924 0.595647 0.009439 0.595647
3 0.297187 0.164123 0.325503 0.164123 0.325503 0.361798 0.297187 0.361798
4 0.292619 0.157533 0.330071 0.157533 0.330071 0.376010 0.292619 0.376010
4 0.540174 0.294486 0.558444 0.294486 0.558444 0.346296 0.540174 0.346296
4 0.784075 0.400427 0.803257 0.400427 0.803257 0.465155 0.784075 0.465155
4 0.848931 0.497328 0.869028 0.497328 0.869028 0.549137 0.848931 0.549137
4 0.283482 0.554176 0.303579 0.554176 0.303579 0.620198 0.283482 0.620198
4 0.547481 0.639448 0.564839 0.639448 0.564839 0.709343 0.547481 0.709343
7 0.790365 0.086002 0.979268 0.086002 0.979268 0.239742 0.790365 0.239742
7 0.934320 0.023007 0.990453 0.023007 0.990453 0.074365 0.934320 0.074365
7 0.368840 0.119750 0.436050 0.119750 0.436050 0.149738 0.368840 0.149738
7 0.245167 0.217614 0.286919 0.217614 0.286919 0.243108 0.245167 0.243108
7 0.282553 0.384099 0.353719 0.384099 0.353719 0.409593 0.282553 0.409593
7 0.107581 0.493208 0.201026 0.493208 0.201026 0.518706 0.107581 0.518706
7 0.279373 0.467340 0.350556 0.467340 0.350556 0.506328 0.279373 0.506328
7 0.301641 0.534833 0.372015 0.534833 0.372015 0.579444 0.301641 0.579444
7 0.175979 0.259238 0.256711 0.259238 0.256711 0.303869 0.175979 0.303869
7 0.328683 0.217618 0.370447 0.217618 0.370447 0.263362 0.328683 0.263362
7 0.603072 0.368351 0.662325 0.368351 0.662325 0.393845 0.603072 0.393845
7 0.692944 0.453841 0.760929 0.453841 0.760929 0.479335 0.692944 0.479335
7 0.871100 0.460588 0.922400 0.460588 0.922400 0.486082 0.871100 0.486082
7 0.816221 0.543829 0.848418 0.543829 0.848418 0.569323 0.816221 0.569323
7 0.603072 0.634946 0.675834 0.634946 0.675834 0.685167 0.603072 0.685167
7 0.875076 0.739557 0.958193 0.739557 0.958193 0.765054 0.875076 0.765054
7 0.178364 0.607948 0.239213 0.607948 0.239213 0.633442 0.178364 0.633442
7 0.186318 0.692314 0.247164 0.692314 0.247164 0.717807 0.186318 0.717807
7 0.435258 0.722684 0.486549 0.722684 0.486549 0.767312 0.435258 0.767312
7 0.187908 0.836296 0.332260 0.836296 0.332260 0.861794 0.187908 0.861794
7 0.587960 0.848670 0.664719 0.848670 0.664719 0.874168 0.587960 0.874168
7 0.082129 0.957783 0.909661 0.957783 0.909661 0.983277 0.082129 0.983277
7 0.082597 0.790366 0.083396 0.757987 0.101410 0.758877 0.100611 0.791255
7 0.083259 0.727554 0.084059 0.695180 0.102073 0.696069 0.101273 0.728444
7 0.083259 0.639811 0.084059 0.607437 0.102073 0.608327 0.101273 0.640701
7 0.650331 0.507081 0.651130 0.474702 0.669145 0.475592 0.668345 0.507970
7 0.520351 0.697936 0.579624 0.697936 0.579624 0.723434 0.520351 0.723434
7 0.852799 0.710310 0.877857 0.710310 0.877857 0.735808 0.852799 0.735808
