4 0.380024 0.727515 0.414179 0.727515 0.414179 0.748931 0.380024 0.748931
4 0.303650 0.679692 0.313074 0.679692 0.313074 0.750829 0.303650 0.750829
3 0.305140 0.679692 0.311754 0.679692 0.311754 0.745500 0.305140 0.745500
4 0.316624 0.617635 0.378498 0.617635 0.378498 0.638504 0.316624 0.638504
4 0.316412 0.343679 0.378287 0.343679 0.378287 0.364548 0.316412 0.364548
3 0.316428 0.348564 0.372022 0.348564 0.372022 0.359886 0.316428 0.359886
3 0.316428 0.622097 0.371393 0.622097 0.371393 0.632978 0.316428 0.632978
2 0.350641 0.746130 0.379434 0.746130 0.379434 0.901086 0.350641 0.901086
0 0.070036 0.407481 0.151447 0.407481 0.151447 0.737811 0.070036 0.737811
0 0.150905 0.128176 0.365829 0.128176 0.365829 0.737273 0.150905 0.737273
