7 0.726638 0.760898 0.806691 0.760898 0.806691 0.796609 0.726638 0.796609
7 0.726034 0.799744 0.763841 0.799744 0.763841 0.814232 0.726034 0.814232
7 0.783474 0.799590 0.830875 0.799590 0.830875 0.814078 0.783474 0.814078
7 0.727666 0.818393 0.771584 0.818393 0.771584 0.832884 0.727666 0.832884
7 0.800480 0.818085 0.837404 0.818085 0.837404 0.832573 0.800480 0.832573
0 0.353067 0.452750 0.602322 0.452750 0.602322 0.584118 0.353067 0.584118
2 0.372447 0.584352 0.676598 0.584352 0.676598 0.637338 0.372447 0.637338
2 0.602813 0.421382 0.676514 0.421382 0.676514 0.584249 0.602813 0.584249
2 0.509307 0.266073 0.583249 0.266073 0.583249 0.452585 0.509307 0.452585
2 0.583422 0.422568 0.602588 0.422568 0.602588 0.452636 0.583422 0.452636
3 0.471761 0.353998 0.513091 0.353998 0.513091 0.359350 0.471761 0.359350
4 0.486296 0.296945 0.517481 0.296945 0.517481 0.301869 0.486296 0.301869
4 0.486856 0.328190 0.517134 0.328190 0.517134 0.332901 0.486856 0.332901
4 0.578493 0.309575 0.598327 0.309575 0.598327 0.316318 0.578493 0.316318
4 0.471052 0.352397 0.520564 0.352397 0.520564 0.360413 0.471052 0.360413
4 0.377594 0.499681 0.386223 0.499681 0.386223 0.522268 0.377594 0.522268
4 0.341008 0.535916 0.369770 0.535916 0.369770 0.541892 0.341008 0.541892
2 0.372898 0.518843 0.415744 0.518843 0.415744 0.584032 0.372898 0.584032
0 0.353696 0.265697 0.508424 0.265697 0.508424 0.451753 0.353696 0.451753
7 0.411689 0.324745 0.482846 0.324745 0.482846 0.340467 0.411689 0.340467
7 0.415909 0.389493 0.487066 0.389493 0.487066 0.405215 0.415909 0.405215
7 0.686582 0.327241 0.728174 0.327241 0.728174 0.342964 0.686582 0.342964
7 0.687106 0.360906 0.734180 0.360906 0.734180 0.376629 0.687106 0.376629
7 0.765848 0.368304 0.818299 0.368304 0.818299 0.376717 0.765848 0.376717
7 0.643910 0.387341 0.663603 0.387341 0.663603 0.395982 0.643910 0.395982
7 0.258541 0.474802 0.308666 0.474802 0.308666 0.482388 0.258541 0.482388
7 0.379488 0.468743 0.444780 0.468743 0.444780 0.484466 0.379488 0.484466
7 0.414152 0.494332 0.480290 0.494332 0.480290 0.510054 0.414152 0.510054
7 0.219940 0.657355 0.267352 0.657355 0.267352 0.673078 0.219940 0.673078
7 0.296896 0.657201 0.338613 0.657201 0.338613 0.672924 0.296896 0.672924
7 0.482975 0.687623 0.526925 0.687623 0.526925 0.696324 0.482975 0.696324
7 0.393426 0.764292 0.550826 0.764292 0.550826 0.783842 0.393426 0.783842
7 0.393426 0.788455 0.647400 0.788455 0.647400 0.820661 0.393426 0.820661
