7 0.839592 0.461858 0.839610 0.447293 0.848804 0.447315 0.848786 0.461881
7 0.825529 0.592350 0.825547 0.577784 0.834739 0.577807 0.834721 0.592372
7 0.155226 0.592402 0.155244 0.577837 0.164438 0.577860 0.164420 0.592425
7 0.155500 0.504571 0.155518 0.490009 0.164710 0.490031 0.164692 0.504594
7 0.141169 0.557730 0.141196 0.536026 0.150389 0.536049 0.150363 0.557753
7 0.141192 0.462496 0.141210 0.447931 0.150404 0.447954 0.150386 0.462519
7 0.391338 0.447501 0.391411 0.388199 0.402536 0.388227 0.402463 0.447529
7 0.481693 0.341388 0.518162 0.341388 0.518162 0.360983 0.481693 0.360983
7 0.475033 0.702576 0.523705 0.702576 0.523705 0.722172 0.475033 0.722172
7 0.217964 0.641622 0.228561 0.641622 0.228561 0.653830 0.217964 0.653830
7 0.346993 0.641553 0.357591 0.641553 0.357591 0.653759 0.346993 0.653759
7 0.770574 0.642183 0.781173 0.642183 0.781173 0.654392 0.770574 0.654392
7 0.641679 0.641664 0.652276 0.641664 0.652276 0.653873 0.641679 0.653873
7 0.771016 0.426586 0.781615 0.426586 0.781615 0.438795 0.771016 0.438795
7 0.641707 0.426600 0.652306 0.426600 0.652306 0.438806 0.641707 0.438806
7 0.346984 0.426899 0.357581 0.426899 0.357581 0.439105 0.346984 0.439105
7 0.217922 0.426478 0.228520 0.426478 0.228520 0.438686 0.217922 0.438686
13 0.750685 0.450103 0.761979 0.450103 0.761979 0.460006 0.750685 0.460006
2 0.761858 0.449886 0.813737 0.449886 0.813737 0.460034 0.761858 0.460034
2 0.185836 0.448988 0.237896 0.448988 0.237896 0.459521 0.185836 0.459521
4 0.195884 0.604221 0.200974 0.604221 0.200974 0.617065 0.195884 0.617065
4 0.504306 0.551812 0.510804 0.551812 0.510804 0.559128 0.504306 0.559128
4 0.496039 0.587831 0.502538 0.587831 0.502538 0.595147 0.496039 0.595147
13 0.237648 0.449687 0.248940 0.449687 0.248940 0.459587 0.237648 0.459587
7 0.840006 0.557297 0.840032 0.535770 0.849226 0.535792 0.849200 0.557320
7 0.825460 0.504685 0.825478 0.490120 0.834671 0.490142 0.834653 0.504708
