7 0.432289 0.616103 0.432309 0.600418 0.439164 0.600435 0.439145 0.616120
7 0.556870 0.643584 0.556887 0.629876 0.563743 0.629893 0.563726 0.643601
7 0.573826 0.646468 0.573844 0.631882 0.580699 0.631899 0.580681 0.646485
7 0.541612 0.709632 0.541642 0.685067 0.548499 0.685084 0.548469 0.709649
7 0.573963 0.740819 0.573981 0.726228 0.580836 0.726245 0.580818 0.740836
7 0.541386 0.748401 0.541403 0.734748 0.548259 0.734765 0.548242 0.748418
7 0.541640 0.784067 0.541657 0.770410 0.548515 0.770427 0.548498 0.784084
7 0.531306 0.784992 0.531341 0.756921 0.538196 0.756938 0.538161 0.785008
7 0.542073 0.844427 0.542090 0.830771 0.548945 0.830788 0.548928 0.844444
7 0.704757 0.762274 0.704774 0.748618 0.711631 0.748635 0.711614 0.762291
7 0.704696 0.699353 0.704713 0.685700 0.711569 0.685717 0.711552 0.699370
7 0.704780 0.624954 0.704797 0.611298 0.711652 0.611315 0.711635 0.624971
7 0.704385 0.583664 0.704402 0.570010 0.711259 0.570027 0.711242 0.583680
7 0.718846 0.580346 0.718862 0.566693 0.725720 0.566710 0.725703 0.580363
7 0.657989 0.638840 0.658032 0.604406 0.664887 0.604423 0.664845 0.638857
7 0.602641 0.775392 0.612580 0.775392 0.612580 0.785087 0.602641 0.785087
7 0.109732 0.876170 0.222919 0.876170 0.222919 0.891451 0.109732 0.891451
0 0.654245 0.148968 0.823532 0.148968 0.823532 0.561362 0.654245 0.561362
2 0.572550 0.151037 0.653034 0.151037 0.653034 0.596278 0.572550 0.596278
2 0.452685 0.147811 0.571600 0.147811 0.571600 0.258082 0.452685 0.258082
1 0.344928 0.600593 0.431213 0.600593 0.431213 0.623765 0.344928 0.623765
1 0.172755 0.282853 0.212772 0.282853 0.212772 0.304585 0.172755 0.304585
3 0.650320 0.471624 0.707291 0.471624 0.707291 0.484089 0.650320 0.484089
4 0.643501 0.465626 0.707309 0.465626 0.707309 0.487720 0.643501 0.487720
4 0.453366 0.332551 0.461687 0.332551 0.461687 0.354768 0.453366 0.354768
4 0.524251 0.332337 0.532572 0.332337 0.532572 0.354557 0.524251 0.354557
4 0.393655 0.592952 0.401975 0.592952 0.401975 0.605044 0.393655 0.605044
13 0.623316 0.691684 0.645924 0.691684 0.645924 0.730308 0.623316 0.730308
13 0.623064 0.599524 0.645672 0.599524 0.645672 0.638145 0.623064 0.638145
13 0.653973 0.562217 0.673211 0.562217 0.673211 0.588829 0.653973 0.588829
13 0.673036 0.561946 0.689962 0.561946 0.689962 0.583357 0.673036 0.583357
7 0.178454 0.227749 0.251973 0.227749 0.251973 0.240023 0.178454 0.240023
7 0.311246 0.170103 0.355836 0.170103 0.355836 0.200912 0.311246 0.200912
7 0.311471 0.213252 0.351985 0.213252 0.351985 0.233200 0.311471 0.233200
7 0.387702 0.179248 0.397642 0.179248 0.397642 0.188943 0.387702 0.188943
7 0.485940 0.179889 0.499698 0.179889 0.499698 0.189581 0.485940 0.189581
7 0.505892 0.157384 0.520298 0.157384 0.520298 0.167076 0.505892 0.167076
7 0.608222 0.179017 0.618162 0.179017 0.618162 0.188709 0.608222 0.188709
7 0.197892 0.314072 0.255190 0.314072 0.255190 0.337076 0.197892 0.337076
7 0.189698 0.385777 0.199635 0.385777 0.199635 0.395469 0.189698 0.395469
7 0.157722 0.386164 0.167662 0.386164 0.167662 0.395856 0.157722 0.395856
7 0.140933 0.386164 0.150871 0.386164 0.150871 0.395856 0.140933 0.395856
7 0.127958 0.386318 0.137898 0.386318 0.137898 0.396013 0.127958 0.396013
7 0.222673 0.413930 0.318565 0.413930 0.318565 0.495412 0.222673 0.495412
7 0.245787 0.492636 0.323120 0.492636 0.323120 0.515674 0.245787 0.515674
7 0.244158 0.534058 0.318222 0.534058 0.318222 0.567227 0.244158 0.567227
7 0.669039 0.246683 0.819935 0.246683 0.819935 0.342434 0.669039 0.342434
7 0.577811 0.429641 0.649244 0.429641 0.649244 0.439333 0.577811 0.439333
7 0.685936 0.433391 0.770429 0.433391 0.770429 0.453662 0.685936 0.453662
7 0.730210 0.454563 0.809494 0.454563 0.809494 0.489114 0.730210 0.489114
7 0.731187 0.488624 0.746986 0.488624 0.746986 0.498316 0.731187 0.498316
7 0.729559 0.512097 0.802338 0.512097 0.802338 0.534226 0.729559 0.534226
7 0.680728 0.545235 0.690665 0.545235 0.690665 0.554930 0.680728 0.554930
7 0.658264 0.545235 0.668202 0.545235 0.668202 0.554930 0.658264 0.554930
7 0.623431 0.545235 0.633368 0.545235 0.633368 0.554930 0.623431 0.554930
7 0.583386 0.545235 0.593326 0.545235 0.593326 0.554930 0.583386 0.554930
7 0.580782 0.491385 0.648660 0.491385 0.648660 0.533286 0.580782 0.533286
7 0.352512 0.559487 0.362449 0.559487 0.362449 0.569182 0.352512 0.569182
7 0.122927 0.537418 0.208607 0.537418 0.208607 0.547113 0.122927 0.547113
7 0.244965 0.657293 0.319109 0.657293 0.319109 0.679139 0.244965 0.679139
7 0.435854 0.663984 0.518323 0.663984 0.518323 0.695782 0.435854 0.695782
7 0.521762 0.664785 0.534711 0.664785 0.534711 0.674477 0.521762 0.674477
7 0.437736 0.630157 0.447676 0.630157 0.447676 0.639852 0.437736 0.639852
7 0.383102 0.646139 0.393040 0.646139 0.393040 0.655834 0.383102 0.655834
7 0.487097 0.630425 0.497037 0.630425 0.497037 0.640117 0.487097 0.640117
7 0.485779 0.645341 0.499476 0.645341 0.499476 0.655033 0.485779 0.655033
7 0.537587 0.630157 0.547527 0.630157 0.547527 0.639852 0.537587 0.639852
4 0.427384 0.563354 0.435626 0.563354 0.435626 0.576116 0.427384 0.576116
7 0.415400 0.726594 0.509555 0.726594 0.509555 0.784497 0.415400 0.784497
7 0.494826 0.804922 0.537573 0.804922 0.537573 0.814617 0.494826 0.814617
7 0.572155 0.750852 0.582094 0.750852 0.582094 0.760547 0.572155 0.760547
7 0.622774 0.773884 0.632713 0.773884 0.632713 0.783577 0.622774 0.783577
7 0.639899 0.775304 0.649839 0.775304 0.649839 0.784999 0.639899 0.784999
7 0.660925 0.774984 0.670863 0.774984 0.670863 0.784679 0.660925 0.784679
7 0.638317 0.792246 0.648256 0.792246 0.648256 0.801938 0.638317 0.801938
7 0.730986 0.576746 0.851260 0.576746 0.851260 0.611057 0.730986 0.611057
7 0.729367 0.614939 0.807357 0.614939 0.807357 0.638700 0.729367 0.638700
7 0.729593 0.661924 0.843983 0.661924 0.843983 0.671616 0.729593 0.671616
7 0.729819 0.687492 0.811429 0.687492 0.811429 0.711570 0.729819 0.711570
7 0.730079 0.725708 0.875448 0.725708 0.875448 0.806754 0.730079 0.806754
7 0.729101 0.813616 0.834751 0.813616 0.834751 0.835737 0.729101 0.835737
7 0.656073 0.756047 0.673070 0.756047 0.673070 0.765742 0.656073 0.765742
7 0.653981 0.707030 0.678190 0.707030 0.678190 0.716726 0.653981 0.716726
7 0.648920 0.659459 0.665390 0.659459 0.665390 0.667113 0.648920 0.667113
7 0.432608 0.272925 0.432619 0.263883 0.439476 0.263900 0.439465 0.272942
7 0.430759 0.519987 0.430973 0.346337 0.437828 0.346354 0.437614 0.520004
7 0.657677 0.367720 0.657707 0.344070 0.664562 0.344087 0.664533 0.367737
7 0.414711 0.591465 0.414731 0.575235 0.421586 0.575252 0.421566 0.591482
7 0.325599 0.592797 0.325615 0.579762 0.332470 0.579779 0.332454 0.592814
7 0.325221 0.618901 0.325239 0.604536 0.332096 0.604553 0.332078 0.618918
