0 0.8637 0.1456 0.8040 0.3097 0.7220 0.2512 0.7817 0.0871
0 0.2823 0.6803 0.1906 0.7401 0.1740 0.6901 0.2657 0.6303
0 0.2015 0.4964 0.1780 0.8090 0.0219 0.7860 0.0454 0.4734
0 0.2609 0.2857 0.2050 0.1892 0.3406 0.0355 0.3964 0.1320
1 0.4257 0.0402 0.4030 0.0126 0.4094 0.0022 0.4321 0.0298
1 0.2939 0.9358 0.2983 0.9344 0.3009 0.9502 0.2966 0.9516
1 0.4734 0.3427 0.4797 0.3533 0.4600 0.3765 0.4537 0.3659
1 0.8907 0.2605 0.8902 0.2637 0.8773 0.2599 0.8778 0.2567
2 0.9712 0.1435 0.9467 0.1580 0.9391 0.1329 0.9636 0.1184
2 0.8721 0.3000 0.8636 0.3345 0.8545 0.3300 0.8630 0.2955
2 0.6754 0.5380 0.7632 0.5827 0.7454 0.6508 0.6577 0.6061
2 0.9995 0.2290 0.9772 0.2306 0.9751 0.1754 0.9974 0.1738
3 0.0818 0.2338 0.1132 0.2991 0.1002 0.3114 0.0688 0.2461
3 0.4791 0.9090 0.4631 0.8669 0.4715 0.8606 0.4875 0.9027
3 0.4329 0.4861 0.4051 0.4444 0.4125 0.4347 0.4403 0.4764
3 0.3709 0.8222 0.3534 0.8261 0.3456 0.7578 0.3632 0.7539
4 0.0938 0.8224 0.0981 0.8325 0.0825 0.8456 0.0782 0.8355
4 0.5841 0.4362 0.5777 0.4099 0.5853 0.4062 0.5918 0.4325
4 0.9356 0.7710 0.9358 0.7667 0.9593 0.7690 0.9590 0.7733
4 0.6974 0.9403 0.7015 0.9376 0.7032 0.9425 0.6991 0.9452
6 0.2110 0.5400 0.3447 0.8774 0.2232 0.9716 0.0896 0.6342
6 0.5878 0.4865 0.5665 0.4679 0.5696 0.4611 0.5909 0.4797
6 0.2540 0.4179 0.2769 0.4637 0.2549 0.4853 0.2320 0.4395
6 0.5411 0.4202 0.5791 0.4039 0.5817 0.4162 0.5438 0.4325
7 0.2639 0.5164 0.2861 0.5164 0.2861 0.5244 0.2639 0.5244
7 0.9140 0.5009 0.9178 0.4759 0.9820 0.4951 0.9782 0.5201
7 0.9467 0.2956 0.9451 0.2895 0.9545 0.2848 0.9560 0.2909
7 0.9380 0.6605 0.9316 0.6180 0.9614 0.6091 0.9678 0.6516
9 0.3783 0.6961 0.4296 0.6795 0.4569 0.8451 0.4056 0.8617
9 0.6612 0.4323 0.5811 0.5108 0.5582 0.4649 0.6383 0.3864
9 0.8088 0.3632 0.7611 0.3502 0.7943 0.1108 0.8421 0.1238
9 0.5333 0.8739 0.5324 0.9101 0.4679 0.9069 0.4688 0.8707
12 0.0727 0.7290 0.0804 0.6739 0.1050 0.6806 0.0973 0.7357
12 0.6204 0.3897 0.5794 0.3107 0.5833 0.3067 0.6243 0.3857
12 0.6853 0.6968 0.7049 0.8924 0.6787 0.8976 0.6591 0.7020
12 0.2927 0.6603 0.5921 0.7044 0.5882 0.7565 0.2888 0.7124
13 0.9721 0.7878 0.8522 0.7819 0.8530 0.7502 0.9729 0.7561
13 0.1908 0.7509 0.4022 0.5868 0.4244 0.6427 0.2129 0.8068
13 0.3712 0.3670 0.3743 0.3769 0.3563 0.3882 0.3531 0.3783
13 0.2664 0.5190 0.2761 0.5254 0.2730 0.5346 0.2633 0.5282
15 0.6675 0.6392 0.6941 0.7155 0.6611 0.7380 0.6345 0.6617
15 0.8835 0.8228 0.8682 0.7844 0.8945 0.7640 0.9098 0.8024
15 0.2302 0.9793 0.2426 0.9515 0.2632 0.9695 0.2508 0.9973
15 0.7901 0.1630 0.8127 0.2900 0.7376 0.3162 0.7150 0.1892
