0 0.0596 0.1989 0.0971 0.1607 0.1127 0.1907 0.0752 0.2289
0 0.3245 0.3435 0.4331 0.1967 0.7163 0.6073 0.6077 0.7541
0 0.6323 0.4882 0.6686 0.5088 0.5291 0.9922 0.4928 0.9716
0 0.2058 0.1454 0.0814 0.1668 0.0688 0.0230 0.1932 0.0016
1 0.3039 0.4847 0.3187 0.5085 0.3121 0.5165 0.2973 0.4927
1 0.6060 0.4627 0.6030 0.4697 0.5645 0.4373 0.5675 0.4303
1 0.2394 0.4504 0.2442 0.4154 0.2523 0.4176 0.2475 0.4526
1 0.7248 0.4665 0.7310 0.4550 0.7523 0.4775 0.7461 0.4890
2 0.1275 0.9352 0.1481 0.9619 0.1376 0.9776 0.1171 0.9509
2 0.4375 0.2507 0.4584 0.2559 0.4557 0.2773 0.4348 0.2721
2 0.6424 0.9816 0.6138 0.9938 0.6051 0.9536 0.6336 0.9414
2 0.7903 0.4216 0.8243 0.5193 0.6669 0.6268 0.6328 0.5291
3 0.2604 0.7082 0.2741 0.7670 0.2661 0.7706 0.2525 0.7118
3 0.8861 0.3597 0.8824 0.3726 0.8359 0.3463 0.8396 0.3334
3 0.2811 0.1188 0.2833 0.1075 0.3775 0.1428 0.3753 0.1541
3 0.5036 0.2646 0.5094 0.2552 0.5872 0.3498 0.5814 0.3592
4 0.8510 0.5564 0.8437 0.5364 0.8701 0.5176 0.8774 0.5376
4 0.0906 0.6420 0.0926 0.6490 0.0817 0.6552 0.0796 0.6482
4 0.7074 0.1403 0.7144 0.1831 0.7026 0.1869 0.6956 0.1441
4 0.8532 0.0557 0.8285 0.0514 0.8305 0.0283 0.8552 0.0326
6 0.1711 0.2216 0.2595 0.1908 0.2669 0.2324 0.1785 0.2632
6 0.7205 0.7170 0.7423 0.6716 0.7498 0.6786 0.7280 0.7240
6 0.7983 0.4186 0.8437 0.4999 0.7854 0.5638 0.7400 0.4825
6 0.6097 0.8047 0.6625 0.7687 0.6883 0.8429 0.6355 0.8789
7 0.8127 0.6562 0.8507 0.6746 0.8204 0.7978 0.7824 0.7794
7 0.4848 0.5789 0.4912 0.5451 0.5807 0.5787 0.5742 0.6125
7 0.7232 0.1004 0.7298 0.1048 0.7111 0.1584 0.7045 0.1540
7 0.3582 0.8540 0.3777 0.8407 0.4116 0.9380 0.3920 0.9513
9 0.2745 0.4370 0.2922 0.3974 0.3589 0.4558 0.3412 0.4954
9 0.9786 0.5736 0.9602 0.4520 0.9805 0.4460 0.9990 0.5676
9 0.8189 0.7102 0.7788 0.7141 0.7722 0.5818 0.8123 0.5779
9 0.6621 0.5244 0.5699 0.5040 0.5996 0.2412 0.6918 0.2616
12 0.4699 0.8587 0.6660 0.7588 0.6749 0.7929 0.4788 0.8928
12 0.4048 0.7963 0.4264 0.8264 0.3043 0.9973 0.2828 0.9672
12 0.5280 0.9101 0.4991 0.9000 0.5400 0.6703 0.5689 0.6804
12 0.3889 0.3083 0.3025 0.3210 0.2999 0.2865 0.3863 0.2738
13 0.7598 0.1743 0.7333 0.2576 0.7096 0.2429 0.7361 0.1596
13 0.8361 0.4521 0.7377 0.4151 0.7482 0.3603 0.8466 0.3973
13 0.3125 0.3196 0.3904 0.2214 0.4183 0.2648 0.3404 0.3630
13 0.7341 0.0601 0.7326 0.0681 0.7204 0.0635 0.7220 0.0555
15 0.9405 0.1354 0.9271 0.0599 0.9640 0.0470 0.9775 0.1225
15 0.9304 0.9447 0.9072 0.9612 0.8739 0.8697 0.8971 0.8532
15 0.7021 0.3805 0.6638 0.3929 0.6519 0.3207 0.6902 0.3083
15 0.2350 0.5377 0.2311 0.4751 0.2739 0.4699 0.2778 0.5325
