0 0.3608 0.4332 0.2957 0.3848 0.3975 0.1168 0.4626 0.1652
0 0.7863 0.3444 0.7465 0.3069 0.8300 0.1336 0.8698 0.1711
0 0.8407 0.2199 0.8938 0.5184 0.7448 0.5705 0.6916 0.2720
0 0.9481 0.1278 0.9592 0.5698 0.7384 0.5806 0.7274 0.1386
1 0.9353 0.8367 0.9178 0.8497 0.9147 0.8417 0.9322 0.8287
1 0.7304 0.4304 0.7283 0.4274 0.7416 0.4088 0.7437 0.4118
1 0.2761 0.9507 0.2747 0.9541 0.2433 0.9297 0.2447 0.9263
1 0.1236 0.8148 0.1278 0.8184 0.1210 0.8336 0.1168 0.8300
2 0.9196 0.3376 0.9478 0.4031 0.9366 0.4124 0.9085 0.3469
2 0.5743 0.3594 0.5758 0.3804 0.4334 0.4014 0.4319 0.3804
2 0.9553 0.2375 0.9695 0.2519 0.9510 0.2877 0.9367 0.2733
2 0.8026 0.5641 0.5454 0.8557 0.5091 0.7931 0.7663 0.5015
3 0.3495 0.8874 0.3410 0.8755 0.3842 0.8150 0.3927 0.8269
3 0.1034 0.1669 0.0942 0.1589 0.1246 0.0907 0.1338 0.0987
3 0.8603 0.6281 0.8136 0.6757 0.8060 0.6611 0.8527 0.6135
3 0.7931 0.1807 0.8319 0.0586 0.8472 0.0681 0.8084 0.1902
4 0.5699 0.9137 0.5764 0.9020 0.5804 0.9063 0.5739 0.9180
4 0.4668 0.0502 0.4775 0.0604 0.4749 0.0658 0.4642 0.0556
4 0.5984 0.4264 0.5898 0.4369 0.5862 0.4312 0.5948 0.4207
4 0.1121 0.5974 0.0991 0.6093 0.0956 0.6018 0.1086 0.5899
6 0.5451 0.6262 0.5228 0.5098 0.6901 0.4470 0.7124 0.5634
6 0.6767 0.5431 0.4413 0.6376 0.4073 0.4717 0.6427 0.3772
6 0.9434 0.6262 0.7525 0.5236 0.7894 0.3890 0.9803 0.4916
6 0.0892 0.3451 0.0910 0.4157 0.0571 0.4173 0.0553 0.3467
7 0.4485 0.1803 0.4652 0.1932 0.4501 0.2313 0.4334 0.2184
7 0.1786 0.8902 0.1757 0.9033 0.1377 0.8870 0.1405 0.8739
7 0.6528 0.4555 0.6577 0.4511 0.6632 0.4629 0.6583 0.4673
7 0.7826 0.2658 0.7710 0.2768 0.7491 0.2314 0.7608 0.2204
9 0.9212 0.0785 0.9132 0.1688 0.8868 0.1643 0.8948 0.0740
9 0.1016 0.1734 0.0728 0.1610 0.1052 0.0126 0.1340 0.0250
9 0.6023 0.3028 0.6589 0.4401 0.6317 0.4620 0.5751 0.3247
9 0.1143 0.4534 0.0287 0.5505 0.0125 0.5226 0.0982 0.4255
12 0.3082 0.8417 0.2745 0.7048 0.2813 0.7015 0.3149 0.8384
12 0.1450 0.8370 0.1706 0.8672 0.1561 0.8914 0.1305 0.8612
12 0.1313 0.1332 0.1358 0.0935 0.2392 0.1164 0.2347 0.1561
12 0.3567 0.8398 0.3415 0.9054 0.3099 0.8910 0.3251 0.8254
13 0.9886 0.2801 0.9574 0.3696 0.9320 0.3523 0.9632 0.2628
13 0.1543 0.6837 0.1603 0.6747 0.1734 0.6919 0.1674 0.7009
13 0.7642 0.0214 0.7741 0.0211 0.7743 0.0370 0.7644 0.0373
13 0.7695 0.5811 0.7754 0.5857 0.7674 0.6061 0.7614 0.6015
15 0.7521 0.6697 0.6336 0.5816 0.6722 0.4799 0.7907 0.5680
15 0.2547 0.2088 0.2071 0.2778 0.1599 0.2140 0.2075 0.1450
15 0.6653 0.6940 0.6810 0.7011 0.6741 0.7308 0.6584 0.7237
15 0.5364 0.1063 0.5616 0.1785 0.5253 0.2033 0.5001 0.1311
