0 0.8157 0.4615 0.8474 0.2960 0.9726 0.3429 0.9409 0.5084
0 0.5494 0.5848 0.6267 0.4558 0.6626 0.4980 0.5853 0.6270
0 0.6332 0.4721 0.5705 0.2307 0.6162 0.2075 0.6789 0.4489
0 0.8045 0.3922 0.8367 0.3038 0.9135 0.3586 0.8813 0.4470
1 0.5921 0.7545 0.5748 0.7295 0.5802 0.7223 0.5975 0.7473
1 0.2507 0.4015 0.2416 0.4101 0.2256 0.3769 0.2347 0.3683
1 0.8918 0.9092 0.8857 0.9229 0.8628 0.9028 0.8688 0.8891
1 0.8109 0.4222 0.8087 0.4273 0.7859 0.4074 0.7882 0.4023
2 0.5213 0.5298 0.6113 0.3500 0.6661 0.4038 0.5762 0.5836
2 0.3182 0.3270 0.3478 0.3343 0.3350 0.4362 0.3054 0.4289
2 0.7811 0.4118 0.7505 0.3732 0.7669 0.3478 0.7975 0.3864
2 0.4873 0.7493 0.4736 0.8701 0.4656 0.8683 0.4793 0.7475
3 0.6339 0.4466 0.6466 0.4083 0.6533 0.4126 0.6405 0.4509
3 0.4674 0.8971 0.5140 0.8294 0.5258 0.8453 0.4791 0.9130
3 0.6902 0.8525 0.8076 0.7759 0.8169 0.8039 0.6995 0.8805
3 0.5531 0.1147 0.5554 0.0975 0.6209 0.1153 0.6186 0.1325
4 0.7964 0.9525 0.7919 0.9431 0.7979 0.9375 0.8024 0.9469
4 0.3140 0.9197 0.3091 0.8958 0.4214 0.8507 0.4263 0.8746
4 0.5714 0.4846 0.5750 0.4840 0.5783 0.5218 0.5747 0.5224
4 0.0165 0.0704 0.0214 0.0599 0.0263 0.0644 0.0215 0.0749
6 0.2159 0.4653 0.2259 0.4419 0.2298 0.4451 0.2198 0.4685
6 0.3485 0.2537 0.3702 0.2243 0.3843 0.2447 0.3626 0.2741
6 0.7295 0.3529 0.7090 0.4416 0.6453 0.4127 0.6659 0.3240
6 0.2625 0.2306 0.2844 0.1730 0.3257 0.2038 0.3039 0.2614
7 0.3444 0.4774 0.3543 0.4868 0.3207 0.5566 0.3108 0.5472
7 0.1503 0.5579 0.1754 0.5342 0.2023 0.5901 0.1772 0.6138
7 0.0752 0.3459 0.0806 0.3591 0.0388 0.3929 0.0334 0.3797
7 0.2167 0.2396 0.2492 0.2444 0.2393 0.3760 0.2068 0.3712
9 0.3336 0.0655 0.3869 0.1019 0.3256 0.2781 0.2722 0.2417
9 0.0831 0.8842 0.1489 0.8331 0.1738 0.8958 0.1079 0.9469
9 0.8782 0.4935 0.8914 0.5271 0.8350 0.5709 0.8217 0.5373
9 0.7797 0.6360 0.8200 0.5636 0.8552 0.6020 0.8148 0.6744
12 0.5822 0.8279 0.5956 0.8322 0.5844 0.9001 0.5710 0.8958
12 0.8203 0.5663 0.8172 0.5972 0.6345 0.5613 0.6376 0.5304
12 0.3565 0.6067 0.3621 0.6168 0.3361 0.6453 0.3305 0.6352
12 0.4953 0.3057 0.5218 0.2548 0.5370 0.2703 0.5105 0.3212
13 0.6781 0.3892 0.6846 0.3993 0.6787 0.4068 0.6722 0.3967
13 0.7267 0.1334 0.7089 0.1373 0.7079 0.1286 0.7257 0.1247
13 0.6062 0.1389 0.5988 0.1365 0.5998 0.1303 0.6072 0.1327
13 0.4719 0.2810 0.4773 0.2808 0.4775 0.2890 0.4721 0.2892
15 0.1110 0.6000 0.0326 0.6193 0.0213 0.5292 0.0996 0.5099
15 0.5791 0.5719 0.5949 0.6362 0.5478 0.6589 0.5320 0.5946
15 0.2040 0.5146 0.2377 0.4863 0.2546 0.5258 0.2209 0.5541
15 0.2279 0.3605 0.2293 0.3322 0.2501 0.3343 0.2487 0.3626
