0 0.3119 0.0042 0.4724 0.0318 0.4310 0.5046 0.2704 0.4770
0 0.7814 0.0556 0.8263 0.1645 0.6626 0.2968 0.6177 0.1879
0 0.8074 0.8632 0.7063 0.8781 0.6840 0.5804 0.7851 0.5655
0 0.5815 0.0031 0.5974 0.0643 0.1819 0.2761 0.1660 0.2149
1 0.8113 0.3725 0.8123 0.3686 0.8481 0.3859 0.8471 0.3898
1 0.5733 0.1088 0.5719 0.0991 0.5762 0.0980 0.5775 0.1077
1 0.0995 0.4063 0.0951 0.4109 0.0865 0.3949 0.0909 0.3903
1 0.4508 0.0951 0.4515 0.0969 0.4352 0.1089 0.4345 0.1071
2 0.5647 0.6490 0.5148 0.4923 0.5810 0.4510 0.6309 0.6077
2 0.6649 0.8476 0.5902 0.7716 0.5971 0.7584 0.6718 0.8344
2 0.8563 0.2955 0.9347 0.5111 0.6675 0.7017 0.5890 0.4861
2 0.5529 0.6331 0.5580 0.6408 0.5114 0.7017 0.5063 0.6940
3 0.4723 0.5192 0.4635 0.5269 0.4354 0.4640 0.4442 0.4563
3 0.9913 0.2248 0.9442 0.2248 0.9442 0.2088 0.9913 0.2088
3 0.9117 0.1318 0.9762 0.0560 0.9857 0.0718 0.9212 0.1476
3 0.4229 0.4763 0.4336 0.4504 0.5351 0.5325 0.5244 0.5584
4 0.4553 0.1423 0.4652 0.1736 0.4579 0.1781 0.4479 0.1468
4 0.4642 0.8195 0.4814 0.7654 0.4884 0.7697 0.4712 0.8238
4 0.2627 0.4838 0.2838 0.5329 0.2775 0.5382 0.2565 0.4891
4 0.9393 0.6042 0.9421 0.5768 0.9515 0.5786 0.9488 0.6060
6 0.6172 0.2649 0.5537 0.2680 0.5523 0.2083 0.6157 0.2052
6 0.3841 0.2322 0.3655 0.2937 0.3507 0.2850 0.3694 0.2235
6 0.3993 0.4817 0.3790 0.4672 0.3895 0.4383 0.4099 0.4528
6 0.3797 0.5441 0.3637 0.5163 0.3683 0.5111 0.3843 0.5389
7 0.7781 0.8316 0.7610 0.8496 0.6847 0.7080 0.7019 0.6900
7 0.9654 0.5860 0.9893 0.5819 0.9952 0.6484 0.9712 0.6525
7 0.3692 0.3442 0.3616 0.3693 0.3025 0.3342 0.3102 0.3091
7 0.7250 0.1751 0.6937 0.1893 0.6905 0.1753 0.7217 0.1611
9 0.3066 0.6465 0.2642 0.6742 0.1954 0.4675 0.2378 0.4398
9 0.5029 0.7258 0.4901 0.7845 0.3857 0.7398 0.3985 0.6811
9 0.5477 0.2910 0.4581 0.3246 0.4526 0.2954 0.5421 0.2618
9 0.1167 0.9272 0.0865 0.9250 0.0876 0.8964 0.1177 0.8986
12 0.6250 0.1919 0.6475 0.1919 0.6475 0.3501 0.6250 0.3501
12 0.5003 0.8850 0.4944 0.9013 0.4362 0.8598 0.4421 0.8435
12 0.0241 0.0838 0.0178 0.1081 0.0070 0.1026 0.0133 0.0783
12 0.6824 0.3835 0.6470 0.4348 0.5302 0.2769 0.5656 0.2256
13 0.5233 0.2617 0.5177 0.2602 0.5199 0.2443 0.5255 0.2458
13 0.3095 0.4051 0.3066 0.4073 0.2619 0.2897 0.2648 0.2875
13 0.6767 0.4342 0.6699 0.4227 0.6816 0.4090 0.6884 0.4205
13 0.3764 0.0829 0.3696 0.0592 0.4207 0.0303 0.4276 0.0540
15 0.1195 0.5491 0.2446 0.6345 0.1976 0.7693 0.0725 0.6839
15 0.8464 0.5848 0.8377 0.6420 0.8039 0.6320 0.8126 0.5748
15 0.3163 0.8217 0.2914 0.7718 0.3279 0.7359 0.3529 0.7858
15 0.0931 0.3111 0.0962 0.1888 0.1491 0.1913 0.1461 0.3136
