0 0.4553 0.3751 0.5899 0.1339 1.0001 0.5825 0.8655 0.8237
0 0.6450 0.7896 0.5769 0.8381 0.5570 0.7836 0.6251 0.7351
0 0.7646 0.5748 0.6363 0.7256 0.5051 0.5068 0.6335 0.3560
0 0.6556 0.7203 0.7334 0.9253 0.7076 0.9445 0.6297 0.7395
1 0.9574 0.3953 0.9669 0.3859 0.9695 0.3911 0.9599 0.4005
1 0.0173 0.1274 0.0189 0.1268 0.0212 0.1390 0.0197 0.1396
1 0.5832 0.5535 0.5847 0.5606 0.5490 0.5749 0.5476 0.5678
1 0.6304 0.7730 0.6303 0.7768 0.5950 0.7742 0.5952 0.7704
2 0.8616 0.4203 0.8898 0.4726 0.8470 0.5177 0.8188 0.4654
2 0.2362 0.0730 0.2423 0.0363 0.3075 0.0574 0.3015 0.0941
2 0.1566 0.0767 0.4132 0.0579 0.4160 0.1329 0.1594 0.1517
2 0.0791 0.2364 0.0852 0.2163 0.1075 0.2296 0.1014 0.2497
3 0.0368 0.5959 0.0472 0.5803 0.1035 0.6537 0.0931 0.6693
3 0.7610 0.5748 0.7641 0.5624 0.8090 0.5840 0.8059 0.5964
3 0.1800 0.1402 0.1065 0.0986 0.1149 0.0698 0.1883 0.1114
3 0.4382 0.4396 0.4234 0.4375 0.4312 0.3328 0.4460 0.3349
4 0.5097 0.8768 0.4951 0.8765 0.4951 0.8716 0.5098 0.8719
4 0.8904 0.1617 0.8722 0.1362 0.8816 0.1231 0.8998 0.1486
4 0.7270 0.7412 0.7039 0.7406 0.7041 0.7240 0.7272 0.7246
4 0.0678 0.5528 0.0531 0.5553 0.0522 0.5448 0.0669 0.5423
6 0.6174 0.5844 0.6371 0.5819 0.6389 0.6100 0.6191 0.6125
6 0.1350 0.7478 0.1400 0.7035 0.1613 0.7082 0.1563 0.7525
6 0.5923 0.3686 0.6849 0.4058 0.6315 0.6670 0.5388 0.6298
6 0.2002 0.3696 0.2420 0.3271 0.2624 0.3664 0.2206 0.4089
7 0.3646 0.4798 0.3596 0.4744 0.3680 0.4594 0.3729 0.4648
7 0.1268 0.5515 0.1406 0.5532 0.1366 0.6169 0.1228 0.6152
7 0.1284 0.7685 0.1268 0.7433 0.1639 0.7387 0.1655 0.7639
7 0.3453 0.7648 0.3587 0.7611 0.3598 0.7692 0.3465 0.7729
9 0.5749 0.8132 0.5525 0.9230 0.3676 0.8488 0.3901 0.7390
9 0.5237 0.2646 0.5263 0.3158 0.3957 0.3286 0.3931 0.2774
9 0.4980 0.4402 0.4383 0.3292 0.4726 0.2930 0.5323 0.4040
9 0.8575 0.5709 0.8452 0.5893 0.7903 0.5175 0.8025 0.4991
12 0.2911 0.8202 0.3134 0.6851 0.3440 0.6950 0.3218 0.8301
12 0.9760 0.1748 0.9907 0.2065 0.8769 0.3100 0.8621 0.2783
12 0.0377 0.1653 0.0519 0.1162 0.1637 0.1795 0.1496 0.2286
12 0.4370 0.4782 0.4919 0.4619 0.4953 0.4838 0.4404 0.5001
13 0.1668 0.6082 0.1651 0.6027 0.2538 0.5474 0.2555 0.5529
13 0.2471 0.0597 0.2695 0.0519 0.2709 0.0603 0.2485 0.0681
13 0.8450 0.7513 0.8426 0.7296 0.8538 0.7271 0.8563 0.7488
13 0.6868 0.1043 0.6992 0.1193 0.6932 0.1289 0.6808 0.1139
15 0.6012 0.2133 0.5950 0.2577 0.5471 0.2447 0.5533 0.2003
15 0.2204 0.6649 0.1584 0.7580 0.1191 0.7067 0.1811 0.6136
15 0.4809 0.6160 0.5007 0.6392 0.4779 0.6772 0.4581 0.6540
15 0.1151 0.5396 0.1741 0.5912 0.1523 0.6400 0.0933 0.5884
