0 0.8201 0.0967 0.9072 0.0839 0.9290 0.3741 0.8419 0.3869
0 0.8237 0.5921 0.7766 0.0541 0.9497 0.0243 0.9969 0.5623
0 0.6713 0.3181 0.2119 0.1215 0.2367 0.0079 0.6961 0.2045
0 0.5416 0.3836 0.5574 0.4385 0.5278 0.4552 0.5120 0.4003
1 0.2911 0.3071 0.2943 0.3168 0.2409 0.3517 0.2377 0.3420
1 0.6369 0.4671 0.6309 0.4712 0.6102 0.4117 0.6162 0.4076
1 0.3314 0.6246 0.3328 0.6083 0.3349 0.6086 0.3335 0.6249
1 0.2041 0.0480 0.1992 0.0577 0.1828 0.0416 0.1876 0.0319
2 0.4962 0.4124 0.5117 0.2579 0.6324 0.2816 0.6169 0.4361
2 0.3211 0.7266 0.3079 0.6807 0.3746 0.6430 0.3878 0.6889
2 0.5404 0.4556 0.4556 0.3488 0.4919 0.2924 0.5767 0.3992
2 0.5879 0.3617 0.5635 0.4889 0.5107 0.4691 0.5351 0.3419
3 0.7645 0.7041 0.7941 0.5767 0.8100 0.5839 0.7805 0.7113
3 0.6156 0.3730 0.5445 0.4132 0.5364 0.3854 0.6075 0.3452
3 0.7205 0.2683 0.7295 0.2652 0.7358 0.3005 0.7268 0.3036
3 0.4368 0.6355 0.5124 0.6761 0.5069 0.6961 0.4313 0.6555
4 0.1391 0.7745 0.1391 0.7515 0.1489 0.7515 0.1489 0.7745
4 0.5921 0.1375 0.5772 0.1532 0.5733 0.1461 0.5883 0.1304
4 0.4954 0.2811 0.4981 0.2803 0.5009 0.2969 0.4982 0.2977
4 0.7059 0.6496 0.7104 0.6620 0.7058 0.6652 0.7013 0.6528
6 0.1285 0.7427 0.1546 0.6904 0.2298 0.7641 0.2037 0.8164
6 0.0531 0.1722 0.1099 0.1244 0.1329 0.1778 0.0761 0.2256
6 0.8249 0.6001 0.7657 0.5376 0.8105 0.4543 0.8698 0.5168
6 0.2129 0.2315 0.1946 0.2501 0.1811 0.2241 0.1994 0.2055
7 0.5945 0.5198 0.6066 0.4675 0.7638 0.5390 0.7517 0.5913
7 0.5325 0.5532 0.5428 0.5432 0.5644 0.5864 0.5541 0.5964
7 0.5747 0.7686 0.5716 0.7634 0.5793 0.7546 0.5824 0.7598
7 0.8999 0.4056 0.9061 0.4055 0.9064 0.4256 0.9002 0.4257
9 0.3600 0.3553 0.0965 0.3941 0.0900 0.3075 0.3535 0.2687
9 0.2286 0.7979 0.2527 0.9082 0.2342 0.9161 0.2102 0.8058
9 0.8094 0.0064 0.8097 0.0328 0.7432 0.0344 0.7428 0.0080
9 0.1881 0.8844 0.1391 0.9324 0.0196 0.6936 0.0686 0.6456
12 0.8223 0.5527 0.7781 0.5884 0.7674 0.5625 0.8116 0.5268
12 0.7040 0.1733 0.6828 0.1933 0.6323 0.0883 0.6534 0.0683
12 0.6662 0.9453 0.6459 0.9262 0.7598 0.6899 0.7801 0.7090
12 0.2166 0.6819 0.0925 0.9954 0.0568 0.9677 0.1809 0.6542
13 0.8430 0.6722 0.8604 0.6670 0.8621 0.6786 0.8448 0.6838
13 0.7715 0.3642 0.7702 0.3554 0.7862 0.3506 0.7875 0.3594
13 0.3580 0.5752 0.3642 0.5696 0.3749 0.5928 0.3687 0.5984
13 0.2943 0.8433 0.2823 0.8351 0.3177 0.7335 0.3297 0.7417
15 0.7842 0.1716 0.8626 0.2072 0.8447 0.2844 0.7663 0.2488
15 0.7695 0.8451 0.7469 0.8957 0.7031 0.8573 0.7257 0.8067
15 0.5785 0.6256 0.6430 0.6064 0.6609 0.7244 0.5964 0.7436
15 0.7428 0.1012 0.7391 0.0584 0.8252 0.0436 0.8289 0.0864
