0 0.6578 0.9109 0.6362 0.7800 0.6897 0.7627 0.7113 0.8936
0 0.2649 0.3229 0.2082 0.2378 0.2822 0.1411 0.3389 0.2262
0 0.7853 0.8050 0.7630 0.8449 0.4922 0.5486 0.5144 0.5087
0 0.8292 0.7594 0.6968 0.7561 0.7017 0.3662 0.8341 0.3695
1 0.1539 0.6602 0.1517 0.6600 0.1524 0.6422 0.1546 0.6424
1 0.2284 0.2264 0.2245 0.2377 0.2033 0.2232 0.2072 0.2119
1 0.1355 0.8498 0.1280 0.8282 0.1308 0.8262 0.1383 0.8478
1 0.3201 0.8300 0.3087 0.8197 0.3193 0.7968 0.3307 0.8071
2 0.1372 0.6398 0.1215 0.6437 0.1165 0.6042 0.1322 0.6003
2 0.2484 0.3355 0.1898 0.4120 0.1848 0.4045 0.2434 0.3280
2 0.3575 0.0590 0.4043 0.1461 0.1908 0.3714 0.1440 0.2843
2 0.0654 0.4383 0.0892 0.4505 0.0860 0.4629 0.0622 0.4507
3 0.0045 0.5348 0.0878 0.4947 0.0932 0.5168 0.0100 0.5569
3 0.7627 0.7876 0.7484 0.9138 0.7330 0.9104 0.7473 0.7842
3 0.2171 0.3805 0.2920 0.3402 0.2992 0.3663 0.2242 0.4066
3 0.2789 0.9802 0.3123 0.9819 0.3120 0.9950 0.2785 0.9933
4 0.6120 0.9875 0.5932 0.9961 0.5680 0.8873 0.5868 0.8787
4 0.7470 0.6067 0.7429 0.6360 0.7342 0.6337 0.7382 0.6044
4 0.6366 0.8284 0.6258 0.8398 0.6214 0.8316 0.6322 0.8202
4 0.7628 0.1401 0.8195 0.1048 0.8255 0.1239 0.7688 0.1592
6 0.3679 0.4593 0.1808 0.2063 0.2718 0.0743 0.4590 0.3273
6 0.6250 0.2993 0.5070 0.1748 0.5518 0.0915 0.6698 0.2160
6 0.6403 0.9944 0.6264 0.9828 0.6349 0.9632 0.6487 0.9748
6 0.4134 0.6791 0.3804 0.6864 0.3791 0.6757 0.4122 0.6684
7 0.5315 0.4655 0.5179 0.4748 0.5062 0.4413 0.5198 0.4320
7 0.4778 0.2518 0.4682 0.2129 0.4845 0.2050 0.4941 0.2439
7 0.4452 0.8949 0.4207 0.8767 0.4251 0.8651 0.4495 0.8833
7 0.5176 0.2907 0.5644 0.2907 0.5644 0.4325 0.5176 0.4325
9 0.2821 0.9960 0.2002 0.9497 0.2765 0.6852 0.3584 0.7315
9 0.6854 0.2297 0.6742 0.1560 0.8683 0.0983 0.8795 0.1720
9 0.2657 0.2990 0.2956 0.2923 0.3155 0.4678 0.2855 0.4745
9 0.1807 0.3983 0.1165 0.5421 0.0744 0.5053 0.1387 0.3615
12 0.6496 0.5734 0.6302 0.5890 0.5742 0.4530 0.5935 0.4374
12 0.5413 0.1081 0.2803 0.1273 0.2782 0.0691 0.5391 0.0499
12 0.5312 0.3339 0.5398 0.3597 0.3871 0.4593 0.3785 0.4335
12 0.4850 0.7161 0.4845 0.7561 0.2479 0.7503 0.2484 0.7103
13 0.9776 0.0180 0.9849 0.0365 0.9607 0.0552 0.9534 0.0367
13 0.3362 0.9287 0.3416 0.9441 0.3386 0.9461 0.3333 0.9307
13 0.9653 0.7985 0.9067 0.8697 0.8865 0.8371 0.9450 0.7659
13 0.1520 0.2367 0.1675 0.2438 0.1568 0.2897 0.1414 0.2826
15 0.3405 0.1015 0.3813 0.0724 0.4026 0.1309 0.3618 0.1600
15 0.8970 0.2382 0.9479 0.2282 0.9538 0.2878 0.9030 0.2978
15 0.0621 0.2211 0.0872 0.2600 0.0490 0.3081 0.0240 0.2692
15 0.3211 0.6959 0.3498 0.7438 0.3264 0.7713 0.2977 0.7234
