0 0.0096 0.6162 0.0276 0.5992 0.1430 0.8386 0.1250 0.8556
0 0.6234 0.8846 0.5179 0.8743 0.5240 0.7522 0.6295 0.7625
0 0.8525 0.8397 0.8390 0.7512 0.9335 0.7231 0.9470 0.8116
0 0.9727 0.4031 0.9050 0.5244 0.7756 0.3829 0.8433 0.2616
1 0.4765 0.9330 0.4745 0.9329 0.4755 0.8942 0.4775 0.8943
1 0.6043 0.4860 0.5996 0.4921 0.5657 0.4412 0.5704 0.4351
1 0.3540 0.7319 0.3646 0.7409 0.3637 0.7429 0.3531 0.7339
1 0.2352 0.0443 0.2040 0.0474 0.2031 0.0305 0.2343 0.0274
2 0.7464 0.8875 0.6727 0.9520 0.6382 0.8749 0.7119 0.8104
2 0.7754 0.5566 0.7182 0.5209 0.7315 0.4790 0.7887 0.5147
2 0.7524 0.1749 0.7460 0.1765 0.7413 0.1395 0.7477 0.1379
2 0.2485 0.4488 0.2826 0.4463 0.2975 0.8428 0.2634 0.8453
3 0.1082 0.3489 0.1051 0.3391 0.1404 0.3171 0.1435 0.3269
3 0.9139 0.3683 0.9277 0.3659 0.9367 0.4685 0.9229 0.4709
3 0.7908 0.0165 0.7903 0.0087 0.8549 0.0007 0.8554 0.0085
3 0.0325 0.8305 0.0182 0.7440 0.0332 0.7391 0.0475 0.8256
4 0.8890 0.0039 0.8868 0.0045 0.8864 0.0017 0.8886 0.0011
4 0.8579 0.9850 0.8621 0.9884 0.8596 0.9946 0.8553 0.9912
4 0.2394 0.2180 0.2477 0.1919 0.2832 0.2140 0.2749 0.2401
4 0.3516 0.2906 0.3614 0.2859 0.3644 0.2982 0.3546 0.3029
6 0.5795 0.1460 0.4738 0.4021 0.3817 0.3276 0.4873 0.0715
6 0.4421 0.0667 0.4557 0.0880 0.4522 0.0925 0.4385 0.0712
6 0.1173 0.8104 0.0825 0.7481 0.1721 0.6500 0.2070 0.7123
6 0.3286 0.4964 0.3989 0.5579 0.3105 0.7560 0.2402 0.6945
7 0.0707 0.3942 0.0732 0.3999 0.0550 0.4158 0.0525 0.4101
7 0.6893 0.5476 0.6906 0.5346 0.7241 0.5412 0.7228 0.5542
7 0.2610 0.5460 0.2735 0.5537 0.2538 0.6156 0.2414 0.6079
7 0.9052 0.6226 0.9106 0.6289 0.8945 0.6558 0.8891 0.6495
9 0.9869 0.4885 0.8420 0.4265 0.8542 0.3703 0.9992 0.4323
9 0.2456 0.2437 0.1283 0.1199 0.1644 0.0527 0.2817 0.1765
9 0.7229 0.9033 0.7044 0.8525 0.8382 0.7571 0.8567 0.8079
9 0.4308 0.2678 0.4424 0.2997 0.3610 0.3578 0.3493 0.3259
12 0.8068 0.9114 0.8964 0.8502 0.9049 0.8746 0.8153 0.9358
12 0.0748 0.2392 0.0553 0.1973 0.1430 0.1176 0.1624 0.1595
12 0.5639 0.0956 0.6001 0.0973 0.5964 0.2460 0.5601 0.2443
12 0.2273 0.7383 0.2506 0.8234 0.2313 0.8337 0.2080 0.7486
13 0.5003 0.0398 0.5201 0.0616 0.5089 0.0818 0.4890 0.0600
13 0.8378 0.2846 0.8412 0.2929 0.8376 0.2958 0.8342 0.2875
13 0.1216 0.5797 0.1316 0.5647 0.1512 0.5903 0.1412 0.6053
13 0.6256 0.1429 0.6258 0.1380 0.7061 0.1439 0.7059 0.1488
15 0.6630 0.5754 0.7132 0.6972 0.6536 0.7454 0.6034 0.6236
15 0.1295 0.9474 0.0733 0.9107 0.1005 0.8290 0.1567 0.8657
15 0.4111 0.1590 0.4555 0.1246 0.4760 0.1766 0.4317 0.2110
15 0.8489 0.6338 0.8821 0.6536 0.8685 0.6986 0.8353 0.6788
