0 0.5487 0.7009 0.4434 0.6642 0.4813 0.4515 0.5866 0.4882
0 0.3238 0.5782 0.3864 0.5985 0.3497 0.8214 0.2870 0.8011
0 0.6139 0.1799 0.7615 0.1872 0.7507 0.6221 0.6030 0.6148
0 0.4121 0.6846 0.4803 0.7619 0.4487 0.8166 0.3805 0.7393
1 0.0205 0.1339 0.0594 0.1272 0.0610 0.1449 0.0220 0.1516
1 0.8643 0.5955 0.8348 0.6013 0.8274 0.5269 0.8569 0.5211
1 0.6730 0.9924 0.6671 0.9942 0.6576 0.9316 0.6635 0.9298
1 0.9627 0.3970 0.9582 0.3953 0.9651 0.3594 0.9695 0.3611
2 0.6624 0.1700 0.6315 0.2888 0.6024 0.2740 0.6333 0.1552
2 0.1962 0.8728 0.2033 0.9670 0.1529 0.9744 0.1459 0.8802
2 0.0813 0.1013 0.1285 0.0616 0.1570 0.1279 0.1098 0.1676
2 0.8304 0.3896 0.8629 0.4500 0.8253 0.4896 0.7928 0.4292
3 0.5121 0.9018 0.5094 0.8930 0.5411 0.8742 0.5437 0.8830
3 0.6847 0.6238 0.6549 0.6245 0.6548 0.6142 0.6845 0.6135
3 0.5015 0.2861 0.4985 0.2707 0.5540 0.2499 0.5569 0.2653
3 0.8415 0.0123 0.8255 0.1097 0.8133 0.1057 0.8294 0.0083
4 0.6189 0.4386 0.6224 0.4733 0.6097 0.4758 0.6062 0.4411
4 0.4547 0.2193 0.4471 0.1864 0.4527 0.1839 0.4603 0.2168
4 0.3134 0.9928 0.3120 0.9640 0.3169 0.9636 0.3183 0.9924
4 0.2961 0.4028 0.3021 0.4067 0.3005 0.4116 0.2945 0.4077
6 0.4329 0.2428 0.4347 0.2711 0.4300 0.2716 0.4282 0.2433
6 0.6282 0.3355 0.7258 0.5104 0.6629 0.5793 0.5653 0.4044
6 0.6359 0.3336 0.6650 0.3938 0.5783 0.4756 0.5493 0.4154
6 0.4935 0.0921 0.4691 0.1313 0.4597 0.1199 0.4840 0.0807
7 0.6796 0.4193 0.6793 0.4440 0.6259 0.4427 0.6262 0.4180
7 0.5985 0.3415 0.6363 0.4200 0.6192 0.4361 0.5814 0.3576
7 0.5384 0.8616 0.5305 0.8890 0.4530 0.8452 0.4609 0.8178
7 0.6795 0.9111 0.6872 0.9195 0.6748 0.9417 0.6671 0.9333
9 0.7765 0.7257 0.8109 0.6758 0.9420 0.8531 0.9077 0.9030
9 0.1069 0.7820 0.0420 0.5778 0.0757 0.5568 0.1406 0.7610
9 0.2320 0.6600 0.2478 0.8700 0.2126 0.8752 0.1968 0.6652
9 0.9798 0.7052 0.9569 0.7606 0.8637 0.6852 0.8865 0.6298
12 0.4722 0.6213 0.5127 0.5231 0.5175 0.5271 0.4770 0.6253
12 0.4801 0.7146 0.4879 0.6708 0.7030 0.7458 0.6952 0.7896
12 0.9709 0.0327 0.9899 0.0953 0.9777 0.1025 0.9587 0.0399
12 0.3116 0.4437 0.3472 0.3459 0.3764 0.3667 0.3408 0.4645
13 0.2618 0.8296 0.2605 0.8090 0.2822 0.8064 0.2835 0.8270
13 0.2523 0.3352 0.0685 0.2898 0.0746 0.2412 0.2584 0.2866
13 0.4218 0.2132 0.4195 0.2145 0.4170 0.2056 0.4194 0.2043
13 0.2084 0.5142 0.2433 0.4702 0.2536 0.4862 0.2187 0.5302
15 0.5559 0.4608 0.5773 0.4587 0.5795 0.5040 0.5582 0.5061
15 0.4600 0.7394 0.4986 0.7423 0.4960 0.8138 0.4574 0.8109
15 0.2125 0.5589 0.1285 0.5317 0.1492 0.4063 0.2332 0.4335
15 0.5251 0.8603 0.5397 0.7550 0.6024 0.7721 0.5877 0.8774
