0 0.9151 0.4909 0.8519 0.4312 0.9134 0.3035 0.9767 0.3632
0 0.6640 0.5644 0.7158 0.6394 0.6851 0.6808 0.6334 0.6058
0 0.1265 0.6991 0.2226 0.6991 0.2226 0.8933 0.1265 0.8933
0 0.7725 0.3324 0.7645 0.2532 0.8073 0.2448 0.8152 0.3240
1 0.6920 0.0843 0.7081 0.0969 0.6943 0.1317 0.6782 0.1191
1 0.8287 0.1693 0.8133 0.2116 0.7587 0.1727 0.7741 0.1304
1 0.2717 0.4164 0.2694 0.4132 0.3009 0.3692 0.3032 0.3724
1 0.8319 0.9206 0.8263 0.9097 0.8446 0.8910 0.8503 0.9019
2 0.3454 0.2294 0.1874 0.2645 0.1768 0.1714 0.3349 0.1363
2 0.4211 0.8581 0.4048 0.6959 0.5229 0.6727 0.5392 0.8349
2 0.7501 0.3420 0.8849 0.6218 0.7982 0.7036 0.6634 0.4238
2 0.7323 0.4212 0.7285 0.5253 0.7108 0.5240 0.7147 0.4199
3 0.8041 0.1351 0.8380 0.1842 0.8319 0.1925 0.7980 0.1434
3 0.1719 0.2140 0.2321 0.3344 0.2130 0.3532 0.1527 0.2328
3 0.2019 0.9665 0.2152 0.9019 0.2281 0.9071 0.2148 0.9717
3 0.7115 0.7584 0.7746 0.8054 0.7688 0.8208 0.7057 0.7738
4 0.6911 0.9674 0.6974 0.9634 0.7003 0.9726 0.6940 0.9766
4 0.8791 0.1168 0.8767 0.1104 0.9115 0.0856 0.9138 0.0920
4 0.8006 0.3716 0.8112 0.3919 0.7882 0.4152 0.7777 0.3949
4 0.1257 0.0880 0.1146 0.0977 0.1123 0.0924 0.1234 0.0827
6 0.9801 0.6670 0.9668 0.6157 0.9753 0.6114 0.9886 0.6627
6 0.5901 0.2099 0.7495 0.5169 0.6390 0.6293 0.4796 0.3223
6 0.6788 0.6109 0.7124 0.5187 0.7786 0.5659 0.7450 0.6581
6 0.0366 0.2974 0.0217 0.3029 0.0177 0.2818 0.0325 0.2763
7 0.0848 0.1102 0.1112 0.0968 0.1143 0.1090 0.0880 0.1224
7 0.1494 0.0917 0.1550 0.0911 0.1560 0.1119 0.1505 0.1125
7 0.8961 0.9327 0.8981 0.9549 0.8610 0.9613 0.8591 0.9391
7 0.4167 0.5996 0.4082 0.5916 0.4336 0.5388 0.4421 0.5468
9 0.7693 0.6317 0.8341 0.5608 0.9373 0.7455 0.8724 0.8164
9 0.9473 0.0834 0.9958 0.1345 0.9116 0.2910 0.8631 0.2399
9 0.6996 0.7367 0.7220 0.7148 0.7781 0.8269 0.7557 0.8488
9 0.4832 0.9918 0.4243 0.7650 0.4619 0.7458 0.5209 0.9726
12 0.4703 0.7285 0.4717 0.6131 0.4877 0.6135 0.4863 0.7289
12 0.0188 0.1250 0.0413 0.0832 0.1287 0.1754 0.1062 0.2172
12 0.6137 0.6394 0.6318 0.6518 0.5874 0.7790 0.5694 0.7666
12 0.1751 0.1805 0.1837 0.1707 0.3566 0.4695 0.3480 0.4793
13 0.9030 0.6188 0.8948 0.6237 0.8925 0.6160 0.9006 0.6111
13 0.2784 0.2398 0.2387 0.0688 0.2453 0.0658 0.2850 0.2368
13 0.2867 0.7449 0.2340 0.7251 0.2347 0.7211 0.2875 0.7409
13 0.3324 0.3876 0.3312 0.3946 0.3067 0.3860 0.3080 0.3790
15 0.6358 0.5511 0.6205 0.6136 0.5833 0.5957 0.5987 0.5332
15 0.4968 0.2493 0.5309 0.2460 0.5340 0.3091 0.5000 0.3124
15 0.3343 0.6653 0.3418 0.5647 0.4289 0.5775 0.4213 0.6781
15 0.3593 0.6487 0.4329 0.7321 0.3607 0.8569 0.2871 0.7735
