0 0.5608 0.4831 0.6104 0.6192 0.4700 0.7193 0.4205 0.5832
0 0.5430 0.4745 0.4118 0.5237 0.3427 0.1627 0.4739 0.1135
0 0.4745 0.5304 0.4111 0.3213 0.7909 0.0956 0.8543 0.3047
0 0.6371 0.7466 0.7418 0.7260 0.7540 0.8470 0.6493 0.8676
1 0.7689 0.3023 0.7644 0.3229 0.7596 0.3209 0.7641 0.3003
1 0.6751 0.8929 0.6705 0.8791 0.6723 0.8779 0.6769 0.8917
1 0.0404 0.5423 0.0382 0.5482 0.0085 0.5261 0.0107 0.5202
1 0.3201 0.3049 0.3136 0.3101 0.3039 0.2867 0.3104 0.2815
2 0.8701 0.9934 0.7539 0.8995 0.7822 0.8310 0.8984 0.9249
2 0.3372 0.3331 0.3352 0.3402 0.3145 0.3285 0.3165 0.3214
2 0.3251 0.2560 0.2680 0.1573 0.2980 0.1232 0.3552 0.2219
2 0.6043 0.0483 0.5810 0.1097 0.5317 0.0729 0.5550 0.0115
3 0.2181 0.8665 0.1840 0.8501 0.1862 0.8411 0.2203 0.8575
3 0.3736 0.8178 0.3912 0.8326 0.3332 0.9678 0.3156 0.9530
3 0.9923 0.0977 0.8942 0.0450 0.9005 0.0219 0.9987 0.0746
3 0.2315 0.1671 0.2240 0.1977 0.1128 0.1441 0.1203 0.1135
4 0.8333 0.9352 0.8143 0.9338 0.8201 0.7768 0.8392 0.7782
4 0.2908 0.7922 0.2953 0.7824 0.2978 0.7846 0.2932 0.7944
4 0.9504 0.4210 0.9558 0.4443 0.9516 0.4462 0.9462 0.4229
4 0.9815 0.3127 0.9756 0.3149 0.9742 0.3077 0.9801 0.3055
6 0.3421 0.9776 0.3225 0.9723 0.3234 0.9660 0.3430 0.9713
6 0.4815 0.4942 0.4416 0.3893 0.4668 0.3706 0.5066 0.4755
6 0.4478 0.1214 0.3875 0.1850 0.3722 0.1566 0.4325 0.0930
6 0.4562 0.1840 0.4554 0.1195 0.4709 0.1192 0.4717 0.1837
7 0.5417 0.5451 0.5472 0.5517 0.5377 0.5669 0.5323 0.5603
7 0.6043 0.4792 0.6194 0.4478 0.6946 0.5188 0.6795 0.5502
7 0.7456 0.8563 0.7569 0.8937 0.7018 0.9265 0.6905 0.8891
7 0.8450 0.3812 0.8525 0.3747 0.8541 0.3784 0.8467 0.3849
9 0.3493 0.1958 0.3862 0.1848 0.4135 0.3646 0.3766 0.3756
9 0.3390 0.2743 0.3667 0.1783 0.3827 0.1873 0.3550 0.2833
9 0.4306 0.7790 0.3573 0.5938 0.4114 0.5518 0.4847 0.7370
9 0.9101 0.2864 0.9432 0.3214 0.8539 0.4872 0.8208 0.4522
12 0.8717 0.7041 0.9022 0.6824 0.9114 0.7079 0.8810 0.7296
12 0.7630 0.3489 0.6877 0.3396 0.6881 0.3323 0.7635 0.3416
12 0.3569 0.3403 0.3789 0.3370 0.3906 0.4921 0.3685 0.4954
12 0.5340 0.9211 0.5470 0.8271 0.5683 0.8329 0.5553 0.9269
13 0.5929 0.3496 0.5838 0.3700 0.5751 0.3624 0.5842 0.3420
13 0.8680 0.7902 0.8676 0.8005 0.8537 0.7994 0.8541 0.7891
13 0.4563 0.7890 0.4550 0.7554 0.4988 0.7522 0.5001 0.7858
13 0.0514 0.7959 0.0523 0.7999 0.0446 0.8033 0.0437 0.7993
15 0.2834 0.3605 0.2163 0.3387 0.2326 0.2399 0.2997 0.2617
15 0.6778 0.4438 0.6573 0.4448 0.6565 0.4154 0.6770 0.4144
15 0.1618 0.5694 0.2360 0.5878 0.2259 0.6678 0.1517 0.6494
15 0.9725 0.5000 0.9656 0.4686 0.9886 0.4588 0.9955 0.4902
