0 0.1553 0.5343 0.2151 0.5699 0.1772 0.6949 0.1174 0.6593
0 0.2732 0.6010 0.1251 0.6228 0.0945 0.2154 0.2426 0.1936
0 0.1963 0.2897 0.1187 0.2725 0.1317 0.1575 0.2093 0.1747
0 0.8806 0.5445 0.8359 0.5179 0.8503 0.4707 0.8949 0.4973
1 0.8570 0.6825 0.8362 0.6534 0.8424 0.6447 0.8632 0.6738
1 0.2111 0.3183 0.2246 0.3735 0.1535 0.4077 0.1399 0.3525
1 0.2662 0.4691 0.2666 0.4668 0.2761 0.4701 0.2757 0.4724
1 0.7297 0.9596 0.7254 0.9571 0.7358 0.9228 0.7400 0.9253
2 0.7760 0.6763 0.8044 0.6992 0.7971 0.7169 0.7687 0.6940
2 0.2619 0.7328 0.4038 0.7328 0.4038 0.8176 0.2619 0.8176
2 0.4371 0.3595 0.4409 0.2091 0.5343 0.2137 0.5305 0.3641
2 0.9204 0.2261 0.8701 0.3345 0.7762 0.2491 0.8264 0.1407
3 0.1854 0.4550 0.2234 0.4387 0.2260 0.4506 0.1880 0.4669
3 0.8337 0.7975 0.8390 0.7990 0.8338 0.8365 0.8285 0.8350
3 0.1129 0.4894 0.1097 0.4942 0.0702 0.4426 0.0734 0.4378
3 0.2488 0.1253 0.2274 0.0919 0.2340 0.0835 0.2555 0.1169
4 0.4022 0.5829 0.3937 0.5605 0.4004 0.5555 0.4089 0.5779
4 0.4040 0.6498 0.3958 0.6573 0.3760 0.6146 0.3842 0.6071
4 0.4301 0.5084 0.4268 0.5121 0.4196 0.4996 0.4229 0.4959
4 0.8651 0.3286 0.8991 0.3175 0.9009 0.3286 0.8669 0.3397
6 0.3010 0.6824 0.2834 0.6794 0.2856 0.6544 0.3032 0.6574
6 0.6087 0.7519 0.6297 0.8618 0.6033 0.8717 0.5823 0.7618
6 0.6553 0.3265 0.7352 0.2835 0.7455 0.3211 0.6656 0.3641
6 0.8057 0.5971 0.7942 0.5994 0.7925 0.5829 0.8041 0.5806
7 0.2080 0.9045 0.2096 0.8887 0.2457 0.8959 0.2441 0.9117
7 0.5207 0.3853 0.5047 0.4273 0.4711 0.4023 0.4870 0.3603
7 0.6757 0.1296 0.6699 0.1259 0.6757 0.1084 0.6815 0.1121
7 0.1732 0.4840 0.1664 0.4888 0.1526 0.4508 0.1593 0.4460
9 0.1896 0.0576 0.2309 0.0741 0.1886 0.2804 0.1474 0.2639
9 0.4234 0.3395 0.4615 0.3311 0.4766 0.4641 0.4385 0.4725
9 0.6019 0.8904 0.6811 0.6292 0.7249 0.6552 0.6457 0.9164
9 0.5796 0.6774 0.6423 0.8575 0.6067 0.8818 0.5440 0.7017
12 0.6986 0.3852 0.7050 0.4410 0.4299 0.5020 0.4236 0.4462
12 0.4244 0.3915 0.4284 0.4315 0.4113 0.4349 0.4073 0.3949
12 0.4783 0.1248 0.4350 0.1657 0.4228 0.1404 0.4661 0.0995
12 0.4882 0.2807 0.5138 0.2845 0.5052 0.3989 0.4796 0.3951
13 0.2420 0.1948 0.2362 0.1829 0.2406 0.1788 0.2463 0.1907
13 0.3981 0.6985 0.3826 0.6540 0.4219 0.6271 0.4374 0.6716
13 0.7371 0.6479 0.7489 0.6496 0.7452 0.6997 0.7333 0.6980
13 0.6100 0.5113 0.6130 0.5083 0.6186 0.5191 0.6156 0.5221
15 0.2329 0.7778 0.1825 0.7941 0.1728 0.7354 0.2232 0.7191
15 0.6895 0.4225 0.6739 0.3467 0.7317 0.3235 0.7472 0.3993
15 0.4464 0.0479 0.4464 0.1449 0.3871 0.1449 0.3871 0.0479
15 0.9225 0.6201 0.9045 0.5930 0.9243 0.5671 0.9424 0.5942
