0 0.3181 0.4914 0.4303 0.6999 0.3262 0.8098 0.2140 0.6013
0 0.9169 0.5095 0.8740 0.5838 0.8094 0.5105 0.8523 0.4362
0 0.2680 0.0320 0.4289 0.1096 0.3123 0.5836 0.1514 0.5060
0 0.8240 0.1225 0.7462 0.1206 0.7472 0.0383 0.8250 0.0402
1 0.7390 0.3125 0.7400 0.3104 0.7610 0.3295 0.7600 0.3316
1 0.3342 0.7508 0.3357 0.7472 0.3515 0.7600 0.3500 0.7636
1 0.5209 0.5309 0.5168 0.5416 0.4628 0.5015 0.4669 0.4908
1 0.3160 0.6925 0.3144 0.6873 0.3380 0.6739 0.3396 0.6791
2 0.5481 0.5657 0.5148 0.4035 0.5688 0.3819 0.6020 0.5441
2 0.7564 0.2979 0.6675 0.4461 0.6239 0.3949 0.7128 0.2467
2 0.0651 0.8319 0.0892 0.9581 0.0443 0.9749 0.0202 0.8487
2 0.4979 0.2743 0.5121 0.2778 0.5096 0.2977 0.4954 0.2942
3 0.9921 0.3612 0.9402 0.4542 0.9254 0.4380 0.9773 0.3450
3 0.5063 0.7472 0.5286 0.7972 0.5208 0.8040 0.4985 0.7540
3 0.5389 0.4124 0.4968 0.3909 0.5011 0.3744 0.5432 0.3959
3 0.7294 0.3048 0.7390 0.3208 0.6780 0.3924 0.6684 0.3764
4 0.4442 0.0855 0.4501 0.0907 0.4384 0.1169 0.4325 0.1117
4 0.7339 0.1077 0.7448 0.0907 0.7518 0.0995 0.7409 0.1165
4 0.4707 0.6076 0.4843 0.6011 0.4918 0.6316 0.4783 0.6381
4 0.0887 0.5954 0.0853 0.5760 0.0984 0.5714 0.1019 0.5908
6 0.1523 0.5503 0.1601 0.5658 0.1488 0.5769 0.1410 0.5614
6 0.6717 0.0602 0.6725 0.0278 0.6960 0.0290 0.6952 0.0614
6 0.3318 0.5753 0.2916 0.5058 0.3250 0.4679 0.3652 0.5374
6 0.2623 0.7562 0.2150 0.6367 0.3868 0.5034 0.4341 0.6229
7 0.5918 0.2965 0.5897 0.3081 0.5870 0.3071 0.5891 0.2955
7 0.4957 0.9448 0.3436 0.9073 0.3457 0.8904 0.4978 0.9279
7 0.2972 0.1702 0.2759 0.1697 0.2760 0.1598 0.2973 0.1603
7 0.0391 0.1787 0.0483 0.1942 0.0198 0.2277 0.0105 0.2122
9 0.1127 0.8672 0.0240 0.8245 0.0944 0.5380 0.1832 0.5807
9 0.2477 0.1664 0.2763 0.1671 0.2746 0.3084 0.2460 0.3077
9 0.3760 0.4572 0.4227 0.4179 0.4889 0.5720 0.4422 0.6113
9 0.8892 0.8945 0.8254 0.9482 0.7994 0.8875 0.8631 0.8338
12 0.1092 0.4036 0.0451 0.2965 0.0693 0.2680 0.1335 0.3751
12 0.8318 0.3550 0.8778 0.4929 0.8593 0.5050 0.8134 0.3671
12 0.7291 0.6775 0.7737 0.7546 0.7523 0.7789 0.7077 0.7018
12 0.9315 0.6434 0.9387 0.6651 0.8825 0.7018 0.8753 0.6801
13 0.2953 0.0814 0.3048 0.0731 0.3193 0.1054 0.3097 0.1137
13 0.3721 0.0871 0.3037 0.2600 0.2970 0.2549 0.3655 0.0820
13 0.4435 0.5554 0.4334 0.5673 0.4277 0.5578 0.4378 0.5459
13 0.8404 0.0745 0.8299 0.1673 0.7876 0.1579 0.7981 0.0651
15 0.4018 0.6238 0.3695 0.6816 0.3254 0.6334 0.3577 0.5756
15 0.1190 0.8115 0.1488 0.8004 0.1567 0.8417 0.1269 0.8528
15 0.2560 0.8035 0.2011 0.8157 0.1931 0.7453 0.2480 0.7331
15 0.2961 0.5733 0.2894 0.5570 0.3219 0.5308 0.3286 0.5470
