0 0.5172 0.4711 0.7601 0.6155 0.6880 0.8533 0.4451 0.7089
0 0.4001 0.2770 0.3159 0.3870 0.1507 0.1390 0.2349 0.0290
0 0.9603 0.7022 0.7850 0.9310 0.7214 0.8354 0.8967 0.6066
0 0.5470 0.1434 0.7338 0.2944 0.7147 0.3406 0.5279 0.1896
1 0.9145 0.9112 0.9180 0.9125 0.9155 0.9256 0.9120 0.9243
1 0.2264 0.9107 0.2249 0.9224 0.1476 0.9033 0.1491 0.8916
1 0.0937 0.4974 0.0890 0.5033 0.0628 0.4626 0.0675 0.4567
1 0.5340 0.3470 0.5356 0.3551 0.5220 0.3602 0.5204 0.3521
2 0.0558 0.5537 0.0479 0.4645 0.0631 0.4619 0.0709 0.5511
2 0.4828 0.6244 0.4938 0.1824 0.5598 0.1856 0.5487 0.6276
2 0.5886 0.6418 0.5909 0.7041 0.5791 0.7050 0.5768 0.6427
2 0.0864 0.7551 0.0896 0.7680 0.0753 0.7749 0.0722 0.7620
3 0.7042 0.5305 0.7098 0.5287 0.7246 0.6187 0.7191 0.6205
3 0.2843 0.9143 0.3072 0.9601 0.2991 0.9681 0.2762 0.9223
3 0.3367 0.7278 0.2092 0.7690 0.2042 0.7386 0.3317 0.6974
3 0.3421 0.2592 0.3526 0.2629 0.3393 0.3376 0.3288 0.3339
4 0.5288 0.1903 0.5415 0.2251 0.5294 0.2337 0.5168 0.1989
4 0.3494 0.7768 0.3510 0.7691 0.3534 0.7700 0.3519 0.7777
4 0.9165 0.6295 0.9232 0.7356 0.8900 0.7397 0.8834 0.6336
4 0.0833 0.8808 0.1000 0.8792 0.1007 0.8932 0.0840 0.8948
6 0.4077 0.8437 0.4434 0.7063 0.4929 0.7315 0.4571 0.8689
6 0.9462 0.9605 0.8568 0.9100 0.8689 0.8679 0.9583 0.9184
6 0.6311 0.1948 0.6393 0.2594 0.6286 0.2620 0.6204 0.1974
6 0.3529 0.3039 0.3755 0.3718 0.3268 0.4037 0.3042 0.3358
7 0.2225 0.5643 0.2344 0.5330 0.2863 0.5717 0.2745 0.6030
7 0.6282 0.9499 0.6284 0.9641 0.5960 0.9649 0.5959 0.9507
7 0.4314 0.4644 0.4462 0.4524 0.4766 0.5260 0.4618 0.5380
7 0.2741 0.6020 0.2841 0.6082 0.2753 0.6356 0.2654 0.6294
9 0.9467 0.9614 0.8986 0.7858 0.9499 0.7582 0.9980 0.9338
9 0.3247 0.4792 0.2870 0.4579 0.3507 0.2372 0.3884 0.2585
9 0.8233 0.8606 0.7023 0.9881 0.6813 0.9490 0.8022 0.8215
9 0.7336 0.3753 0.7607 0.3190 0.9044 0.4547 0.8773 0.5110
12 0.3770 0.6591 0.3608 0.6674 0.3393 0.5849 0.3555 0.5766
12 0.7913 0.3080 0.7903 0.2871 0.8341 0.2828 0.8352 0.3037
12 0.3031 0.0483 0.3341 0.0350 0.3617 0.1617 0.3308 0.1750
12 0.1750 0.7224 0.2839 0.7492 0.2764 0.8084 0.1676 0.7816
13 0.1671 0.6843 0.1766 0.7083 0.0737 0.7881 0.0642 0.7641
13 0.7952 0.8900 0.7864 0.9088 0.7828 0.9056 0.7916 0.8868
13 0.4901 0.5121 0.4679 0.3662 0.5094 0.3539 0.5315 0.4998
13 0.4776 0.6941 0.4939 0.6844 0.4981 0.6983 0.4818 0.7080
15 0.5421 0.4488 0.5718 0.4780 0.5442 0.5332 0.5144 0.5040
15 0.8348 0.4759 0.8397 0.4202 0.8737 0.4261 0.8689 0.4818
15 0.7808 0.2975 0.8098 0.3770 0.7612 0.4117 0.7322 0.3322
15 0.9455 0.8822 0.9004 0.8933 0.8948 0.8490 0.9399 0.8379
