0 0.8490 0.0839 0.9249 0.1007 0.9070 0.2593 0.8311 0.2425
0 0.1329 0.9646 0.1268 0.9161 0.2348 0.8894 0.2409 0.9379
0 0.6884 0.2062 0.9253 0.2707 0.8931 0.5026 0.6562 0.4381
0 0.7931 0.6136 0.7614 0.4049 0.8009 0.3932 0.8326 0.6019
1 0.5719 0.2859 0.5746 0.2856 0.5778 0.3381 0.5751 0.3384
1 0.2691 0.4683 0.2774 0.4498 0.2978 0.4677 0.2895 0.4862
1 0.8070 0.2130 0.8095 0.2164 0.7956 0.2366 0.7931 0.2332
1 0.4697 0.3112 0.4685 0.3019 0.5298 0.2868 0.5309 0.2961
2 0.9062 0.3956 0.9155 0.4065 0.8918 0.4460 0.8825 0.4351
2 0.5441 0.3815 0.4977 0.4221 0.4827 0.3885 0.5291 0.3479
2 0.3593 0.3835 0.4075 0.4016 0.3975 0.4537 0.3494 0.4356
2 0.4639 0.8127 0.4679 0.6534 0.5221 0.6561 0.5181 0.8154
3 0.2944 0.3868 0.2576 0.3452 0.2650 0.3324 0.3018 0.3740
3 0.3972 0.3276 0.3911 0.3292 0.3773 0.2300 0.3835 0.2284
3 0.7081 0.3470 0.6459 0.3993 0.6368 0.3782 0.6990 0.3259
3 0.4137 0.8566 0.4268 0.8499 0.4509 0.9426 0.4378 0.9493
4 0.8694 0.8817 0.8465 0.8712 0.8543 0.8375 0.8773 0.8480
4 0.1952 0.4824 0.1870 0.5062 0.1696 0.4944 0.1779 0.4706
4 0.1513 0.3433 0.1671 0.3151 0.1755 0.3243 0.1598 0.3525
4 0.9243 0.8602 0.9402 0.8507 0.9443 0.8642 0.9283 0.8737
6 0.1746 0.1276 0.1795 0.1438 0.1677 0.1508 0.1628 0.1346
6 0.5118 0.2048 0.4976 0.2261 0.4822 0.2060 0.4964 0.1847
6 0.8832 0.0967 0.9278 0.1033 0.9231 0.1661 0.8784 0.1595
6 0.2848 0.9817 0.2371 0.9534 0.2575 0.8863 0.3052 0.9146
7 0.6440 0.6456 0.6362 0.5832 0.7674 0.5508 0.7753 0.6132
7 0.3056 0.1559 0.2009 0.1765 0.1893 0.0609 0.2940 0.0403
7 0.1016 0.3183 0.1249 0.3364 0.1173 0.3557 0.0940 0.3376
7 0.0099 0.5382 0.0109 0.4580 0.0370 0.4586 0.0360 0.5388
9 0.1248 0.7273 0.0923 0.6768 0.2215 0.5139 0.2540 0.5644
9 0.3106 0.0194 0.3654 0.1110 0.2323 0.2674 0.1774 0.1758
9 0.2353 0.0451 0.3818 0.0451 0.3818 0.0925 0.2353 0.0925
9 0.9195 0.4733 0.9143 0.5250 0.8273 0.5079 0.8325 0.4562
12 0.7445 0.4880 0.7458 0.5251 0.6681 0.5308 0.6667 0.4937
12 0.3080 0.6810 0.3083 0.7082 0.2109 0.7106 0.2105 0.6834
12 0.9657 0.8482 0.6293 0.8070 0.6332 0.7450 0.9696 0.7862
12 0.4861 0.5777 0.4705 0.5630 0.5085 0.4843 0.5240 0.4990
13 0.3611 0.5571 0.3712 0.5677 0.3483 0.6101 0.3383 0.5995
13 0.9097 0.3350 0.9097 0.3274 0.9229 0.3274 0.9229 0.3350
13 0.4260 0.1009 0.3994 0.0950 0.4017 0.0743 0.4283 0.0802
13 0.1610 0.0201 0.1491 0.0116 0.1527 0.0015 0.1647 0.0100
15 0.4125 0.8762 0.4228 0.8226 0.4632 0.8378 0.4529 0.8914
15 0.8795 0.3799 0.8621 0.4373 0.8285 0.4173 0.8459 0.3599
15 0.5520 0.7780 0.5262 0.7677 0.5323 0.7376 0.5581 0.7479
15 0.7741 0.6405 0.6936 0.7385 0.6522 0.6719 0.7327 0.5739
