0 0.5066 0.8853 0.0797 0.7583 0.1206 0.4891 0.5475 0.6161
0 0.8966 0.2489 0.8510 0.3276 0.8188 0.2911 0.8644 0.2124
0 0.5327 0.6332 0.4785 0.5018 0.7321 0.2968 0.7863 0.4282
0 0.4720 0.9717 0.3999 0.8162 0.6823 0.5595 0.7544 0.7150
1 0.6135 0.8637 0.6122 0.8650 0.6065 0.8531 0.6078 0.8518
1 0.4460 0.8496 0.4553 0.8375 0.4686 0.8576 0.4593 0.8697
1 0.3100 0.2095 0.3346 0.2162 0.3332 0.2265 0.3085 0.2198
1 0.4088 0.5381 0.4045 0.5329 0.4329 0.4871 0.4372 0.4923
2 0.1273 0.5232 0.1137 0.5262 0.1116 0.5072 0.1251 0.5042
2 0.8326 0.3576 0.8038 0.3994 0.7522 0.3296 0.7810 0.2878
2 0.6412 0.7552 0.5886 0.7709 0.5862 0.7552 0.6388 0.7395
2 0.3545 0.2363 0.3889 0.3268 0.1669 0.4921 0.1325 0.4016
3 0.1755 0.2631 0.2110 0.2966 0.2068 0.3053 0.1713 0.2718
3 0.9464 0.3742 0.9439 0.3703 0.9765 0.3306 0.9789 0.3345
3 0.8187 0.0520 0.7428 0.0333 0.7453 0.0132 0.8212 0.0319
3 0.7901 0.1517 0.7765 0.0311 0.7910 0.0279 0.8046 0.1485
4 0.7381 0.3505 0.7371 0.3313 0.7511 0.3299 0.7520 0.3491
4 0.2758 0.7991 0.2731 0.8224 0.2645 0.8205 0.2672 0.7972
4 0.6409 0.2448 0.6364 0.2473 0.6297 0.2228 0.6342 0.2203
4 0.1590 0.3140 0.1636 0.3177 0.1553 0.3376 0.1507 0.3339
6 0.8817 0.5154 0.9562 0.4599 0.9695 0.4950 0.8950 0.5505
6 0.4512 0.7988 0.4019 0.7952 0.4036 0.7488 0.4530 0.7524
6 0.4625 0.0582 0.4653 0.0023 0.4921 0.0050 0.4893 0.0609
6 0.9830 0.4844 0.9516 0.4570 0.9561 0.4468 0.9875 0.4742
7 0.0858 0.4331 0.0798 0.4641 0.0476 0.4521 0.0536 0.4211
7 0.5692 0.7034 0.5513 0.7393 0.5445 0.7326 0.5624 0.6967
7 0.7672 0.5187 0.7669 0.5448 0.7380 0.5441 0.7383 0.5180
7 0.4274 0.8141 0.4254 0.8106 0.4384 0.7959 0.4403 0.7994
9 0.1953 0.4723 0.1793 0.5144 0.1085 0.4617 0.1244 0.4196
9 0.7273 0.8273 0.6542 0.6635 0.6812 0.6399 0.7544 0.8037
9 0.9662 0.1540 0.9763 0.1908 0.8847 0.2400 0.8746 0.2032
9 0.2125 0.6956 0.3552 0.6495 0.3695 0.7360 0.2268 0.7821
12 0.7907 0.3303 0.8073 0.3519 0.6796 0.5437 0.6630 0.5221
12 0.7246 0.4306 0.7300 0.5026 0.3768 0.5546 0.3714 0.4826
12 0.2485 0.4660 0.1976 0.3869 0.2015 0.3820 0.2524 0.4611
12 0.8003 0.4860 0.5919 0.3242 0.6062 0.2880 0.8147 0.4498
13 0.4694 0.5874 0.4813 0.6140 0.4714 0.6226 0.4596 0.5960
13 0.1971 0.5293 0.1946 0.5184 0.1983 0.5167 0.2009 0.5276
13 0.6795 0.1500 0.6717 0.1443 0.6817 0.1180 0.6894 0.1237
13 0.7219 0.6298 0.7320 0.6170 0.7381 0.6266 0.7280 0.6394
15 0.4571 0.7043 0.4799 0.6256 0.5337 0.6561 0.5110 0.7348
15 0.1312 0.5076 0.0900 0.4985 0.0954 0.4504 0.1366 0.4595
15 0.3840 0.3835 0.4477 0.4214 0.4311 0.4761 0.3674 0.4382
15 0.7735 0.3233 0.7373 0.3224 0.7382 0.2459 0.7744 0.2468
