0 0.8198 0.9192 0.7251 0.7912 0.7607 0.7396 0.8554 0.8676
0 0.1417 0.5228 0.3204 0.4831 0.3558 0.7956 0.1770 0.8353
0 0.3335 0.4253 0.2631 0.2546 0.4154 0.1315 0.4858 0.3022
0 0.8899 0.4118 0.9524 0.5321 0.7958 0.6914 0.7334 0.5711
1 0.3205 0.8019 0.3238 0.7995 0.3335 0.8261 0.3302 0.8285
1 0.8478 0.3778 0.8306 0.3940 0.8128 0.3570 0.8300 0.3408
1 0.0413 0.2148 0.0531 0.1794 0.0613 0.1848 0.0495 0.2202
1 0.0919 0.4620 0.1007 0.4367 0.1032 0.4384 0.0944 0.4637
2 0.6266 0.7289 0.5470 0.6450 0.5780 0.5875 0.6575 0.6714
2 0.4895 0.6043 0.4386 0.6892 0.3756 0.6153 0.4265 0.5304
2 0.8780 0.1979 0.9037 0.3830 0.8291 0.4033 0.8034 0.2182
2 0.2174 0.9936 0.1474 0.9437 0.1623 0.9028 0.2323 0.9527
3 0.6793 0.9245 0.6740 0.9150 0.7525 0.8291 0.7577 0.8386
3 0.1010 0.6275 0.0587 0.7389 0.0436 0.7277 0.0859 0.6163
3 0.4373 0.5731 0.4396 0.5604 0.4892 0.5777 0.4870 0.5904
3 0.4528 0.4614 0.4574 0.4536 0.4855 0.4866 0.4809 0.4944
4 0.4076 0.2756 0.4109 0.2972 0.4081 0.2980 0.4048 0.2764
4 0.6014 0.7466 0.5871 0.7427 0.6035 0.6250 0.6177 0.6289
4 0.1867 0.5728 0.1937 0.6285 0.1910 0.6292 0.1840 0.5735
4 0.7632 0.3795 0.7488 0.3921 0.7322 0.3549 0.7466 0.3423
6 0.1580 0.1569 0.1773 0.1536 0.1797 0.1811 0.1604 0.1844
6 0.9564 0.1151 0.9878 0.1945 0.9688 0.2093 0.9373 0.1299
6 0.5307 0.3395 0.5320 0.4409 0.4833 0.4421 0.4820 0.3407
6 0.9267 0.8737 0.8802 0.8657 0.8816 0.8507 0.9280 0.8587
7 0.1490 0.6364 0.1479 0.6649 0.0704 0.6592 0.0715 0.6307
7 0.1146 0.5423 0.1286 0.5961 0.0454 0.6385 0.0314 0.5847
7 0.9960 0.7595 0.9942 0.7673 0.9794 0.7605 0.9812 0.7527
7 0.3245 0.5456 0.3258 0.5729 0.2733 0.5780 0.2719 0.5507
9 0.3566 0.6463 0.3826 0.6235 0.4409 0.7541 0.4148 0.7769
9 0.9573 0.4761 0.9354 0.4723 0.9421 0.3959 0.9640 0.3997
9 0.9011 0.3399 0.9087 0.4267 0.8915 0.4297 0.8839 0.3429
9 0.3700 0.3056 0.4037 0.3639 0.3754 0.3960 0.3417 0.3377
12 0.7415 0.0352 0.8440 0.0818 0.8399 0.0996 0.7374 0.0530
12 0.5695 0.2170 0.5898 0.2509 0.4525 0.4122 0.4322 0.3783
12 0.6040 0.3984 0.5103 0.3984 0.5103 0.3568 0.6040 0.3568
12 0.6850 0.1408 0.6508 0.1316 0.6690 0.0004 0.7032 0.0096
13 0.4495 0.6049 0.4357 0.5818 0.4659 0.5463 0.4797 0.5694
13 0.4114 0.3295 0.4183 0.3330 0.4154 0.3441 0.4085 0.3406
13 0.7809 0.2341 0.7887 0.2320 0.7957 0.2827 0.7879 0.2848
13 0.0722 0.5166 0.0841 0.4987 0.1609 0.5990 0.1490 0.6169
15 0.3095 0.9621 0.2513 0.9901 0.2391 0.9407 0.2973 0.9127
15 0.2665 0.3107 0.2932 0.3948 0.2430 0.4261 0.2163 0.3420
15 0.5601 0.8372 0.6064 0.8688 0.5933 0.9064 0.5470 0.8748
15 0.2116 0.0974 0.3127 0.0974 0.3127 0.2146 0.2116 0.2146
