0 0.9972 0.8092 0.6912 0.9402 0.6491 0.7472 0.9551 0.6162
0 0.3136 0.8624 0.3379 0.6211 0.4584 0.6448 0.4341 0.8861
0 0.8674 0.1695 0.9078 0.3805 0.8491 0.4025 0.8087 0.1915
0 0.2938 0.1062 0.3349 0.2733 0.3033 0.2886 0.2622 0.1215
1 0.2280 0.7338 0.2199 0.7229 0.2800 0.6358 0.2881 0.6467
1 0.5338 0.3804 0.5461 0.3970 0.5388 0.4076 0.5265 0.3910
1 0.0701 0.5432 0.0636 0.5366 0.1073 0.4524 0.1138 0.4590
1 0.6617 0.2952 0.6531 0.2874 0.6617 0.2688 0.6704 0.2766
2 0.0802 0.7271 0.1122 0.3007 0.1655 0.3085 0.1335 0.7349
2 0.1879 0.7154 0.2042 0.6934 0.2166 0.7114 0.2004 0.7334
2 0.4162 0.2385 0.4381 0.2347 0.4400 0.2571 0.4182 0.2609
2 0.3416 0.6130 0.4006 0.5727 0.4172 0.6206 0.3583 0.6609
3 0.2883 0.6063 0.3823 0.6392 0.3772 0.6681 0.2831 0.6352
3 0.3987 0.0782 0.4159 0.0820 0.4010 0.2134 0.3839 0.2096
3 0.3198 0.8379 0.3752 0.9029 0.3639 0.9217 0.3086 0.8567
3 0.3302 0.6113 0.2493 0.4610 0.2681 0.4411 0.3490 0.5914
4 0.6250 0.6386 0.6102 0.6465 0.6036 0.6226 0.6184 0.6147
4 0.9032 0.6415 0.9138 0.6564 0.9111 0.6601 0.9005 0.6452
4 0.3815 0.7636 0.3725 0.7627 0.3731 0.7508 0.3821 0.7517
4 0.2311 0.3819 0.2403 0.3860 0.2186 0.4797 0.2094 0.4756
6 0.5853 0.4099 0.6203 0.4608 0.6081 0.4773 0.5731 0.4264
6 0.1836 0.2730 0.1850 0.2947 0.1692 0.2966 0.1679 0.2749
6 0.5800 0.6220 0.5217 0.7158 0.3869 0.5516 0.4451 0.4578
6 0.1666 0.6245 0.1022 0.6118 0.1083 0.5511 0.1727 0.5638
7 0.3151 0.1633 0.3190 0.1494 0.3404 0.1615 0.3364 0.1754
7 0.6331 0.2137 0.6460 0.2115 0.6486 0.2415 0.6357 0.2437
7 0.3106 0.6352 0.2895 0.6437 0.2703 0.5500 0.2914 0.5415
7 0.8981 0.8856 0.9127 0.9028 0.8691 0.9756 0.8544 0.9584
9 0.1248 0.4193 0.0197 0.2868 0.0606 0.2231 0.1658 0.3556
9 0.6468 0.4915 0.6846 0.5087 0.6540 0.6405 0.6163 0.6233
9 0.8295 0.1998 0.8610 0.2084 0.8385 0.3706 0.8070 0.3620
9 0.4781 0.6568 0.4540 0.6452 0.4887 0.5040 0.5129 0.5156
12 0.6208 0.8771 0.6458 0.9219 0.6266 0.9429 0.6016 0.8981
12 0.9045 0.4968 0.9133 0.4832 0.9489 0.5280 0.9401 0.5416
12 0.2384 0.9513 0.3295 0.8836 0.3433 0.9199 0.2522 0.9876
12 0.2839 0.8084 0.3135 0.6947 0.3475 0.7120 0.3179 0.8257
13 0.8869 0.5836 0.8785 0.5802 0.8799 0.5732 0.8884 0.5766
13 0.9295 0.3970 0.9370 0.4033 0.9333 0.4118 0.9259 0.4055
13 0.5006 0.2677 0.4903 0.2684 0.4900 0.2587 0.5002 0.2580
13 0.5863 0.5634 0.5866 0.5722 0.5814 0.5726 0.5811 0.5638
15 0.5629 0.5883 0.6004 0.6084 0.5896 0.6477 0.5522 0.6276
15 0.5457 0.8137 0.4562 0.7801 0.4763 0.6751 0.5658 0.7087
15 0.4948 0.2697 0.4972 0.2059 0.5524 0.2099 0.5500 0.2737
15 0.1088 0.2322 0.0810 0.1126 0.1592 0.0770 0.1870 0.1966
