0 0.3642 0.1116 0.4304 0.0663 0.4787 0.2048 0.4124 0.2501
0 0.2153 0.8997 0.2068 0.7294 0.2918 0.7211 0.3004 0.8914
0 0.2177 0.2233 0.1283 0.2713 0.0920 0.1387 0.1814 0.0907
0 0.4413 0.6885 0.4134 0.8245 0.1510 0.7191 0.1789 0.5831
1 0.8953 0.6411 0.9049 0.6267 0.9293 0.6585 0.9196 0.6729
1 0.2883 0.8597 0.2867 0.8913 0.2800 0.8907 0.2815 0.8591
1 0.1818 0.9499 0.1778 0.9505 0.1753 0.9181 0.1794 0.9175
1 0.8218 0.2113 0.8182 0.2246 0.8153 0.2231 0.8190 0.2098
2 0.5784 0.0470 0.5956 0.0558 0.5893 0.0798 0.5722 0.0710
2 0.2649 0.3681 0.2566 0.5016 0.0694 0.4787 0.0777 0.3452
2 0.7547 0.7752 0.7253 0.7781 0.7082 0.4360 0.7376 0.4331
2 0.7910 0.1763 0.8015 0.2000 0.7882 0.2117 0.7776 0.1880
3 0.2107 0.2252 0.2852 0.1575 0.2958 0.1804 0.2213 0.2481
3 0.0085 0.7966 0.0261 0.7835 0.0760 0.9150 0.0584 0.9281
3 0.1375 0.3825 0.0639 0.2864 0.0759 0.2683 0.1496 0.3644
3 0.7132 0.4089 0.6151 0.3090 0.6271 0.2859 0.7252 0.3858
4 0.8026 0.3026 0.8146 0.3285 0.8057 0.3366 0.7937 0.3107
4 0.5520 0.4238 0.5770 0.4207 0.5780 0.4374 0.5530 0.4405
4 0.8669 0.6516 0.8643 0.6369 0.8863 0.6292 0.8889 0.6439
4 0.1033 0.1422 0.1092 0.1095 0.1467 0.1226 0.1408 0.1553
6 0.3292 0.7351 0.3392 0.7518 0.3271 0.7661 0.3171 0.7494
6 0.8678 0.8518 0.8642 0.9489 0.7945 0.9438 0.7981 0.8467
6 0.3391 0.6747 0.4252 0.7388 0.4098 0.7793 0.3237 0.7152
6 0.1350 0.3895 0.1439 0.3746 0.1547 0.3873 0.1458 0.4022
7 0.0306 0.6034 0.0054 0.6184 0.0020 0.6070 0.0271 0.5920
7 0.9096 0.4586 0.9206 0.4730 0.9170 0.4786 0.9059 0.4642
7 0.0710 0.6370 0.0769 0.6514 0.0462 0.6762 0.0403 0.6618
7 0.3768 0.2223 0.3802 0.2087 0.4260 0.2309 0.4227 0.2445
9 0.5798 0.3910 0.5266 0.3988 0.5228 0.3482 0.5760 0.3404
9 0.7181 0.4231 0.8123 0.4994 0.7888 0.5565 0.6945 0.4802
9 0.5299 0.6303 0.5324 0.5616 0.6547 0.5705 0.6521 0.6392
9 0.4620 0.6108 0.4961 0.8349 0.4585 0.8460 0.4245 0.6219
12 0.7599 0.3104 0.8075 0.3458 0.7969 0.3736 0.7493 0.3382
12 0.1637 0.5529 0.1805 0.5138 0.2794 0.5971 0.2627 0.6362
12 0.6313 0.9364 0.6108 0.8575 0.6287 0.8484 0.6492 0.9273
12 0.3160 0.1703 0.3375 0.2073 0.2648 0.2897 0.2434 0.2527
13 0.0329 0.1421 0.0265 0.1642 0.0162 0.1583 0.0226 0.1362
13 0.0651 0.4815 0.0806 0.5149 0.0700 0.5245 0.0546 0.4911
13 0.9383 0.0733 0.9292 0.1393 0.8991 0.1311 0.9083 0.0651
13 0.2872 0.4954 0.2907 0.5005 0.2808 0.5138 0.2773 0.5087
15 0.2655 0.6774 0.2322 0.7820 0.1888 0.7550 0.2221 0.6504
15 0.0781 0.4943 0.0415 0.5421 0.0159 0.5037 0.0525 0.4559
15 0.7238 0.8013 0.6991 0.8037 0.6942 0.7067 0.7189 0.7043
15 0.4296 0.2789 0.3898 0.3085 0.3682 0.2515 0.4079 0.2219
