0 0.0993 0.7432 0.0477 0.6710 0.2084 0.4460 0.2600 0.5182
0 0.1921 0.0364 0.2024 0.4464 0.0704 0.4528 0.0602 0.0428
0 0.3317 0.3488 0.4856 0.5112 0.2743 0.9036 0.1204 0.7412
0 0.0442 0.7281 0.0588 0.4371 0.5538 0.4855 0.5392 0.7765
1 0.3644 0.9216 0.3602 0.9087 0.3619 0.9076 0.3660 0.9205
1 0.3112 0.6615 0.3155 0.6650 0.3091 0.6805 0.3048 0.6770
1 0.2662 0.4476 0.2667 0.4419 0.2772 0.4440 0.2767 0.4497
1 0.8288 0.8387 0.8423 0.8364 0.8550 0.9809 0.8414 0.9832
2 0.1249 0.4773 0.1151 0.4790 0.1103 0.4235 0.1200 0.4218
2 0.9735 0.3158 0.9681 0.3589 0.9148 0.3458 0.9202 0.3027
2 0.2490 0.7061 0.2517 0.5984 0.4296 0.6071 0.4269 0.7148
2 0.2889 0.3472 0.3155 0.3630 0.3025 0.4056 0.2760 0.3898
3 0.8765 0.8598 0.8959 0.8560 0.9035 0.9314 0.8841 0.9352
3 0.3397 0.7185 0.4308 0.6696 0.4369 0.6919 0.3458 0.7408
3 0.2838 0.5464 0.2890 0.5513 0.2711 0.5884 0.2659 0.5835
3 0.3102 0.2503 0.3279 0.2382 0.3752 0.3741 0.3575 0.3862
4 0.2478 0.7017 0.2448 0.6964 0.2533 0.6867 0.2564 0.6920
4 0.8306 0.1653 0.8233 0.1669 0.8203 0.1395 0.8275 0.1379
4 0.6807 0.5919 0.7064 0.5618 0.7144 0.5753 0.6888 0.6054
4 0.5596 0.5198 0.5367 0.5321 0.5324 0.5166 0.5553 0.5043
6 0.2351 0.7925 0.1621 0.7006 0.2943 0.4951 0.3673 0.5870
6 0.2472 0.2471 0.2577 0.2760 0.2368 0.2909 0.2263 0.2620
6 0.8576 0.2086 0.8410 0.1158 0.8856 0.1002 0.9021 0.1930
6 0.1417 0.0953 0.1002 0.1458 0.0760 0.1067 0.1175 0.0562
7 0.8060 0.6097 0.8140 0.5991 0.8335 0.6283 0.8254 0.6389
7 0.2340 0.8345 0.2754 0.8284 0.2766 0.8443 0.2352 0.8504
7 0.0797 0.7320 0.0297 0.6733 0.0477 0.6432 0.0977 0.7019
7 0.2846 0.4203 0.2828 0.4486 0.2334 0.4425 0.2352 0.4142
9 0.5751 0.7450 0.6084 0.9846 0.5689 0.9954 0.5356 0.7558
9 0.2560 0.3687 0.2872 0.3971 0.2394 0.5001 0.2082 0.4717
9 0.0285 0.1373 0.0809 0.1135 0.1155 0.2627 0.0631 0.2865
9 0.5500 0.4021 0.5052 0.4494 0.4823 0.4067 0.5271 0.3594
12 0.2584 0.4382 0.2643 0.4449 0.1368 0.6654 0.1309 0.6587
12 0.6192 0.4747 0.6473 0.4965 0.6380 0.5201 0.6099 0.4983
12 0.2509 0.2481 0.2485 0.2291 0.3168 0.2123 0.3192 0.2313
12 0.7440 0.5189 0.7248 0.5151 0.7334 0.4291 0.7527 0.4329
13 0.7512 0.6860 0.7182 0.6924 0.7123 0.6332 0.7452 0.6268
13 0.3580 0.2825 0.3554 0.2669 0.3635 0.2643 0.3661 0.2799
13 0.5462 0.3547 0.5518 0.3839 0.5246 0.3941 0.5190 0.3649
13 0.4381 0.9465 0.4131 0.9201 0.4267 0.8947 0.4518 0.9211
15 0.9238 0.7856 0.8569 0.7905 0.8539 0.7104 0.9208 0.7055
15 0.9119 0.9188 0.9196 0.8310 0.9718 0.8400 0.9641 0.9278
15 0.8088 0.3479 0.8438 0.3556 0.8364 0.4217 0.8013 0.4140
15 0.1327 0.7625 0.1205 0.7449 0.1387 0.7203 0.1509 0.7379
