0 0.6366 0.5416 0.5796 0.4771 0.6703 0.3204 0.7272 0.3849
0 0.1988 0.8465 0.2652 0.6856 0.4052 0.7987 0.3388 0.9596
0 0.8630 0.1595 0.9921 0.2046 0.9519 0.4305 0.8227 0.3854
0 0.8623 0.6070 0.8063 0.6436 0.7357 0.4318 0.7917 0.3952
1 0.9928 0.9434 0.9946 0.9581 0.9927 0.9586 0.9908 0.9439
1 0.4631 0.7738 0.4777 0.8109 0.4741 0.8138 0.4594 0.7767
1 0.1845 0.7201 0.1952 0.7028 0.2129 0.7243 0.2022 0.7416
1 0.0667 0.0440 0.0611 0.0335 0.0807 0.0128 0.0864 0.0233
2 0.2826 0.5082 0.2487 0.8077 0.1245 0.7802 0.1584 0.4807
2 0.5876 0.0748 0.6000 0.0626 0.6135 0.0896 0.6011 0.1018
2 0.3525 0.0608 0.3844 0.0075 0.4475 0.0816 0.4156 0.1349
2 0.0772 0.8169 0.0651 0.8489 0.0422 0.8319 0.0544 0.7999
3 0.9893 0.3111 0.9721 0.3229 0.9296 0.2009 0.9467 0.1891
3 0.8911 0.8802 0.8885 0.8599 0.9618 0.8418 0.9643 0.8621
3 0.1596 0.6196 0.1675 0.6299 0.1301 0.6860 0.1222 0.6757
3 0.0799 0.2091 0.1101 0.0931 0.1246 0.1005 0.0945 0.2165
4 0.2682 0.9429 0.2522 0.9082 0.2644 0.8971 0.2804 0.9318
4 0.6490 0.9108 0.6552 0.9124 0.6527 0.9304 0.6465 0.9288
4 0.9484 0.5599 0.9921 0.5786 0.9896 0.5901 0.9459 0.5714
4 0.1132 0.9727 0.1161 0.9781 0.1062 0.9881 0.1034 0.9827
6 0.0559 0.6717 0.1614 0.5563 0.2030 0.6307 0.0974 0.7461
6 0.6866 0.8812 0.4459 0.8930 0.4417 0.7232 0.6824 0.7114
6 0.4955 0.8856 0.4019 0.8856 0.4019 0.6220 0.4955 0.6220
6 0.7439 0.8709 0.8026 0.8695 0.8029 0.8971 0.7443 0.8985
7 0.9387 0.6530 0.9231 0.6286 0.9710 0.5682 0.9866 0.5926
7 0.7467 0.5919 0.7508 0.5512 0.7635 0.5537 0.7594 0.5944
7 0.8765 0.3143 0.8833 0.3354 0.8212 0.3741 0.8145 0.3530
7 0.0175 0.0646 0.0109 0.0716 0.0011 0.0534 0.0077 0.0464
9 0.1740 0.3072 0.2980 0.2187 0.3126 0.2588 0.1886 0.3473
9 0.2813 0.8661 0.2965 0.8320 0.3573 0.8851 0.3421 0.9192
9 0.4725 0.9060 0.4403 0.7751 0.6558 0.6712 0.6880 0.8021
9 0.0060 0.4495 0.0472 0.4148 0.1335 0.6157 0.0922 0.6504
12 0.4146 0.1311 0.5787 0.4252 0.5526 0.4537 0.3884 0.1596
12 0.1049 0.8523 0.1172 0.8778 0.1063 0.8881 0.0940 0.8626
12 0.3838 0.1046 0.4541 0.1902 0.4347 0.2214 0.3644 0.1358
12 0.2854 0.8724 0.2867 0.8384 0.3746 0.8448 0.3733 0.8788
13 0.0522 0.5577 0.0391 0.5272 0.0530 0.5155 0.0660 0.5460
13 0.2120 0.7961 0.2144 0.7723 0.2203 0.7735 0.2179 0.7973
13 0.1862 0.6611 0.1889 0.6747 0.1856 0.6761 0.1828 0.6625
13 0.5614 0.1168 0.5253 0.1249 0.5180 0.0600 0.5541 0.0519
15 0.1591 0.7080 0.2058 0.7114 0.2038 0.7636 0.1571 0.7602
15 0.7171 0.8547 0.7458 0.8447 0.7555 0.8993 0.7268 0.9093
15 0.4827 0.7577 0.4791 0.8145 0.4453 0.8103 0.4489 0.7535
15 0.6331 0.4067 0.7110 0.4919 0.6624 0.5789 0.5845 0.4937
