0 0.4134 0.7946 0.4538 0.6202 0.5409 0.6598 0.5004 0.8342
0 0.2508 0.8593 0.1339 0.6074 0.5624 0.2179 0.6792 0.4698
0 0.6171 0.3981 0.7069 0.3827 0.7300 0.6471 0.6403 0.6625
0 0.6839 0.3943 0.7849 0.6392 0.7061 0.7029 0.6051 0.4580
1 0.3849 0.8170 0.3781 0.8405 0.3726 0.8374 0.3794 0.8139
1 0.5566 0.1294 0.5382 0.1638 0.5348 0.1602 0.5533 0.1258
1 0.5676 0.1897 0.5759 0.1703 0.5973 0.1883 0.5889 0.2077
1 0.2382 0.1807 0.2410 0.1905 0.1873 0.2209 0.1844 0.2111
2 0.4296 0.2055 0.4529 0.2724 0.4415 0.2801 0.4183 0.2132
2 0.7149 0.7758 0.7100 0.7956 0.6997 0.7906 0.7045 0.7708
2 0.6315 0.4406 0.5977 0.3841 0.6228 0.3546 0.6566 0.4111
2 0.9918 0.3481 0.9460 0.3333 0.9499 0.3095 0.9957 0.3243
3 0.1262 0.3582 0.2081 0.4142 0.1992 0.4398 0.1173 0.3838
3 0.1254 0.6514 0.1022 0.5709 0.1183 0.5618 0.1415 0.6423
3 0.0712 0.9252 0.0637 0.9369 0.0214 0.8836 0.0289 0.8719
3 0.7580 0.8871 0.7724 0.9677 0.7597 0.9721 0.7454 0.8915
4 0.4551 0.4864 0.4688 0.4816 0.4749 0.5156 0.4612 0.5204
4 0.4010 0.7709 0.3986 0.7845 0.3879 0.7807 0.3903 0.7671
4 0.0731 0.0344 0.0722 0.0291 0.0755 0.0280 0.0764 0.0333
4 0.6861 0.1655 0.6785 0.1704 0.6704 0.1461 0.6780 0.1412
6 0.0422 0.6294 0.1230 0.4992 0.1698 0.5562 0.0890 0.6864
6 0.7770 0.5668 0.6150 0.3150 0.7056 0.2008 0.8676 0.4526
6 0.0360 0.5809 0.0903 0.5047 0.1998 0.6579 0.1454 0.7341
6 0.9479 0.1947 0.9575 0.1959 0.9567 0.2097 0.9470 0.2085
7 0.2256 0.5358 0.2054 0.5266 0.2072 0.5186 0.2275 0.5278
7 0.6249 0.1246 0.6051 0.1305 0.6040 0.1234 0.6238 0.1175
7 0.4724 0.3848 0.4289 0.1721 0.5487 0.1240 0.5923 0.3367
7 0.9133 0.7843 0.9039 0.8004 0.8673 0.7589 0.8767 0.7428
9 0.1378 0.7424 0.0880 0.8921 0.0633 0.8760 0.1131 0.7263
9 0.4565 0.3946 0.5020 0.3579 0.5638 0.5078 0.5183 0.5445
9 0.0898 0.7041 0.0128 0.6560 0.0207 0.6311 0.0978 0.6792
9 0.0296 0.0453 0.0383 0.0100 0.0978 0.0387 0.0891 0.0740
12 0.7634 0.2543 0.7780 0.2805 0.7100 0.3549 0.6954 0.3287
12 0.6956 0.2115 0.6978 0.1891 0.7559 0.2005 0.7536 0.2229
12 0.7238 0.7974 0.7140 0.8374 0.4759 0.7226 0.4857 0.6826
12 0.5322 0.1973 0.5137 0.1441 0.5163 0.1423 0.5349 0.1955
13 0.9446 0.7130 0.9418 0.7245 0.9328 0.7202 0.9357 0.7087
13 0.3739 0.1303 0.3821 0.1274 0.3943 0.1961 0.3862 0.1990
13 0.0435 0.6997 0.0408 0.6983 0.0799 0.5479 0.0826 0.5493
13 0.0586 0.6260 0.0540 0.6350 0.0377 0.6184 0.0423 0.6094
15 0.3419 0.5147 0.3853 0.4823 0.4024 0.5273 0.3589 0.5597
15 0.4125 0.8457 0.4097 0.7687 0.4483 0.7659 0.4512 0.8429
15 0.9420 0.0523 0.9276 0.0976 0.8808 0.0685 0.8952 0.0232
15 0.0711 0.8173 0.1228 0.6620 0.1883 0.7047 0.1366 0.8600
