0 -0.0001 0.2884 0.3850 0.2884 0.3850 0.5312 -0.0001 0.5312
0 0.0048 0.3743 0.1912 0.3743 0.1912 0.9957 0.0048 0.9957
0 0.8099 0.0760 0.8781 0.0760 0.8781 0.3736 0.8099 0.3736
0 0.4460 0.7007 0.7317 0.7007 0.7317 0.7713 0.4460 0.7713
1 0.6299 0.7218 0.6389 0.7218 0.6389 0.8378 0.6299 0.8378
1 0.1440 0.8371 0.1503 0.8371 0.1503 0.9053 0.1440 0.9053
1 0.3374 0.5155 0.3486 0.5155 0.3486 0.5253 0.3374 0.5253
1 0.9834 0.7735 0.9866 0.7735 0.9866 0.7989 0.9834 0.7989
2 0.3311 0.2248 0.4063 0.2248 0.4063 0.2800 0.3311 0.2800
2 0.4380 0.5071 0.4558 0.5071 0.4558 0.5437 0.4380 0.5437
2 0.6223 0.3000 0.6600 0.3000 0.6600 0.3260 0.6223 0.3260
2 0.9576 0.8454 0.9701 0.8454 0.9701 0.8582 0.9576 0.8582
3 0.8253 0.1974 0.8970 0.1974 0.8970 0.2198 0.8253 0.2198
3 0.0705 0.3311 0.0946 0.3311 0.0946 0.5161 0.0705 0.5161
3 0.2536 0.5847 0.2647 0.5847 0.2647 0.6697 0.2536 0.6697
3 0.3450 0.9823 0.3870 0.9823 0.3870 0.9965 0.3450 0.9965
4 0.9485 0.6102 0.9535 0.6102 0.9535 0.6166 0.9485 0.6166
4 0.9288 0.0559 0.9386 0.0559 0.9386 0.0641 0.9288 0.0641
4 0.3630 0.1087 0.3804 0.1087 0.3804 0.1213 0.3630 0.1213
4 0.5731 0.0667 0.5872 0.0667 0.5872 0.0893 0.5731 0.0893
6 0.5854 0.8151 0.8334 0.8151 0.8334 0.9901 0.5854 0.9901
6 0.8348 0.7318 0.8866 0.7318 0.8866 0.7486 0.8348 0.7486
6 0.2284 0.5835 0.2641 0.5835 0.2641 0.6841 0.2284 0.6841
6 0.7506 0.7416 0.7666 0.7416 0.7666 0.7644 0.7506 0.7644
7 0.0334 0.7118 0.0403 0.7118 0.0403 0.7394 0.0334 0.7394
7 0.0370 0.8848 0.0524 0.8848 0.0524 0.9612 0.0370 0.9612
7 0.0991 0.0692 0.1237 0.0692 0.1237 0.1376 0.0991 0.1376
7 0.2737 0.0579 0.3054 0.0579 0.3054 0.0721 0.2737 0.0721
9 0.7462 0.4998 0.9060 0.4998 0.9060 0.5618 0.7462 0.5618
9 0.7639 0.1747 0.8801 0.1747 0.8801 0.2413 0.7639 0.2413
9 0.6373 0.7695 0.7810 0.7695 0.7810 0.8565 0.6373 0.8565
9 0.0842 0.9403 0.1684 0.9403 0.1684 0.9885 0.0842 0.9885
12 0.4654 0.8038 0.4903 0.8038 0.4903 0.9062 0.4654 0.9062
12 0.7611 0.4058 0.7772 0.4058 0.7772 0.4878 0.7611 0.4878
12 0.3187 0.4822 0.4141 0.4822 0.4141 0.5186 0.3187 0.5186
12 0.0920 0.0950 0.1280 0.0950 0.1280 0.4818 0.0920 0.4818
13 0.3162 0.0351 0.3216 0.0351 0.3216 0.0553 0.3162 0.0553
13 0.7123 0.5735 0.7183 0.5735 0.7183 0.5785 0.7123 0.5785
13 0.2630 0.5934 0.2727 0.5934 0.2727 0.6594 0.2630 0.6594
13 0.0422 0.6255 0.0575 0.6255 0.0575 0.6381 0.0422 0.6381
15 0.5817 0.0452 0.6812 0.0452 0.6812 0.1260 0.5817 0.1260
15 0.3457 0.4387 0.4334 0.4387 0.4334 0.5133 0.3457 0.5133
15 0.5856 0.1166 0.6187 0.1166 0.6187 0.1642 0.5856 0.1642
15 0.9390 0.6758 0.9718 0.6758 0.9718 0.7214 0.9390 0.7214
