0 0.2902 0.0011 0.4215 0.0011 0.4215 0.3881 0.2902 0.3881
0 0.5565 0.1583 0.6304 0.1583 0.6304 0.4629 0.5565 0.4629
0 0.7768 0.3104 0.9569 0.3104 0.9569 0.7696 0.7768 0.7696
0 0.6570 0.3623 0.8281 0.3623 0.8281 0.5297 0.6570 0.5297
1 0.4874 0.2359 0.4909 0.2359 0.4909 0.2673 0.4874 0.2673
1 0.0437 0.1343 0.0469 0.1343 0.0469 0.1601 0.0437 0.1601
1 0.1890 0.2166 0.1915 0.2166 0.1915 0.2366 0.1890 0.2366
1 0.8276 0.0739 0.8527 0.0739 0.8527 0.0853 0.8276 0.0853
2 0.0586 0.0546 0.1046 0.0546 0.1046 0.1178 0.0586 0.1178
2 0.6425 0.0564 0.6792 0.0564 0.6792 0.1244 0.6425 0.1244
2 0.1862 0.0058 0.4215 0.0058 0.4215 0.2166 0.1862 0.2166
2 0.7262 0.2638 0.7944 0.2638 0.7944 0.3138 0.7262 0.3138
3 0.4387 0.2186 0.5307 0.2186 0.5307 0.2430 0.4387 0.2430
3 0.8399 0.4435 0.8529 0.4435 0.8529 0.5357 0.8399 0.5357
3 0.1791 0.1050 0.2101 0.1050 0.2101 0.1158 0.1791 0.1158
3 0.6174 0.1548 0.6326 0.1548 0.6326 0.2620 0.6174 0.2620
4 0.8250 0.1559 0.8398 0.1559 0.8398 0.1637 0.8250 0.1637
4 0.9659 0.7248 0.9727 0.7248 0.9727 0.7328 0.9659 0.7328
4 0.0560 0.4338 0.0974 0.4338 0.0974 0.4378 0.0560 0.4378
4 0.1739 0.3324 0.1873 0.3324 0.1873 0.3380 0.1739 0.3380
6 0.4542 0.8615 0.5135 0.8615 0.5135 0.9173 0.4542 0.9173
6 0.2188 0.3126 0.2372 0.3126 0.2372 0.3186 0.2188 0.3186
6 0.6491 0.0451 0.9137 0.0451 0.9137 0.2317 0.6491 0.2317
6 0.5174 0.5391 0.5538 0.5391 0.5538 0.5509 0.5174 0.5509
7 0.2516 0.7979 0.3452 0.7979 0.3452 0.8577 0.2516 0.8577
7 0.2587 0.7559 0.2738 0.7559 0.2738 0.7629 0.2587 0.7629
7 0.6521 0.6987 0.6719 0.6987 0.6719 0.7741 0.6521 0.7741
7 0.8390 0.0963 0.8498 0.0963 0.8498 0.2057 0.8390 0.2057
9 0.0837 0.1135 0.1049 0.1135 0.1049 0.2197 0.0837 0.2197
9 0.7925 0.6699 0.8246 0.6699 0.8246 0.7005 0.7925 0.7005
9 0.2751 0.0346 0.4215 0.0346 0.4215 0.1186 0.2751 0.1186
9 0.8401 0.4366 0.8621 0.4366 0.8621 0.5466 0.8401 0.5466
12 0.8073 0.4752 0.8858 0.4752 0.8858 0.4828 0.8073 0.4828
12 0.2519 0.1960 0.2561 0.1960 0.2561 0.3536 0.2519 0.3536
12 0.4116 0.7178 0.4404 0.7178 0.4404 0.9950 0.4116 0.9950
12 0.4147 0.7898 0.4496 0.7898 0.4496 0.8190 0.4147 0.8190
13 0.3133 0.0476 0.3376 0.0476 0.3376 0.0896 0.3133 0.0896
13 0.0797 0.0755 0.0938 0.0755 0.0938 0.1045 0.0797 0.1045
13 0.2953 0.2599 0.3221 0.2599 0.3221 0.2841 0.2953 0.2841
13 0.5673 0.6327 0.5718 0.6327 0.5718 0.6493 0.5673 0.6493
15 0.3448 0.6147 0.3740 0.6147 0.3740 0.6765 0.3448 0.6765
15 0.0057 0.5267 0.0920 0.5267 0.0920 0.6277 0.0057 0.6277
15 0.2619 0.5646 0.3109 0.5646 0.3109 0.6062 0.2619 0.6062
15 0.3985 0.7862 0.4475 0.7862 0.4475 0.8430 0.3985 0.8430
