0 0.3782 0.5994 0.4875 0.5994 0.4875 0.7906 0.3782 0.7906
0 0.2499 0.6611 0.3278 0.6611 0.3278 0.8597 0.2499 0.8597
0 0.4359 0.0351 0.6492 0.0351 0.6492 0.5789 0.4359 0.5789
0 0.4344 0.3066 0.5867 0.3066 0.5867 0.8142 0.4344 0.8142
1 0.3119 0.5078 0.3215 0.5078 0.3215 0.5270 0.3119 0.5270
1 0.3117 0.7339 0.3180 0.7339 0.3180 0.7889 0.3117 0.7889
1 0.5942 0.3306 0.6186 0.3306 0.6186 0.3354 0.5942 0.3354
1 0.8791 0.5475 0.8832 0.5475 0.8832 0.5801 0.8791 0.5801
2 0.2442 0.8675 0.3046 0.8675 0.3046 0.9525 0.2442 0.9525
2 0.1728 0.3975 0.3061 0.3975 0.3061 0.4365 0.1728 0.4365
2 0.1322 0.6884 0.1758 0.6884 0.1758 0.7044 0.1322 0.7044
2 0.5300 0.3947 0.6249 0.3947 0.6249 0.4513 0.5300 0.4513
3 0.6060 0.8159 0.6197 0.8159 0.6197 0.9185 0.6060 0.9185
3 0.8288 0.0991 0.8444 0.0991 0.8444 0.2101 0.8288 0.2101
3 0.8668 0.2676 0.8918 0.2676 0.8918 0.3652 0.8668 0.3652
3 0.6739 0.7691 0.7073 0.7691 0.7073 0.7805 0.6739 0.7805
4 0.9419 0.3019 0.9530 0.3019 0.9530 0.3597 0.9419 0.3597
4 0.0326 0.5598 0.0363 0.5598 0.0363 0.5754 0.0326 0.5754
4 0.9939 0.3407 0.9992 0.3407 0.9992 0.3741 0.9939 0.3741
4 0.2177 0.8450 0.2403 0.8450 0.2403 0.8526 0.2177 0.8526
6 0.2419 0.8423 0.3121 0.8423 0.3121 0.8753 0.2419 0.8753
6 0.3159 0.5499 0.3641 0.5499 0.3641 0.5953 0.3159 0.5953
6 0.0602 0.7143 0.1432 0.7143 0.1432 0.9481 0.0602 0.9481
6 0.3408 0.5354 0.4118 0.5354 0.4118 0.6354 0.3408 0.6354
7 0.8839 0.5703 0.9049 0.5703 0.9049 0.5809 0.8839 0.5809
7 0.4397 0.1131 0.4500 0.1131 0.4500 0.1421 0.4397 0.1421
7 0.2344 0.1296 0.2544 0.1296 0.2544 0.2448 0.2344 0.2448
7 0.7231 0.5912 0.7257 0.5912 0.7257 0.6052 0.7231 0.6052
9 0.6344 0.3962 0.6559 0.3962 0.6559 0.5034 0.6344 0.5034
9 0.3071 0.7843 0.3766 0.7843 0.3766 0.8069 0.3071 0.8069
9 0.6530 0.4043 0.7167 0.4043 0.7167 0.6145 0.6530 0.6145
9 0.4217 0.8654 0.4746 0.8654 0.4746 0.8958 0.4217 0.8958
12 0.9811 0.3298 0.9858 0.3298 0.9858 0.5046 0.9811 0.5046
12 0.4879 0.9291 0.5263 0.9291 0.5263 0.9653 0.4879 0.9653
12 0.1774 0.5543 0.6157 0.5543 0.6157 0.6349 0.1774 0.6349
12 0.5636 0.3083 0.5784 0.3083 0.5784 0.4805 0.5636 0.4805
13 0.4862 0.1151 0.4961 0.1151 0.4961 0.1445 0.4862 0.1445
13 0.7971 0.5728 0.8360 0.5728 0.8360 0.6056 0.7971 0.6056
13 0.6697 0.9359 0.6792 0.9359 0.6792 0.9449 0.6697 0.9449
13 0.3899 0.1192 0.4024 0.1192 0.4024 0.1380 0.3899 0.1380
15 0.2557 0.4479 0.3401 0.4479 0.3401 0.5365 0.2557 0.5365
15 0.4380 0.7431 0.4860 0.7431 0.4860 0.8141 0.4380 0.8141
15 0.0777 0.4286 0.1371 0.4286 0.1371 0.5374 0.0777 0.5374
15 0.3890 0.6059 0.4253 0.6059 0.4253 0.6481 0.3890 0.6481
