0 0.1271 0.5400 0.1992 0.5400 0.1992 0.8372 0.1271 0.8372
0 0.6785 0.0751 0.8046 0.0751 0.8046 0.2621 0.6785 0.2621
0 0.0217 0.2483 0.1114 0.2483 0.1114 0.3521 0.0217 0.3521
0 0.2625 0.6672 0.6578 0.6672 0.6578 0.7648 0.2625 0.7648
1 0.1554 0.7564 0.1681 0.7564 0.1681 0.7672 0.1554 0.7672
1 0.2700 0.3187 0.2729 0.3187 0.2729 0.3713 0.2700 0.3713
1 0.4408 0.7036 0.4744 0.7036 0.4744 0.7884 0.4408 0.7884
1 0.6465 0.7990 0.6755 0.7990 0.6755 0.8046 0.6465 0.8046
2 0.4256 0.0607 0.4575 0.0607 0.4575 0.0841 0.4256 0.0841
2 0.1883 0.8199 0.2626 0.8199 0.2626 0.8817 0.1883 0.8817
2 0.1426 0.7255 0.2066 0.7255 0.2066 0.7637 0.1426 0.7637
2 0.9182 0.6764 0.9935 0.6764 0.9935 0.7232 0.9182 0.7232
3 0.7370 0.8946 0.7478 0.8946 0.7478 0.9774 0.7370 0.9774
3 0.5200 0.5304 0.5729 0.5304 0.5729 0.5428 0.5200 0.5428
3 0.3657 0.2915 0.3863 0.2915 0.3863 0.4389 0.3657 0.4389
3 0.7916 0.8700 0.8058 0.8700 0.8058 0.9784 0.7916 0.9784
4 0.9465 0.9878 0.9601 0.9878 0.9601 0.9958 0.9465 0.9958
4 0.2391 0.8335 0.2623 0.8335 0.2623 0.8937 0.2391 0.8937
4 0.3242 0.6624 0.3349 0.6624 0.3349 0.6924 0.3242 0.6924
4 0.2219 0.4790 0.2427 0.4790 0.2427 0.5074 0.2219 0.5074
6 0.1056 0.0298 0.1307 0.0298 0.1307 0.0534 0.1056 0.0534
6 0.0236 0.1250 0.0432 0.1250 0.0432 0.1314 0.0236 0.1314
6 0.7310 0.3895 0.8270 0.3895 0.8270 0.6597 0.7310 0.6597
6 0.5129 0.2379 0.7400 0.2379 0.7400 0.3981 0.5129 0.3981
7 0.1085 0.2680 0.2115 0.2680 0.2115 0.3528 0.1085 0.3528
7 0.5245 0.6974 0.5441 0.6974 0.5441 0.7850 0.5245 0.7850
7 0.8368 0.0107 0.8541 0.0107 0.8541 0.0977 0.8368 0.0977
7 0.1777 0.0660 0.2112 0.0660 0.2112 0.2148 0.1777 0.2148
9 0.0565 0.3660 0.1955 0.3660 0.1955 0.4116 0.0565 0.4116
9 0.8000 0.5127 0.9789 0.5127 0.9789 0.5821 0.8000 0.5821
9 0.8808 0.8235 0.9946 0.8235 0.9946 0.8609 0.8808 0.8609
9 0.4854 0.8203 0.6675 0.8203 0.6675 0.8801 0.4854 0.8801
12 0.4419 0.6722 0.5066 0.6722 0.5066 0.7074 0.4419 0.7074
12 0.6273 0.0215 0.6544 0.0215 0.6544 0.1557 0.6273 0.1557
12 0.5304 0.0387 0.5347 0.0387 0.5347 0.1973 0.5304 0.1973
12 0.6990 0.1544 0.7130 0.1544 0.7130 0.3044 0.6990 0.3044
13 0.8436 0.9406 0.8515 0.9406 0.8515 0.9570 0.8436 0.9570
13 0.3162 0.7710 0.3226 0.7710 0.3226 0.7770 0.3162 0.7770
13 0.5417 0.7774 0.5480 0.7774 0.5480 0.7834 0.5417 0.7834
13 0.8665 0.3424 0.8912 0.3424 0.8912 0.3516 0.8665 0.3516
15 0.8188 0.0459 0.9103 0.0459 0.9103 0.1337 0.8188 0.1337
15 0.3556 0.9079 0.4015 0.9079 0.4015 0.9613 0.3556 0.9613
15 0.3577 0.4134 0.4094 0.4134 0.4094 0.4798 0.3577 0.4798
15 0.2997 0.7591 0.4014 0.7591 0.4014 0.9109 0.2997 0.9109
