0 0.3322 0.2792 0.5315 0.2792 0.5315 0.8276 0.3322 0.8276
0 0.2333 0.2775 0.3432 0.2775 0.3432 0.4405 0.2333 0.4405
0 0.6290 0.5334 0.6778 0.5334 0.6778 0.5850 0.6290 0.5850
0 0.2905 0.6056 0.3855 0.6056 0.3855 0.7716 0.2905 0.7716
1 0.5045 0.6919 0.5104 0.6919 0.5104 0.7429 0.5045 0.7429
1 0.7976 0.7623 0.8304 0.7623 0.8304 0.7773 0.7976 0.7773
1 0.3539 0.0988 0.3761 0.0988 0.3761 0.1108 0.3539 0.1108
1 0.4074 0.5218 0.4349 0.5218 0.4349 0.5334 0.4074 0.5334
2 0.9127 0.0671 0.9758 0.0671 0.9758 0.0881 0.9127 0.0881
2 0.7905 0.5499 0.8132 0.5499 0.8132 0.5617 0.7905 0.5617
2 0.4331 0.0622 0.4881 0.0622 0.4881 0.2358 0.4331 0.2358
2 0.3231 0.6602 0.4100 0.6602 0.4100 0.6714 0.3231 0.6714
3 0.1902 0.5255 0.2098 0.5255 0.2098 0.6749 0.1902 0.6749
3 0.8556 0.4918 0.8710 0.4918 0.8710 0.6066 0.8556 0.6066
3 0.6168 0.9426 0.6961 0.9426 0.6961 0.9670 0.6168 0.9670
3 0.0654 0.6976 0.1066 0.6976 0.1066 0.7116 0.0654 0.7116
4 0.0225 0.8015 0.0487 0.8015 0.0487 0.8209 0.0225 0.8209
4 0.0302 0.3412 0.0392 0.3412 0.0392 0.3784 0.0302 0.3784
4 0.7370 0.1168 0.7487 0.1168 0.7487 0.1276 0.7370 0.1276
4 0.0353 0.6886 0.0547 0.6886 0.0547 0.8482 0.0353 0.8482
6 0.1448 0.0399 0.1649 0.0399 0.1649 0.0685 0.1448 0.0685
6 0.2345 0.1719 0.2661 0.1719 0.2661 0.1821 0.2345 0.1821
6 0.8261 0.2590 0.8830 0.2590 0.8830 0.3126 0.8261 0.3126
6 0.1954 0.6302 0.2349 0.6302 0.2349 0.6430 0.1954 0.6430
7 0.1702 0.7814 0.2669 0.7814 0.2669 0.9762 0.1702 0.9762
7 0.9779 0.4702 0.9938 0.4702 0.9938 0.5286 0.9779 0.5286
7 0.8819 0.1322 0.8992 0.1322 0.8992 0.2038 0.8819 0.2038
7 0.5596 0.1252 0.5901 0.1252 0.5901 0.2296 0.5596 0.2296
9 0.4827 0.6792 0.5178 0.6792 0.5178 0.8016 0.4827 0.8016
9 0.0537 0.0119 0.1120 0.0119 0.1120 0.2965 0.0537 0.2965
9 0.6765 0.5914 0.7395 0.5914 0.7395 0.7994 0.6765 0.7994
9 0.7359 0.3615 0.7901 0.3615 0.7901 0.3925 0.7359 0.3925
12 0.1054 0.6239 0.1261 0.6239 0.1261 0.7693 0.1054 0.7693
12 0.4219 0.6164 0.5133 0.6164 0.5133 0.6512 0.4219 0.6512
12 0.2640 0.3675 0.3152 0.3675 0.3152 0.8621 0.2640 0.8621
12 0.0085 0.6380 0.0321 0.6380 0.0321 0.7576 0.0085 0.7576
13 0.4453 0.2887 0.4627 0.2887 0.4627 0.3061 0.4453 0.3061
13 0.1344 0.4439 0.1424 0.4439 0.1424 0.4777 0.1344 0.4777
13 0.8497 0.2767 0.8692 0.2767 0.8692 0.3265 0.8497 0.3265
13 0.8991 0.2503 0.9160 0.2503 0.9160 0.2625 0.8991 0.2625
15 0.2382 0.1090 0.3398 0.1090 0.3398 0.1962 0.2382 0.1962
15 0.7243 0.7691 0.7820 0.7691 0.7820 0.8541 0.7243 0.8541
15 0.9327 0.8454 0.9767 0.8454 0.9767 0.9290 0.9327 0.9290
15 0.4811 0.0544 0.5435 0.0544 0.5435 0.1080 0.4811 0.1080
