0 0.7311 0.0863 0.8829 0.0863 0.8829 0.5921 0.7311 0.5921
0 0.2865 0.7147 0.3321 0.7147 0.3321 0.7629 0.2865 0.7629
0 0.3193 0.3223 0.3938 0.3223 0.3938 0.6293 0.3193 0.6293
0 0.5181 0.2038 0.6864 0.2038 0.6864 0.2454 0.5181 0.2454
1 0.7863 0.6359 0.7946 0.6359 0.7946 0.6661 0.7863 0.6661
1 0.7633 0.4644 0.7739 0.4644 0.7739 0.5784 0.7633 0.5784
1 0.2968 0.7052 0.3004 0.7052 0.3004 0.7340 0.2968 0.7340
1 0.0931 0.7043 0.1092 0.7043 0.1092 0.7573 0.0931 0.7573
2 0.4368 0.3884 0.5604 0.3884 0.5604 0.4044 0.4368 0.4044
2 0.2530 0.6830 0.4712 0.6830 0.4712 0.7214 0.2530 0.7214
2 0.5068 0.4294 0.5775 0.4294 0.5775 0.5290 0.5068 0.5290
2 0.1943 0.2155 0.2931 0.2155 0.2931 0.3985 0.1943 0.3985
3 0.3827 0.3187 0.4484 0.3187 0.4484 0.3361 0.3827 0.3361
3 0.0805 0.1331 0.0878 0.1331 0.0878 0.2513 0.0805 0.2513
3 0.3329 0.5882 0.3994 0.5882 0.3994 0.6114 0.3329 0.6114
3 0.6679 0.4275 0.7281 0.4275 0.7281 0.4485 0.6679 0.4485
4 0.1917 0.0167 0.2023 0.0167 0.2023 0.0241 0.1917 0.0241
4 0.6913 0.2186 0.7130 0.2186 0.7130 0.2262 0.6913 0.2262
4 0.9481 0.9739 0.9710 0.9739 0.9710 0.9905 0.9481 0.9905
4 0.8797 0.3363 0.8929 0.3363 0.8929 0.3585 0.8797 0.3585
6 0.6565 0.1143 0.6966 0.1143 0.6966 0.1521 0.6565 0.1521
6 0.2245 0.6728 0.3104 0.6728 0.3104 0.7132 0.2245 0.7132
6 0.2031 0.4516 0.2575 0.4516 0.2575 0.5028 0.2031 0.5028
6 0.1799 0.8239 0.1961 0.8239 0.1961 0.8469 0.1799 0.8469
7 0.4465 0.7736 0.4560 0.7736 0.4560 0.8156 0.4465 0.8156
7 0.2470 0.4163 0.2659 0.4163 0.2659 0.4753 0.2470 0.4753
7 0.5117 0.6322 0.5209 0.6322 0.5209 0.6574 0.5117 0.6574
7 0.9431 0.1775 0.9489 0.1775 0.9489 0.2469 0.9431 0.2469
9 0.8123 0.6771 0.8486 0.6771 0.8486 0.8037 0.8123 0.8037
9 0.6042 0.1531 0.7289 0.1531 0.7289 0.1937 0.6042 0.1937
9 0.8370 0.2659 0.8587 0.2659 0.8587 0.3741 0.8370 0.3741
9 0.7565 0.7172 0.8244 0.7172 0.8244 0.9108 0.7565 0.9108
12 0.4962 0.9567 0.5244 0.9567 0.5244 0.9813 0.4962 0.9813
12 0.6450 0.0592 0.7313 0.0592 0.7313 0.1060 0.6450 0.1060
12 0.4565 0.2570 0.4658 0.2570 0.4658 0.5822 0.4565 0.5822
12 0.2233 0.3722 0.2470 0.3722 0.2470 0.3946 0.2233 0.3946
13 0.7099 0.7719 0.7241 0.7719 0.7241 0.8009 0.7099 0.8009
13 0.7453 0.8255 0.7484 0.8255 0.7484 0.9973 0.7453 0.9973
13 0.0520 0.5151 0.0714 0.5151 0.0714 0.5685 0.0520 0.5685
13 0.0496 0.1055 0.0621 0.1055 0.0621 0.1481 0.0496 0.1481
15 0.7362 0.4968 0.8081 0.4968 0.8081 0.6284 0.7362 0.6284
15 0.1408 0.1851 0.2278 0.1851 0.2278 0.2765 0.1408 0.2765
15 0.9107 0.7170 0.9838 0.7170 0.9838 0.7798 0.9107 0.7798
15 0.8705 0.6363 0.9412 0.6363 0.9412 0.7105 0.8705 0.7105
