0 0.4088 0.1936 0.5886 0.1936 0.5886 0.7232 0.4088 0.7232
0 0.4579 0.2718 0.5901 0.2718 0.5901 0.6614 0.4579 0.6614
0 0.1842 0.4142 0.5715 0.4142 0.5715 0.6586 0.1842 0.6586
0 0.8679 0.0143 0.9555 0.0143 0.9555 0.3457 0.8679 0.3457
1 0.2676 0.7710 0.2704 0.7710 0.2704 0.8214 0.2676 0.8214
1 0.2996 0.5231 0.3193 0.5231 0.3193 0.5269 0.2996 0.5269
1 0.3848 0.6751 0.3875 0.6751 0.3875 0.6989 0.3848 0.6989
1 0.3602 0.1407 0.3644 0.1407 0.3644 0.1769 0.3602 0.1769
2 0.2430 0.2794 0.2784 0.2794 0.2784 0.3062 0.2430 0.3062
2 0.4447 0.8163 0.4767 0.8163 0.4767 0.8281 0.4447 0.8281
2 0.3219 0.5227 0.3709 0.5227 0.3709 0.5389 0.3219 0.5389
2 0.9206 0.0066 0.9271 0.0066 0.9271 0.0442 0.9206 0.0442
3 0.3739 0.2758 0.3787 0.2758 0.3787 0.3530 0.3739 0.3530
3 0.7382 0.7966 0.8021 0.7966 0.8021 0.8166 0.7382 0.8166
3 0.6774 0.1598 0.6906 0.1598 0.6906 0.2582 0.6774 0.2582
3 0.6519 0.7019 0.6615 0.7019 0.6615 0.7697 0.6519 0.7697
4 0.3017 0.5690 0.3046 0.5690 0.3046 0.5834 0.3017 0.5834
4 0.1670 0.2130 0.1721 0.2130 0.1721 0.2450 0.1670 0.2450
4 0.3014 0.3056 0.3143 0.3056 0.3143 0.3124 0.3014 0.3124
4 0.6665 0.6882 0.6738 0.6882 0.6738 0.7166 0.6665 0.7166
6 0.0651 0.1671 0.1149 0.1671 0.1149 0.3073 0.0651 0.3073
6 0.3425 0.5738 0.4061 0.5738 0.4061 0.6038 0.3425 0.6038
6 0.4770 0.4867 0.4879 0.4867 0.4879 0.5021 0.4770 0.5021
6 0.4213 0.1058 0.4692 0.1058 0.4692 0.1214 0.4213 0.1214
7 0.3163 0.9511 0.3352 0.9511 0.3352 0.9605 0.3163 0.9605
7 0.7413 0.0471 0.7484 0.0471 0.7484 0.0789 0.7413 0.0789
7 0.1568 0.5814 0.1697 0.5814 0.1697 0.6266 0.1568 0.6266
7 0.7665 0.0779 0.7832 0.0779 0.7832 0.0869 0.7665 0.0869
9 0.5594 0.8088 0.5923 0.8088 0.5923 0.9736 0.5594 0.9736
9 0.8051 0.6024 0.8351 0.6024 0.8351 0.7524 0.8051 0.7524
9 0.5642 0.6191 0.6543 0.6191 0.6543 0.9165 0.5642 0.9165
9 0.8439 0.1643 0.8956 0.1643 0.8956 0.4309 0.8439 0.4309
12 0.8057 0.2155 0.8338 0.2155 0.8338 0.2401 0.8057 0.2401
12 0.0916 0.2914 0.2018 0.2914 0.2018 0.3354 0.0916 0.3354
12 0.1148 0.9604 0.1769 0.9604 0.1769 0.9840 0.1148 0.9840
12 0.7991 0.0394 0.8238 0.0394 0.8238 0.3270 0.7991 0.3270
13 0.3902 0.3751 0.3986 0.3751 0.3986 0.3829 0.3902 0.3829
13 0.4556 0.6526 0.4630 0.6526 0.4630 0.6594 0.4556 0.6594
13 0.1196 0.3327 0.1264 0.3327 0.1264 0.3569 0.1196 0.3569
13 0.9299 0.5147 0.9399 0.5147 0.9399 0.5241 0.9299 0.5241
15 0.4731 0.4287 0.5166 0.4287 0.5166 0.4641 0.4731 0.4641
15 0.3288 0.0163 0.3587 0.0163 0.3587 0.0737 0.3288 0.0737
15 0.4650 0.4311 0.5155 0.4311 0.5155 0.5025 0.4650 0.5025
15 0.6897 0.9439 0.7261 0.9439 0.7261 0.9977 0.6897 0.9977
