0 0.1873 0.2011 0.3372 0.2011 0.3372 0.7345 0.1873 0.7345
0 0.0577 0.4590 0.2001 0.4590 0.2001 0.9658 0.0577 0.9658
0 0.7949 0.4791 0.8677 0.4791 0.8677 0.6033 0.7949 0.6033
0 0.0559 0.5982 0.1484 0.5982 0.1484 0.9274 0.0559 0.9274
1 0.0462 0.7180 0.0544 0.7180 0.0544 0.8244 0.0462 0.8244
1 0.4956 0.5052 0.4996 0.5052 0.4996 0.5372 0.4956 0.5372
1 0.6022 0.1834 0.6044 0.1834 0.6044 0.2222 0.6022 0.2222
1 0.7113 0.2014 0.7418 0.2014 0.7418 0.2154 0.7113 0.2154
2 0.2533 0.2227 0.3855 0.2227 0.3855 0.3017 0.2533 0.3017
2 0.3973 0.4472 0.4264 0.4472 0.4264 0.7856 0.3973 0.7856
2 0.8022 0.5676 0.8466 0.5676 0.8466 0.6772 0.8022 0.6772
2 0.2151 0.1603 0.3667 0.1603 0.3667 0.1829 0.2151 0.1829
3 0.8911 0.6383 0.9012 0.6383 0.9012 0.7097 0.8911 0.7097
3 0.5654 0.0828 0.5735 0.0828 0.5735 0.2144 0.5654 0.2144
3 0.2876 0.0599 0.3316 0.0599 0.3316 0.0753 0.2876 0.0753
3 0.0491 0.9282 0.1400 0.9282 0.1400 0.9566 0.0491 0.9566
4 0.0977 0.6803 0.1115 0.6803 0.1115 0.6933 0.0977 0.6933
4 0.4563 0.5552 0.4649 0.5552 0.4649 0.5804 0.4563 0.5804
4 0.7244 0.0716 0.7436 0.0716 0.7436 0.1024 0.7244 0.1024
4 0.6925 0.3271 0.6955 0.3271 0.6955 0.3305 0.6925 0.3305
6 0.4249 0.3695 0.4923 0.3695 0.4923 0.4329 0.4249 0.4329
6 0.7865 0.2843 0.9723 0.2843 0.9723 0.4153 0.7865 0.4153
6 0.8268 0.6844 0.8540 0.6844 0.8540 0.6932 0.8268 0.6932
6 0.1016 0.1659 0.1604 0.1659 0.1604 0.2213 0.1016 0.2213
7 0.4305 0.6371 0.4463 0.6371 0.4463 0.7157 0.4305 0.7157
7 0.2396 0.5088 0.2675 0.5088 0.2675 0.5964 0.2396 0.5964
7 0.5499 0.0314 0.5541 0.0314 0.5541 0.0618 0.5499 0.0618
7 0.2525 0.0955 0.2829 0.0955 0.2829 0.1097 0.2525 0.1097
9 0.3373 0.2630 0.3647 0.2630 0.3647 0.3586 0.3373 0.3586
9 0.8142 0.8134 0.8510 0.8134 0.8510 0.9322 0.8142 0.9322
9 0.7280 0.3232 0.8194 0.3232 0.8194 0.3532 0.7280 0.3532
9 0.5174 0.3475 0.5620 0.3475 0.5620 0.5713 0.5174 0.5713
12 0.8488 0.1007 0.8700 0.1007 0.8700 0.3469 0.8488 0.3469
12 0.2631 0.0434 0.3194 0.0434 0.3194 0.5850 0.2631 0.5850
12 0.4608 0.2240 0.7958 0.2240 0.7958 0.2856 0.4608 0.2856
12 0.9402 0.5990 0.9643 0.5990 0.9643 0.8786 0.9402 0.8786
13 0.6296 0.8130 0.6387 0.8130 0.6387 0.8438 0.6296 0.8438
13 0.3179 0.6103 0.3244 0.6103 0.3244 0.6185 0.3179 0.6185
13 0.0402 0.7026 0.0504 0.7026 0.0504 0.7722 0.0402 0.7722
13 0.3868 0.6692 0.3903 0.6692 0.3903 0.6816 0.3868 0.6816
15 0.8305 0.2112 0.9201 0.2112 0.9201 0.2852 0.8305 0.2852
15 0.4102 0.5852 0.4544 0.5852 0.4544 0.6308 0.4102 0.6308
15 0.8177 0.8884 0.8674 0.8884 0.8674 0.9288 0.8177 0.9288
15 0.3376 0.5972 0.4175 0.5972 0.4175 0.7044 0.3376 0.7044
