0 0.2716 0.1875 0.3924 0.1875 0.3924 0.4401 0.2716 0.4401
0 0.3508 0.1834 0.4444 0.1834 0.4444 0.9086 0.3508 0.9086
0 0.6868 0.6995 0.8092 0.6995 0.8092 0.9469 0.6868 0.9469
0 0.6408 0.0396 0.8092 0.0396 0.8092 0.3268 0.6408 0.3268
1 0.7717 0.8122 0.7741 0.8122 0.7741 0.8590 0.7717 0.8590
1 0.9796 0.0499 0.9887 0.0499 0.9887 0.1665 0.9796 0.1665
1 0.4111 0.6511 0.4306 0.6511 0.4306 0.6617 0.4111 0.6617
1 0.2326 0.7494 0.2469 0.7494 0.2469 0.7782 0.2326 0.7782
2 0.4611 0.3195 0.5863 0.3195 0.5863 0.5113 0.4611 0.5113
2 0.0583 0.6335 0.0894 0.6335 0.0894 0.6573 0.0583 0.6573
2 0.3074 0.3836 0.3449 0.3836 0.3449 0.4020 0.3074 0.4020
2 0.8014 0.2036 0.9063 0.2036 0.9063 0.2976 0.8014 0.2976
3 0.8104 0.0475 0.8610 0.0475 0.8610 0.0673 0.8104 0.0673
3 0.6403 0.5394 0.6491 0.5394 0.6491 0.6834 0.6403 0.6834
3 0.6253 0.0934 0.6404 0.0934 0.6404 0.2006 0.6253 0.2006
3 0.0003 0.5095 0.1354 0.5095 0.1354 0.5413 0.0003 0.5413
4 0.2045 0.4276 0.2152 0.4276 0.2152 0.4352 0.2045 0.4352
4 0.9390 0.6771 0.9435 0.6771 0.9435 0.6885 0.9390 0.6885
4 0.3217 0.8651 0.3309 0.8651 0.3309 0.9589 0.3217 0.9589
4 0.1384 0.7555 0.1596 0.7555 0.1596 0.7865 0.1384 0.7865
6 0.4651 0.5343 0.4955 0.5343 0.4955 0.5441 0.4651 0.5441
6 0.5888 0.4164 0.6795 0.4164 0.6795 0.6720 0.5888 0.6720
6 0.7599 0.2714 0.7793 0.2714 0.7793 0.2990 0.7599 0.2990
6 0.6983 0.4444 0.7774 0.4444 0.7774 0.4816 0.6983 0.4816
7 0.6796 0.6979 0.6998 0.6979 0.6998 0.8185 0.6796 0.8185
7 0.8293 0.1719 0.8336 0.1719 0.8336 0.1901 0.8293 0.1901
7 0.7285 0.6724 0.7344 0.6724 0.7344 0.6888 0.7285 0.6888
7 0.6299 0.3455 0.6367 0.3455 0.6367 0.3661 0.6299 0.3661
9 0.1359 0.5239 0.1895 0.5239 0.1895 0.7009 0.1359 0.7009
9 0.6744 0.7003 0.6956 0.7003 0.6956 0.8033 0.6744 0.8033
9 0.7159 0.6226 0.7412 0.6226 0.7412 0.7478 0.7159 0.7478
9 0.7054 0.0139 0.7363 0.0139 0.7363 0.1645 0.7054 0.1645
12 0.9428 0.3259 0.9484 0.3259 0.9484 0.5213 0.9428 0.5213
12 0.0320 0.0400 0.0783 0.0400 0.0783 0.0804 0.0320 0.0804
12 0.3102 0.8263 0.3218 0.8263 0.3218 0.8849 0.3102 0.8849
12 0.6440 0.7910 0.6763 0.7910 0.6763 0.9558 0.6440 0.9558
13 0.4050 0.9375 0.4279 0.9375 0.4279 0.9569 0.4050 0.9569
13 0.4831 0.5455 0.5041 0.5455 0.5041 0.7217 0.4831 0.7217
13 0.5530 0.9446 0.5570 0.9446 0.5570 0.9718 0.5530 0.9718
13 0.3291 0.9646 0.3401 0.9646 0.3401 0.9738 0.3291 0.9738
15 0.9514 0.3687 0.9823 0.3687 0.9823 0.4269 0.9514 0.4269
15 0.8139 0.2107 0.9186 0.2107 0.9186 0.3333 0.8139 0.3333
15 0.7034 0.0979 0.7798 0.0979 0.7798 0.1873 0.7034 0.1873
15 0.0180 -0.0001 0.0472 -0.0001 0.0472 0.0617 0.0180 0.0617
