0 0.1208 0.3926 0.2197 0.3926 0.2197 0.5070 0.1208 0.5070
0 0.5202 0.4544 0.5901 0.4544 0.5901 0.5104 0.5202 0.5104
0 0.1650 0.5374 0.3364 0.5374 0.3364 0.8370 0.1650 0.8370
0 0.0236 0.3551 0.4986 0.3551 0.4986 0.4725 0.0236 0.4725
1 0.4670 0.5835 0.4787 0.5835 0.4787 0.6085 0.4670 0.6085
1 0.3991 0.2255 0.4223 0.2255 0.4223 0.2353 0.3991 0.2353
1 0.6931 0.2082 0.6960 0.2082 0.6960 0.2594 0.6931 0.2594
1 0.5961 0.2242 0.6116 0.2242 0.6116 0.2282 0.5961 0.2282
2 0.6453 0.2627 0.7804 0.2627 0.7804 0.3677 0.6453 0.3677
2 0.6545 0.0963 0.8047 0.0963 0.8047 0.1329 0.6545 0.1329
2 0.3897 0.6403 0.5315 0.6403 0.5315 0.9849 0.3897 0.9849
2 0.2899 0.3955 0.3344 0.3955 0.3344 0.4777 0.2899 0.4777
3 0.8787 0.7072 0.8967 0.7072 0.8967 0.8348 0.8787 0.8348
3 0.1822 0.4026 0.2106 0.4026 0.2106 0.4138 0.1822 0.4138
3 0.2267 0.9516 0.3441 0.9516 0.3441 0.9804 0.2267 0.9804
3 0.1931 0.4591 0.2672 0.4591 0.2672 0.4881 0.1931 0.4881
4 0.3682 0.9159 0.3710 0.9159 0.3710 0.9329 0.3682 0.9329
4 0.9391 0.1155 0.9441 0.1155 0.9441 0.1361 0.9391 0.1361
4 0.8100 0.6411 0.8197 0.6411 0.8197 0.7021 0.8100 0.7021
4 0.3183 0.1812 0.3226 0.1812 0.3226 0.2076 0.3183 0.2076
6 0.4327 0.4762 0.4507 0.4762 0.4507 0.5018 0.4327 0.5018
6 0.3963 0.9274 0.4372 0.9274 0.4372 0.9850 0.3963 0.9850
6 0.1591 0.5643 0.2280 0.5643 0.2280 0.7585 0.1591 0.7585
6 0.5580 0.7259 0.5794 0.7259 0.5794 0.7565 0.5580 0.7565
7 0.1042 0.5719 0.1141 0.5719 0.1141 0.6077 0.1042 0.6077
7 0.3471 0.2123 0.3572 0.2123 0.3572 0.2489 0.3471 0.2489
7 0.2014 0.7084 0.2312 0.7084 0.2312 0.7676 0.2014 0.7676
7 0.2456 0.1859 0.2535 0.1859 0.2535 0.2541 0.2456 0.2541
9 0.2716 0.6747 0.3047 0.6747 0.3047 0.7901 0.2716 0.7901
9 0.2260 0.2182 0.3335 0.2182 0.3335 0.2834 0.2260 0.2834
9 0.4037 0.6739 0.5441 0.6739 0.5441 0.7201 0.4037 0.7201
9 0.8928 0.6614 0.9375 0.6614 0.9375 0.8174 0.8928 0.8174
12 0.2625 0.1752 0.2995 0.1752 0.2995 0.1916 0.2625 0.1916
12 0.4383 0.7819 0.8780 0.7819 0.8780 0.8629 0.4383 0.8629
12 0.0128 0.0366 0.0223 0.0366 0.0223 0.1034 0.0128 0.1034
12 0.2820 0.0291 0.3383 0.0291 0.3383 0.5733 0.2820 0.5733
13 0.6750 0.0727 0.6801 0.0727 0.6801 0.0873 0.6750 0.0873
13 0.6670 0.8844 0.6764 0.8844 0.6764 0.8924 0.6670 0.8924
13 0.6139 0.2478 0.6372 0.2478 0.6372 0.2646 0.6139 0.2646
13 0.1717 0.5978 0.1792 0.5978 0.1792 0.6258 0.1717 0.6258
15 0.3367 0.1800 0.4147 0.1800 0.4147 0.2444 0.3367 0.2444
15 0.7190 0.0503 0.7764 0.0503 0.7764 0.1169 0.7190 0.1169
15 0.0126 0.6411 0.0352 0.6411 0.0352 0.6725 0.0126 0.6725
15 0.5571 0.7923 0.6218 0.7923 0.6218 0.8457 0.5571 0.8457
