0 0.0450 0.6862 0.3693 0.6862 0.3693 0.8066 0.0450 0.8066
0 0.1643 0.5119 0.4709 0.5119 0.4709 0.6257 0.1643 0.6257
0 0.5574 0.1248 0.7272 0.1248 0.7272 0.7292 0.5574 0.7292
0 0.6996 0.7392 0.7415 0.7392 0.7415 0.8268 0.6996 0.8268
1 0.4811 0.0227 0.4949 0.0227 0.4949 0.0345 0.4811 0.0345
1 0.9370 0.8158 0.9464 0.8158 0.9464 0.9090 0.9370 0.9090
1 0.2439 0.2496 0.2467 0.2496 0.2467 0.2716 0.2439 0.2716
1 0.1205 0.4307 0.1326 0.4307 0.1326 0.4373 0.1205 0.4373
2 0.1322 0.2215 0.1650 0.2215 0.1650 0.2257 0.1322 0.2257
2 0.6825 0.0442 0.7915 0.0442 0.7915 0.2026 0.6825 0.2026
2 0.6681 0.6727 0.6996 0.6727 0.6996 0.7049 0.6681 0.7049
2 0.3588 0.2562 0.4298 0.2562 0.4298 0.2654 0.3588 0.2654
3 0.0694 0.8387 0.1366 0.8387 0.1366 0.8565 0.0694 0.8565
3 0.2888 0.4338 0.3112 0.4338 0.3112 0.5210 0.2888 0.5210
3 0.7537 0.4612 0.8589 0.4612 0.8589 0.4940 0.7537 0.4940
3 0.4228 0.5255 0.4901 0.5255 0.4901 0.5489 0.4228 0.5489
4 0.5256 0.0172 0.5312 0.0172 0.5312 0.0224 0.5256 0.0224
4 0.3859 0.2510 0.4059 0.2510 0.4059 0.2646 0.3859 0.2646
4 0.8839 0.4659 0.8927 0.4659 0.8927 0.4741 0.8839 0.4741
4 0.2565 0.7776 0.2830 0.7776 0.2830 0.7844 0.2565 0.7844
6 0.7511 0.5606 0.7695 0.5606 0.7695 0.5666 0.7511 0.5666
6 0.6831 0.2630 0.8906 0.2630 0.8906 0.4094 0.6831 0.4094
6 0.9559 0.9507 0.9723 0.9507 0.9723 0.9741 0.9559 0.9741
6 0.2386 0.3179 0.4420 0.3179 0.4420 0.4613 0.2386 0.4613
7 0.2137 0.8547 0.2246 0.8547 0.2246 0.8945 0.2137 0.8945
7 0.7105 0.7022 0.7252 0.7022 0.7252 0.7750 0.7105 0.7750
7 0.0639 0.2643 0.0715 0.2643 0.0715 0.2845 0.0639 0.2845
7 0.4999 0.8331 0.5101 0.8331 0.5101 0.8613 0.4999 0.8613
9 0.1511 0.2235 0.2295 0.2235 0.2295 0.2981 0.1511 0.2981
9 0.4177 0.0267 0.4480 0.0267 0.4480 0.1789 0.4177 0.1789
9 0.8959 0.3311 0.9810 0.3311 0.9810 0.4121 0.8959 0.4121
9 0.8731 0.7867 0.9049 0.7867 0.9049 0.8977 0.8731 0.8977
12 0.6302 0.0342 0.6452 0.0342 0.6452 0.2098 0.6302 0.2098
12 0.8708 0.7342 0.8780 0.7342 0.8780 0.9826 0.8708 0.9826
12 0.7999 0.2864 0.8750 0.2864 0.8750 0.2936 0.7999 0.2936
12 0.0614 0.4603 0.0669 0.4603 0.0669 0.6625 0.0614 0.6625
13 0.6088 0.9079 0.6438 0.9079 0.6438 0.9709 0.6088 0.9709
13 0.9768 0.1854 0.9938 0.1854 0.9938 0.2110 0.9768 0.2110
13 0.1880 0.5667 0.2109 0.5667 0.2109 0.6065 0.1880 0.6065
13 0.8577 0.8595 0.8658 0.8595 0.8658 0.8825 0.8577 0.8825
15 0.2360 0.0567 0.3094 0.0567 0.3094 0.1165 0.2360 0.1165
15 0.4996 0.4683 0.5687 0.4683 0.5687 0.5489 0.4996 0.5489
15 0.7919 0.3048 0.8424 0.3048 0.8424 0.3628 0.7919 0.3628
15 0.0271 0.0072 0.0672 0.0072 0.0672 0.0828 0.0271 0.0828
