0 0.8654 0.7948 0.9049 0.7948 0.9049 0.8264 0.8654 0.8264
0 0.3327 0.1343 0.4424 0.1343 0.4424 0.4573 0.3327 0.4573
0 0.4405 0.0127 0.6012 0.0127 0.6012 0.2865 0.4405 0.2865
0 0.1830 0.5504 0.4244 0.5504 0.4244 0.6100 0.1830 0.6100
1 0.0176 0.3351 0.0476 0.3351 0.0476 0.3513 0.0176 0.3513
1 0.2250 0.4691 0.2290 0.4691 0.2290 0.5465 0.2250 0.5465
1 0.8339 0.0155 0.8429 0.0155 0.8429 0.1045 0.8339 0.1045
1 0.0493 0.9242 0.0601 0.9242 0.0601 0.9474 0.0493 0.9474
2 0.9540 0.2682 0.9857 0.2682 0.9857 0.2838 0.9540 0.2838
2 0.6859 0.8347 0.7455 0.8347 0.7455 0.9733 0.6859 0.9733
2 0.0080 0.1819 0.2212 0.1819 0.2212 0.3553 0.0080 0.3553
2 0.8357 0.3974 0.8849 0.3974 0.8849 0.4330 0.8357 0.4330
3 0.5699 0.0918 0.5889 0.0918 0.5889 0.2338 0.5699 0.2338
3 0.2436 0.7942 0.3067 0.7942 0.3067 0.8162 0.2436 0.8162
3 0.6784 0.0322 0.7404 0.0322 0.7404 0.0538 0.6784 0.0538
3 0.5925 0.3683 0.6838 0.3683 0.6838 0.3925 0.5925 0.3925
4 0.8093 0.5807 0.8210 0.5807 0.8210 0.6133 0.8093 0.6133
4 0.7208 0.4467 0.7292 0.4467 0.7292 0.4793 0.7208 0.4793
4 0.2970 0.0623 0.3047 0.0623 0.3047 0.0893 0.2970 0.0893
4 0.8660 0.6895 0.9029 0.6895 0.9029 0.7105 0.8660 0.7105
6 0.3771 0.9728 0.4241 0.9728 0.4241 0.9880 0.3771 0.9880
6 0.7197 0.3430 0.8840 0.3430 0.8840 0.4590 0.7197 0.4590
6 0.7054 0.0866 0.8392 0.0866 0.8392 0.1810 0.7054 0.1810
6 0.3328 0.0374 0.4135 0.0374 0.4135 0.0754 0.3328 0.0754
7 0.9379 0.4211 0.9644 0.4211 0.9644 0.5045 0.9379 0.5045
7 0.6056 0.1616 0.6501 0.1616 0.6501 0.2636 0.6056 0.2636
7 0.2110 0.5438 0.2219 0.5438 0.2219 0.5526 0.2110 0.5526
7 0.6628 0.4607 0.6904 0.4607 0.6904 0.4781 0.6628 0.4781
9 0.2181 0.5663 0.2624 0.5663 0.2624 0.7125 0.2181 0.7125
9 0.0282 0.2251 0.0772 0.2251 0.0772 0.3865 0.0282 0.3865
9 0.3982 0.1092 0.5273 0.1092 0.5273 0.1516 0.3982 0.1516
9 0.6413 0.5234 0.6730 0.5234 0.6730 0.6338 0.6413 0.6338
12 0.3142 0.0415 0.5809 0.0415 0.5809 0.1009 0.3142 0.1009
12 0.2350 0.0364 0.2667 0.0364 0.2667 0.0640 0.2350 0.0640
12 0.0485 0.5883 0.0670 0.5883 0.0670 0.6801 0.0485 0.6801
12 0.3102 0.0335 0.3367 0.0335 0.3367 0.1421 0.3102 0.1421
13 0.6110 0.3294 0.6799 0.3294 0.6799 0.3678 0.6110 0.3678
13 0.0911 0.3798 0.0932 0.3798 0.0932 0.4486 0.0911 0.4486
13 0.2933 0.4898 0.2947 0.4898 0.2947 0.5910 0.2933 0.5910
13 0.9377 0.5890 0.9426 0.5890 0.9426 0.6210 0.9377 0.6210
15 0.3414 0.6563 0.4946 0.6563 0.4946 0.7829 0.3414 0.7829
15 0.5185 0.2444 0.5507 0.2444 0.5507 0.3040 0.5185 0.3040
15 0.3574 0.0847 0.4158 0.0847 0.4158 0.1697 0.3574 0.1697
15 0.9405 0.2711 0.9870 0.2711 0.9870 0.3357 0.9405 0.3357
