0 0.6559 0.2552 0.7421 0.2552 0.7421 0.4292 0.6559 0.4292
0 0.2539 0.3798 0.3775 0.3798 0.3775 0.8474 0.2539 0.8474
0 0.6993 0.6003 0.7804 0.6003 0.7804 0.7385 0.6993 0.7385
0 0.3180 0.3382 0.3543 0.3382 0.3543 0.8218 0.3180 0.8218
1 0.3110 0.6210 0.3190 0.6210 0.3190 0.6370 0.3110 0.6370
1 0.2251 0.5503 0.2343 0.5503 0.2343 0.5581 0.2251 0.5581
1 0.8951 0.1994 0.9003 0.1994 0.9003 0.2186 0.8951 0.2186
1 0.0530 0.3730 0.0707 0.3730 0.0707 0.3826 0.0530 0.3826
2 0.9243 0.4739 0.9577 0.4739 0.9577 0.5277 0.9243 0.5277
2 0.4254 0.6015 0.5984 0.6015 0.5984 0.7065 0.4254 0.7065
2 0.7431 0.5758 0.8206 0.5758 0.8206 0.6130 0.7431 0.6130
2 0.7739 0.6527 0.8367 0.6527 0.8367 0.8557 0.7739 0.8557
3 0.9268 0.0955 0.9877 0.0955 0.9877 0.1117 0.9268 0.1117
3 0.4814 0.7143 0.5006 0.7143 0.5006 0.8613 0.4814 0.8613
3 0.4499 0.3035 0.4544 0.3035 0.4544 0.3753 0.4499 0.3753
3 0.6211 0.5258 0.6740 0.5258 0.6740 0.5438 0.6211 0.5438
4 0.2924 0.3592 0.2953 0.3592 0.2953 0.3888 0.2924 0.3888
4 0.4559 0.5522 0.4615 0.5522 0.4615 0.5590 0.4559 0.5590
4 0.8139 0.8103 0.8392 0.8103 0.8392 0.8273 0.8139 0.8273
4 0.5922 0.9226 0.6067 0.9226 0.6067 0.9566 0.5922 0.9566
6 0.7853 0.6663 0.8258 0.6663 0.8258 0.7805 0.7853 0.7805
6 0.1897 0.6347 0.2572 0.6347 0.2572 0.8249 0.1897 0.8249
6 0.8645 0.1407 0.9158 0.1407 0.9158 0.1573 0.8645 0.1573
6 0.3130 0.3156 0.3341 0.3156 0.3341 0.3456 0.3130 0.3456
7 0.9199 0.6810 0.9261 0.6810 0.9261 0.7318 0.9199 0.7318
7 0.6030 0.9815 0.6178 0.9815 0.6178 0.9881 0.6030 0.9881
7 0.8451 0.8640 0.8504 0.8640 0.8504 0.8788 0.8451 0.8788
7 0.4133 0.4815 0.4301 0.4815 0.4301 0.5513 0.4133 0.5513
9 0.2668 0.1527 0.3706 0.1527 0.3706 0.4485 0.2668 0.4485
9 0.3591 0.7231 0.3952 0.7231 0.3952 0.8993 0.3591 0.8993
9 0.0233 0.5266 0.0495 0.5266 0.0495 0.6802 0.0233 0.6802
9 0.0483 0.3836 0.0846 0.3836 0.0846 0.5708 0.0483 0.5708
12 0.7553 0.4979 0.7795 0.4979 0.7795 0.7805 0.7553 0.7805
12 0.8602 0.2686 0.8666 0.2686 0.8666 0.5070 0.8602 0.5070
12 0.2588 0.2070 0.2815 0.2070 0.2815 0.2998 0.2588 0.2998
12 0.0305 0.9002 0.1329 0.9002 0.1329 0.9458 0.0305 0.9458
13 0.3308 0.8948 0.3375 0.8948 0.3375 0.9200 0.3308 0.9200
13 0.8664 0.8163 0.8718 0.8163 0.8718 0.8233 0.8664 0.8233
13 0.0637 0.6218 0.0763 0.6218 0.0763 0.6338 0.0637 0.6338
13 0.9463 0.4391 0.9543 0.4391 0.9543 0.4621 0.9463 0.4621
15 0.6293 0.7791 0.6590 0.7791 0.6590 0.8417 0.6293 0.8417
15 0.6140 0.9084 0.6795 0.9084 0.6795 0.9616 0.6140 0.9616
15 0.7530 0.4266 0.7764 0.4266 0.7764 0.5186 0.7530 0.5186
15 0.3856 0.2046 0.4304 0.2046 0.4304 0.2410 0.3856 0.2410
