0 0.3516 0.5408 0.4104 0.5408 0.4104 0.7832 0.3516 0.7832
0 0.5145 0.3775 0.6512 0.3775 0.6512 0.9405 0.5145 0.9405
0 0.0699 0.7195 0.2787 0.7195 0.2787 0.8333 0.0699 0.8333
0 0.3856 0.5359 0.5419 0.5359 0.5419 0.6345 0.3856 0.6345
1 0.1939 0.2503 0.1993 0.2503 0.1993 0.2969 0.1939 0.2969
1 0.6919 0.7603 0.6964 0.7603 0.6964 0.8085 0.6919 0.8085
1 0.2751 0.2066 0.2821 0.2066 0.2821 0.2322 0.2751 0.2322
1 0.3768 0.5347 0.3826 0.5347 0.3826 0.5921 0.3768 0.5921
2 0.4507 0.6208 0.4724 0.6208 0.4724 0.6320 0.4507 0.6320
2 0.4213 0.6446 0.4930 0.6446 0.4930 0.7022 0.4213 0.7022
2 0.0436 0.5591 0.0544 0.5591 0.0544 0.6777 0.0436 0.6777
2 0.0594 0.3420 0.1361 0.3420 0.1361 0.4036 0.0594 0.4036
3 0.0902 0.1667 0.1035 0.1667 0.1035 0.2605 0.0902 0.2605
3 0.8631 0.0864 0.9449 0.0864 0.9449 0.1064 0.8631 0.1064
3 0.3305 0.8182 0.3787 0.8182 0.3787 0.8330 0.3305 0.8330
3 0.4504 0.1839 0.4621 0.1839 0.4621 0.2665 0.4504 0.2665
4 0.3384 0.9335 0.3453 0.9335 0.3453 0.9445 0.3384 0.9445
4 0.6470 0.2468 0.6573 0.2468 0.6573 0.2552 0.6470 0.2552
4 0.9382 0.5906 0.9506 0.5906 0.9506 0.5990 0.9382 0.5990
4 0.8491 0.4228 0.8637 0.4228 0.8637 0.5184 0.8491 0.5184
6 0.5785 0.5387 0.6204 0.5387 0.6204 0.5781 0.5785 0.5781
6 0.7056 0.0615 0.8449 0.0615 0.8449 0.1597 0.7056 0.1597
6 0.0916 0.6078 0.1296 0.6078 0.1296 0.6202 0.0916 0.6202
6 0.5739 0.1356 0.6075 0.1356 0.6075 0.1464 0.5739 0.1464
7 0.1613 0.2931 0.1830 0.2931 0.1830 0.3409 0.1613 0.3409
7 0.0499 0.4036 0.0596 0.4036 0.0596 0.5192 0.0499 0.5192
7 0.3143 0.7827 0.3226 0.7827 0.3226 0.8053 0.3143 0.8053
7 0.3961 0.6410 0.4141 0.6410 0.4141 0.6806 0.3961 0.6806
9 0.5107 0.2439 0.5707 0.2439 0.5707 0.5361 0.5107 0.5361
9 0.0602 0.0374 0.1061 0.0374 0.1061 0.2610 0.0602 0.2610
9 0.7266 0.2479 0.7634 0.2479 0.7634 0.3765 0.7266 0.3765
9 0.7356 0.9154 0.8949 0.9154 0.8949 0.9678 0.7356 0.9678
12 0.5390 0.7494 0.5418 0.7494 0.5418 0.8538 0.5390 0.8538
12 0.1670 0.5218 0.1955 0.5218 0.1955 0.8282 0.1670 0.8282
12 0.5788 0.0435 0.6080 0.0435 0.6080 0.2753 0.5788 0.2753
12 0.2546 0.5032 0.3374 0.5032 0.3374 0.5516 0.2546 0.5516
13 0.2050 0.4191 0.2273 0.4191 0.2273 0.4329 0.2050 0.4329
13 0.9028 0.1256 0.9467 0.1256 0.9467 0.1528 0.9028 0.1528
13 0.5433 0.1368 0.5887 0.1368 0.5887 0.1648 0.5433 0.1648
13 0.9402 0.3636 0.9453 0.3636 0.9453 0.3684 0.9402 0.3684
15 0.8246 0.7019 0.9146 0.7019 0.9146 0.7785 0.8246 0.7785
15 0.7799 0.2239 0.8221 0.2239 0.8221 0.2853 0.7799 0.2853
15 0.3865 0.3538 0.4906 0.3538 0.4906 0.4702 0.3865 0.4702
15 0.5574 0.6375 0.6240 0.6375 0.6240 0.6941 0.5574 0.6941
