0 0.8490 0.4819 0.9336 0.4819 0.9336 0.6073 0.8490 0.6073
0 0.7925 0.2407 0.8418 0.2407 0.8418 0.2801 0.7925 0.2801
0 0.1802 0.5614 0.2489 0.5614 0.2489 0.8610 0.1802 0.8610
0 0.2134 0.0198 0.2855 0.0198 0.2855 0.2926 0.2134 0.2926
1 0.5164 0.7639 0.5196 0.7639 0.5196 0.8245 0.5164 0.8245
1 0.5708 0.1639 0.5826 0.1639 0.5826 0.1669 0.5708 0.1669
1 0.2850 0.9167 0.3090 0.9167 0.3090 0.9277 0.2850 0.9277
1 0.6108 0.0215 0.6164 0.0215 0.6164 0.0817 0.6108 0.0817
2 0.4583 0.1315 0.5677 0.1315 0.5677 0.2181 0.4583 0.2181
2 0.0199 0.4354 0.2578 0.4354 0.2578 0.5798 0.0199 0.5798
2 0.5828 0.3983 0.6138 0.3983 0.6138 0.4253 0.5828 0.4253
2 0.6765 0.2707 0.7430 0.2707 0.7430 0.4533 0.6765 0.4533
3 0.2233 0.3358 0.2327 0.3358 0.2327 0.4886 0.2233 0.4886
3 0.5085 0.7458 0.5612 0.7458 0.5612 0.7598 0.5085 0.7598
3 0.7354 0.0134 0.8349 0.0134 0.8349 0.0378 0.7354 0.0378
3 0.7463 0.6267 0.8215 0.6267 0.8215 0.6561 0.7463 0.6561
4 0.2771 0.5358 0.2858 0.5358 0.2858 0.5738 0.2771 0.5738
4 0.0876 0.9450 0.0915 0.9450 0.0915 0.9822 0.0876 0.9822
4 0.5120 0.7623 0.5192 0.7623 0.5192 0.7661 0.5120 0.7661
4 0.2908 0.6123 0.3215 0.6123 0.3215 0.6345 0.2908 0.6345
6 0.1085 0.2363 0.2478 0.2363 0.2478 0.3345 0.1085 0.3345
6 0.5896 0.8058 0.7053 0.8058 0.7053 0.8874 0.5896 0.8874
6 0.8220 0.3230 0.8380 0.3230 0.8380 0.3458 0.8220 0.3458
6 0.1051 0.1783 0.1840 0.1783 0.1840 0.2893 0.1051 0.2893
7 0.1259 0.1892 0.1424 0.1892 0.1424 0.3260 0.1259 0.3260
7 0.3194 0.5735 0.3389 0.5735 0.3389 0.6857 0.3194 0.6857
7 0.0611 0.6116 0.0706 0.6116 0.0706 0.6416 0.0611 0.6416
7 0.6790 0.3104 0.6924 0.3104 0.6924 0.3468 0.6790 0.3468
9 0.7836 0.2568 0.8192 0.2568 0.8192 0.3808 0.7836 0.3808
9 0.0813 0.5520 0.1319 0.5520 0.1319 0.7284 0.0813 0.7284
9 0.8362 0.1880 0.8804 0.1880 0.8804 0.3420 0.8362 0.3420
9 0.4705 0.5927 0.4947 0.5927 0.4947 0.7137 0.4705 0.7137
12 0.8445 0.4556 0.8660 0.4556 0.8660 0.7064 0.8445 0.7064
12 0.3780 0.7100 0.3926 0.7100 0.3926 0.8668 0.3780 0.8668
12 0.1613 0.8483 0.1870 0.8483 0.1870 0.9533 0.1613 0.9533
12 0.5336 0.2143 0.5364 0.2143 0.5364 0.3165 0.5336 0.3165
13 0.4474 0.1803 0.4652 0.1803 0.4652 0.1969 0.4474 0.1969
13 0.7970 0.1358 0.8104 0.1358 0.8104 0.1486 0.7970 0.1486
13 0.1668 0.0078 0.1963 0.0078 0.1963 0.0358 0.1668 0.0358
13 0.8617 0.7702 0.9001 0.7702 0.9001 0.7878 0.8617 0.7878
15 0.2254 0.2519 0.2886 0.2519 0.2886 0.3057 0.2254 0.3057
15 0.4734 0.1607 0.5289 0.1607 0.5289 0.2417 0.4734 0.2417
15 0.4247 0.2962 0.4833 0.2962 0.4833 0.4034 0.4247 0.4034
15 0.2219 0.7468 0.3127 0.7468 0.3127 0.9008 0.2219 0.9008
