0 0.2822 0.2983 0.2998 0.2983 0.2998 0.5337 0.2822 0.5337
0 0.2237 0.3591 0.4800 0.3591 0.4800 0.4541 0.2237 0.4541
0 0.6282 0.4543 0.7541 0.4543 0.7541 0.8253 0.6282 0.8253
0 0.4881 0.1774 0.5639 0.1774 0.5639 0.7638 0.4881 0.7638
1 0.7259 0.6743 0.7387 0.6743 0.7387 0.6853 0.7259 0.6853
1 0.8766 0.2275 0.8820 0.2275 0.8820 0.2977 0.8766 0.2977
1 0.4601 0.0611 0.4884 0.0611 0.4884 0.1325 0.4601 0.1325
1 0.0062 0.9622 0.0233 0.9622 0.0233 0.9666 0.0062 0.9666
2 0.8705 0.6736 0.9497 0.6736 0.9497 0.9236 0.8705 0.9236
2 0.5830 0.9031 0.6118 0.9031 0.6118 0.9281 0.5830 0.9281
2 0.7262 0.7004 0.8321 0.7004 0.8321 0.7864 0.7262 0.7864
2 0.4988 0.6674 0.6114 0.6674 0.6114 0.7590 0.4988 0.7590
3 0.4250 0.2186 0.4324 0.2186 0.4324 0.2710 0.4250 0.2710
3 0.0674 0.5700 0.0952 0.5700 0.0952 0.5796 0.0674 0.5796
3 0.9293 0.6039 0.9698 0.6039 0.9698 0.6177 0.9293 0.6177
3 0.2805 0.3579 0.3338 0.3579 0.3338 0.3761 0.2805 0.3761
4 0.0220 0.0276 0.0315 0.0276 0.0315 0.0388 0.0220 0.0388
4 0.7525 0.5372 0.7824 0.5372 0.7824 0.5472 0.7525 0.5472
4 0.6227 0.1487 0.7036 0.1487 0.7036 0.1741 0.6227 0.1741
4 0.2945 0.0282 0.3027 0.0282 0.3027 0.0522 0.2945 0.0522
6 0.6620 0.2139 0.7480 0.2139 0.7480 0.3349 0.6620 0.3349
6 0.6694 0.6374 0.7012 0.6374 0.7012 0.6478 0.6694 0.6478
6 0.4506 0.0279 0.6306 0.0279 0.6306 0.1549 0.4506 0.1549
6 0.0868 0.8996 0.1117 0.8996 0.1117 0.9076 0.0868 0.9076
7 0.3605 0.6119 0.4050 0.6119 0.4050 0.7641 0.3605 0.7641
7 0.6026 0.5295 0.6089 0.5295 0.6089 0.5777 0.6026 0.5777
7 0.6797 0.5746 0.7063 0.5746 0.7063 0.7074 0.6797 0.7074
7 0.7767 0.7878 0.7844 0.7878 0.7844 0.8094 0.7767 0.8094
9 0.4068 0.3067 0.4498 0.3067 0.4498 0.4485 0.4068 0.4485
9 0.1047 0.0590 0.2130 0.0590 0.2130 0.1010 0.1047 0.1010
9 0.6573 0.9076 0.6804 0.9076 0.6804 0.9880 0.6573 0.9880
9 0.4937 0.0607 0.7569 0.0607 0.7569 0.1473 0.4937 0.1473
12 0.4253 0.5535 0.4469 0.5535 0.4469 0.6629 0.4253 0.6629
12 0.9316 0.3620 0.9621 0.3620 0.9621 0.4792 0.9316 0.4792
12 0.3814 0.2223 0.4380 0.2223 0.4380 0.2757 0.3814 0.2757
12 0.9520 0.2706 0.9803 0.2706 0.9803 0.5990 0.9520 0.5990
13 0.7482 0.7540 0.7507 0.7540 0.7507 0.9344 0.7482 0.9344
13 0.6708 0.4655 0.6757 0.4655 0.6757 0.4837 0.6708 0.4837
13 0.9734 0.0883 0.9906 0.0883 0.9906 0.1045 0.9734 0.1045
13 0.0671 0.0274 0.1438 0.0274 0.1438 0.0342 0.0671 0.0342
15 0.4593 0.7171 0.5604 0.7171 0.5604 0.8029 0.4593 0.8029
15 0.8634 0.6642 0.9041 0.6642 0.9041 0.7410 0.8634 0.7410
15 0.0143 0.7371 0.0797 0.7371 0.0797 0.8333 0.0143 0.8333
15 0.3631 0.1007 0.4649 0.1007 0.4649 0.2125 0.3631 0.2125
