0 0.1685 0.8886 0.2246 0.8886 0.2246 0.9718 0.1685 0.9718
0 0.1877 0.3979 0.2338 0.3979 0.2338 0.5989 0.1877 0.5989
0 0.7631 0.1991 0.8589 0.1991 0.8589 0.5401 0.7631 0.5401
0 0.4503 0.5531 0.5817 0.5531 0.5817 0.9149 0.4503 0.9149
1 0.6493 0.5252 0.6612 0.5252 0.6612 0.5316 0.6493 0.5316
1 0.2579 0.5115 0.2787 0.5115 0.2787 0.5209 0.2579 0.5209
1 0.6167 0.3258 0.6421 0.3258 0.6421 0.3374 0.6167 0.3374
1 0.3239 0.3256 0.3575 0.3256 0.3575 0.3320 0.3239 0.3320
2 0.3985 0.5718 0.4387 0.5718 0.4387 0.6126 0.3985 0.6126
2 0.6656 0.0798 0.7733 0.0798 0.7733 0.0938 0.6656 0.0938
2 0.0380 0.4266 0.2171 0.4266 0.2171 0.5322 0.0380 0.5322
2 0.4782 0.3226 0.5184 0.3226 0.5184 0.3662 0.4782 0.3662
3 0.6600 0.8994 0.6800 0.8994 0.6800 0.9774 0.6600 0.9774
3 0.4482 0.7607 0.5098 0.7607 0.5098 0.7817 0.4482 0.7817
3 0.8799 0.8587 0.8901 0.8587 0.8901 0.9309 0.8799 0.9309
3 0.7099 0.6066 0.7596 0.6066 0.7596 0.6198 0.7099 0.6198
4 0.0385 0.8746 0.1252 0.8746 0.1252 0.8830 0.0385 0.8830
4 0.7068 0.0879 0.7277 0.0879 0.7277 0.1229 0.7068 0.1229
4 0.5157 0.6608 0.5300 0.6608 0.5300 0.6716 0.5157 0.6716
4 0.4694 0.0103 0.4986 0.0103 0.4986 0.0305 0.4694 0.0305
6 0.4585 0.3831 0.7401 0.3831 0.7401 0.5817 0.4585 0.5817
6 0.4351 0.5044 0.5023 0.5044 0.5023 0.5676 0.4351 0.5676
6 0.9865 0.0079 0.9990 0.0079 0.9990 0.0257 0.9865 0.0257
6 0.0602 0.8819 0.1364 0.8819 0.1364 0.9177 0.0602 0.9177
7 0.0305 0.2422 0.0801 0.2422 0.0801 0.2634 0.0305 0.2634
7 0.9090 0.3415 0.9195 0.3415 0.9195 0.3833 0.9090 0.3833
7 0.0727 0.9094 0.0898 0.9094 0.0898 0.9734 0.0727 0.9734
7 0.8524 0.6647 0.8661 0.6647 0.8661 0.7125 0.8524 0.7125
9 0.4094 0.0635 0.4554 0.0635 0.4554 0.2241 0.4094 0.2241
9 0.5199 0.6544 0.5873 0.6544 0.5873 0.8464 0.5199 0.8464
9 0.7425 0.3468 0.8370 0.3468 0.8370 0.4040 0.7425 0.4040
9 0.1553 0.5099 0.2061 0.5099 0.2061 0.6873 0.1553 0.6873
12 0.3390 0.6432 0.3673 0.6432 0.3673 0.9160 0.3390 0.9160
12 0.3277 0.1022 0.3398 0.1022 0.3398 0.1622 0.3277 0.1622
12 0.0831 0.8351 0.2852 0.8351 0.2852 0.8801 0.0831 0.8801
12 0.5965 0.0091 0.6341 0.0091 0.6341 0.0405 0.5965 0.0405
13 0.2203 0.7351 0.2397 0.7351 0.2397 0.7441 0.2203 0.7441
13 0.0077 0.7131 0.0652 0.7131 0.0652 0.7645 0.0077 0.7645
13 0.4814 0.6128 0.4843 0.6128 0.4843 0.7064 0.4814 0.7064
13 0.2994 0.8343 0.3186 0.8343 0.3186 0.9961 0.2994 0.9961
15 0.3346 0.0771 0.3700 0.0771 0.3700 0.1301 0.3346 0.1301
15 0.2896 0.1386 0.3584 0.1386 0.3584 0.2190 0.2896 0.2190
15 0.1014 0.1128 0.1972 0.1128 0.1972 0.2160 0.1014 0.2160
15 0.9320 0.0439 0.9649 0.0439 0.9649 0.0897 0.9320 0.0897
