0 0.7773 0.3358 0.8276 0.3358 0.8276 0.5550 0.7773 0.5550
0 0.9220 0.0182 0.9829 0.0182 0.9829 0.2838 0.9220 0.2838
0 0.0691 0.1139 0.2849 0.1139 0.2849 0.6645 0.0691 0.6645
0 0.3867 0.2939 0.4970 0.2939 0.4970 0.5973 0.3867 0.5973
1 0.1065 0.8235 0.1152 0.8235 0.1152 0.8409 0.1065 0.8409
1 0.7540 0.6119 0.7809 0.6119 0.7809 0.6233 0.7540 0.6233
1 0.0479 0.8531 0.0501 0.8531 0.0501 0.8929 0.0479 0.8929
1 0.4839 0.5020 0.4884 0.5020 0.4884 0.5380 0.4839 0.5380
2 0.8554 0.5143 0.8798 0.5143 0.8798 0.5233 0.8554 0.5233
2 0.2811 0.0956 0.3458 0.0956 0.3458 0.1896 0.2811 0.1896
2 0.5944 0.9234 0.6150 0.9234 0.6150 0.9310 0.5944 0.9310
2 0.6539 0.2711 0.8344 0.2711 0.8344 0.7097 0.6539 0.7097
3 0.9645 0.1083 0.9790 0.1083 0.9790 0.2109 0.9645 0.2109
3 0.4514 0.7079 0.4643 0.7079 0.4643 0.8001 0.4514 0.8001
3 0.1565 0.1071 0.1752 0.1071 0.1752 0.2505 0.1565 0.2505
3 0.0616 0.6216 0.1630 0.6216 0.1630 0.6532 0.0616 0.6532
4 0.9448 0.3203 0.9584 0.3203 0.9584 0.3301 0.9448 0.3301
4 0.4017 0.0820 0.4157 0.0820 0.4157 0.1148 0.4017 0.1148
4 0.4376 0.2624 0.4587 0.2624 0.4587 0.2764 0.4376 0.2764
4 0.0014 0.9559 0.0532 0.9559 0.0532 0.9733 0.0014 0.9733
6 0.5499 0.8472 0.6584 0.8472 0.6584 0.9236 0.5499 0.9236
6 0.6606 0.3048 0.7060 0.3048 0.7060 0.4328 0.6606 0.4328
6 0.0637 0.7139 0.1277 0.7139 0.1277 0.7741 0.0637 0.7741
6 0.0371 0.7171 0.0735 0.7171 0.0735 0.7289 0.0371 0.7289
7 0.2865 0.7320 0.3069 0.7320 0.3069 0.7900 0.2865 0.7900
7 0.2396 0.4938 0.2681 0.4938 0.2681 0.6714 0.2396 0.6714
7 0.7959 0.3860 0.8058 0.3860 0.8058 0.4208 0.7959 0.4208
7 0.1382 0.2106 0.1432 0.2106 0.1432 0.2266 0.1382 0.2266
9 0.7583 0.7031 0.7963 0.7031 0.7963 0.8357 0.7583 0.8357
9 0.2097 0.6423 0.3035 0.6423 0.3035 0.9097 0.2097 0.9097
9 0.3488 0.4087 0.3898 0.4087 0.3898 0.6141 0.3488 0.6141
9 0.0713 0.2916 0.3244 0.2916 0.3244 0.4448 0.0713 0.4448
12 0.4994 0.7495 0.5566 0.7495 0.5566 0.7749 0.4994 0.7749
12 0.3659 0.4115 0.6181 0.4115 0.6181 0.4677 0.3659 0.4677
12 0.7188 0.3316 0.7766 0.3316 0.7766 0.3372 0.7188 0.3372
12 0.1520 0.9486 0.2220 0.9486 0.2220 0.9798 0.1520 0.9798
13 0.3430 0.4348 0.3684 0.4348 0.3684 0.4588 0.3430 0.4588
13 0.1056 0.1694 0.1584 0.1694 0.1584 0.2022 0.1056 0.2022
13 0.5207 0.2988 0.5324 0.2988 0.5324 0.3384 0.5207 0.3384
13 0.4939 0.2382 0.5652 0.2382 0.5652 0.2446 0.4939 0.2446
15 0.3443 0.2588 0.4020 0.2588 0.4020 0.3328 0.3443 0.3328
15 0.7930 0.3343 0.8684 0.3343 0.8684 0.4185 0.7930 0.4185
15 0.2730 0.3867 0.3458 0.3867 0.3458 0.4621 0.2730 0.4621
15 0.0140 0.8619 0.0440 0.8619 0.0440 0.9229 0.0140 0.9229
