0 0.4888 0.2523 0.5680 0.2523 0.5680 0.5341 0.4888 0.5341
0 0.6803 0.5179 0.7500 0.5179 0.7500 0.8221 0.6803 0.8221
0 0.5142 0.6802 0.6218 0.6802 0.6218 0.8398 0.5142 0.8398
0 0.0696 0.8403 0.1193 0.8403 0.1193 0.8801 0.0696 0.8801
1 0.6511 0.1144 0.6524 0.1144 0.6524 0.1372 0.6511 0.1372
1 0.5388 0.0166 0.5535 0.0166 0.5535 0.0650 0.5388 0.0650
1 0.9413 0.7347 0.9535 0.7347 0.9535 0.7413 0.9413 0.7413
1 0.9289 0.8538 0.9354 0.8538 0.9354 0.8778 0.9289 0.8778
2 0.1568 0.5175 0.2504 0.5175 0.2504 0.6649 0.1568 0.6649
2 0.7111 0.3771 0.8543 0.3771 0.8543 0.3985 0.7111 0.3985
2 0.6508 0.7922 0.7441 0.7922 0.7441 0.8370 0.6508 0.8370
2 0.2857 0.4438 0.5940 0.4438 0.5940 0.5194 0.2857 0.5194
3 0.4023 0.7682 0.4829 0.7682 0.4829 0.7930 0.4023 0.7930
3 0.4563 0.5243 0.5086 0.5243 0.5086 0.5425 0.4563 0.5425
3 0.8680 0.3108 0.9672 0.3108 0.9672 0.3344 0.8680 0.3344
3 0.6688 0.0187 0.7163 0.0187 0.7163 0.0373 0.6688 0.0373
4 0.0702 0.0935 0.0896 0.0935 0.0896 0.1069 0.0702 0.1069
4 0.9039 0.4491 0.9304 0.4491 0.9304 0.4673 0.9039 0.4673
4 0.2148 0.4267 0.2280 0.4267 0.2280 0.4365 0.2148 0.4365
4 0.5850 0.9558 0.5884 0.9558 0.5884 0.9602 0.5850 0.9602
6 0.1563 0.2575 0.1766 0.2575 0.1766 0.2641 0.1563 0.2641
6 0.4320 0.6743 0.5106 0.6743 0.5106 0.8957 0.4320 0.8957
6 0.4611 0.6612 0.4964 0.6612 0.4964 0.6944 0.4611 0.6944
6 0.1865 0.8154 0.2467 0.8154 0.2467 0.9850 0.1865 0.9850
7 0.5947 0.2742 0.6184 0.2742 0.6184 0.3370 0.5947 0.3370
7 0.8977 0.2928 0.9909 0.2928 0.9909 0.3552 0.8977 0.3552
7 0.1057 0.8875 0.1158 0.8875 0.1158 0.9129 0.1057 0.9129
7 0.8222 0.5266 0.8669 0.5266 0.8669 0.5458 0.8222 0.5458
9 0.3468 0.6842 0.4123 0.6842 0.4123 0.9002 0.3468 0.9002
9 0.3371 0.5843 0.5918 0.5843 0.5918 0.6681 0.3371 0.6681
9 0.7937 0.0839 0.9066 0.0839 0.9066 0.1209 0.7937 0.1209
9 0.8117 0.2147 0.8586 0.2147 0.8586 0.3785 0.8117 0.3785
12 0.4467 0.8851 0.5230 0.8851 0.5230 0.9297 0.4467 0.9297
12 0.7306 0.4591 0.8060 0.4591 0.8060 0.4665 0.7306 0.4665
12 0.6308 0.7011 0.7358 0.7011 0.7358 0.7113 0.6308 0.7113
12 0.7853 0.5058 0.7921 0.5058 0.7921 0.7586 0.7853 0.7586
13 0.4785 0.8416 0.4957 0.8416 0.4957 0.8500 0.4785 0.8500
13 0.4073 0.0224 0.4170 0.0224 0.4170 0.0260 0.4073 0.0260
13 0.9514 0.3710 0.9729 0.3710 0.9729 0.3914 0.9514 0.3914
13 0.8937 0.2607 0.9034 0.2607 0.9034 0.2897 0.8937 0.2897
15 0.1340 0.5836 0.2157 0.5836 0.2157 0.6512 0.1340 0.6512
15 0.9451 0.4555 0.9677 0.4555 0.9677 0.4981 0.9451 0.4981
15 0.6750 0.0804 0.7058 0.0804 0.7058 0.1384 0.6750 0.1384
15 0.2505 0.4586 0.2866 0.4586 0.2866 0.5118 0.2505 0.5118
