0 0.6959 0.1148 0.8012 0.1148 0.8012 0.4044 0.6959 0.4044
0 0.5673 0.0755 0.6455 0.0755 0.6455 0.3977 0.5673 0.3977
0 0.3376 0.1926 0.4101 0.1926 0.4101 0.3442 0.3376 0.3442
0 0.2168 0.2150 0.3161 0.2150 0.3161 0.2946 0.2168 0.2946
1 0.0667 0.0215 0.0767 0.0215 0.0767 0.0581 0.0667 0.0581
1 0.5517 0.7231 0.5543 0.7231 0.5543 0.7697 0.5517 0.7697
1 0.6045 0.8288 0.6121 0.8288 0.6121 0.8568 0.6045 0.8568
1 0.3707 0.9036 0.3773 0.9036 0.3773 0.9732 0.3707 0.9732
2 0.3580 0.5067 0.4531 0.5067 0.4531 0.5425 0.3580 0.5425
2 0.0151 0.6412 0.1400 0.6412 0.1400 0.7932 0.0151 0.7932
2 0.7423 0.1334 0.7891 0.1334 0.7891 0.1994 0.7423 0.1994
2 0.6528 0.0248 0.7037 0.0248 0.7037 0.0616 0.6528 0.0616
3 0.5436 0.7166 0.5999 0.7166 0.5999 0.7362 0.5436 0.7362
3 0.3183 0.8863 0.4097 0.8863 0.4097 0.9149 0.3183 0.9149
3 0.9297 0.7935 0.9329 0.7935 0.9329 0.8445 0.9297 0.8445
3 0.0010 0.6816 0.0170 0.6816 0.0170 0.8008 0.0010 0.8008
4 0.0848 0.1259 0.0887 0.1259 0.0887 0.1309 0.0848 0.1309
4 0.3451 0.8054 0.3634 0.8054 0.3634 0.8146 0.3451 0.8146
4 0.1569 0.3855 0.1800 0.3855 0.1800 0.4169 0.1569 0.4169
4 0.4628 0.8294 0.4889 0.8294 0.4889 0.8874 0.4628 0.8874
6 0.2951 0.2411 0.3769 0.2411 0.3769 0.4717 0.2951 0.4717
6 0.8861 0.6779 0.9861 0.6779 0.9861 0.9597 0.8861 0.9597
6 0.0954 0.7306 0.1752 0.7306 0.1752 0.7682 0.0954 0.7682
6 0.6468 0.2971 0.7200 0.2971 0.7200 0.5033 0.6468 0.5033
7 0.9264 0.2935 0.9653 0.2935 0.9653 0.3049 0.9264 0.3049
7 0.1036 0.1439 0.1107 0.1439 0.1107 0.1709 0.1036 0.1709
7 0.1488 0.0483 0.1601 0.0483 0.1601 0.1413 0.1488 0.1413
7 0.0768 0.2246 0.0889 0.2246 0.0889 0.3390 0.0768 0.3390
9 0.5510 0.2491 0.7324 0.2491 0.7324 0.3193 0.5510 0.3193
9 0.4440 0.3235 0.6263 0.3235 0.6263 0.3941 0.4440 0.3941
9 0.0448 0.6795 0.1929 0.6795 0.1929 0.7273 0.0448 0.7273
9 0.3466 0.1038 0.4369 0.1038 0.4369 0.3954 0.3466 0.3954
12 0.4934 0.3999 0.5812 0.3999 0.5812 0.4229 0.4934 0.4229
12 0.5619 0.2947 0.5835 0.2947 0.5835 0.3129 0.5619 0.3129
12 0.6727 0.7203 0.7273 0.7203 0.7273 0.7421 0.6727 0.7421
12 0.3734 0.6066 0.3806 0.6066 0.3806 0.8594 0.3734 0.8594
13 0.5359 0.2756 0.5915 0.2756 0.5915 0.3252 0.5359 0.3252
13 0.5965 0.9035 0.6043 0.9035 0.6043 0.9301 0.5965 0.9301
13 0.7174 0.0387 0.7292 0.0387 0.7292 0.0689 0.7174 0.0689
13 0.8814 0.3552 0.8857 0.3552 0.8857 0.5300 0.8814 0.5300
15 0.6788 0.5402 0.7275 0.5402 0.7275 0.6102 0.6788 0.6102
15 0.2499 0.0803 0.3352 0.0803 0.3352 0.1497 0.2499 0.1497
15 0.6451 0.6871 0.6852 0.6871 0.6852 0.7633 0.6451 0.7633
15 0.1639 0.2959 0.1875 0.2959 0.1875 0.3885 0.1639 0.3885
