0 0.7722 0.1598 0.9546 0.1598 0.9546 0.8090 0.7722 0.8090
0 0.4288 0.4255 0.4969 0.4255 0.4969 0.4801 0.4288 0.4801
0 0.4396 0.5796 0.4861 0.5796 0.4861 0.9396 0.4396 0.9396
0 0.3188 0.5715 0.4609 0.5715 0.4609 0.7821 0.3188 0.7821
1 0.3702 0.2468 0.3744 0.2468 0.3744 0.3296 0.3702 0.3296
1 0.1528 0.3791 0.1680 0.3791 0.1680 0.4293 0.1528 0.4293
1 0.3787 0.6658 0.4024 0.6658 0.4024 0.6758 0.3787 0.6758
1 0.7677 0.8372 0.7809 0.8372 0.7809 0.8432 0.7677 0.8432
2 0.1497 0.4791 0.2435 0.4791 0.2435 0.5481 0.1497 0.5481
2 0.4651 0.2808 0.5598 0.2808 0.5598 0.3504 0.4651 0.3504
2 0.5796 0.0736 0.6898 0.0736 0.6898 0.1404 0.5796 0.1404
2 0.2894 0.3531 0.3858 0.3531 0.3858 0.4873 0.2894 0.4873
3 0.0724 0.9195 0.0827 0.9195 0.0827 0.9925 0.0724 0.9925
3 0.4367 0.5440 0.5087 0.5440 0.5087 0.5660 0.4367 0.5660
3 0.0837 0.4908 0.1655 0.4908 0.1655 0.5124 0.0837 0.5124
3 0.5762 0.1739 0.5887 0.1739 0.5887 0.2225 0.5762 0.2225
4 0.9247 0.9211 0.9436 0.9211 0.9436 0.9513 0.9247 0.9513
4 0.0171 0.6111 0.0257 0.6111 0.0257 0.6213 0.0171 0.6213
4 0.5217 0.0482 0.5309 0.0482 0.5309 0.0546 0.5217 0.0546
4 0.9347 0.8952 0.9453 0.8952 0.9453 0.9524 0.9347 0.9524
6 0.4511 0.6742 0.4706 0.6742 0.4706 0.6806 0.4511 0.6806
6 0.8636 0.8011 0.9909 0.8011 0.9909 0.8909 0.8636 0.8909
6 0.0459 0.6090 0.0773 0.6090 0.0773 0.6386 0.0459 0.6386
6 0.2194 0.6768 0.2475 0.6768 0.2475 0.7032 0.2194 0.7032
7 0.6505 0.2056 0.6733 0.2056 0.6733 0.2192 0.6505 0.2192
7 0.8660 0.6732 0.8818 0.6732 0.8818 0.7168 0.8660 0.7168
7 0.8242 0.1888 0.8358 0.1888 0.8358 0.2604 0.8242 0.2604
7 0.3565 0.5931 0.3643 0.5931 0.3643 0.6537 0.3565 0.6537
9 0.2548 0.7180 0.3275 0.7180 0.3275 0.9524 0.2548 0.9524
9 0.8668 0.7835 0.9035 0.7835 0.9035 0.9045 0.8668 0.9045
9 0.3122 0.2490 0.4666 0.2490 0.4666 0.3426 0.3122 0.3426
9 0.7037 0.5126 0.7578 0.5126 0.7578 0.7014 0.7037 0.7014
12 0.3803 0.4650 0.3957 0.4650 0.3957 0.6458 0.3803 0.6458
12 0.9230 0.0947 0.9390 0.0947 0.9390 0.1081 0.9230 0.1081
12 0.3097 0.7755 0.3557 0.7755 0.3557 0.9813 0.3097 0.9813
12 0.5119 0.2383 0.5998 0.2383 0.5998 0.2469 0.5119 0.2469
13 0.5260 0.1719 0.5366 0.1719 0.5366 0.1789 0.5260 0.1789
13 0.6205 0.8006 0.6313 0.8006 0.6313 0.8222 0.6205 0.8222
13 0.0240 0.7627 0.0906 0.7627 0.0906 0.7997 0.0240 0.7997
13 0.3425 0.6912 0.3643 0.6912 0.3643 0.7360 0.3425 0.7360
15 0.7594 0.3067 0.7835 0.3067 0.7835 0.3417 0.7594 0.3417
15 0.7670 0.8996 0.8098 0.8996 0.8098 0.9488 0.7670 0.9488
15 0.1691 0.4836 0.2746 0.4836 0.2746 0.5708 0.1691 0.5708
15 0.8482 0.5862 0.8667 0.5862 0.8667 0.6238 0.8482 0.6238
