0 0.6893 0.0847 0.8452 0.0847 0.8452 0.4821 0.6893 0.4821
0 0.2222 0.2683 0.4109 0.2683 0.4109 0.8241 0.2222 0.8241
0 0.5262 0.4159 0.6129 0.4159 0.6129 0.6545 0.5262 0.6545
0 0.5385 0.3279 0.6275 0.3279 0.6275 0.6645 0.5385 0.6645
1 0.1142 0.3892 0.1266 0.3892 0.1266 0.3944 0.1142 0.3944
1 0.2096 0.8311 0.2252 0.8311 0.2252 0.8825 0.2096 0.8825
1 0.9950 0.6879 0.9975 0.6879 0.9975 0.7081 0.9950 0.7081
1 0.4611 0.2839 0.4721 0.2839 0.4721 0.3241 0.4611 0.3241
2 0.9064 0.3996 0.9821 0.3996 0.9821 0.6076 0.9064 0.6076
2 0.1828 0.4798 0.2026 0.4798 0.2026 0.7098 0.1828 0.7098
2 0.1394 0.4999 0.1660 0.4999 0.1660 0.5525 0.1394 0.5525
2 0.5390 0.1547 0.5895 0.1547 0.5895 0.3181 0.5390 0.3181
3 0.1022 0.9483 0.1772 0.9483 0.1772 0.9717 0.1022 0.9717
3 0.5177 0.4531 0.5297 0.4531 0.5297 0.5385 0.5177 0.5385
3 0.5529 0.4571 0.6409 0.4571 0.6409 0.4805 0.5529 0.4805
3 0.4805 0.0606 0.4915 0.0606 0.4915 0.1382 0.4805 0.1382
4 0.9539 0.7404 0.9723 0.7404 0.9723 0.7556 0.9539 0.7556
4 0.9310 0.3327 0.9384 0.3327 0.9384 0.3561 0.9310 0.3561
4 0.8870 0.6286 0.9021 0.6286 0.9021 0.6390 0.8870 0.6390
4 0.5176 0.6618 0.5349 0.6618 0.5349 0.6866 0.5176 0.6866
6 0.0405 0.8662 0.0852 0.8662 0.0852 0.9922 0.0405 0.9922
6 0.6719 0.9252 0.7098 0.9252 0.7098 0.9608 0.6719 0.9608
6 0.2916 0.7740 0.3584 0.7740 0.3584 0.8680 0.2916 0.8680
6 0.6868 0.7019 0.7067 0.7019 0.7067 0.7301 0.6868 0.7301
7 0.5594 0.4722 0.5837 0.4722 0.5837 0.4818 0.5594 0.4818
7 0.0905 0.8000 0.1201 0.8000 0.1201 0.8112 0.0905 0.8112
7 0.5106 0.6002 0.5186 0.6002 0.5186 0.6330 0.5106 0.6330
7 0.7131 0.2112 0.7184 0.2112 0.7184 0.2272 0.7131 0.2272
9 0.0483 0.7395 0.1135 0.7395 0.1135 0.7769 0.0483 0.7769
9 0.9025 0.8191 0.9269 0.8191 0.9269 0.9409 0.9025 0.9409
9 0.4891 0.0427 0.5309 0.0427 0.5309 0.1885 0.4891 0.1885
9 0.3611 0.4903 0.4034 0.4903 0.4034 0.6965 0.3611 0.6965
12 0.5193 0.4339 0.5570 0.4339 0.5570 0.7977 0.5193 0.7977
12 0.0148 0.2775 0.3415 0.2775 0.3415 0.3377 0.0148 0.3377
12 0.4731 0.2067 0.4880 0.2067 0.4880 0.3113 0.4731 0.3113
12 0.1769 0.7422 0.2869 0.7422 0.2869 0.7614 0.1769 0.7614
13 0.4057 0.6951 0.4386 0.6951 0.4386 0.7229 0.4057 0.7229
13 0.1977 0.7516 0.2097 0.7516 0.2097 0.8528 0.1977 0.8528
13 0.2359 0.1623 0.2481 0.1623 0.2481 0.1809 0.2359 0.1809
13 0.8567 0.9347 0.8915 0.9347 0.8915 0.9641 0.8567 0.9641
15 0.7527 0.7574 0.8407 0.7574 0.8407 0.8418 0.7527 0.8418
15 0.0359 0.9120 0.0904 0.9120 0.0904 0.9588 0.0359 0.9588
15 0.9696 0.6135 0.9967 0.6135 0.9967 0.6645 0.9696 0.6645
15 0.5577 0.8050 0.5723 0.8050 0.5723 0.8322 0.5577 0.8322
