0 0.4405 0.4322 0.5761 0.4322 0.5761 0.5062 0.4405 0.5062
0 0.4185 0.1264 0.4998 0.1264 0.4998 0.2964 0.4185 0.2964
0 0.7720 0.0668 0.9109 0.0668 0.9109 0.3096 0.7720 0.3096
0 0.0634 0.1619 0.1749 0.1619 0.1749 0.5337 0.0634 0.5337
1 0.6465 0.9539 0.6481 0.9539 0.6481 0.9841 0.6465 0.9841
1 0.0733 0.1424 0.0753 0.1424 0.0753 0.1600 0.0733 0.1600
1 0.0774 0.1695 0.0912 0.1695 0.0912 0.2149 0.0774 0.2149
1 0.7701 0.2167 0.7747 0.2167 0.7747 0.2533 0.7701 0.2533
2 0.7751 0.6282 0.8172 0.6282 0.8172 0.7322 0.7751 0.7322
2 0.0236 0.4231 0.0712 0.4231 0.0712 0.4625 0.0236 0.4625
2 0.9405 0.0808 0.9649 0.0808 0.9649 0.0880 0.9405 0.0880
2 0.5402 0.8091 0.6570 0.8091 0.6570 0.8949 0.5402 0.8949
3 0.4776 0.1678 0.5781 0.1678 0.5781 0.1918 0.4776 0.1918
3 0.0371 0.5179 0.0469 0.5179 0.0469 0.5557 0.0371 0.5557
3 0.9590 0.3427 0.9753 0.3427 0.9753 0.4061 0.9590 0.4061
3 0.5720 0.7090 0.6794 0.7090 0.6794 0.7354 0.5720 0.7354
4 0.3754 0.5962 0.3920 0.5962 0.3920 0.6050 0.3754 0.6050
4 0.1368 0.6828 0.1578 0.6828 0.1578 0.6968 0.1368 0.6968
4 0.2471 0.0308 0.2784 0.0308 0.2784 0.0472 0.2471 0.0472
4 0.1620 0.3363 0.1732 0.3363 0.1732 0.4289 0.1620 0.4289
6 0.2334 0.6719 0.3018 0.6719 0.3018 0.7681 0.2334 0.7681
6 0.3865 0.8952 0.4189 0.8952 0.4189 0.9056 0.3865 0.9056
6 0.8908 0.4454 0.9158 0.4454 0.9158 0.4810 0.8908 0.4810
6 0.3942 0.3651 0.4309 0.3651 0.4309 0.3769 0.3942 0.3769
7 0.7977 0.8099 0.8303 0.8099 0.8303 0.9545 0.7977 0.9545
7 0.1719 0.1260 0.1909 0.1260 0.1909 0.2584 0.1719 0.2584
7 0.6999 0.4092 0.7378 0.4092 0.7378 0.5216 0.6999 0.5216
7 0.5471 0.5200 0.5563 0.5200 0.5563 0.5584 0.5471 0.5584
9 0.6176 0.6798 0.6635 0.6798 0.6635 0.8402 0.6176 0.8402
9 0.6565 0.4239 0.7204 0.4239 0.7204 0.4445 0.6565 0.4445
9 0.8981 0.9270 0.9879 0.9270 0.9879 0.9618 0.8981 0.9618
9 0.8448 0.8316 0.8686 0.8316 0.8686 0.9708 0.8448 0.9708
12 0.5485 0.7807 0.6350 0.7807 0.6350 0.8313 0.5485 0.8313
12 0.7625 0.1476 0.8630 0.1476 0.8630 0.1740 0.7625 0.1740
12 0.8160 0.6536 0.8612 0.6536 0.8612 0.6736 0.8160 0.6736
12 0.4505 0.3018 0.4804 0.3018 0.4804 0.6226 0.4505 0.6226
13 0.8668 0.5179 0.8869 0.5179 0.8869 0.6025 0.8668 0.6025
13 0.5804 0.1183 0.5861 0.1183 0.5861 0.1553 0.5804 0.1553
13 0.1619 0.2852 0.1741 0.2852 0.1741 0.3880 0.1619 0.3880
13 0.1925 0.8400 0.2155 0.8400 0.2155 0.8512 0.1925 0.8512
15 0.1179 0.6439 0.1381 0.6439 0.1381 0.6729 0.1179 0.6729
15 0.7999 0.0790 0.8813 0.0790 0.8813 0.1834 0.7999 0.1834
15 0.0379 0.9371 0.0966 0.9371 0.0966 0.9949 0.0379 0.9949
15 0.3288 0.5676 0.3701 0.5676 0.3701 0.6072 0.3288 0.6072
