0 0.7079 0.7203 0.9498 0.7203 0.9498 0.8521 0.7079 0.8521
0 0.1789 0.8383 0.2874 0.8383 0.2874 0.9445 0.1789 0.9445
0 0.3330 0.4943 0.5198 0.4943 0.5198 0.8209 0.3330 0.8209
0 0.5174 0.2107 0.5680 0.2107 0.5680 0.2513 0.5174 0.2513
1 0.8020 0.9811 0.8323 0.9811 0.8323 0.9949 0.8020 0.9949
1 0.6668 0.8838 0.6684 0.8838 0.6684 0.8966 0.6668 0.8966
1 0.4408 0.0859 0.4526 0.0859 0.4526 0.2021 0.4408 0.2021
1 0.8236 0.5824 0.8375 0.5824 0.8375 0.7304 0.8236 0.7304
2 0.7960 0.0747 0.9369 0.0747 0.9369 0.7517 0.7960 0.7517
2 0.4797 0.7778 0.6080 0.7778 0.6080 0.8822 0.4797 0.8822
2 0.4488 0.2227 0.5184 0.2227 0.5184 0.2633 0.4488 0.2633
2 0.5503 0.5208 0.5937 0.5208 0.5937 0.5368 0.5503 0.5368
3 0.0779 0.3595 0.1470 0.3595 0.1470 0.3765 0.0779 0.3765
3 0.2096 0.4463 0.2913 0.4463 0.2913 0.4713 0.2096 0.4713
3 0.7442 0.3452 0.8144 0.3452 0.8144 0.3696 0.7442 0.3696
3 0.1036 0.7328 0.1144 0.7328 0.1144 0.8092 0.1036 0.8092
4 0.0722 0.7139 0.0752 0.7139 0.0752 0.7461 0.0722 0.7461
4 0.5517 0.0843 0.5569 0.0843 0.5569 0.1169 0.5517 0.1169
4 0.5050 0.2879 0.5147 0.2879 0.5147 0.3017 0.5050 0.3017
4 0.9908 0.8200 0.9955 0.8200 0.9955 0.8260 0.9908 0.8260
6 0.2683 0.2975 0.3494 0.2975 0.3494 0.4117 0.2683 0.4117
6 0.0305 0.7863 0.0721 0.7863 0.0721 0.7997 0.0305 0.7997
6 0.4409 0.7434 0.5283 0.7434 0.5283 0.7846 0.4409 0.7846
6 0.2468 0.0923 0.3189 0.0923 0.3189 0.1937 0.2468 0.1937
7 0.1300 0.1635 0.1454 0.1635 0.1454 0.1949 0.1300 0.1949
7 0.9437 0.9179 0.9563 0.9179 0.9563 0.9565 0.9437 0.9565
7 0.5985 0.4707 0.6189 0.4707 0.6189 0.5245 0.5985 0.5245
7 0.1866 0.8670 0.2417 0.8670 0.2417 0.9122 0.1866 0.9122
9 0.5268 0.1467 0.5986 0.1467 0.5986 0.1701 0.5268 0.1701
9 0.4002 0.3395 0.4878 0.3395 0.4878 0.5893 0.4002 0.5893
9 0.3117 0.6175 0.3397 0.6175 0.3397 0.7581 0.3117 0.7581
9 0.3979 0.5847 0.4398 0.5847 0.4398 0.7309 0.3979 0.7309
12 0.5182 0.6708 0.5381 0.6708 0.5381 0.8108 0.5182 0.8108
12 0.5179 0.7075 0.5586 0.7075 0.5586 0.8893 0.5179 0.8893
12 0.8908 0.4298 0.9223 0.4298 0.9223 0.7330 0.8908 0.7330
12 0.4280 0.0255 0.4680 0.0255 0.4680 0.0633 0.4280 0.0633
13 0.4130 0.0142 0.4413 0.0142 0.4413 0.0314 0.4130 0.0314
13 0.8717 0.4487 0.8863 0.4487 0.8863 0.4585 0.8717 0.4585
13 0.8182 0.3647 0.8687 0.3647 0.8687 0.3965 0.8182 0.3965
13 0.5214 0.0558 0.5377 0.0558 0.5377 0.0746 0.5214 0.0746
15 0.3151 0.7334 0.3537 0.7334 0.3537 0.7782 0.3151 0.7782
15 0.2119 0.0295 0.2749 0.0295 0.2749 0.1033 0.2119 0.1033
15 0.1148 0.0656 0.2183 0.0656 0.2183 0.2200 0.1148 0.2200
15 0.5800 0.5792 0.6263 0.5792 0.6263 0.6324 0.5800 0.6324
