0 0.3623 0.5878 0.5246 0.5878 0.5246 0.8646 0.3623 0.8646
0 0.2394 0.5464 0.3109 0.5464 0.3109 0.8584 0.2394 0.8584
0 0.4223 0.7479 0.5512 0.7479 0.5512 0.8969 0.4223 0.8969
0 0.5351 0.7627 0.6340 0.7627 0.6340 0.8673 0.5351 0.8673
1 0.9039 0.1368 0.9078 0.1368 0.9078 0.1680 0.9039 0.1680
1 0.2242 0.3947 0.2372 0.3947 0.2372 0.3981 0.2242 0.3981
1 0.2416 0.1183 0.2506 0.1183 0.2506 0.1513 0.2416 0.1513
1 0.5325 0.8783 0.5418 0.8783 0.5418 0.8985 0.5325 0.8985
2 0.5817 0.3819 0.6495 0.3819 0.6495 0.5461 0.5817 0.5461
2 0.0191 0.1252 0.1017 0.1252 0.1017 0.1936 0.0191 0.1936
2 0.6525 0.4392 0.6841 0.4392 0.6841 0.4996 0.6525 0.4996
2 0.3403 0.4576 0.3534 0.4576 0.3534 0.6324 0.3403 0.6324
3 0.4620 0.8724 0.5126 0.8724 0.5126 0.8848 0.4620 0.8848
3 0.3386 0.7484 0.4194 0.7484 0.4194 0.7800 0.3386 0.7800
3 0.2816 0.7904 0.3421 0.7904 0.3421 0.8140 0.2816 0.8140
3 0.2099 0.3626 0.2203 0.3626 0.2203 0.4362 0.2099 0.4362
4 0.4831 0.1375 0.4938 0.1375 0.4938 0.2045 0.4831 0.2045
4 0.0248 0.8826 0.0578 0.8826 0.0578 0.8910 0.0248 0.8910
4 0.9233 0.1919 0.9490 0.1919 0.9490 0.2037 0.9233 0.2037
4 0.8763 0.3022 0.8880 0.3022 0.8880 0.3110 0.8763 0.3110
6 0.6914 0.6408 0.7335 0.6408 0.7335 0.6544 0.6914 0.6544
6 0.0626 0.9498 0.0774 0.9498 0.0774 0.9710 0.0626 0.9710
6 0.6666 0.9148 0.7023 0.9148 0.7023 0.9316 0.6666 0.9316
6 0.7390 0.9315 0.7793 0.9315 0.7793 0.9445 0.7390 0.9445
7 0.6045 0.3203 0.6121 0.3203 0.6121 0.3481 0.6045 0.3481
7 0.0208 0.3128 0.0258 0.3128 0.0258 0.3312 0.0208 0.3312
7 0.4148 0.7056 0.4286 0.7056 0.4286 0.7692 0.4148 0.7692
7 0.1636 0.1894 0.1790 0.1894 0.1790 0.2726 0.1636 0.2726
9 0.5890 0.5884 0.7021 0.5884 0.7021 0.6252 0.5890 0.6252
9 0.6442 0.5735 0.7784 0.5735 0.7784 0.6505 0.6442 0.6505
9 0.7002 0.7440 0.8107 0.7440 0.8107 0.7868 0.7002 0.7868
9 0.4062 0.0308 0.4498 0.0308 0.4498 0.1744 0.4062 0.1744
12 0.7148 0.6412 0.7332 0.6412 0.7332 0.8560 0.7148 0.8560
12 0.0390 0.4588 0.2510 0.4588 0.2510 0.4956 0.0390 0.4956
12 0.3730 0.1999 0.4556 0.1999 0.4556 0.2313 0.3730 0.2313
12 0.2886 0.6811 0.2963 0.6811 0.2963 0.9685 0.2886 0.9685
13 0.5911 0.3116 0.5998 0.3116 0.5998 0.3712 0.5911 0.3712
13 0.7142 0.4582 0.7306 0.4582 0.7306 0.4770 0.7142 0.4770
13 0.0625 0.8303 0.0715 0.8303 0.0715 0.8573 0.0625 0.8573
13 0.8925 0.8492 0.9026 0.8492 0.9026 0.8584 0.8925 0.8584
15 0.9590 0.3712 0.9941 0.3712 0.9941 0.4236 0.9590 0.4236
15 0.8088 0.7238 0.8966 0.7238 0.8966 0.8102 0.8088 0.8102
15 0.5554 0.1643 0.6341 0.1643 0.6341 0.2417 0.5554 0.2417
15 0.8739 0.1179 0.9395 0.1179 0.9395 0.1721 0.8739 0.1721
