0 0.5688 0.1980 0.6243 0.1980 0.6243 0.3140 0.5688 0.3140
0 0.9079 0.1702 0.9718 0.1702 0.9718 0.6654 0.9079 0.6654
0 0.4947 0.2059 0.6381 0.2059 0.6381 0.4505 0.4947 0.4505
0 0.2351 0.7707 0.3749 0.7707 0.3749 0.8225 0.2351 0.8225
1 0.0599 0.5331 0.0841 0.5331 0.0841 0.5441 0.0599 0.5441
1 0.1576 0.3675 0.1701 0.3675 0.1701 0.5013 0.1576 0.5013
1 0.0382 0.5418 0.0795 0.5418 0.0795 0.6462 0.0382 0.6462
1 0.9840 0.6316 0.9952 0.6316 0.9952 0.6344 0.9840 0.6344
2 0.1911 0.5280 0.2183 0.5280 0.2183 0.6216 0.1911 0.6216
2 0.4491 0.8587 0.4855 0.8587 0.4855 0.8777 0.4491 0.8777
2 0.2388 0.5780 0.3244 0.5780 0.3244 0.6376 0.2388 0.6376
2 0.1810 0.0623 0.1984 0.0623 0.1984 0.1053 0.1810 0.1053
3 0.8793 0.4898 0.9730 0.4898 0.9730 0.5122 0.8793 0.5122
3 0.7516 0.5147 0.8690 0.5147 0.8690 0.5513 0.7516 0.5513
3 0.4505 0.7687 0.5506 0.7687 0.5506 0.7933 0.4505 0.7933
3 0.7353 0.7911 0.7852 0.7911 0.7852 0.8081 0.7353 0.8081
4 0.4157 0.6790 0.4275 0.6790 0.4275 0.6878 0.4157 0.6878
4 0.1564 0.8199 0.1710 0.8199 0.1710 0.8413 0.1564 0.8413
4 0.1317 0.7627 0.1452 0.7627 0.1452 0.7825 0.1317 0.7825
4 0.4693 0.4391 0.4741 0.4391 0.4741 0.4453 0.4693 0.4453
6 0.7342 0.0686 0.7913 0.0686 0.7913 0.1490 0.7342 0.1490
6 0.5303 0.1108 0.5966 0.1108 0.5966 0.2040 0.5303 0.2040
6 0.9234 0.7678 0.9626 0.7678 0.9626 0.8230 0.9234 0.8230
6 0.3477 0.2331 0.3743 0.2331 0.3743 0.2417 0.3477 0.2417
7 0.4967 0.4904 0.5053 0.4904 0.5053 0.5108 0.4967 0.5108
7 0.2656 0.6368 0.2915 0.6368 0.2915 0.7048 0.2656 0.7048
7 0.1557 0.6004 0.1866 0.6004 0.1866 0.7592 0.1557 0.7592
7 0.2400 0.2971 0.2649 0.2971 0.2649 0.3869 0.2400 0.3869
9 0.0083 0.1275 0.0789 0.1275 0.0789 0.1549 0.0083 0.1549
9 0.5024 0.3075 0.5736 0.3075 0.5736 0.5421 0.5024 0.5421
9 0.4665 0.6675 0.5189 0.6675 0.5189 0.9293 0.4665 0.9293
9 0.1765 0.1703 0.3392 0.1703 0.3392 0.2237 0.1765 0.2237
12 0.1642 0.8376 0.2444 0.8376 0.2444 0.8732 0.1642 0.8732
12 0.1526 0.1584 0.2237 0.1584 0.2237 0.8428 0.1526 0.8428
12 0.3917 0.8392 0.5123 0.8392 0.5123 0.8708 0.3917 0.8708
12 0.9508 0.4032 0.9738 0.4032 0.9738 0.6692 0.9508 0.6692
13 0.0968 0.6887 0.1166 0.6887 0.1166 0.7393 0.0968 0.7393
13 0.7171 0.6550 0.7397 0.6550 0.7397 0.6714 0.7171 0.6714
13 0.9300 0.1699 0.9454 0.1699 0.9454 0.1877 0.9300 0.1877
13 0.9434 0.8836 0.9543 0.8836 0.9543 0.9160 0.9434 0.9160
15 0.1374 0.1026 0.2623 0.1026 0.2623 0.2090 0.1374 0.2090
15 0.5359 0.4446 0.5624 0.4446 0.5624 0.4826 0.5359 0.4826
15 0.5951 0.2503 0.6297 0.2503 0.6297 0.3205 0.5951 0.3205
15 0.2562 0.7174 0.2990 0.7174 0.2990 0.7778 0.2562 0.7778
