0 0.6294 0.4220 0.7055 0.4220 0.7055 0.7536 0.6294 0.7536
0 0.0660 0.2831 0.4083 0.2831 0.4083 0.4101 0.0660 0.4101
0 0.7061 0.5240 0.8050 0.5240 0.8050 0.6968 0.7061 0.6968
0 0.3117 0.7323 0.3618 0.7323 0.3618 0.9509 0.3117 0.9509
1 0.8474 0.6894 0.8509 0.6894 0.8509 0.7178 0.8474 0.7178
1 0.8762 0.4968 0.8892 0.4968 0.8892 0.5228 0.8762 0.5228
1 0.2025 0.6032 0.2166 0.6032 0.2166 0.6096 0.2025 0.6096
1 0.9790 0.7436 0.9835 0.7436 0.9835 0.7600 0.9790 0.7600
2 0.6905 0.4854 0.7184 0.4854 0.7184 0.5302 0.6905 0.5302
2 0.3107 0.0772 0.4084 0.0772 0.4084 0.1140 0.3107 0.1140
2 0.7056 0.2260 0.7998 0.2260 0.7998 0.5308 0.7056 0.5308
2 0.2605 0.7044 0.3226 0.7044 0.3226 0.7896 0.2605 0.7896
3 0.6793 0.8355 0.7527 0.8355 0.7527 0.8581 0.6793 0.8581
3 0.5814 0.6983 0.6360 0.6983 0.6360 0.7113 0.5814 0.7113
3 0.8694 0.3144 0.9969 0.3144 0.9969 0.3456 0.8694 0.3456
3 0.3865 0.2606 0.3952 0.2606 0.3952 0.3222 0.3865 0.3222
4 0.9568 0.9595 0.9629 0.9595 0.9629 0.9713 0.9568 0.9713
4 0.1925 0.4876 0.2112 0.4876 0.2112 0.5004 0.1925 0.5004
4 0.5165 0.9136 0.5589 0.9136 0.5589 0.9248 0.5165 0.9248
4 0.1182 0.8119 0.1390 0.8119 0.1390 0.8657 0.1182 0.8657
6 0.6951 0.4266 0.7432 0.4266 0.7432 0.4422 0.6951 0.4422
6 0.8556 0.2806 0.9255 0.2806 0.9255 0.3790 0.8556 0.3790
6 0.3373 0.7691 0.3538 0.7691 0.3538 0.7925 0.3373 0.7925
6 0.9851 0.0924 1.0001 0.0924 1.0001 0.1136 0.9851 0.1136
7 0.2420 0.3626 0.2512 0.3626 0.2512 0.3878 0.2420 0.3878
7 0.3603 0.8224 0.3737 0.8224 0.3737 0.8744 0.3603 0.8744
7 0.6145 0.4306 0.6512 0.4306 0.6512 0.6306 0.6145 0.6306
7 0.1340 0.6042 0.1409 0.6042 0.1409 0.6298 0.1340 0.6298
9 0.8265 0.6448 0.8761 0.6448 0.8761 0.8084 0.8265 0.8084
9 0.1111 0.1851 0.1520 0.1851 0.1520 0.2241 0.1111 0.2241
9 0.8053 0.0939 0.8729 0.0939 0.8729 0.1157 0.8053 0.1157
9 0.2053 0.4075 0.2598 0.4075 0.2598 0.5873 0.2053 0.5873
12 0.2790 0.7588 0.3007 0.7588 0.3007 0.9112 0.2790 0.9112
12 0.9056 0.0995 0.9264 0.0995 0.9264 0.2049 0.9056 0.2049
12 0.7376 0.1746 0.8427 0.1746 0.8427 0.2214 0.7376 0.2214
12 0.2754 0.2674 0.2804 0.2674 0.2804 0.4534 0.2754 0.4534
13 0.0836 0.6892 0.0964 0.6892 0.0964 0.7008 0.0836 0.7008
13 0.3037 0.3738 0.3198 0.3738 0.3198 0.4218 0.3037 0.4218
13 0.5508 0.7835 0.5732 0.7835 0.5732 0.8009 0.5508 0.8009
13 0.8984 0.9183 0.9236 0.9183 0.9236 0.9641 0.8984 0.9641
15 0.8897 0.0019 0.9283 0.0019 0.9283 0.0581 0.8897 0.0581
15 0.7503 0.9450 0.7906 0.9450 0.7906 0.9874 0.7503 0.9874
15 0.7696 0.3368 0.8113 0.3368 0.8113 0.4140 0.7696 0.4140
15 0.8219 0.8283 0.8767 0.8283 0.8767 0.8921 0.8219 0.8921
