0 0.0457 0.4586 0.1181 0.4586 0.1181 0.5166 0.0457 0.5166
0 0.2682 0.3244 0.4393 0.3244 0.4393 0.9332 0.2682 0.9332
0 0.3905 0.0842 0.5972 0.0842 0.5972 0.1970 0.3905 0.1970
0 0.5577 0.1238 0.7860 0.1238 0.7860 0.2086 0.5577 0.2086
1 0.9720 0.5519 0.9932 0.5519 0.9932 0.5609 0.9720 0.5609
1 0.1517 0.0610 0.1701 0.0610 0.1701 0.0646 0.1517 0.0646
1 0.6350 0.6503 0.6392 0.6503 0.6392 0.6657 0.6350 0.6657
1 0.5088 0.5658 0.5174 0.5658 0.5174 0.5974 0.5088 0.5974
2 0.6369 0.9052 0.7060 0.9052 0.7060 0.9528 0.6369 0.9528
2 0.7876 0.3079 0.8067 0.3079 0.8067 0.3505 0.7876 0.3505
2 0.6756 0.3154 0.7095 0.3154 0.7095 0.7102 0.6756 0.7102
2 0.3331 0.1471 0.3389 0.1471 0.3389 0.2253 0.3331 0.2253
3 0.7056 0.2516 0.7227 0.2516 0.7227 0.3732 0.7056 0.3732
3 0.0936 0.3647 0.1892 0.3647 0.1892 0.3881 0.0936 0.3881
3 0.0866 0.1304 0.2177 0.1304 0.2177 0.1616 0.0866 0.1616
3 0.0977 0.9335 0.1057 0.9335 0.1057 0.9901 0.0977 0.9901
4 0.0908 0.1135 0.1175 0.1135 0.1175 0.1289 0.0908 0.1289
4 0.0822 0.0863 0.0901 0.0863 0.0901 0.1161 0.0822 0.1161
4 0.7387 0.1363 0.7467 0.1363 0.7467 0.1437 0.7387 0.1437
4 0.0337 0.1770 0.0421 0.1770 0.0421 0.1930 0.0337 0.1930
6 0.2342 0.5082 0.2741 0.5082 0.2741 0.5270 0.2342 0.5270
6 0.7325 0.8587 0.7826 0.8587 0.7826 0.8749 0.7325 0.8749
6 0.1165 0.3419 0.1652 0.3419 0.1652 0.4793 0.1165 0.4793
6 0.4953 0.2603 0.5218 0.2603 0.5218 0.2853 0.4953 0.2853
7 0.6022 0.9172 0.6307 0.9172 0.6307 0.9928 0.6022 0.9928
7 0.3636 0.4731 0.3741 0.4731 0.3741 0.5293 0.3636 0.5293
7 0.4551 0.7852 0.4789 0.7852 0.4789 0.7964 0.4551 0.7964
7 0.2445 0.3176 0.2675 0.3176 0.2675 0.4244 0.2445 0.4244
9 0.8694 0.3347 0.9592 0.3347 0.9592 0.3637 0.8694 0.3637
9 0.0259 0.9439 0.1023 0.9439 0.1023 0.9689 0.0259 0.9689
9 0.5299 0.4042 0.5861 0.4042 0.5861 0.6850 0.5299 0.6850
9 0.1594 0.6175 0.1895 0.6175 0.1895 0.7681 0.1594 0.7681
12 0.6657 0.0931 0.6729 0.0931 0.6729 0.3625 0.6657 0.3625
12 0.6163 0.3548 0.6394 0.3548 0.6394 0.4696 0.6163 0.4696
12 0.8342 0.1975 0.9472 0.1975 0.9472 0.2425 0.8342 0.2425
12 0.3174 0.1451 0.4554 0.1451 0.4554 0.1813 0.3174 0.1813
13 0.8859 0.3172 0.8958 0.3172 0.8958 0.3256 0.8859 0.3256
13 0.6193 0.8244 0.6235 0.8244 0.6235 0.8400 0.6193 0.8400
13 0.9713 0.6627 0.9781 0.6627 0.9781 0.6705 0.9713 0.6705
13 0.7467 0.0299 0.7761 0.0299 0.7761 0.0485 0.7467 0.0485
15 0.4126 0.4427 0.5152 0.4427 0.5152 0.5817 0.4126 0.5817
15 0.2780 0.2747 0.3080 0.2747 0.3080 0.3317 0.2780 0.3317
15 0.1342 0.0495 0.2209 0.0495 0.2209 0.1669 0.1342 0.1669
15 0.0582 0.2654 0.1938 0.2654 0.1938 0.3818 0.0582 0.3818
