0 0.6008 0.2651 0.7701 0.2651 0.7701 0.7637 0.6008 0.7637
0 0.3928 0.5471 0.4814 0.5471 0.4814 0.6981 0.3928 0.6981
0 0.8822 0.6898 0.9010 0.6898 0.9010 0.9398 0.8822 0.9398
0 0.6205 0.1324 0.7607 0.1324 0.7607 0.2088 0.6205 0.2088
1 0.5926 0.9194 0.5951 0.9194 0.5951 0.9422 0.5926 0.9422
1 0.3982 0.0915 0.4092 0.0915 0.4092 0.1137 0.3982 0.1137
1 0.2051 0.1095 0.2189 0.1095 0.2189 0.2565 0.2051 0.2565
1 0.7250 0.3176 0.7335 0.3176 0.7335 0.3484 0.7250 0.3484
2 0.8202 0.7483 0.8549 0.7483 0.8549 0.8041 0.8202 0.8041
2 0.0999 0.1086 0.1516 0.1086 0.1516 0.1610 0.0999 0.1610
2 0.5008 0.8499 0.5175 0.8499 0.5175 0.8669 0.5008 0.8669
2 0.6147 0.1119 0.6553 0.1119 0.6553 0.5833 0.6147 0.5833
3 0.6260 0.6047 0.6383 0.6047 0.6383 0.6529 0.6260 0.6529
3 0.8916 0.3550 0.9621 0.3550 0.9621 0.3790 0.8916 0.3790
3 0.3331 0.5428 0.4066 0.5428 0.4066 0.5684 0.3331 0.5684
3 0.5968 0.1019 0.6378 0.1019 0.6378 0.1145 0.5968 0.1145
4 0.2596 0.2722 0.2707 0.2722 0.2707 0.3046 0.2596 0.3046
4 0.5885 0.3375 0.5992 0.3375 0.5992 0.3517 0.5885 0.3517
4 0.3376 0.8966 0.4147 0.8966 0.4147 0.9226 0.3376 0.9226
4 0.5422 0.5744 0.7212 0.5744 0.7212 0.5916 0.5422 0.5916
6 0.4722 0.9139 0.5038 0.9139 0.5038 0.9241 0.4722 0.9241
6 0.1157 0.6395 0.1780 0.6395 0.1780 0.6689 0.1157 0.6689
6 0.8268 0.2282 0.8637 0.2282 0.8637 0.2802 0.8268 0.2802
6 0.8556 0.3728 0.9567 0.3728 0.9567 0.6576 0.8556 0.6576
7 0.8905 0.6452 0.9886 0.6452 0.9886 0.6836 0.8905 0.6836
7 0.2637 0.1159 0.2801 0.1159 0.2801 0.2009 0.2637 0.2009
7 0.4717 0.0735 0.4918 0.0735 0.4918 0.1289 0.4717 0.1289
7 0.8706 0.8602 0.8780 0.8602 0.8780 0.8861 0.8706 0.8861
9 0.3088 0.4526 0.3357 0.4526 0.3357 0.5854 0.3088 0.5854
9 0.0210 0.4263 0.1844 0.4263 0.1844 0.4897 0.0210 0.4897
9 0.7179 0.7108 0.7912 0.7108 0.7912 0.9472 0.7179 0.9472
9 0.1151 0.4799 0.2732 0.4799 0.2732 0.5313 0.1151 0.5313
12 0.1605 0.8622 0.1775 0.8622 0.1775 0.9322 0.1605 0.9322
12 0.4088 0.8218 0.4266 0.8218 0.4266 0.9634 0.4088 0.9634
12 0.8964 0.0823 0.9170 0.0823 0.9170 0.1017 0.8964 0.1017
12 0.1753 0.4538 0.2147 0.4538 0.2147 0.4882 0.1753 0.4882
13 0.7745 0.4019 0.7829 0.4019 0.7829 0.4565 0.7745 0.4565
13 0.4704 0.9624 0.4907 0.9624 0.4907 0.9828 0.4704 0.9828
13 0.1823 0.7699 0.1897 0.7699 0.1897 0.7769 0.1823 0.7769
13 0.4331 0.3955 0.4555 0.3955 0.4555 0.4065 0.4331 0.4065
15 0.8168 0.1216 0.8550 0.1216 0.8550 0.1592 0.8168 0.1592
15 0.0787 0.5767 0.2173 0.5767 0.2173 0.6945 0.0787 0.6945
15 0.9122 0.5815 0.9444 0.5815 0.9444 0.6269 0.9122 0.6269
15 0.6068 0.1570 0.6561 0.1570 0.6561 0.2254 0.6068 0.2254
