0 0.2220 0.0716 0.3772 0.0716 0.3772 0.4988 0.2220 0.4988
0 0.1033 0.1432 0.3995 0.1432 0.3995 0.3300 0.1033 0.3300
0 0.6145 0.8362 0.6561 0.8362 0.6561 0.8802 0.6145 0.8802
0 0.2604 0.2551 0.5270 0.2551 0.5270 0.4005 0.2604 0.4005
1 0.8817 0.5755 0.8929 0.5755 0.8929 0.5997 0.8817 0.5997
1 0.0576 0.7854 0.0649 0.7854 0.0649 0.8798 0.0576 0.8798
1 0.7310 0.3203 0.7338 0.3203 0.7338 0.3425 0.7310 0.3425
1 0.2782 0.2382 0.2921 0.2382 0.2921 0.3874 0.2782 0.3874
2 0.1688 0.6136 0.2004 0.6136 0.2004 0.6332 0.1688 0.6332
2 0.1646 0.8580 0.2489 0.8580 0.2489 0.9432 0.1646 0.9432
2 0.3474 0.8448 0.4077 0.8448 0.4077 0.9828 0.3474 0.9828
2 0.1420 0.0747 0.3672 0.0747 0.3672 0.2577 0.1420 0.2577
3 0.0710 0.1651 0.0812 0.1651 0.0812 0.2413 0.0710 0.2413
3 0.3277 0.3039 0.3700 0.3039 0.3700 0.3169 0.3277 0.3169
3 0.4425 0.7799 0.4527 0.7799 0.4527 0.8561 0.4425 0.8561
3 0.2850 0.3031 0.2938 0.3031 0.2938 0.3709 0.2850 0.3709
4 0.3253 0.8935 0.3452 0.8935 0.3452 0.9001 0.3253 0.9001
4 0.8713 0.6159 0.8958 0.6159 0.8958 0.6365 0.8713 0.6365
4 0.4130 0.5920 0.4393 0.5920 0.4393 0.6008 0.4130 0.6008
4 0.0208 0.8734 0.0481 0.8734 0.0481 0.8894 0.0208 0.8894
6 0.0270 0.9247 0.0850 0.9247 0.0850 0.9793 0.0270 0.9793
6 0.0339 0.7627 0.0912 0.7627 0.0912 0.8433 0.0339 0.8433
6 0.4356 0.1407 0.4453 0.1407 0.4453 0.1545 0.4356 0.1545
6 0.3270 0.1427 0.3730 0.1427 0.3730 0.2073 0.3270 0.2073
7 0.1782 0.6747 0.1864 0.6747 0.1864 0.7285 0.1782 0.7285
7 0.5736 0.3844 0.6104 0.3844 0.6104 0.4144 0.5736 0.4144
7 0.3743 0.3231 0.3800 0.3231 0.3800 0.3405 0.3743 0.3405
7 0.9073 0.4551 0.9152 0.4551 0.9152 0.5269 0.9073 0.5269
9 0.6853 0.6735 0.7518 0.6735 0.7518 0.6953 0.6853 0.6953
9 0.5206 0.0062 0.5760 0.0062 0.5760 0.2922 0.5206 0.2922
9 0.9262 0.7226 0.9826 0.7226 0.9826 0.8834 0.9262 0.8834
9 0.1097 0.8391 0.1415 0.8391 0.1415 0.9981 0.1097 0.9981
12 0.2802 0.5884 0.3064 0.5884 0.3064 0.6112 0.2802 0.6112
12 0.9387 0.4243 0.9741 0.4243 0.9741 0.4577 0.9387 0.4577
12 0.2406 0.1791 0.2629 0.1791 0.2629 0.3561 0.2406 0.3561
12 0.2745 0.3715 0.3652 0.3715 0.3652 0.4077 0.2745 0.4077
13 0.7130 0.5626 0.7221 0.5626 0.7221 0.5886 0.7130 0.5886
13 0.9508 0.1842 0.9575 0.1842 0.9575 0.1906 0.9508 0.1906
13 0.0348 0.1296 0.0407 0.1296 0.0407 0.1464 0.0348 0.1464
13 0.4771 0.9262 0.5163 0.9262 0.5163 0.9594 0.4771 0.9594
15 0.5236 0.3195 0.5961 0.3195 0.5961 0.3957 0.5236 0.3957
15 0.6779 0.1972 0.7421 0.1972 0.7421 0.2676 0.6779 0.2676
15 0.2022 0.8491 0.2458 0.8491 0.2458 0.9013 0.2022 0.9013
15 0.6431 0.3494 0.7015 0.3494 0.7015 0.3990 0.6431 0.3990
