0 0.7122 0.3456 0.8038 0.3456 0.8038 0.4424 0.7122 0.4424
0 0.0330 0.1450 0.1227 0.1450 0.1227 0.3018 0.0330 0.3018
0 0.1228 0.9070 0.4672 0.9070 0.4672 0.9922 0.1228 0.9922
0 0.5468 0.4323 0.6578 0.4323 0.6578 0.7153 0.5468 0.7153
1 0.5248 0.7895 0.5566 0.7895 0.5566 0.8041 0.5248 0.8041
1 0.3831 0.6942 0.4029 0.6942 0.4029 0.7050 0.3831 0.7050
1 0.2571 0.2516 0.2831 0.2516 0.2831 0.3172 0.2571 0.3172
1 0.8330 0.2415 0.8407 0.2415 0.8407 0.2581 0.8330 0.2581
2 0.7793 0.9356 0.8476 0.9356 0.8476 0.9780 0.7793 0.9780
2 0.1323 0.7355 0.2575 0.7355 0.2575 0.8093 0.1323 0.8093
2 0.0820 0.5412 0.2437 0.5412 0.2437 0.6364 0.0820 0.6364
2 0.3742 0.1832 0.3866 0.1832 0.3866 0.2144 0.3742 0.2144
3 0.2502 0.2575 0.2993 0.2575 0.2993 0.2725 0.2502 0.2725
3 0.0716 0.0019 0.0812 0.0019 0.0812 0.0697 0.0716 0.0697
3 0.6391 0.0086 0.6452 0.0086 0.6452 0.0514 0.6391 0.0514
3 0.2751 0.9414 0.3509 0.9414 0.3509 0.9678 0.2751 0.9678
4 0.6427 0.2487 0.6547 0.2487 0.6547 0.3133 0.6427 0.3133
4 0.8856 0.2184 0.8956 0.2184 0.8956 0.2264 0.8856 0.2264
4 0.8633 0.4624 0.9615 0.4624 0.9615 0.4944 0.8633 0.4944
4 0.5382 0.2023 0.5518 0.2023 0.5518 0.2281 0.5382 0.2281
6 0.6542 0.7644 0.7264 0.7644 0.7264 0.7984 0.6542 0.7984
6 0.2837 0.1272 0.3266 0.1272 0.3266 0.2480 0.2837 0.2480
6 0.5310 0.1211 0.5724 0.1211 0.5724 0.1345 0.5310 0.1345
6 0.6440 0.3384 0.6883 0.3384 0.6883 0.3592 0.6440 0.3592
7 0.3144 0.1019 0.3327 0.1019 0.3327 0.2013 0.3144 0.2013
7 0.8816 0.2666 0.8924 0.2666 0.8924 0.3082 0.8816 0.3082
7 0.6742 0.3559 0.6869 0.3559 0.6869 0.4001 0.6742 0.4001
7 0.7904 0.8604 0.8030 0.8604 0.8030 0.9204 0.7904 0.9204
9 0.1211 0.3792 0.1526 0.3792 0.1526 0.4892 0.1211 0.4892
9 0.1522 0.1563 0.2383 0.1563 0.2383 0.4017 0.1522 0.4017
9 0.3357 0.3284 0.3992 0.3284 0.3992 0.3492 0.3357 0.3492
9 0.3622 0.4215 0.4007 0.4215 0.4007 0.4581 0.3622 0.4581
12 0.1056 0.8951 0.3615 0.8951 0.3615 0.9397 0.1056 0.9397
12 0.6733 0.1239 0.8155 0.1239 0.8155 0.1613 0.6733 0.1613
12 0.6091 0.5878 0.6406 0.5878 0.6406 0.7086 0.6091 0.7086
12 0.8279 0.4008 0.8681 0.4008 0.8681 0.4344 0.8279 0.4344
13 0.2813 0.4590 0.3075 0.4590 0.3075 0.4794 0.2813 0.4794
13 0.3036 0.2368 0.3098 0.2368 0.3098 0.2580 0.3036 0.2580
13 0.3728 0.6499 0.3935 0.6499 0.3935 0.6585 0.3728 0.6585
13 0.2770 0.2935 0.2838 0.2935 0.2838 0.3013 0.2770 0.3013
15 0.8842 0.5572 0.9258 0.5572 0.9258 0.6192 0.8842 0.6192
15 0.8684 0.2823 0.9027 0.2823 0.9027 0.3449 0.8684 0.3449
15 0.4493 0.4327 0.5098 0.4327 0.5098 0.5029 0.4493 0.5029
15 0.0848 0.8455 0.1643 0.8455 0.1643 0.9521 0.0848 0.9521
