0 0.0017 0.8056 0.0783 0.8056 0.0783 0.9604 0.0017 0.9604
0 0.7248 0.0588 0.7575 0.0588 0.7575 0.4936 0.7248 0.4936
0 0.5251 0.5710 0.8532 0.5710 0.8532 0.6522 0.5251 0.6522
0 0.7777 0.3742 0.8166 0.3742 0.8166 0.8918 0.7777 0.8918
1 0.6840 0.7990 0.7012 0.7990 0.7012 0.8138 0.6840 0.8138
1 0.6276 0.5092 0.6344 0.5092 0.6344 0.5672 0.6276 0.5672
1 0.0146 0.2623 0.0280 0.2623 0.0280 0.2685 0.0146 0.2685
1 0.4536 0.9028 0.4555 0.9028 0.4555 0.9200 0.4536 0.9200
2 0.4150 0.3788 0.5052 0.3788 0.5052 0.4416 0.4150 0.4416
2 0.1505 0.7647 0.2672 0.7647 0.2672 0.8613 0.1505 0.8613
2 0.3417 0.4367 0.3720 0.4367 0.3720 0.4589 0.3417 0.4589
2 0.6436 0.7523 0.8487 0.7523 0.8487 0.8749 0.6436 0.8749
3 0.7819 0.3755 0.8159 0.3755 0.8159 0.3873 0.7819 0.3873
3 0.9594 0.6711 0.9692 0.6711 0.9692 0.7409 0.9594 0.7409
3 0.1634 0.7388 0.2909 0.7388 0.2909 0.7700 0.1634 0.7700
3 0.2493 0.0587 0.3478 0.0587 0.3478 0.0889 0.2493 0.0889
4 0.1659 0.5043 0.1989 0.5043 0.1989 0.5597 0.1659 0.5597
4 0.2402 0.6570 0.2481 0.6570 0.2481 0.6850 0.2402 0.6850
4 0.5647 0.9406 0.5744 0.9406 0.5744 0.9966 0.5647 0.9966
4 0.4154 0.2447 0.4303 0.2447 0.4303 0.2901 0.4154 0.2901
6 0.2148 0.3790 0.2409 0.3790 0.2409 0.4162 0.2148 0.4162
6 0.3288 0.2322 0.3872 0.2322 0.3872 0.3970 0.3288 0.3970
6 0.1450 0.0784 0.2835 0.0784 0.2835 0.1760 0.1450 0.1760
6 0.2071 0.7303 0.2655 0.7303 0.2655 0.7577 0.2071 0.7577
7 0.3508 0.6431 0.3578 0.6431 0.3578 0.6673 0.3508 0.6673
7 0.6754 0.2439 0.6795 0.2439 0.6795 0.2617 0.6754 0.2617
7 0.4425 0.7644 0.4489 0.7644 0.4489 0.7804 0.4425 0.7804
7 0.0928 0.9171 0.1115 0.9171 0.1115 0.9245 0.0928 0.9245
9 0.2077 0.8498 0.3503 0.8498 0.3503 0.9362 0.2077 0.9362
9 0.3628 0.5140 0.3935 0.5140 0.3935 0.6656 0.3628 0.6656
9 0.0876 0.3458 0.4172 0.3458 0.4172 0.4542 0.0876 0.4542
9 0.2179 0.7670 0.2701 0.7670 0.2701 0.9490 0.2179 0.9490
12 0.4788 0.6332 0.6057 0.6332 0.6057 0.6552 0.4788 0.6552
12 0.4405 0.1354 0.5552 0.1354 0.5552 0.1978 0.4405 0.1978
12 0.7517 0.0750 0.7903 0.0750 0.7903 0.4462 0.7517 0.4462
12 0.0179 0.3591 0.0498 0.3591 0.0498 0.7021 0.0179 0.7021
13 0.0500 0.1380 0.0586 0.1380 0.0586 0.1460 0.0500 0.1460
13 0.1862 0.0647 0.1966 0.0647 0.1966 0.0861 0.1862 0.0861
13 0.3322 0.8594 0.3515 0.8594 0.3515 0.8946 0.3322 0.8946
13 0.8956 0.6834 0.9072 0.6834 0.9072 0.7066 0.8956 0.7066
15 0.2911 0.2519 0.3226 0.2519 0.3226 0.3185 0.2911 0.3185
15 0.0957 0.0339 0.2020 0.0339 0.2020 0.1217 0.0957 0.1217
15 0.0988 0.4123 0.1452 0.4123 0.1452 0.4569 0.0988 0.4569
15 0.3813 0.7403 0.4658 0.7403 0.4658 0.8101 0.3813 0.8101
