0 0.6248 0.5815 0.9912 0.5815 0.9912 0.6721 0.6248 0.6721
0 0.1277 0.6595 0.5566 0.6595 0.5566 0.9301 0.1277 0.9301
0 0.1748 0.2211 0.2855 0.2211 0.2855 0.5473 0.1748 0.5473
0 0.5194 0.0295 0.7471 0.0295 0.7471 0.4277 0.5194 0.4277
1 0.7650 0.5948 0.7687 0.5948 0.7687 0.6268 0.7650 0.6268
1 0.8806 0.2111 0.8926 0.2111 0.8926 0.3397 0.8806 0.3397
1 0.3479 0.0635 0.3675 0.0635 0.3675 0.0685 0.3479 0.0685
1 0.2242 0.1970 0.2470 0.1970 0.2470 0.2094 0.2242 0.2094
2 0.5028 0.6335 0.5546 0.6335 0.5546 0.6657 0.5028 0.6657
2 0.7780 0.9363 0.8603 0.9363 0.8603 0.9637 0.7780 0.9637
2 0.2143 0.7951 0.2529 0.7951 0.2529 0.8221 0.2143 0.8221
2 0.4380 0.6155 0.4483 0.6155 0.4483 0.7525 0.4380 0.7525
3 0.8722 0.4035 0.8813 0.4035 0.8813 0.4733 0.8722 0.4733
3 0.5071 0.7347 0.5740 0.7347 0.5740 0.7581 0.5071 0.7581
3 0.0293 0.3070 0.0393 0.3070 0.0393 0.3774 0.0293 0.3774
3 0.2483 0.6098 0.3003 0.6098 0.3003 0.6226 0.2483 0.6226
4 0.9282 0.4916 0.9367 0.4916 0.9367 0.4968 0.9282 0.4968
4 0.8334 0.5456 0.8697 0.5456 0.8697 0.5652 0.8334 0.5652
4 0.6973 0.4988 0.7201 0.4988 0.7201 0.5152 0.6973 0.5152
4 0.0022 0.5631 0.0053 0.5631 0.0053 0.5665 0.0022 0.5665
6 0.2750 0.4555 0.3367 0.4555 0.3367 0.6293 0.2750 0.6293
6 0.7591 0.2087 0.8040 0.2087 0.8040 0.2509 0.7591 0.2509
6 0.2594 0.8635 0.2883 0.8635 0.2883 0.8729 0.2594 0.8729
6 0.9694 0.1154 0.9963 0.1154 0.9963 0.1242 0.9694 0.1242
7 0.6782 0.7726 0.6952 0.7726 0.6952 0.8630 0.6782 0.8630
7 0.7459 0.5063 0.7847 0.5063 0.7847 0.6313 0.7459 0.6313
7 0.3545 0.0039 0.3652 0.0039 0.3652 0.0093 0.3545 0.0093
7 0.8683 0.4807 0.8869 0.4807 0.8869 0.5717 0.8683 0.5717
9 0.9279 0.2019 0.9790 0.2019 0.9790 0.3801 0.9279 0.3801
9 0.2717 0.5491 0.3083 0.5491 0.3083 0.6701 0.2717 0.6701
9 0.2245 0.1200 0.3044 0.1200 0.3044 0.1960 0.2245 0.1960
9 0.0685 0.3603 0.1930 0.3603 0.1930 0.4085 0.0685 0.4085
12 0.3002 0.1942 0.3655 0.1942 0.3655 0.8254 0.3002 0.8254
12 0.1399 0.7712 0.1903 0.7712 0.1903 0.7760 0.1399 0.7760
12 0.3616 0.1919 0.3846 0.1919 0.3846 0.2861 0.3616 0.2861
12 0.0223 0.2359 0.0420 0.2359 0.0420 0.2545 0.0223 0.2545
13 0.5325 0.9560 0.5444 0.9560 0.5444 0.9740 0.5325 0.9740
13 0.6877 0.8228 0.7077 0.8228 0.7077 0.8528 0.6877 0.8528
13 0.5891 0.8114 0.6071 0.8114 0.6071 0.8610 0.5891 0.8610
13 0.6842 0.5894 0.7224 0.5894 0.7224 0.6558 0.6842 0.6558
15 0.2431 0.4287 0.2683 0.4287 0.2683 0.4649 0.2431 0.4649
15 0.2553 0.8046 0.3192 0.8046 0.3192 0.8566 0.2553 0.8566
15 0.2896 0.2278 0.3150 0.2278 0.3150 0.2758 0.2896 0.2758
15 0.8163 0.6470 0.8457 0.6470 0.8457 0.7630 0.8163 0.7630
