0 0.0914 0.5060 0.3146 0.5060 0.3146 0.5888 0.0914 0.5888
0 0.0959 0.5507 0.1878 0.5507 0.1878 0.7365 0.0959 0.7365
0 0.1687 0.9424 0.2707 0.9424 0.2707 0.9980 0.1687 0.9980
0 0.7637 0.4947 0.9169 0.4947 0.9169 0.7557 0.7637 0.7557
1 0.0811 0.0764 0.0866 0.0764 0.0866 0.1352 0.0811 0.1352
1 0.8982 0.6860 0.9078 0.6860 0.9078 0.7884 0.8982 0.7884
1 0.3666 0.2867 0.3800 0.2867 0.3800 0.3157 0.3666 0.3157
1 0.2497 0.1683 0.2563 0.1683 0.2563 0.2537 0.2497 0.2537
2 0.0573 0.1568 0.1232 0.1568 0.1232 0.2280 0.0573 0.2280
2 0.1856 0.4403 0.2058 0.4403 0.2058 0.5109 0.1856 0.5109
2 0.5642 0.6867 0.6341 0.6867 0.6341 0.7865 0.5642 0.7865
2 0.0216 0.4452 0.2301 0.4452 0.2301 0.6100 0.0216 0.6100
3 0.0626 0.9299 0.1583 0.9299 0.1583 0.9597 0.0626 0.9597
3 0.6271 0.5299 0.6843 0.5299 0.6843 0.5477 0.6271 0.5477
3 0.8246 0.6875 0.8617 0.6875 0.8617 0.7021 0.8246 0.7021
3 0.0339 0.9263 0.0898 0.9263 0.0898 0.9457 0.0339 0.9457
4 0.4888 0.4359 0.4952 0.4359 0.4952 0.4785 0.4888 0.4785
4 0.6796 0.2539 0.6869 0.2539 0.6869 0.2581 0.6796 0.2581
4 0.5093 0.3818 0.5309 0.3818 0.5309 0.4114 0.5093 0.4114
4 0.3911 0.8291 0.4260 0.8291 0.4260 0.8365 0.3911 0.8365
6 0.2113 0.2587 0.3089 0.2587 0.3089 0.5337 0.2113 0.5337
6 0.7076 0.5387 0.7281 0.5387 0.7281 0.5677 0.7076 0.5677
6 0.1485 0.1598 0.1890 0.1598 0.1890 0.1730 0.1485 0.1730
6 0.4674 0.6299 0.5474 0.6299 0.5474 0.7425 0.4674 0.7425
7 0.6505 0.3216 0.6775 0.3216 0.6775 0.3964 0.6505 0.3964
7 0.0331 0.6434 0.0474 0.6434 0.0474 0.6962 0.0331 0.6962
7 0.1867 0.2610 0.2041 0.2610 0.2041 0.2698 0.1867 0.2698
7 0.9100 0.5396 0.9315 0.5396 0.9315 0.5476 0.9100 0.5476
9 0.3348 0.6719 0.3695 0.6719 0.3695 0.8457 0.3348 0.8457
9 0.2054 0.2955 0.2575 0.2955 0.2575 0.4677 0.2054 0.4677
9 0.2222 0.6255 0.2475 0.6255 0.2475 0.7521 0.2222 0.7521
9 0.5017 0.2492 0.5663 0.2492 0.5663 0.2700 0.5017 0.2700
12 0.4270 0.2310 0.4315 0.2310 0.4315 0.3978 0.4270 0.3978
12 0.0542 0.1092 0.1344 0.1092 0.1344 0.1448 0.0542 0.1448
12 0.1363 0.2620 0.1857 0.2620 0.1857 0.2668 0.1363 0.2668
12 0.0570 0.3075 0.1224 0.3075 0.1224 0.9361 0.0570 0.9361
13 0.7794 0.7504 0.7829 0.7504 0.7829 0.7636 0.7794 0.7636
13 0.6368 0.7962 0.7438 0.7962 0.7438 0.8558 0.6368 0.8558
13 0.3784 0.1230 0.3850 0.1230 0.3850 0.1474 0.3784 0.1474
13 0.4844 0.9243 0.4884 0.9243 0.4884 0.9357 0.4844 0.9357
15 0.0351 0.0132 0.1163 0.0132 0.1163 0.0972 0.0351 0.0972
15 0.3017 0.7495 0.3509 0.7495 0.3509 0.8189 0.3017 0.8189
15 0.4162 0.7454 0.4753 0.7454 0.4753 0.7962 0.4162 0.7962
15 0.2994 0.8440 0.3380 0.8440 0.3380 0.9016 0.2994 0.9016
