0 0.1979 0.3503 0.2761 0.3503 0.2761 0.4129 0.1979 0.4129
0 0.2108 0.6246 0.5735 0.6246 0.5735 0.8534 0.2108 0.8534
0 0.3796 0.8411 0.4329 0.8411 0.4329 0.9525 0.3796 0.9525
0 0.1324 0.4439 0.1664 0.4439 0.1664 0.8957 0.1324 0.8957
1 0.2077 0.2767 0.2235 0.2767 0.2235 0.3109 0.2077 0.3109
1 0.0214 0.5656 0.0324 0.5656 0.0324 0.5684 0.0214 0.5684
1 0.2180 0.7075 0.2266 0.7075 0.2266 0.7929 0.2180 0.7929
1 0.1454 0.6843 0.1637 0.6843 0.1637 0.7001 0.1454 0.7001
2 0.7260 0.1136 0.8212 0.1136 0.8212 0.1800 0.7260 0.1800
2 0.2562 0.4920 0.3504 0.4920 0.3504 0.6404 0.2562 0.6404
2 0.3537 0.5119 0.4346 0.5119 0.4346 0.5425 0.3537 0.5425
2 0.6696 0.7563 0.7947 0.7563 0.7947 0.8553 0.6696 0.8553
3 0.5234 0.0768 0.5326 0.0768 0.5326 0.1424 0.5234 0.1424
3 0.1234 0.5952 0.1940 0.5952 0.1940 0.6168 0.1234 0.6168
3 0.0151 0.2163 0.0264 0.2163 0.0264 0.2961 0.0151 0.2961
3 0.2209 0.6175 0.2337 0.6175 0.2337 0.7161 0.2209 0.7161
4 0.4399 0.1087 0.4604 0.1087 0.4604 0.2277 0.4399 0.2277
4 0.9330 0.6655 0.9732 0.6655 0.9732 0.6901 0.9330 0.6901
4 0.2003 0.2348 0.2800 0.2348 0.2800 0.2424 0.2003 0.2424
4 0.4742 0.3334 0.4920 0.3334 0.4920 0.3482 0.4742 0.3482
6 0.7876 0.1211 0.8475 0.1211 0.8475 0.2053 0.7876 0.2053
6 0.1531 0.3147 0.2103 0.3147 0.2103 0.3685 0.1531 0.3685
6 0.8571 0.7556 0.9252 0.7556 0.9252 0.8196 0.8571 0.8196
6 0.6614 0.6488 0.6777 0.6488 0.6777 0.6720 0.6614 0.6720
7 0.7243 0.3808 0.7377 0.3808 0.7377 0.4296 0.7243 0.4296
7 0.7799 0.8295 0.7856 0.8295 0.7856 0.8753 0.7799 0.8753
7 0.7830 0.2588 0.7884 0.2588 0.7884 0.2780 0.7830 0.2780
7 0.3985 0.2559 0.5118 0.2559 0.5118 0.3633 0.3985 0.3633
9 0.1850 0.0547 0.3567 0.0547 0.3567 0.1101 0.1850 0.1101
9 0.2154 0.4608 0.2792 0.4608 0.2792 0.7896 0.2154 0.7896
9 0.5365 0.2523 0.5701 0.2523 0.5701 0.3697 0.5365 0.3697
9 0.8911 0.5696 0.9300 0.5696 0.9300 0.7972 0.8911 0.7972
12 0.8349 0.5103 0.9120 0.5103 0.9120 0.5313 0.8349 0.5313
12 0.9061 0.6123 0.9296 0.6123 0.9296 0.7285 0.9061 0.7285
12 0.0656 0.2715 0.3352 0.2715 0.3352 0.3317 0.0656 0.3317
12 0.0416 0.1796 0.1255 0.1796 0.1255 0.2168 0.0416 0.2168
13 0.7877 0.1412 0.7981 0.1412 0.7981 0.1568 0.7877 0.1568
13 0.8917 0.2735 0.9175 0.2735 0.9175 0.3445 0.8917 0.3445
13 0.5454 0.6983 0.5555 0.6983 0.5555 0.7273 0.5454 0.7273
13 0.6930 0.8418 0.7453 0.8418 0.7453 0.9358 0.6930 0.9358
15 0.2622 0.2691 0.3669 0.2691 0.3669 0.3917 0.2622 0.3917
15 0.1570 0.1920 0.2367 0.1920 0.2367 0.2744 0.1570 0.2744
15 0.2639 0.0536 0.2810 0.0536 0.2810 0.0860 0.2639 0.0860
15 0.4405 0.1032 0.4989 0.1032 0.4989 0.1904 0.4405 0.1904
