0 0.1554 0.7343 0.3555 0.7343 0.3555 0.8433 0.1554 0.8433
0 0.3194 0.3743 0.3840 0.3743 0.3840 0.6561 0.3194 0.6561
0 0.5802 0.2451 0.7378 0.2451 0.7378 0.7701 0.5802 0.7701
0 0.6739 0.5816 0.7275 0.5816 0.7275 0.8156 0.6739 0.8156
1 0.4328 0.5408 0.4398 0.5408 0.4398 0.5664 0.4328 0.5664
1 0.6139 0.5363 0.6164 0.5363 0.6164 0.5817 0.6139 0.5817
1 0.4245 0.7380 0.4435 0.7380 0.4435 0.7416 0.4245 0.7416
1 0.8651 0.8772 0.8881 0.8772 0.8881 0.8876 0.8651 0.8876
2 0.3260 0.8943 0.4043 0.8943 0.4043 0.9045 0.3260 0.9045
2 0.3223 0.4614 0.3929 0.4614 0.3929 0.5182 0.3223 0.5182
2 0.7530 0.4507 0.8581 0.4507 0.8581 0.5377 0.7530 0.5377
2 0.5779 0.7291 0.6923 0.7291 0.6923 0.8133 0.5779 0.8133
3 0.6934 0.1662 0.7141 0.1662 0.7141 0.2470 0.6934 0.2470
3 0.2437 0.7743 0.2583 0.7743 0.2583 0.8837 0.2437 0.8837
3 0.3788 0.8934 0.4238 0.8934 0.4238 0.9054 0.3788 0.9054
3 0.3685 0.0650 0.3772 0.0650 0.3772 0.1266 0.3685 0.1266
4 0.5145 0.5408 0.5335 0.5408 0.5335 0.5852 0.5145 0.5852
4 0.5907 0.7855 0.5959 0.7855 0.5959 0.8133 0.5907 0.8133
4 0.4681 0.1595 0.4839 0.1595 0.4839 0.1673 0.4681 0.1673
4 0.2468 0.8844 0.2558 0.8844 0.2558 0.8888 0.2468 0.8888
6 0.2816 0.3108 0.3624 0.3108 0.3624 0.3488 0.2816 0.3488
6 0.3377 0.8747 0.3532 0.8747 0.3532 0.8969 0.3377 0.8969
6 0.7974 0.2279 0.8531 0.2279 0.8531 0.3849 0.7974 0.3849
6 0.3319 0.4054 0.4244 0.4054 0.4244 0.4490 0.3319 0.4490
7 0.8494 0.3710 0.8612 0.3710 0.8612 0.4006 0.8494 0.4006
7 0.0673 0.0335 0.0721 0.0335 0.0721 0.0513 0.0673 0.0513
7 0.8973 0.5259 0.9076 0.5259 0.9076 0.5637 0.8973 0.5637
7 0.6516 0.1887 0.7055 0.1887 0.7055 0.4105 0.6516 0.4105
9 0.7562 0.2354 0.9146 0.2354 0.9146 0.3314 0.7562 0.3314
9 0.0471 0.6571 0.1109 0.6571 0.1109 0.9861 0.0471 0.9861
9 0.6382 0.2631 0.9407 0.2631 0.9407 0.3625 0.6382 0.3625
9 0.3640 0.4643 0.6934 0.4643 0.6934 0.5725 0.3640 0.5725
12 0.0067 0.6132 0.0341 0.6132 0.0341 0.9072 0.0067 0.9072
12 0.7157 0.0030 0.7335 0.0030 0.7335 0.0714 0.7157 0.0714
12 0.8031 0.9527 0.8686 0.9527 0.8686 0.9777 0.8031 0.9777
12 0.7031 0.2784 0.7164 0.2784 0.7164 0.3840 0.7031 0.3840
13 0.0722 0.2671 0.1881 0.2671 0.1881 0.2773 0.0722 0.2773
13 0.9264 0.2828 0.9307 0.2828 0.9307 0.3104 0.9264 0.3104
13 0.4959 0.2940 0.4998 0.2940 0.4998 0.3076 0.4959 0.3076
13 0.8459 0.6086 0.8624 0.6086 0.8624 0.6254 0.8459 0.6254
15 0.4473 0.7020 0.5198 0.7020 0.5198 0.7864 0.4473 0.7864
15 0.1919 0.2196 0.2853 0.2196 0.2853 0.3240 0.1919 0.3240
15 0.9299 0.1131 0.9710 0.1131 0.9710 0.1609 0.9299 0.1609
15 0.6802 0.8796 0.7307 0.8796 0.7307 0.9360 0.6802 0.9360
