0 0.8263 0.6871 0.8783 0.6871 0.8783 0.9141 0.8263 0.9141
0 0.5450 0.0191 0.7112 0.0191 0.7112 0.4765 0.5450 0.4765
0 0.3094 0.4976 0.4703 0.4976 0.4703 0.9404 0.3094 0.9404
0 0.5070 0.4178 0.5364 0.4178 0.5364 0.8082 0.5070 0.8082
1 0.0437 0.2691 0.0460 0.2691 0.0460 0.3101 0.0437 0.3101
1 0.3525 0.4739 0.3558 0.4739 0.3558 0.5377 0.3525 0.5377
1 0.2542 0.0695 0.2646 0.0695 0.2646 0.1801 0.2542 0.1801
1 0.0122 0.6488 0.0178 0.6488 0.0178 0.7032 0.0122 0.7032
2 0.2165 0.3984 0.2340 0.3984 0.2340 0.4424 0.2165 0.4424
2 0.4342 0.6130 0.4841 0.6130 0.4841 0.6390 0.4342 0.6390
2 0.1260 0.5847 0.1415 0.5847 0.1415 0.6389 0.1260 0.6389
2 0.3068 0.9495 0.3532 0.9495 0.3532 0.9773 0.3068 0.9773
3 0.7716 0.0271 0.8695 0.0271 0.8695 0.0577 0.7716 0.0577
3 0.4016 0.2091 0.4124 0.2091 0.4124 0.2853 0.4016 0.2853
3 0.3045 0.4439 0.3850 0.4439 0.3850 0.4653 0.3045 0.4653
3 0.2499 0.5422 0.3130 0.5422 0.3130 0.5670 0.2499 0.5670
4 0.9402 0.7943 0.9581 0.7943 0.9581 0.8185 0.9402 0.8185
4 0.6071 0.8083 0.6194 0.8083 0.6194 0.8721 0.6071 0.8721
4 0.2750 0.9307 0.3093 0.9307 0.3093 0.9493 0.2750 0.9493
4 0.0917 0.3731 0.1023 0.3731 0.1023 0.3793 0.0917 0.3793
6 0.8005 0.5675 0.8744 0.5675 0.8744 0.7757 0.8005 0.7757
6 0.1670 0.5626 0.2307 0.5626 0.2307 0.6226 0.1670 0.6226
6 0.7008 0.2435 0.8020 0.2435 0.8020 0.3149 0.7008 0.3149
6 0.2280 0.5802 0.2538 0.5802 0.2538 0.6170 0.2280 0.6170
7 0.3887 0.2584 0.5333 0.2584 0.5333 0.2744 0.3887 0.2744
7 0.3416 0.2551 0.3506 0.2551 0.3506 0.2793 0.3416 0.2793
7 0.9457 0.6638 0.9523 0.6638 0.9523 0.6822 0.9457 0.6822
7 0.6719 0.3340 0.6901 0.3340 0.6901 0.3420 0.6719 0.3420
9 0.1948 0.4407 0.2489 0.4407 0.2489 0.6189 0.1948 0.6189
9 0.1474 0.8123 0.2352 0.8123 0.2352 0.8409 0.1474 0.8409
9 0.4790 0.6196 0.5453 0.6196 0.5453 0.6452 0.4790 0.6452
9 0.9086 0.4771 0.9246 0.4771 0.9246 0.5709 0.9086 0.5709
12 0.4105 0.2798 0.4538 0.2798 0.4538 0.4734 0.4105 0.4734
12 0.5017 0.5883 0.9658 0.5883 0.9658 0.6737 0.5017 0.6737
12 0.4056 0.7863 0.6452 0.7863 0.6452 0.8305 0.4056 0.8305
12 0.9166 0.7011 0.9217 0.7011 0.9217 0.8809 0.9166 0.8809
13 0.8188 0.5767 0.8649 0.5767 0.8649 0.6057 0.8188 0.6057
13 0.6802 0.1259 0.7895 0.1259 0.7895 0.1341 0.6802 0.1341
13 0.6717 0.9636 0.6855 0.9636 0.6855 0.9764 0.6717 0.9764
13 0.4704 0.6043 0.4718 0.6043 0.4718 0.7069 0.4704 0.7069
15 0.7633 0.1459 0.8218 0.1459 0.8218 0.2245 0.7633 0.2245
15 0.5196 0.6716 0.5724 0.6716 0.5724 0.7284 0.5196 0.7284
15 0.0064 0.4375 0.0884 0.4375 0.0884 0.5073 0.0064 0.5073
15 0.1642 0.3888 0.2081 0.3888 0.2081 0.4536 0.1642 0.4536
