0 0.2482 0.4996 0.3852 0.4996 0.3852 0.7764 0.2482 0.7764
0 0.8027 0.6623 0.8721 0.6623 0.8721 0.9093 0.8027 0.9093
0 0.3889 0.3223 0.5251 0.3223 0.5251 0.6973 0.3889 0.6973
0 0.0827 0.2304 0.1775 0.2304 0.1775 0.5888 0.0827 0.5888
1 0.0868 0.1711 0.0920 0.1711 0.0920 0.2157 0.0868 0.2157
1 0.3523 0.5511 0.3606 0.5511 0.3606 0.6589 0.3523 0.6589
1 0.4551 0.7736 0.4780 0.7736 0.4780 0.7860 0.4551 0.7860
1 0.3991 0.8412 0.4240 0.8412 0.4240 0.8460 0.3991 0.8460
2 0.9385 0.7947 0.9530 0.7947 0.9530 0.8225 0.9385 0.8225
2 0.4296 0.8527 0.5078 0.8527 0.5078 0.8937 0.4296 0.8937
2 0.8273 0.6486 0.8561 0.6486 0.8561 0.6806 0.8273 0.6806
2 0.0371 0.6591 0.0966 0.6591 0.0966 0.6877 0.0371 0.6877
3 0.4205 0.8659 0.4341 0.8659 0.4341 0.9677 0.4205 0.9677
3 0.0685 0.4143 0.1560 0.4143 0.1560 0.4357 0.0685 0.4357
3 0.3536 0.4883 0.4135 0.4883 0.4135 0.5041 0.3536 0.5041
3 0.7485 0.1363 0.8104 0.1363 0.8104 0.1553 0.7485 0.1553
4 0.7628 0.1032 0.7806 0.1032 0.7806 0.1136 0.7628 0.1136
4 0.6371 0.7802 0.6652 0.7802 0.6652 0.7954 0.6371 0.7954
4 0.3967 0.9739 0.4204 0.9739 0.4204 0.9937 0.3967 0.9937
4 0.9313 0.7215 0.9399 0.7215 0.9399 0.7273 0.9313 0.7273
6 0.8311 0.2228 0.8800 0.2228 0.8800 0.2688 0.8311 0.2688
6 0.1888 0.3479 0.3038 0.3479 0.3038 0.4289 0.1888 0.4289
6 0.4933 0.8236 0.5241 0.8236 0.5241 0.8668 0.4933 0.8668
6 0.0279 0.6007 0.0667 0.6007 0.0667 0.6133 0.0279 0.6133
7 0.0785 0.7960 0.1863 0.7960 0.1863 0.8176 0.0785 0.8176
7 0.9271 0.5626 0.9329 0.5626 0.9329 0.5766 0.9271 0.5766
7 0.0114 0.1460 0.0203 0.1460 0.0203 0.1788 0.0114 0.1788
7 0.7326 0.5223 0.7646 0.5223 0.7646 0.6097 0.7326 0.6097
9 0.2876 0.9227 0.3895 0.9227 0.3895 0.9561 0.2876 0.9561
9 0.1854 0.1366 0.2337 0.1366 0.2337 0.3054 0.1854 0.3054
9 0.3174 0.5350 0.3943 0.5350 0.3943 0.6082 0.3174 0.6082
9 0.0974 0.3499 0.1392 0.3499 0.1392 0.5945 0.0974 0.5945
12 0.7882 0.6731 0.8006 0.6731 0.8006 0.7713 0.7882 0.7713
12 0.6909 0.0566 0.6977 0.0566 0.6977 0.3118 0.6909 0.3118
12 0.4510 0.1887 0.4804 0.1887 0.4804 0.3953 0.4510 0.3953
12 0.1385 0.0739 0.1501 0.0739 0.1501 0.2089 0.1385 0.2089
13 0.4159 0.6987 0.4221 0.6987 0.4221 0.7221 0.4159 0.7221
13 0.8996 0.1935 0.9118 0.1935 0.9118 0.2049 0.8996 0.2049
13 0.4479 0.3735 0.4527 0.3735 0.4527 0.3913 0.4479 0.3913
13 0.3494 0.2779 0.3674 0.2779 0.3674 0.2933 0.3494 0.2933
15 0.8706 0.4899 0.8971 0.4899 0.8971 0.5281 0.8706 0.5281
15 0.2836 0.7467 0.3641 0.7467 0.3641 0.8313 0.2836 0.8313
15 0.2191 0.2588 0.2566 0.2588 0.2566 0.3148 0.2191 0.3148
15 0.2676 0.0367 0.3558 0.0367 0.3558 0.1085 0.2676 0.1085
