0 0.2883 0.0143 0.3686 0.0143 0.3686 0.6361 0.2883 0.6361
0 0.3883 0.0487 0.6560 0.0487 0.6560 0.3109 0.3883 0.3109
0 0.4848 0.3179 0.8555 0.3179 0.8555 0.5517 0.4848 0.5517
0 0.9422 0.5551 0.9695 0.5551 0.9695 0.9189 0.9422 0.9189
1 0.1839 0.5143 0.1887 0.5143 0.1887 0.5317 0.1839 0.5317
1 0.2025 0.6958 0.2132 0.6958 0.2132 0.6986 0.2025 0.6986
1 0.8179 0.0227 0.8246 0.0227 0.8246 0.0285 0.8179 0.0285
1 0.0965 0.0994 0.0995 0.0994 0.0995 0.1242 0.0965 0.1242
2 0.1028 0.1623 0.1280 0.1623 0.1280 0.1717 0.1028 0.1717
2 0.1133 0.4299 0.1638 0.4299 0.1638 0.6729 0.1133 0.6729
2 0.6131 0.0738 0.9115 0.0738 0.9115 0.1470 0.6131 0.1470
2 0.2637 0.1724 0.2751 0.1724 0.2751 0.1972 0.2637 0.1972
3 0.9113 0.5448 0.9167 0.5448 0.9167 0.6320 0.9113 0.6320
3 0.0957 0.1767 0.1026 0.1767 0.1026 0.2253 0.0957 0.2253
3 0.9228 0.4719 0.9726 0.4719 0.9726 0.4837 0.9228 0.4837
3 0.5220 0.2446 0.5526 0.2446 0.5526 0.2566 0.5220 0.2566
4 0.5322 0.9214 0.5515 0.9214 0.5515 0.9498 0.5322 0.9498
4 0.7791 0.3056 0.8018 0.3056 0.8018 0.3208 0.7791 0.3208
4 0.5676 0.9871 0.5844 0.9871 0.5844 0.9949 0.5676 0.9949
4 0.0871 0.5600 0.0937 0.5600 0.0937 0.5684 0.0871 0.5684
6 0.4904 0.5644 0.5376 0.5644 0.5376 0.5796 0.4904 0.5796
6 0.7231 0.6398 0.7638 0.6398 0.7638 0.6590 0.7231 0.6590
6 0.9030 0.5775 0.9621 0.5775 0.9621 0.7441 0.9030 0.7441
6 0.4447 0.0023 0.4721 0.0023 0.4721 0.0281 0.4447 0.0281
7 0.0284 0.2846 0.0390 0.2846 0.0390 0.3366 0.0284 0.3366
7 0.7085 0.3572 0.7932 0.3572 0.7932 0.4268 0.7085 0.4268
7 0.4974 0.9147 0.5124 0.9147 0.5124 0.9761 0.4974 0.9761
7 0.5544 0.7095 0.5584 0.7095 0.5584 0.7405 0.5544 0.7405
9 0.9346 0.1814 0.9632 0.1814 0.9632 0.3226 0.9346 0.3226
9 0.6485 0.2447 0.6990 0.2447 0.6990 0.4973 0.6485 0.4973
9 0.5705 0.5564 0.6712 0.5564 0.6712 0.8436 0.5705 0.8436
9 0.3397 0.4258 0.4032 0.4258 0.4032 0.6354 0.3397 0.6354
12 0.4745 0.2539 0.4920 0.2539 0.4920 0.4569 0.4745 0.4569
12 0.2499 0.0523 0.7812 0.0523 0.7812 0.1501 0.2499 0.1501
12 0.7387 0.7918 0.7521 0.7918 0.7521 0.8982 0.7387 0.8982
12 0.8890 0.0860 0.9230 0.0860 0.9230 0.1144 0.8890 0.1144
13 0.6322 0.1347 0.6349 0.1347 0.6349 0.1449 0.6322 0.1449
13 0.9462 0.9331 0.9709 0.9331 0.9709 0.9453 0.9462 0.9453
13 0.7193 0.1367 0.7355 0.1367 0.7355 0.1553 0.7193 0.1553
13 0.3542 0.2280 0.3589 0.2280 0.3589 0.2456 0.3542 0.2456
15 0.0628 0.5370 0.1241 0.5370 0.1241 0.5958 0.0628 0.5958
15 0.4125 0.4094 0.4609 0.4094 0.4609 0.4658 0.4125 0.4658
15 0.4374 0.6635 0.5129 0.6635 0.5129 0.7761 0.4374 0.7761
15 0.5103 0.2544 0.5374 0.2544 0.5374 0.3064 0.5103 0.3064
