0 0.1576 0.3519 0.2587 0.3519 0.2587 0.4329 0.1576 0.4329
0 0.1902 0.3678 0.2855 0.3678 0.2855 0.7070 0.1902 0.7070
0 0.3205 0.2442 0.3664 0.2442 0.3664 0.4442 0.3205 0.4442
0 0.6619 0.4474 0.8067 0.4474 0.8067 0.9950 0.6619 0.9950
1 0.6510 0.4550 0.6527 0.4550 0.6527 0.4878 0.6510 0.4878
1 0.4248 0.5264 0.4530 0.5264 0.4530 0.5392 0.4248 0.5392
1 0.2688 0.1383 0.2732 0.1383 0.2732 0.1545 0.2688 0.1545
1 0.5617 0.8831 0.5663 0.8831 0.5663 0.9425 0.5617 0.9425
2 0.4331 0.3872 0.4778 0.3872 0.4778 0.4588 0.4331 0.4588
2 0.6953 0.7995 0.7912 0.7995 0.7912 0.9505 0.6953 0.9505
2 0.7791 0.8418 0.7986 0.8418 0.7986 0.8790 0.7791 0.8790
2 0.6991 0.1843 0.7423 0.1843 0.7423 0.2145 0.6991 0.2145
3 0.5977 0.4191 0.6043 0.4191 0.6043 0.4661 0.5977 0.4661
3 0.5287 0.8952 0.5381 0.8952 0.5381 0.9620 0.5287 0.9620
3 0.0604 0.2731 0.1784 0.2731 0.1784 0.3009 0.0604 0.3009
3 0.9801 0.4146 0.9904 0.4146 0.9904 0.4934 0.9801 0.4934
4 0.0279 0.9243 0.0533 0.9243 0.0533 0.9377 0.0279 0.9377
4 0.1242 0.2535 0.1378 0.2535 0.1378 0.2629 0.1242 0.2629
4 0.4953 0.0163 0.5150 0.0163 0.5150 0.0433 0.4953 0.0433
4 0.3682 0.0536 0.3835 0.0536 0.3835 0.0616 0.3682 0.0616
6 0.4381 0.7806 0.4527 0.7806 0.4527 0.8014 0.4381 0.8014
6 0.5825 0.1646 0.6095 0.1646 0.6095 0.1734 0.5825 0.1734
6 0.0119 0.1043 0.0590 0.1043 0.0590 0.1705 0.0119 0.1705
6 0.2504 0.2818 0.3644 0.2818 0.3644 0.3622 0.2504 0.3622
7 0.0423 0.2591 0.0669 0.2591 0.0669 0.2717 0.0423 0.2717
7 0.6473 0.4699 0.6658 0.4699 0.6658 0.5457 0.6473 0.5457
7 0.5193 0.6764 0.5404 0.6764 0.5404 0.7700 0.5193 0.7700
7 0.2193 0.0887 0.2258 0.0887 0.2258 0.1477 0.2193 0.1477
9 0.7780 0.0948 0.9157 0.0948 0.9157 0.1400 0.7780 0.1400
9 0.2866 0.0327 0.4386 0.0327 0.4386 0.1197 0.2866 0.1197
9 0.2401 0.6087 0.2839 0.6087 0.2839 0.8273 0.2401 0.8273
9 0.3266 0.6739 0.3540 0.6739 0.3540 0.7697 0.3266 0.7697
12 0.1868 0.4894 0.2137 0.4894 0.2137 0.7490 0.1868 0.7490
12 0.4525 0.4396 0.5061 0.4396 0.5061 0.9552 0.4525 0.9552
12 0.1745 0.3539 0.3012 0.3539 0.3012 0.4045 0.1745 0.4045
12 0.0639 0.0840 0.0733 0.0840 0.0733 0.4104 0.0639 0.4104
13 0.9482 0.1150 0.9560 0.1150 0.9560 0.4282 0.9482 0.4282
13 0.3822 0.7158 0.3846 0.7158 0.3846 0.7910 0.3822 0.7910
13 0.1565 0.4766 0.1735 0.4766 0.1735 0.4962 0.1565 0.4962
13 0.3331 0.8291 0.3458 0.8291 0.3458 0.8409 0.3331 0.8409
15 0.7933 0.3508 0.8641 0.3508 0.8641 0.4332 0.7933 0.4332
15 0.9097 0.8750 0.9703 0.8750 0.9703 0.9458 0.9097 0.9458
15 0.4520 0.8150 0.4860 0.8150 0.4860 0.8774 0.4520 0.8774
15 0.5902 0.8043 0.6843 0.8043 0.6843 0.8945 0.5902 0.8945
