0 0.7004 0.0123 0.8756 0.0123 0.8756 0.0773 0.7004 0.0773
0 0.7171 0.3262 0.8826 0.3262 0.8826 0.8782 0.7171 0.8782
0 0.6579 0.2559 0.8415 0.2559 0.8415 0.3561 0.6579 0.3561
0 0.0954 0.2643 0.1446 0.2643 0.1446 0.9197 0.0954 0.9197
1 0.3289 0.1187 0.3529 0.1187 0.3529 0.1233 0.3289 0.1233
1 0.0248 0.0034 0.0435 0.0034 0.0435 0.0082 0.0248 0.0082
1 0.8619 0.3342 0.8690 0.3342 0.8690 0.4106 0.8619 0.4106
1 0.0626 0.8046 0.0740 0.8046 0.0740 0.9270 0.0626 0.9270
2 0.0362 0.0186 0.2810 0.0186 0.2810 0.1066 0.0362 0.1066
2 0.2016 0.5052 0.3078 0.5052 0.3078 0.5792 0.2016 0.5792
2 0.4686 0.5091 0.5706 0.5091 0.5706 0.5701 0.4686 0.5701
2 0.4742 0.2763 0.5215 0.2763 0.5215 0.3565 0.4742 0.3565
3 0.7334 0.4210 0.7886 0.4210 0.7886 0.4346 0.7334 0.4346
3 0.2310 0.3255 0.2378 0.3255 0.2378 0.3737 0.2310 0.3737
3 0.7871 0.5015 0.8286 0.5015 0.8286 0.5117 0.7871 0.5117
3 0.3082 0.4663 0.3152 0.4663 0.3152 0.5161 0.3082 0.5161
4 0.2560 0.2991 0.2889 0.2991 0.2889 0.3441 0.2560 0.3441
4 0.2648 0.7391 0.2743 0.7391 0.2743 0.7437 0.2648 0.7437
4 0.7940 0.9547 0.8206 0.9547 0.8206 0.9725 0.7940 0.9725
4 0.6819 0.5239 0.7021 0.5239 0.7021 0.5377 0.6819 0.5377
6 0.8828 0.2855 0.9012 0.2855 0.9012 0.3117 0.8828 0.3117
6 0.0465 0.8379 0.0878 0.8379 0.0878 0.9541 0.0465 0.9541
6 0.9239 0.3023 0.9429 0.3023 0.9429 0.3085 0.9239 0.3085
6 0.7956 0.4295 0.8215 0.4295 0.8215 0.4665 0.7956 0.4665
7 0.7829 0.7904 0.7971 0.7904 0.7971 0.8304 0.7829 0.8304
7 0.7765 0.1319 0.7872 0.1319 0.7872 0.1853 0.7765 0.1853
7 0.8811 0.5990 0.8894 0.5990 0.8894 0.6214 0.8811 0.6214
7 0.2316 0.3511 0.2692 0.3511 0.2692 0.4905 0.2316 0.4905
9 0.4962 0.0150 0.6738 0.0150 0.6738 0.1226 0.4962 0.1226
9 0.6908 0.5194 0.7232 0.5194 0.7232 0.6778 0.6908 0.6778
9 0.3305 0.1584 0.4109 0.1584 0.4109 0.2044 0.3305 0.2044
9 0.6265 0.4339 0.6915 0.4339 0.6915 0.6485 0.6265 0.6485
12 0.8574 0.0024 0.9097 0.0024 0.9097 0.5056 0.8574 0.5056
12 0.2776 0.2676 0.3858 0.2676 0.3858 0.2960 0.2776 0.2960
12 0.3922 0.4987 0.4483 0.4987 0.4483 0.5237 0.3922 0.5237
12 0.4602 0.3031 0.5352 0.3031 0.5352 0.3317 0.4602 0.3317
13 0.7216 0.3320 0.7278 0.3320 0.7278 0.3532 0.7216 0.3532
13 0.6616 0.6012 0.6752 0.6012 0.6752 0.6416 0.6616 0.6416
13 0.5220 0.1543 0.5426 0.1543 0.5426 0.1637 0.5220 0.1637
13 0.0751 0.0167 0.1137 0.0167 0.1137 0.0837 0.0751 0.0837
15 0.7894 0.9431 0.8369 0.9431 0.8369 1.0001 0.7894 1.0001
15 0.2813 0.8299 0.3667 0.8299 0.3667 0.9393 0.2813 0.9393
15 0.8779 0.7127 0.9361 0.7127 0.9361 0.7601 0.8779 0.7601
15 0.1636 0.2370 0.2150 0.2370 0.2150 0.2986 0.1636 0.2986
