0 0.5337 0.8444 0.5697 0.8444 0.5697 0.8824 0.5337 0.8824
0 0.7168 0.7604 0.8512 0.7604 0.8512 0.8920 0.7168 0.8920
0 0.4433 0.8987 0.5376 0.8987 0.5376 0.9985 0.4433 0.9985
0 0.1631 0.3215 0.4755 0.3215 0.4755 0.5185 0.1631 0.5185
1 0.4970 0.5060 0.5058 0.5060 0.5058 0.5249 0.4970 0.5249
1 0.5391 0.0699 0.5709 0.0699 0.5709 0.0761 0.5391 0.0761
1 0.6288 0.6683 0.6701 0.6683 0.6701 0.7725 0.6288 0.7725
1 0.6211 0.0579 0.6407 0.0579 0.6407 0.0669 0.6211 0.0669
2 0.7665 0.4607 0.8178 0.4607 0.8178 0.6225 0.7665 0.6225
2 0.6699 0.0152 0.7738 0.0152 0.7738 0.1660 0.6699 0.1660
2 0.3309 0.7926 0.3657 0.7926 0.3657 0.8230 0.3309 0.8230
2 0.4148 0.0091 0.4343 0.0091 0.4343 0.0573 0.4148 0.0573
3 0.6611 0.3206 0.7161 0.3206 0.7161 0.3398 0.6611 0.3398
3 0.2479 0.5383 0.2769 0.5383 0.2769 0.5481 0.2479 0.5481
3 0.5245 0.7518 0.5869 0.7518 0.5869 0.7730 0.5245 0.7730
3 0.7010 0.9151 0.7047 0.9151 0.7047 0.9741 0.7010 0.9741
4 0.2305 0.0058 0.2467 0.0058 0.2467 0.0170 0.2305 0.0170
4 0.2390 0.6534 0.2484 0.6534 0.2484 0.6798 0.2390 0.6798
4 0.3268 0.8264 0.3355 0.8264 0.3355 0.8620 0.3268 0.8620
4 0.5817 0.2103 0.5883 0.2103 0.5883 0.2297 0.5817 0.2297
6 0.8477 0.2698 0.9452 0.2698 0.9452 0.5446 0.8477 0.5446
6 0.0583 0.5666 0.0712 0.5666 0.0712 0.5850 0.0583 0.5850
6 0.5351 0.7027 0.7146 0.7027 0.7146 0.8293 0.5351 0.8293
6 0.0087 0.4295 0.0633 0.4295 0.0633 0.4809 0.0087 0.4809
7 0.7077 0.2904 0.7497 0.2904 0.7497 0.2996 0.7077 0.2996
7 0.7879 0.6726 0.8107 0.6726 0.8107 0.6838 0.7879 0.6838
7 0.4728 0.0931 0.5198 0.0931 0.5198 0.1157 0.4728 0.1157
7 0.9079 0.0795 0.9161 0.0795 0.9161 0.1061 0.9079 0.1061
9 0.5051 0.1936 0.6760 0.1936 0.6760 0.2492 0.5051 0.2492
9 0.3945 0.4484 0.5129 0.4484 0.5129 0.4872 0.3945 0.4872
9 0.9228 0.6024 0.9415 0.6024 0.9415 0.6948 0.9228 0.6948
9 0.7220 0.5322 0.7543 0.5322 0.7543 0.7214 0.7220 0.7214
12 0.5516 0.8716 0.6852 0.8716 0.6852 0.8948 0.5516 0.8948
12 0.5808 0.4591 0.6223 0.4591 0.6223 0.4953 0.5808 0.4953
12 0.8102 0.3396 0.9158 0.3396 0.9158 0.3816 0.8102 0.3816
12 0.1631 0.6355 0.7226 0.6355 0.7226 0.7385 0.1631 0.7385
13 0.7856 0.8756 0.8012 0.8756 0.8012 0.8868 0.7856 0.8868
13 0.1691 0.5023 0.1738 0.5023 0.1738 0.6525 0.1691 0.6525
13 0.9300 0.4084 0.9331 0.4084 0.9331 0.4196 0.9300 0.4196
13 0.4188 0.8315 0.4358 0.8315 0.4358 0.8933 0.4188 0.8933
15 0.4474 0.9156 0.5183 0.9156 0.5183 0.9900 0.4474 0.9900
15 0.1037 0.6978 0.1691 0.6978 0.1691 0.7946 0.1037 0.7946
15 0.6896 0.4950 0.7746 0.4950 0.7746 0.6506 0.6896 0.6506
15 0.2799 0.3039 0.3075 0.3039 0.3075 0.3549 0.2799 0.3549
