0 0.1230 0.1739 0.1770 0.1739 0.1770 0.4093 0.1230 0.4093
0 0.8968 0.2172 0.9692 0.2172 0.9692 0.2752 0.8968 0.2752
0 0.5222 0.3995 0.7738 0.3995 0.7738 0.4617 0.5222 0.4617
0 0.7285 0.4204 0.8969 0.4204 0.8969 0.7076 0.7285 0.7076
1 0.8208 0.4262 0.8235 0.4262 0.8235 0.4498 0.8208 0.4498
1 0.3325 0.7351 0.3367 0.7351 0.3367 0.8161 0.3325 0.8161
1 0.6176 0.7479 0.6492 0.7479 0.6492 0.7541 0.6176 0.7541
1 0.7582 0.5410 0.7695 0.5410 0.7695 0.5458 0.7582 0.5458
2 0.3956 0.7011 0.4504 0.7011 0.4504 0.7413 0.3956 0.7413
2 0.5859 0.7588 0.6001 0.7588 0.6001 0.9276 0.5859 0.9276
2 0.0828 0.5962 0.1478 0.5962 0.1478 0.8014 0.0828 0.8014
2 0.4602 0.3087 0.6366 0.3087 0.6366 0.3397 0.4602 0.3397
3 0.1585 0.1324 0.1638 0.1324 0.1638 0.2196 0.1585 0.2196
3 0.7566 0.4876 0.7620 0.4876 0.7620 0.5260 0.7566 0.5260
3 0.7119 0.3275 0.7538 0.3275 0.7538 0.3377 0.7119 0.3377
3 0.5150 0.8540 0.5730 0.8540 0.5730 0.8720 0.5150 0.8720
4 0.1277 0.1143 0.1569 0.1143 0.1569 0.1301 0.1277 0.1301
4 0.2834 0.6143 0.3035 0.6143 0.3035 0.6665 0.2834 0.6665
4 0.2962 0.6638 0.3127 0.6638 0.3127 0.6874 0.2962 0.6874
4 0.3383 0.5254 0.3506 0.5254 0.3506 0.5434 0.3383 0.5434
6 0.3447 0.9251 0.3601 0.9251 0.3601 0.9469 0.3447 0.9469
6 0.2708 0.6264 0.3661 0.6264 0.3661 0.6712 0.2708 0.6712
6 0.2442 0.5422 0.2778 0.5422 0.2778 0.5738 0.2442 0.5738
6 0.8385 0.2491 0.8858 0.2491 0.8858 0.3825 0.8385 0.3825
7 0.7544 0.2771 0.7770 0.2771 0.7770 0.3265 0.7544 0.3265
7 0.7253 0.6279 0.7524 0.6279 0.7524 0.6401 0.7253 0.6401
7 0.2274 0.1998 0.2491 0.1998 0.2491 0.3514 0.2274 0.3514
7 0.4334 0.2539 0.4598 0.2539 0.4598 0.3057 0.4334 0.3057
9 0.1920 0.3731 0.2440 0.3731 0.2440 0.6333 0.1920 0.6333
9 0.3391 0.2174 0.3715 0.2174 0.3715 0.3246 0.3391 0.3246
9 0.2574 0.1840 0.3529 0.1840 0.3529 0.4560 0.2574 0.4560
9 0.6042 0.8243 0.6470 0.8243 0.6470 0.9653 0.6042 0.9653
12 0.5759 0.3387 0.5956 0.3387 0.5956 0.5669 0.5759 0.5669
12 0.6859 0.6878 0.9761 0.6878 0.9761 0.7526 0.6859 0.7526
12 0.9551 0.5519 0.9723 0.5519 0.9723 0.6393 0.9551 0.6393
12 0.3654 0.2768 0.3875 0.2768 0.3875 0.5344 0.3654 0.5344
13 0.1356 0.1155 0.1521 0.1155 0.1521 0.2541 0.1356 0.2541
13 0.1953 0.5383 0.2144 0.5383 0.2144 0.5561 0.1953 0.5561
13 0.9708 0.8438 0.9781 0.8438 0.9781 0.8698 0.9708 0.8698
13 0.6034 0.6040 0.6060 0.6040 0.6060 0.7920 0.6034 0.7920
15 0.6950 0.0906 0.7175 0.0906 0.7175 0.1330 0.6950 0.1330
15 0.5734 0.7968 0.5943 0.7968 0.5943 0.8392 0.5734 0.8392
15 0.0656 0.4860 0.1738 0.4860 0.1738 0.5788 0.0656 0.5788
15 0.7448 0.1654 0.8238 0.1654 0.8238 0.2570 0.7448 0.2570
