0 0.5688 0.3487 0.9844 0.3487 0.9844 0.6109 0.5688 0.6109
0 0.6947 0.5031 0.7501 0.5031 0.7501 0.7125 0.6947 0.7125
0 0.3126 0.1543 0.4314 0.1543 0.4314 0.3305 0.3126 0.3305
0 0.6096 0.3808 0.8804 0.3808 0.8804 0.4812 0.6096 0.4812
1 0.8253 0.4183 0.8284 0.4183 0.8284 0.4793 0.8253 0.4793
1 0.0885 0.8002 0.0955 0.8002 0.0955 0.8918 0.0885 0.8918
1 0.1784 0.1404 0.1896 0.1404 0.1896 0.2604 0.1784 0.2604
1 0.5774 0.1408 0.6014 0.1408 0.6014 0.1508 0.5774 0.1508
2 0.7357 0.3762 0.8406 0.3762 0.8406 0.5222 0.7357 0.5222
2 0.4811 0.2087 0.4904 0.2087 0.4904 0.3325 0.4811 0.3325
2 0.2680 0.0851 0.3560 0.0851 0.3560 0.2989 0.2680 0.2989
2 0.4245 0.1596 0.5583 0.1596 0.5583 0.2684 0.4245 0.2684
3 0.6402 0.3408 0.6487 0.3408 0.6487 0.4016 0.6402 0.4016
3 0.3217 0.8439 0.4483 0.8439 0.4483 0.8749 0.3217 0.8749
3 0.9387 0.5554 0.9487 0.5554 0.9487 0.6262 0.9387 0.6262
3 0.2468 0.8862 0.2592 0.8862 0.2592 0.9814 0.2468 0.9814
4 0.5179 0.8443 0.5281 0.8443 0.5281 0.8493 0.5179 0.8493
4 0.0640 0.0595 0.0809 0.0595 0.0809 0.0989 0.0640 0.0989
4 0.4548 0.3515 0.5895 0.3515 0.5895 0.3937 0.4548 0.3937
4 0.4127 0.1382 0.4184 0.1382 0.4184 0.1662 0.4127 0.1662
6 0.3642 0.2202 0.3824 0.2202 0.3824 0.2462 0.3642 0.2462
6 0.0520 0.0551 0.1432 0.0551 0.1432 0.3121 0.0520 0.3121
6 0.6728 0.7864 0.7275 0.7864 0.7275 0.9404 0.6728 0.9404
6 0.4008 0.2079 0.4226 0.2079 0.4226 0.2389 0.4008 0.2389
7 0.4488 0.1655 0.4707 0.1655 0.4707 0.2289 0.4488 0.2289
7 0.7380 0.0167 0.7474 0.0167 0.7474 0.0701 0.7380 0.0701
7 0.4964 0.8255 0.5127 0.8255 0.5127 0.8981 0.4964 0.8981
7 0.0093 0.5670 0.0284 0.5670 0.0284 0.7474 0.0093 0.7474
9 0.8428 0.5663 0.8675 0.5663 0.8675 0.7113 0.8428 0.7113
9 0.5919 0.4556 0.6755 0.4556 0.6755 0.7316 0.5919 0.7316
9 0.9174 0.6652 0.9880 0.6652 0.9880 0.8664 0.9174 0.8664
9 0.3628 0.4655 0.5049 0.4655 0.5049 0.5205 0.3628 0.5205
12 0.0650 0.3888 0.0936 0.3888 0.0936 0.6152 0.0650 0.6152
12 0.5696 0.6399 0.5758 0.6399 0.5758 0.8725 0.5696 0.8725
12 0.0066 0.9407 0.0460 0.9407 0.0460 0.9637 0.0066 0.9637
12 0.6699 0.5244 0.6806 0.5244 0.6806 0.5784 0.6699 0.5784
13 0.3514 0.5122 0.3801 0.5122 0.3801 0.5858 0.3514 0.5858
13 0.7359 0.2488 0.7772 0.2488 0.7772 0.2856 0.7359 0.2856
13 0.5151 0.8062 0.5212 0.8062 0.5212 0.8118 0.5151 0.8118
13 0.2942 0.1092 0.3001 0.1092 0.3001 0.1140 0.2942 0.1140
15 0.8957 0.2776 0.9355 0.2776 0.9355 0.3240 0.8957 0.3240
15 0.8428 0.3603 0.9283 0.3603 0.9283 0.4541 0.8428 0.4541
15 0.0783 0.8879 0.1660 0.8879 0.1660 0.9605 0.0783 0.9605
15 0.1714 0.4423 0.2223 0.4423 0.2223 0.5113 0.1714 0.5113
