0 0.2279 0.2364 0.3323 0.2364 0.3323 0.5844 0.2279 0.5844
0 0.1736 0.1911 0.3030 0.1911 0.3030 0.4117 0.1736 0.4117
0 0.6733 0.1484 0.7418 0.1484 0.7418 0.2032 0.6733 0.2032
0 0.2728 0.1506 0.3226 0.1506 0.3226 0.8138 0.2728 0.8138
1 0.9916 0.8235 0.9949 0.8235 0.9949 0.8873 0.9916 0.8873
1 0.5651 0.1614 0.5878 0.1614 0.5878 0.1710 0.5651 0.1710
1 0.2250 0.3451 0.2287 0.3451 0.2287 0.3741 0.2250 0.3741
1 0.3907 0.4666 0.3993 0.4666 0.3993 0.5510 0.3907 0.5510
2 0.0583 0.3923 0.1100 0.3923 0.1100 0.4753 0.0583 0.4753
2 0.3423 0.2814 0.6777 0.2814 0.6777 0.5002 0.3423 0.5002
2 0.1429 0.5210 0.1720 0.5210 0.1720 0.5678 0.1429 0.5678
2 0.3588 0.4771 0.4238 0.4771 0.4238 0.6349 0.3588 0.6349
3 0.2896 0.5298 0.2952 0.5298 0.2952 0.6202 0.2896 0.6202
3 0.0942 0.1471 0.1481 0.1471 0.1481 0.1613 0.0942 0.1613
3 0.3154 0.3691 0.3952 0.3691 0.3952 0.3969 0.3154 0.3969
3 0.9108 0.4332 0.9257 0.4332 0.9257 0.5388 0.9108 0.5388
4 0.2740 0.6944 0.2840 0.6944 0.2840 0.7572 0.2740 0.7572
4 0.5097 0.6451 0.5172 0.6451 0.5172 0.6593 0.5097 0.6593
4 0.3728 0.1676 0.4047 0.1676 0.4047 0.1852 0.3728 0.1852
4 0.1488 0.0743 0.1629 0.0743 0.1629 0.0933 0.1488 0.0933
6 0.2319 0.1080 0.3612 0.1080 0.3612 0.1992 0.2319 0.1992
6 0.3536 0.8798 0.4349 0.8798 0.4349 0.9942 0.3536 0.9942
6 0.6791 0.8827 0.7397 0.8827 0.7397 0.9397 0.6791 0.9397
6 0.7474 0.8782 0.8201 0.8782 0.8201 0.9806 0.7474 0.9806
7 0.6688 0.4399 0.6846 0.4399 0.6846 0.5277 0.6688 0.5277
7 0.6567 0.0686 0.6744 0.0686 0.6744 0.1046 0.6567 0.1046
7 0.4074 0.2611 0.4381 0.2611 0.4381 0.3749 0.4074 0.3749
7 0.3630 0.2979 0.3724 0.2979 0.3724 0.3361 0.3630 0.3361
9 0.9070 0.7210 0.9784 0.7210 0.9784 0.9246 0.9070 0.9246
9 0.0751 0.2882 0.1515 0.2882 0.1515 0.3610 0.0751 0.3610
9 0.9071 0.5651 0.9366 0.5651 0.9366 0.6681 0.9071 0.6681
9 0.0259 0.0255 0.0506 0.0255 0.0506 0.1117 0.0259 0.1117
12 0.1642 0.7464 0.2726 0.7464 0.2726 0.7748 0.1642 0.7748
12 0.0040 0.0566 0.0218 0.0566 0.0218 0.1362 0.0040 0.1362
12 0.8737 0.7922 0.8783 0.7922 0.8783 0.9650 0.8737 0.9650
12 0.5765 0.8242 0.6592 0.8242 0.6592 0.8726 0.5765 0.8726
13 0.5914 0.9456 0.6000 0.9456 0.6000 0.9528 0.5914 0.9528
13 0.4662 0.3088 0.4861 0.3088 0.4861 0.3632 0.4662 0.3632
13 0.5165 0.9078 0.5475 0.9078 0.5475 0.9874 0.5165 0.9874
13 0.2571 0.0104 0.3220 0.0104 0.3220 0.0152 0.2571 0.0152
15 0.0114 0.7622 0.1103 0.7622 0.1103 0.8646 0.0114 0.8646
15 0.7379 0.2427 0.7923 0.2427 0.7923 0.2877 0.7379 0.2877
15 0.1416 0.5134 0.1824 0.5134 0.1824 0.5710 0.1416 0.5710
15 0.6282 0.2164 0.6649 0.2164 0.6649 0.2940 0.6282 0.2940
