0 0.1771 0.6323 0.2215 0.6323 0.2215 0.9765 0.1771 0.9765
0 0.0199 0.3548 0.1578 0.3548 0.1578 0.9228 0.0199 0.9228
0 0.9168 0.2843 0.9474 0.2843 0.9474 0.4177 0.9168 0.4177
0 0.0451 0.6475 0.1195 0.6475 0.1195 0.7261 0.0451 0.7261
1 0.4897 0.5234 0.4949 0.5234 0.4949 0.5902 0.4897 0.5902
1 0.4574 0.3298 0.4801 0.3298 0.4801 0.3394 0.4574 0.3394
1 0.4126 0.4200 0.4223 0.4200 0.4223 0.4556 0.4126 0.4556
1 0.7225 0.1996 0.7438 0.1996 0.7438 0.2456 0.7225 0.2456
2 0.3777 0.7635 0.6463 0.7635 0.6463 0.9265 0.3777 0.9265
2 0.2114 0.7387 0.3006 0.7387 0.3006 0.8905 0.2114 0.8905
2 0.0614 0.1235 0.3398 0.1235 0.3398 0.2925 0.0614 0.2925
2 0.6593 0.7476 0.7430 0.7476 0.7430 0.8352 0.6593 0.8352
3 0.0262 0.4062 0.1109 0.4062 0.1109 0.4262 0.0262 0.4262
3 0.8074 0.5247 0.9161 0.5247 0.9161 0.5505 0.8074 0.5505
3 0.8822 0.1683 0.8875 0.1683 0.8875 0.2053 0.8822 0.2053
3 0.6619 0.1803 0.7898 0.1803 0.7898 0.2105 0.6619 0.2105
4 0.3140 0.8142 0.3186 0.8142 0.3186 0.8214 0.3140 0.8214
4 0.0273 0.3900 0.0447 0.3900 0.0447 0.3992 0.0273 0.3992
4 0.1183 0.6031 0.1649 0.6031 0.1649 0.6145 0.1183 0.6145
4 0.6891 0.2023 0.6969 0.2023 0.6969 0.2517 0.6891 0.2517
6 0.1516 0.2200 0.2344 0.2200 0.2344 0.3364 0.1516 0.3364
6 0.6219 0.2508 0.6441 0.2508 0.6441 0.2824 0.6219 0.2824
6 0.8797 0.7199 0.9432 0.7199 0.9432 0.8093 0.8797 0.8093
6 0.9005 0.1959 0.9469 0.1959 0.9469 0.2109 0.9005 0.2109
7 0.3363 0.0900 0.3452 0.0900 0.3452 0.1324 0.3363 0.1324
7 0.5671 0.8843 0.5866 0.8843 0.5866 0.8961 0.5671 0.8961
7 0.7931 0.1144 0.8143 0.1144 0.8143 0.2452 0.7931 0.2452
7 0.5571 0.8703 0.5598 0.8703 0.5598 0.8921 0.5571 0.8921
9 0.6388 0.8251 0.7598 0.8251 0.7598 0.8985 0.6388 0.8985
9 0.3294 0.1699 0.4743 0.1699 0.4743 0.2529 0.3294 0.2529
9 0.5422 0.1972 0.5841 0.1972 0.5841 0.4016 0.5422 0.4016
9 0.3148 0.9007 0.4949 0.9007 0.4949 0.9705 0.3148 0.9705
12 0.4219 0.3523 0.5255 0.3523 0.5255 0.3917 0.4219 0.3917
12 0.6097 0.5866 0.6995 0.5866 0.6995 0.6266 0.6097 0.6266
12 0.0882 0.8555 0.7284 0.8555 0.7284 0.9733 0.0882 0.9733
12 0.9810 0.3715 0.9919 0.3715 0.9919 0.4477 0.9810 0.4477
13 0.5522 0.8243 0.5618 0.8243 0.5618 0.8437 0.5522 0.8437
13 0.3403 0.4115 0.3637 0.4115 0.3637 0.4257 0.3403 0.4257
13 0.3830 0.6410 0.3938 0.6410 0.3938 0.6534 0.3830 0.6534
13 0.0079 0.4099 0.0230 0.4099 0.0230 0.4549 0.0079 0.4549
15 0.2151 0.8902 0.2838 0.8902 0.2838 0.9702 0.2151 0.9702
15 0.2402 0.6243 0.2743 0.6243 0.2743 0.6641 0.2402 0.6641
15 0.6583 0.9338 0.6803 0.9338 0.6803 0.9754 0.6583 0.9754
15 0.8503 0.6390 0.9260 0.6390 0.9260 0.7298 0.8503 0.7298
