0 0.2844 0.3551 0.3536 0.3551 0.3536 0.4281 0.2844 0.4281
0 0.0605 0.7543 0.1170 0.7543 0.1170 0.8725 0.0605 0.8725
0 0.5240 0.5375 0.6275 0.5375 0.6275 0.8825 0.5240 0.8825
0 0.6491 0.5786 0.7700 0.5786 0.7700 0.8314 0.6491 0.8314
1 0.7091 0.5399 0.7566 0.5399 0.7566 0.6597 0.7091 0.6597
1 0.2231 0.3684 0.2260 0.3684 0.2260 0.3916 0.2231 0.3916
1 0.7622 0.2140 0.7650 0.2140 0.7650 0.2364 0.7622 0.2364
1 0.7633 0.9531 0.7710 0.9531 0.7710 0.9809 0.7633 0.9809
2 0.0345 0.5638 0.2255 0.5638 0.2255 0.6798 0.0345 0.6798
2 0.1751 0.3243 0.2955 0.3243 0.2955 0.4241 0.1751 0.4241
2 0.3034 0.2076 0.3172 0.2076 0.3172 0.2384 0.3034 0.2384
2 0.2873 0.2639 0.3776 0.2639 0.3776 0.3341 0.2873 0.3341
3 0.2365 0.6170 0.2893 0.6170 0.2893 0.6350 0.2365 0.6350
3 0.1014 0.7931 0.1166 0.7931 0.1166 0.9013 0.1014 0.9013
3 0.1600 0.2158 0.2129 0.2158 0.2129 0.2366 0.1600 0.2366
3 0.7182 0.7648 0.8492 0.7648 0.8492 0.7960 0.7182 0.7960
4 0.7591 0.9006 0.7809 0.9006 0.7809 0.9122 0.7591 0.9122
4 0.6170 0.7075 0.6230 0.7075 0.6230 0.7249 0.6170 0.7249
4 0.0493 0.1382 0.0655 0.1382 0.0655 0.1470 0.0493 0.1470
4 0.5674 0.6319 0.5760 0.6319 0.5760 0.6625 0.5674 0.6625
6 0.7948 0.8692 0.8561 0.8692 0.8561 0.8980 0.7948 0.8980
6 0.7845 0.4495 0.8181 0.4495 0.8181 0.4653 0.7845 0.4653
6 0.1079 0.1467 0.1826 0.1467 0.1826 0.2517 0.1079 0.2517
6 0.2465 0.1602 0.3081 0.1602 0.3081 0.2470 0.2465 0.2470
7 0.6631 0.8311 0.6781 0.8311 0.6781 0.8829 0.6631 0.8829
7 0.2568 0.0095 0.2686 0.0095 0.2686 0.0357 0.2568 0.0357
7 0.1125 0.7643 0.1332 0.7643 0.1332 0.8489 0.1125 0.8489
7 0.6793 0.7627 0.6947 0.7627 0.6947 0.8117 0.6793 0.8117
9 0.1931 0.0839 0.3512 0.0839 0.3512 0.1797 0.1931 0.1797
9 0.6622 0.7239 0.6990 0.7239 0.6990 0.9085 0.6622 0.9085
9 0.1588 0.2947 0.2001 0.2947 0.2001 0.5077 0.1588 0.5077
9 0.6739 0.2607 0.7381 0.2607 0.7381 0.4729 0.6739 0.4729
12 0.2185 0.2240 0.2657 0.2240 0.2657 0.6796 0.2185 0.6796
12 0.2311 0.3019 0.2838 0.3019 0.2838 0.3157 0.2311 0.3157
12 0.0774 0.2403 0.1543 0.2403 0.1543 0.9797 0.0774 0.9797
12 0.9671 0.1999 0.9801 0.1999 0.9801 0.3029 0.9671 0.3029
13 0.3399 0.0404 0.3495 0.0404 0.3495 0.0600 0.3399 0.0600
13 0.4079 0.9239 0.4641 0.9239 0.4641 0.9745 0.4079 0.9745
13 0.8577 0.5038 0.8720 0.5038 0.8720 0.5158 0.8577 0.5158
13 0.4471 0.7028 0.4706 0.7028 0.4706 0.7240 0.4471 0.7240
15 0.8065 0.8012 0.8557 0.8012 0.8557 0.8728 0.8065 0.8728
15 0.5996 0.3718 0.6538 0.3718 0.6538 0.4350 0.5996 0.4350
15 0.8933 0.1571 0.9416 0.1571 0.9416 0.2225 0.8933 0.2225
15 0.2262 0.7231 0.2555 0.7231 0.2555 0.7637 0.2262 0.7637
