0 0.6725 0.0899 0.7112 0.0899 0.7112 0.6053 0.6725 0.6053
0 0.1943 0.0363 0.2326 0.0363 0.2326 0.2033 0.1943 0.2033
0 0.6905 0.0734 0.7547 0.0734 0.7547 0.1414 0.6905 0.1414
0 0.6822 0.2650 0.8198 0.2650 0.8198 0.5430 0.6822 0.5430
1 0.2465 0.0244 0.2575 0.0244 0.2575 0.0464 0.2465 0.0464
1 0.7148 0.2030 0.7366 0.2030 0.7366 0.2130 0.7148 0.2130
1 0.3693 0.9702 0.3961 0.9702 0.3961 0.9754 0.3693 0.9754
1 0.3605 0.9399 0.3695 0.9399 0.3695 0.9729 0.3605 0.9729
2 0.2170 0.1511 0.2410 0.1511 0.2410 0.2337 0.2170 0.2337
2 0.2987 0.0691 0.3435 0.0691 0.3435 0.2233 0.2987 0.2233
2 0.1490 0.6699 0.2144 0.6699 0.2144 0.7649 0.1490 0.7649
2 0.8774 0.7040 0.9806 0.7040 0.9806 0.8540 0.8774 0.8540
3 0.7080 0.2128 0.7517 0.2128 0.7517 0.2280 0.7080 0.2280
3 0.8800 0.8754 0.8932 0.8754 0.8932 0.9270 0.8800 0.9270
3 0.3553 0.0120 0.3655 0.0120 0.3655 0.0840 0.3553 0.0840
3 0.2059 0.6239 0.2592 0.6239 0.2592 0.6381 0.2059 0.6381
4 0.1705 0.8567 0.1846 0.8567 0.1846 0.8689 0.1705 0.8689
4 0.9096 0.3075 0.9249 0.3075 0.9249 0.3281 0.9096 0.3281
4 0.1702 0.7442 0.1818 0.7442 0.1818 0.7522 0.1702 0.7522
4 0.3902 0.6102 0.4226 0.6102 0.4226 0.6170 0.3902 0.6170
6 0.2902 0.8320 0.3318 0.8320 0.3318 0.8516 0.2902 0.8516
6 0.9370 0.7316 0.9996 0.7316 0.9996 0.7904 0.9370 0.7904
6 0.7260 0.2931 0.9606 0.2931 0.9606 0.4585 0.7260 0.4585
6 0.4897 0.6994 0.5403 0.6994 0.5403 0.7706 0.4897 0.7706
7 0.6627 0.5079 0.6759 0.5079 0.6759 0.5341 0.6627 0.5341
7 0.4897 0.3572 0.5075 0.3572 0.5075 0.4320 0.4897 0.4320
7 0.2099 0.3632 0.2238 0.3632 0.2238 0.4188 0.2099 0.4188
7 0.6397 0.9090 0.6583 0.9090 0.6583 0.9698 0.6397 0.9698
9 0.8562 0.5767 0.9755 0.5767 0.9755 0.6229 0.8562 0.6229
9 0.1690 0.3828 0.3012 0.3828 0.3012 0.4628 0.1690 0.4628
9 0.6637 0.6066 0.6877 0.6066 0.6877 0.7238 0.6637 0.7238
9 0.0229 0.4454 0.0746 0.4454 0.0746 0.7122 0.0229 0.7122
12 0.0345 0.3092 0.0909 0.3092 0.0909 0.3624 0.0345 0.3624
12 0.2282 0.4859 0.3370 0.4859 0.3370 0.5049 0.2282 0.5049
12 0.8625 0.0712 0.8912 0.0712 0.8912 0.1996 0.8625 0.1996
12 0.5153 0.3454 0.5716 0.3454 0.5716 0.8886 0.5153 0.8886
13 0.7634 0.0258 0.7695 0.0258 0.7695 0.0486 0.7634 0.0486
13 0.1673 0.6502 0.1941 0.6502 0.1941 0.6666 0.1673 0.6666
13 0.8271 0.5530 0.8543 0.5530 0.8543 0.5742 0.8271 0.5742
13 0.8287 0.0327 0.8464 0.0327 0.8464 0.0649 0.8287 0.0649
15 0.6273 0.2812 0.6804 0.2812 0.6804 0.3448 0.6273 0.3448
15 0.6046 0.9228 0.6357 0.9228 0.6357 0.9688 0.6046 0.9688
15 0.1434 0.0544 0.1951 0.0544 0.1951 0.1304 0.1434 0.1304
15 0.7484 0.3080 0.7987 0.3080 0.7987 0.3488 0.7484 0.3488
