0 0.1708 0.1899 0.2880 0.1899 0.2880 0.4889 0.1708 0.4889
0 0.7957 0.2295 0.9866 0.2295 0.9866 0.7549 0.7957 0.7549
0 0.7340 0.5179 0.9849 0.5179 0.9849 0.6761 0.7340 0.6761
0 0.0488 0.1808 0.1032 0.1808 0.1032 0.6020 0.0488 0.6020
1 0.7351 0.4892 0.7560 0.4892 0.7560 0.5420 0.7351 0.5420
1 0.1886 0.1503 0.1926 0.1503 0.1926 0.1649 0.1886 0.1649
1 0.4851 0.2975 0.5015 0.2975 0.5015 0.3049 0.4851 0.3049
1 0.0622 0.5931 0.0886 0.5931 0.0886 0.6597 0.0622 0.6597
2 0.5908 0.2503 0.6358 0.2503 0.6358 0.3549 0.5908 0.3549
2 0.6271 0.1092 0.9584 0.1092 0.9584 0.3252 0.6271 0.3252
2 0.4485 0.1644 0.4875 0.1644 0.4875 0.1984 0.4485 0.1984
2 0.6991 0.6199 0.7624 0.6199 0.7624 0.7669 0.6991 0.7669
3 0.0673 0.0427 0.0793 0.0427 0.0793 0.1277 0.0673 0.1277
3 0.7605 0.1658 0.7743 0.1658 0.7743 0.2634 0.7605 0.2634
3 0.7782 0.5220 0.7852 0.5220 0.7852 0.5712 0.7782 0.5712
3 0.2485 0.5223 0.2646 0.5223 0.2646 0.6457 0.2485 0.6457
4 0.5087 0.2843 0.5299 0.2843 0.5299 0.4589 0.5087 0.4589
4 0.5597 0.7051 0.5709 0.7051 0.5709 0.8189 0.5597 0.8189
4 0.3431 0.9836 0.3672 0.9836 0.3672 0.9896 0.3431 0.9896
4 0.1608 0.4066 0.1649 0.4066 0.1649 0.4198 0.1608 0.4198
6 0.6173 0.3347 0.6316 0.3347 0.6316 0.3549 0.6173 0.3549
6 0.2294 0.7279 0.2520 0.7279 0.2520 0.7353 0.2294 0.7353
6 0.0667 0.0778 0.1153 0.0778 0.1153 0.2146 0.0667 0.2146
6 0.6882 0.8170 0.8776 0.8170 0.8776 0.9506 0.6882 0.9506
7 0.9834 0.3708 0.9932 0.3708 0.9932 0.3992 0.9834 0.3992
7 0.0034 0.1096 0.0106 0.1096 0.0106 0.1696 0.0034 0.1696
7 0.1302 0.1263 0.1449 0.1263 0.1449 0.1345 0.1302 0.1345
7 0.0525 0.0207 0.0638 0.0207 0.0638 0.0633 0.0525 0.0633
9 0.7833 0.1447 0.9572 0.1447 0.9572 0.2121 0.7833 0.2121
9 0.7285 0.0402 0.7807 0.0402 0.7807 0.3094 0.7285 0.3094
9 0.0413 0.5160 0.0981 0.5160 0.0981 0.8008 0.0413 0.8008
9 0.2050 0.3771 0.2218 0.3771 0.2218 0.4757 0.2050 0.4757
12 0.2500 0.2115 0.2683 0.2115 0.2683 0.4237 0.2500 0.4237
12 0.7100 0.1198 0.7466 0.1198 0.7466 0.1518 0.7100 0.1518
12 0.3373 0.2543 0.3909 0.2543 0.3909 0.2857 0.3373 0.2857
12 0.5328 0.3328 0.5360 0.3328 0.5360 0.4528 0.5328 0.4528
13 0.9662 0.6387 0.9727 0.6387 0.9727 0.6829 0.9662 0.6829
13 0.1197 0.8039 0.1423 0.8039 0.1423 0.8993 0.1197 0.8993
13 0.2111 0.3034 0.2263 0.3034 0.2263 0.3174 0.2111 0.3174
13 0.4368 0.4943 0.4543 0.4943 0.4543 0.5681 0.4368 0.5681
15 0.4685 0.2770 0.4921 0.2770 0.4921 0.3218 0.4685 0.3218
15 0.2623 0.4846 0.3709 0.4846 0.3709 0.6106 0.2623 0.6106
15 0.0914 0.1747 0.1835 0.1747 0.1835 0.2537 0.0914 0.2537
15 0.8194 0.8072 0.8923 0.8072 0.8923 0.9144 0.8194 0.9144
