0 0.8713 0.5748 0.9853 0.5748 0.9853 0.9548 0.8713 0.9548
0 0.4510 0.6484 0.5315 0.6484 0.5315 0.7128 0.4510 0.7128
0 0.7468 0.0790 0.9646 0.0790 0.9646 0.1978 0.7468 0.1978
0 0.2288 0.1938 0.3235 0.1938 0.3235 0.5518 0.2288 0.5518
1 0.1691 0.2015 0.1869 0.2015 0.1869 0.2169 0.1691 0.2169
1 0.7182 0.3404 0.7215 0.3404 0.7215 0.3696 0.7182 0.3696
1 0.9413 0.7554 0.9527 0.7554 0.9527 0.7602 0.9413 0.7602
1 0.4188 0.8719 0.4232 0.8719 0.4232 0.9069 0.4188 0.9069
2 0.7108 0.0666 0.8984 0.0666 0.8984 0.1890 0.7108 0.1890
2 0.0421 0.6651 0.2176 0.6651 0.2176 0.8077 0.0421 0.8077
2 0.4787 0.3072 0.5447 0.3072 0.5447 0.4292 0.4787 0.4292
2 0.4225 0.8518 0.5398 0.8518 0.5398 0.9570 0.4225 0.9570
3 0.7685 0.5650 0.7913 0.5650 0.7913 0.7398 0.7685 0.7398
3 0.0313 0.5798 0.0567 0.5798 0.0567 0.7606 0.0313 0.7606
3 0.8974 0.5563 0.9835 0.5563 0.9835 0.5769 0.8974 0.5769
3 0.2831 0.6284 0.3481 0.6284 0.3481 0.6456 0.2831 0.6456
4 0.0445 0.6984 0.0541 0.6984 0.0541 0.7124 0.0445 0.7124
4 0.2162 0.3379 0.2241 0.3379 0.2241 0.3633 0.2162 0.3633
4 0.1643 0.1924 0.1954 0.1924 0.1954 0.2092 0.1643 0.2092
4 0.7116 0.7371 0.7261 0.7371 0.7261 0.8705 0.7116 0.8705
6 0.2345 0.5231 0.5064 0.5231 0.5064 0.7149 0.2345 0.7149
6 0.4065 0.4895 0.4752 0.4895 0.4752 0.6829 0.4065 0.6829
6 0.0902 0.3847 0.1067 0.3847 0.1067 0.4081 0.0902 0.4081
6 0.2880 0.3295 0.5360 0.3295 0.5360 0.5045 0.2880 0.5045
7 0.8256 0.2419 0.8475 0.2419 0.8475 0.2505 0.8256 0.2505
7 0.2711 0.7159 0.2832 0.7159 0.2832 0.7601 0.2711 0.7601
7 0.8711 0.7767 0.8849 0.7767 0.8849 0.7841 0.8711 0.7841
7 0.3382 0.0915 0.3441 0.0915 0.3441 0.1197 0.3382 0.1197
9 0.3233 0.3647 0.4390 0.3647 0.4390 0.4309 0.3233 0.4309
9 0.0554 0.2383 0.1269 0.2383 0.1269 0.4693 0.0554 0.4693
9 0.0302 0.5296 0.1838 0.5296 0.1838 0.5800 0.0302 0.5800
9 0.5559 0.3343 0.6375 0.3343 0.6375 0.4121 0.5559 0.4121
12 0.4144 0.2955 0.5176 0.2955 0.5176 0.3413 0.4144 0.3413
12 0.8276 0.2267 0.9175 0.2267 0.9175 0.2625 0.8276 0.2625
12 0.8405 0.2208 0.8689 0.2208 0.8689 0.2456 0.8405 0.2456
12 0.6968 0.7064 0.7152 0.7064 0.7152 0.8364 0.6968 0.8364
13 0.4487 0.0122 0.4567 0.0122 0.4567 0.0198 0.4487 0.0198
13 0.2791 0.3456 0.3100 0.3456 0.3100 0.3992 0.2791 0.3992
13 0.5764 0.6036 0.5933 0.6036 0.5933 0.6536 0.5764 0.6536
13 0.7811 0.5406 0.8298 0.5406 0.8298 0.5846 0.7811 0.5846
15 0.1294 0.3856 0.2415 0.3856 0.2415 0.5016 0.1294 0.5016
15 0.8276 0.3527 0.8770 0.3527 0.8770 0.4429 0.8276 0.4429
15 0.2131 0.2207 0.2646 0.2207 0.2646 0.2809 0.2131 0.2809
15 0.8696 0.4910 0.9741 0.4910 0.9741 0.6134 0.8696 0.6134
