0 0.8742 0.7359 0.9784 0.7359 0.9784 0.9537 0.8742 0.9537
0 0.4751 0.3960 0.7278 0.3960 0.7278 0.4584 0.4751 0.4584
0 0.5388 0.2380 0.6621 0.2380 0.6621 0.7460 0.5388 0.7460
0 0.2774 0.8632 0.3111 0.8632 0.3111 0.8988 0.2774 0.8988
1 0.3496 0.4071 0.3535 0.4071 0.3535 0.4381 0.3496 0.4381
1 0.1942 0.7484 0.1998 0.7484 0.1998 0.8200 0.1942 0.8200
1 0.6336 0.0351 0.6378 0.0351 0.6378 0.0889 0.6336 0.0889
1 0.0525 0.2832 0.0555 0.2832 0.0555 0.3096 0.0525 0.3096
2 0.5496 0.3406 0.7650 0.3406 0.7650 0.5190 0.5496 0.5190
2 0.2267 0.1114 0.3093 0.1114 0.3093 0.1238 0.2267 0.1238
2 0.6842 0.5884 0.7670 0.5884 0.7670 0.7416 0.6842 0.7416
2 0.7628 0.1927 0.7877 0.1927 0.7877 0.2049 0.7628 0.2049
3 0.5471 0.8783 0.5611 0.8783 0.5611 0.9857 0.5471 0.9857
3 0.7271 0.4271 0.7337 0.4271 0.7337 0.4741 0.7271 0.4741
3 0.4345 0.0891 0.4401 0.0891 0.4401 0.1793 0.4345 0.1793
3 0.2987 0.7876 0.3153 0.7876 0.3153 0.9052 0.2987 0.9052
4 0.2928 0.4876 0.3080 0.4876 0.3080 0.5004 0.2928 0.5004
4 0.2584 0.8139 0.3007 0.8139 0.3007 0.8245 0.2584 0.8245
4 0.5439 0.5043 0.5552 0.5043 0.5552 0.5297 0.5439 0.5297
4 0.0331 0.4371 0.0500 0.4371 0.0500 0.4465 0.0331 0.4465
6 0.9614 0.0392 0.9989 0.0392 0.9989 0.0920 0.9614 0.0920
6 0.4822 0.2551 0.5307 0.2551 0.5307 0.3233 0.4822 0.3233
6 0.6287 0.1151 0.6641 0.1151 0.6641 0.1649 0.6287 0.1649
6 0.2484 0.4359 0.2750 0.4359 0.2750 0.4737 0.2484 0.4737
7 0.1366 0.1139 0.1529 0.1139 0.1529 0.1221 0.1366 0.1221
7 0.1151 0.4328 0.1454 0.4328 0.1454 0.4416 0.1151 0.4416
7 0.6359 0.0078 0.6633 0.0078 0.6633 0.1246 0.6359 0.1246
7 0.1931 0.7571 0.2015 0.7571 0.2015 0.7881 0.1931 0.7881
9 0.2740 0.2098 0.4780 0.2098 0.4780 0.3334 0.2740 0.3334
9 0.6470 0.3607 0.7170 0.3607 0.7170 0.5913 0.6470 0.5913
9 0.2468 0.5094 0.3437 0.5094 0.3437 0.5650 0.2468 0.5650
9 0.4124 0.7823 0.7184 0.7823 0.7184 0.8829 0.4124 0.8829
12 0.4866 0.1192 0.4943 0.1192 0.4943 0.4064 0.4866 0.4064
12 0.5717 0.9484 0.6529 0.9484 0.6529 0.9808 0.5717 0.9808
12 0.4171 0.4110 0.4466 0.4110 0.4466 0.5322 0.4171 0.5322
12 0.3076 0.8642 0.8113 0.8642 0.8113 0.9570 0.3076 0.9570
13 0.1050 0.9335 0.1192 0.9335 0.1192 0.9465 0.1050 0.9465
13 0.4956 0.0023 0.5204 0.0023 0.5204 0.0473 0.4956 0.0473
13 0.7226 0.6723 0.7317 0.6723 0.7317 0.6761 0.7226 0.6761
13 0.6065 0.3004 0.6275 0.3004 0.6275 0.3320 0.6065 0.3320
15 0.7671 0.3834 0.7863 0.3834 0.7863 0.4110 0.7671 0.4110
15 0.4745 0.3123 0.5569 0.3123 0.5569 0.4045 0.4745 0.4045
15 0.0130 0.1314 0.0756 0.1314 0.0756 0.2234 0.0130 0.2234
15 0.6797 0.5887 0.7778 0.5887 0.7778 0.6853 0.6797 0.6853
