0 0.3605 0.2499 0.4589 0.2499 0.4589 0.6001 0.3605 0.6001
0 0.8562 0.2003 0.9369 0.2003 0.9369 0.4381 0.8562 0.4381
0 0.2145 0.0099 0.3281 0.0099 0.3281 0.3885 0.2145 0.3885
0 0.6294 0.5968 0.7318 0.5968 0.7318 0.8036 0.6294 0.8036
1 0.8056 0.7423 0.8172 0.7423 0.8172 0.7805 0.8056 0.7805
1 0.1961 0.3259 0.1996 0.3259 0.1996 0.3533 0.1961 0.3533
1 0.3763 0.0259 0.3795 0.0259 0.3795 0.0541 0.3763 0.0541
1 0.7680 0.5664 0.8014 0.5664 0.8014 0.5728 0.7680 0.5728
2 0.1048 0.2006 0.1518 0.2006 0.1518 0.2762 0.1048 0.2762
2 0.1722 0.7091 0.1889 0.7091 0.1889 0.9041 0.1722 0.9041
2 0.5199 0.3870 0.5652 0.3870 0.5652 0.4006 0.5199 0.4006
2 0.9530 0.7674 0.9847 0.7674 0.9847 0.7950 0.9530 0.7950
3 0.2868 0.4379 0.3006 0.4379 0.3006 0.5357 0.2868 0.5357
3 0.9099 0.1768 0.9809 0.1768 0.9809 0.1956 0.9099 0.1956
3 0.0204 0.6879 0.0361 0.6879 0.0361 0.7997 0.0204 0.7997
3 0.3305 0.4247 0.3398 0.4247 0.3398 0.4913 0.3305 0.4913
4 0.4328 0.8815 0.4397 0.8815 0.4397 0.8937 0.4328 0.8937
4 0.5645 0.1115 0.5801 0.1115 0.5801 0.1345 0.5645 0.1345
4 0.2177 0.5010 0.2223 0.5010 0.2223 0.5078 0.2177 0.5078
4 0.0968 0.5375 0.1109 0.5375 0.1109 0.5493 0.0968 0.5493
6 0.4865 0.4615 0.5300 0.4615 0.5300 0.5841 0.4865 0.5841
6 0.2779 0.6631 0.5141 0.6631 0.5141 0.8297 0.2779 0.8297
6 0.8342 0.8672 0.9981 0.8672 0.9981 0.9828 0.8342 0.9828
6 0.5757 0.2882 0.8200 0.2882 0.8200 0.4606 0.5757 0.4606
7 0.3431 0.5418 0.3546 0.5418 0.3546 0.5922 0.3431 0.5922
7 0.7180 0.8846 0.7463 0.8846 0.7463 0.9538 0.7180 0.9538
7 0.6405 0.0938 0.6552 0.0938 0.6552 0.2330 0.6405 0.2330
7 0.5143 0.8319 0.5312 0.8319 0.5312 0.8849 0.5143 0.8849
9 0.0519 0.2990 0.1170 0.2990 0.1170 0.4846 0.0519 0.4846
9 0.6588 0.0147 0.9415 0.0147 0.9415 0.1077 0.6588 0.1077
9 0.0019 0.4460 0.0489 0.4460 0.0489 0.6100 0.0019 0.6100
9 0.3477 0.8446 0.3778 0.8446 0.3778 0.9498 0.3477 0.9498
12 0.0597 0.6204 0.0741 0.6204 0.0741 0.6932 0.0597 0.6932
12 0.2139 0.5467 0.2410 0.5467 0.2410 0.6577 0.2139 0.6577
12 0.1254 0.6055 0.1421 0.6055 0.1421 0.6901 0.1254 0.6901
13 0.5911 0.8160 0.5998 0.8160 0.5998 0.8300 0.5911 0.8300
13 0.6254 0.2392 0.6309 0.2392 0.6309 0.2444 0.6254 0.2444
13 0.7951 0.6779 0.8069 0.6779 0.8069 0.7017 0.7951 0.7017
13 0.0823 0.6871 0.0900 0.6871 0.0900 0.7153 0.0823 0.7153
15 0.8746 0.4448 0.9123 0.4448 0.9123 0.5212 0.8746 0.5212
15 0.2017 0.7771 0.2746 0.7771 0.2746 0.8705 0.2017 0.8705
15 0.5528 0.1619 0.5823 0.1619 0.5823 0.2185 0.5528 0.2185
15 0.6728 0.5044 0.7089 0.5044 0.7089 0.5576 0.6728 0.5576
