0 0.1925 0.2107 0.2321 0.2107 0.2321 0.7373 0.1925 0.7373
0 0.2657 0.3438 0.3743 0.3438 0.3743 0.6638 0.2657 0.6638
0 0.1166 0.5932 0.1926 0.5932 0.1926 0.6736 0.1166 0.6736
0 0.1705 0.8327 0.3650 0.8327 0.3650 0.9049 0.1705 0.9049
1 0.6250 0.8978 0.6484 0.8978 0.6484 0.9038 0.6250 0.9038
1 0.5886 0.0035 0.6223 0.0035 0.6223 0.0101 0.5886 0.0101
1 0.3562 0.0663 0.3744 0.0663 0.3744 0.0709 0.3562 0.0709
1 0.3102 0.0519 0.3289 0.0519 0.3289 0.0605 0.3102 0.0605
2 0.5459 0.4007 0.5609 0.4007 0.5609 0.4173 0.5459 0.4173
2 0.6806 0.5471 0.6834 0.5471 0.6834 0.5889 0.6806 0.5889
2 0.5486 0.7300 0.6074 0.7300 0.6074 0.7608 0.5486 0.7608
2 0.3963 0.2943 0.5309 0.2943 0.5309 0.9409 0.3963 0.9409
3 0.8013 0.1560 0.8601 0.1560 0.8601 0.1700 0.8013 0.1700
3 0.2939 0.0220 0.3092 0.0220 0.3092 0.1364 0.2939 0.1364
3 0.7342 0.1011 0.7501 0.1011 0.7501 0.2229 0.7342 0.2229
3 0.8605 0.6615 0.9001 0.6615 0.9001 0.6749 0.8605 0.6749
4 0.7288 0.4651 0.7401 0.4651 0.7401 0.4945 0.7288 0.4945
4 0.9699 0.0723 0.9835 0.0723 0.9835 0.0917 0.9699 0.0917
4 0.3020 0.9504 0.3083 0.9504 0.3083 0.9596 0.3020 0.9596
4 0.8639 0.6935 0.8976 0.6935 0.8976 0.7117 0.8639 0.7117
6 0.0968 0.9627 0.1272 0.9627 0.1272 0.9725 0.0968 0.9725
6 0.7893 0.2363 0.9144 0.2363 0.9144 0.3245 0.7893 0.3245
6 0.4722 0.0516 0.6815 0.0516 0.6815 0.1992 0.4722 0.1992
6 0.3127 0.2578 0.3558 0.2578 0.3558 0.2718 0.3127 0.2718
7 0.7774 0.8031 0.7952 0.8031 0.7952 0.8789 0.7774 0.8789
7 0.5697 0.3519 0.5980 0.3519 0.5980 0.4729 0.5697 0.4729
7 0.3760 0.7400 0.3892 0.7400 0.3892 0.7472 0.3760 0.7472
7 0.6579 0.3316 0.6655 0.3316 0.6655 0.3760 0.6579 0.3760
9 0.9733 0.8922 0.9936 0.8922 0.9936 0.9922 0.9733 0.9922
9 0.1168 0.3136 0.1632 0.3136 0.1632 0.4636 0.1168 0.4636
9 0.7388 0.9351 0.8272 0.9351 0.8272 0.9637 0.7388 0.9637
9 0.8416 0.3640 0.8895 0.3640 0.8895 0.6044 0.8416 0.6044
12 0.8016 0.7190 0.8167 0.7190 0.8167 0.8934 0.8016 0.8934
12 0.9093 0.0567 0.9213 0.0567 0.9213 0.1173 0.9093 0.1173
12 0.9639 0.5631 0.9830 0.5631 0.9830 0.6973 0.9639 0.6973
12 0.7468 0.0163 0.9197 0.0163 0.9197 0.0549 0.7468 0.0549
13 0.3030 0.7587 0.3178 0.7587 0.3178 0.7725 0.3030 0.7725
13 0.1231 0.0184 0.1292 0.0184 0.1292 0.0400 0.1231 0.0400
13 0.6664 0.7375 0.6781 0.7375 0.6781 0.7473 0.6664 0.7473
13 0.7327 0.8403 0.7458 0.8403 0.7458 0.8793 0.7327 0.8793
15 0.1213 0.5031 0.1921 0.5031 0.1921 0.5765 0.1213 0.5765
15 0.0553 0.8683 0.1155 0.8683 0.1155 0.9181 0.0553 0.9181
15 0.9305 0.1242 0.9975 0.1242 0.9975 0.1810 0.9305 0.1810
15 0.7322 0.3367 0.8232 0.3367 0.8232 0.4141 0.7322 0.4141
