0 0.0019 0.1292 0.0432 0.1292 0.0432 0.4488 0.0019 0.4488
0 0.1796 0.5007 0.2944 0.5007 0.2944 0.7013 0.1796 0.7013
0 0.5020 0.1051 0.6294 0.1051 0.6294 0.4805 0.5020 0.4805
0 0.8931 0.4636 0.9171 0.4636 0.9171 0.7828 0.8931 0.7828
1 0.3440 0.8356 0.3643 0.8356 0.3643 0.8408 0.3440 0.8408
1 0.7431 0.4462 0.7457 0.4462 0.7457 0.4922 0.7431 0.4922
1 0.7647 0.2083 0.7693 0.2083 0.7693 0.2445 0.7647 0.2445
1 0.3822 0.6568 0.3892 0.6568 0.3892 0.6820 0.3822 0.6820
2 0.2911 0.0063 0.4160 0.0063 0.4160 0.3737 0.2911 0.3737
2 0.3042 0.8674 0.3350 0.8674 0.3350 0.8986 0.3042 0.8986
2 0.4625 0.6999 0.4912 0.6999 0.4912 0.8217 0.4625 0.8217
2 0.7302 0.0155 0.8198 0.0155 0.8198 0.0897 0.7302 0.0897
3 0.8625 0.7532 0.8861 0.7532 0.8861 0.9336 0.8625 0.9336
3 0.4568 0.2411 0.4998 0.2411 0.4998 0.2557 0.4568 0.2557
3 0.7910 0.6675 0.7993 0.6675 0.7993 0.7257 0.7910 0.7257
3 0.2434 0.4282 0.2495 0.4282 0.2495 0.4710 0.2434 0.4710
4 0.6402 0.5455 0.6575 0.5455 0.6575 0.5573 0.6402 0.5573
4 0.8200 0.1968 0.8795 0.1968 0.8795 0.2092 0.8200 0.2092
4 0.4243 0.9110 0.4292 0.9110 0.4292 0.9254 0.4243 0.9254
4 0.3693 0.4818 0.3907 0.4818 0.3907 0.5318 0.3693 0.5318
6 0.5636 0.8683 0.6304 0.8683 0.6304 0.9621 0.5636 0.9621
6 0.0171 0.6248 0.0526 0.6248 0.0526 0.7248 0.0171 0.7248
6 0.7514 0.8716 0.7649 0.8716 0.7649 0.8908 0.7514 0.8908
6 0.3605 0.3950 0.4478 0.3950 0.4478 0.4362 0.3605 0.4362
7 0.0627 0.6315 0.0918 0.6315 0.0918 0.7141 0.0627 0.7141
7 0.7091 0.7619 0.7646 0.7619 0.7646 0.7885 0.7091 0.7885
7 0.3422 0.4478 0.4786 0.4478 0.4786 0.4630 0.3422 0.4630
7 0.8282 0.4007 0.8586 0.4007 0.8586 0.4577 0.8282 0.4577
9 0.9205 0.4940 0.9495 0.4940 0.9495 0.5952 0.9205 0.5952
9 0.1305 0.6924 0.1741 0.6924 0.1741 0.9108 0.1305 0.9108
9 0.7528 0.2703 0.8801 0.2703 0.8801 0.3121 0.7528 0.3121
9 0.1705 0.1803 0.2629 0.1803 0.2629 0.2161 0.1705 0.2161
12 0.4556 0.6423 0.4764 0.6423 0.4764 0.6605 0.4556 0.6605
12 0.3247 0.9328 0.4698 0.9328 0.4698 0.9580 0.3247 0.9580
12 0.2079 0.7554 0.4487 0.7554 0.4487 0.7974 0.2079 0.7974
12 0.8996 0.2771 0.9246 0.2771 0.9246 0.4045 0.8996 0.4045
13 0.1937 0.7170 0.2072 0.7170 0.2072 0.7298 0.1937 0.7298
13 0.6602 0.3659 0.6678 0.3659 0.6678 0.6681 0.6602 0.6681
13 0.1805 0.0474 0.2384 0.0474 0.2384 0.0834 0.1805 0.0834
13 0.0868 0.8886 0.0912 0.8886 0.0912 0.9002 0.0868 0.9002
15 0.5822 0.7963 0.6606 0.7963 0.6606 0.8601 0.5822 0.8601
15 0.8003 0.5743 0.8546 0.5743 0.8546 0.6541 0.8003 0.6541
15 0.8207 0.4819 0.8776 0.4819 0.8776 0.5289 0.8207 0.5289
15 0.7151 0.3223 0.8014 0.3223 0.8014 0.4393 0.7151 0.4393
