0 0.7873 0.5634 0.9364 0.5634 0.9364 0.8242 0.7873 0.8242
0 0.6771 0.1052 0.7132 0.1052 0.7132 0.5852 0.6771 0.5852
0 0.2182 0.5703 0.6389 0.5703 0.6389 0.8357 0.2182 0.8357
0 0.6048 0.1855 0.6454 0.1855 0.6454 0.3625 0.6048 0.3625
1 0.2890 0.4575 0.2947 0.4575 0.2947 0.5189 0.2890 0.5189
1 0.7148 0.2587 0.7301 0.2587 0.7301 0.2917 0.7148 0.2917
1 0.1156 0.9555 0.1252 0.9555 0.1252 0.9905 0.1156 0.9905
1 0.4185 0.2424 0.4289 0.2424 0.4289 0.2768 0.4185 0.2768
2 0.4542 0.8671 0.5701 0.8671 0.5701 0.9573 0.4542 0.9573
2 0.2434 0.3199 0.3775 0.3199 0.3775 0.4401 0.2434 0.4401
2 0.2493 0.2007 0.3947 0.2007 0.3947 0.3189 0.2493 0.3189
2 0.3325 0.0611 0.4095 0.0611 0.4095 0.1249 0.3325 0.1249
3 0.0304 0.4451 0.0779 0.4451 0.0779 0.4597 0.0304 0.4597
3 0.0493 0.0431 0.0638 0.0431 0.0638 0.1461 0.0493 0.1461
3 0.7477 0.0168 0.7846 0.0168 0.7846 0.0312 0.7477 0.0312
3 0.4581 0.0735 0.5524 0.0735 0.5524 0.0965 0.4581 0.0965
4 0.5387 0.2423 0.5727 0.2423 0.5727 0.2657 0.5387 0.2657
4 0.4211 0.3395 0.4544 0.3395 0.4544 0.3849 0.4211 0.3849
4 0.6936 0.7015 0.7138 0.7015 0.7138 0.7161 0.6936 0.7161
4 0.8013 0.9843 0.8133 0.9843 0.8133 0.9929 0.8013 0.9929
6 0.8728 0.3091 0.9072 0.3091 0.9072 0.3253 0.8728 0.3253
6 0.8471 0.0472 0.8743 0.0472 0.8743 0.0560 0.8471 0.0560
6 0.5268 0.5342 0.5998 0.5342 0.5998 0.5686 0.5268 0.5686
6 0.7248 0.2046 0.7655 0.2046 0.7655 0.2238 0.7248 0.2238
7 0.9271 0.4011 0.9423 0.4011 0.9423 0.4121 0.9271 0.4121
7 0.8686 0.4435 0.8723 0.4435 0.8723 0.4669 0.8686 0.4669
7 0.3042 0.8775 0.3243 0.8775 0.3243 0.9337 0.3042 0.9337
7 0.1742 0.0027 0.1861 0.0027 0.1861 0.0469 0.1742 0.0469
9 0.8240 0.1427 0.9637 0.1427 0.9637 0.1969 0.8240 0.1969
9 0.0922 0.2187 0.2198 0.2187 0.2198 0.2605 0.0922 0.2605
9 0.6670 0.6671 0.7544 0.6671 0.7544 0.7009 0.6670 0.7009
9 0.7320 0.8827 0.8146 0.8827 0.8146 0.9613 0.7320 0.9613
12 0.7543 0.3972 0.7706 0.3972 0.7706 0.5864 0.7543 0.5864
12 0.7762 0.2111 0.8040 0.2111 0.8040 0.4317 0.7762 0.4317
12 0.5097 0.2180 0.5334 0.2180 0.5334 0.4728 0.5097 0.4728
12 0.0242 0.2054 0.0658 0.2054 0.0658 0.2298 0.0242 0.2298
13 0.5171 0.1771 0.5275 0.1771 0.5275 0.1841 0.5171 0.1841
13 0.8891 0.0819 0.9000 0.0819 0.9000 0.1217 0.8891 0.1217
13 0.1834 0.5423 0.2038 0.5423 0.2038 0.5945 0.1834 0.5945
13 0.1933 0.8088 0.1961 0.8088 0.1961 0.9192 0.1933 0.9192
15 0.1013 0.5166 0.1704 0.5166 0.1704 0.6102 0.1013 0.6102
15 0.4905 0.1151 0.5332 0.1151 0.5332 0.1725 0.4905 0.1725
15 0.2077 0.8579 0.2666 0.8579 0.2666 0.9261 0.2077 0.9261
15 0.2019 0.0366 0.2867 0.0366 0.2867 0.1086 0.2019 0.1086
