0 0.6493 0.0792 0.9281 0.0792 0.9281 0.3520 0.6493 0.3520
0 0.3153 0.5272 0.3738 0.5272 0.3738 0.9804 0.3153 0.9804
0 0.0662 0.3835 0.2656 0.3835 0.2656 0.6141 0.0662 0.6141
0 0.8014 0.3764 0.9329 0.3764 0.9329 0.9184 0.8014 0.9184
1 0.6231 0.6731 0.6261 0.6731 0.6261 0.6993 0.6231 0.6993
1 0.7383 0.3708 0.7429 0.3708 0.7429 0.4304 0.7383 0.4304
1 0.9682 0.2488 0.9738 0.2488 0.9738 0.3212 0.9682 0.3212
1 0.9496 0.3714 0.9852 0.3714 0.9852 0.4614 0.9496 0.4614
2 0.6108 0.3736 0.6464 0.3736 0.6464 0.3920 0.6108 0.3920
2 0.4622 0.2479 0.5255 0.2479 0.5255 0.3925 0.4622 0.3925
2 0.3393 0.1247 0.3629 0.1247 0.3629 0.1713 0.3393 0.1713
2 0.2723 0.1508 0.3200 0.1508 0.3200 0.2820 0.2723 0.2820
3 0.6625 0.3674 0.7210 0.3674 0.7210 0.3818 0.6625 0.3818
3 0.6060 0.9786 0.6480 0.9786 0.6480 0.9898 0.6060 0.9898
3 0.2605 0.9630 0.2863 0.9630 0.2863 0.9718 0.2605 0.9718
3 0.7837 0.5690 0.7978 0.5690 0.7978 0.6690 0.7837 0.6690
4 0.0256 0.4103 0.0495 0.4103 0.0495 0.4229 0.0256 0.4229
4 0.5848 0.0650 0.5963 0.0650 0.5963 0.0738 0.5848 0.0738
4 0.4628 0.8859 0.4678 0.8859 0.4678 0.9021 0.4628 0.9021
4 0.4170 0.1967 0.4287 0.1967 0.4287 0.2125 0.4170 0.2125
6 0.1934 0.6992 0.2100 0.6992 0.2100 0.7228 0.1934 0.7228
6 0.2950 0.3058 0.3418 0.3058 0.3418 0.4378 0.2950 0.4378
6 0.2540 0.0460 0.3203 0.0460 0.3203 0.1084 0.2540 0.1084
6 0.3849 0.7227 0.4229 0.7227 0.4229 0.7761 0.3849 0.7761
7 0.9611 0.8331 0.9692 0.8331 0.9692 0.8549 0.9611 0.8549
7 0.9562 0.2558 0.9663 0.2558 0.9663 0.2782 0.9562 0.2782
7 0.3434 0.1804 0.3698 0.1804 0.3698 0.3156 0.3434 0.3156
7 0.2019 0.8327 0.2230 0.8327 0.2230 0.9305 0.2019 0.9305
9 0.6573 0.4642 0.7958 0.4642 0.7958 0.5094 0.6573 0.5094
9 0.5590 0.3011 0.5798 0.3011 0.5798 0.3737 0.5590 0.3737
9 0.4422 0.4756 0.4832 0.4756 0.4832 0.6808 0.4422 0.6808
9 0.5060 0.8539 0.5763 0.8539 0.5763 0.9209 0.5060 0.9209
12 0.1591 0.0551 0.1832 0.0551 0.1832 0.2241 0.1591 0.2241
12 0.3766 0.9343 0.5177 0.9343 0.5177 0.9713 0.3766 0.9713
12 0.0408 0.7731 0.0772 0.7731 0.0772 0.9581 0.0408 0.9581
12 0.1331 0.7060 0.1589 0.7060 0.1589 0.7276 0.1331 0.7276
13 0.9657 0.5079 0.9743 0.5079 0.9743 0.5393 0.9657 0.5393
13 0.3396 0.4971 0.3793 0.4971 0.3793 0.5213 0.3396 0.5213
13 0.1150 0.8932 0.1367 0.8932 0.1367 0.9848 0.1150 0.9848
13 0.7549 0.6299 0.7751 0.6299 0.7751 0.6485 0.7549 0.6485
15 0.0187 0.1334 0.1121 0.1334 0.1121 0.2094 0.0187 0.2094
15 0.5708 0.4924 0.6540 0.4924 0.6540 0.5892 0.5708 0.5892
15 0.5679 0.7543 0.6078 0.7543 0.6078 0.8117 0.5679 0.8117
15 0.6376 0.6419 0.7107 0.6419 0.7107 0.7221 0.6376 0.7221
