0 0.1590 0.2175 0.2747 0.2175 0.2747 0.6293 0.1590 0.6293
0 0.0465 0.5114 0.1415 0.5114 0.1415 0.6214 0.0465 0.6214
0 0.4733 0.3043 0.5807 0.3043 0.5807 0.4637 0.4733 0.4637
0 0.6805 0.0475 0.8504 0.0475 0.8504 0.5481 0.6805 0.5481
1 0.6050 0.6100 0.6081 0.6100 0.6081 0.6344 0.6050 0.6344
1 0.0596 0.7979 0.0633 0.7979 0.0633 0.8301 0.0596 0.8301
1 0.3970 0.4778 0.4067 0.4778 0.4067 0.5734 0.3970 0.5734
1 0.8745 0.8458 0.8844 0.8458 0.8844 0.8786 0.8745 0.8786
2 0.0905 0.1456 0.1572 0.1456 0.1572 0.1840 0.0905 0.1840
2 0.3565 0.2496 0.4455 0.2496 0.4455 0.3428 0.3565 0.3428
2 0.6134 0.3195 0.6303 0.3195 0.6303 0.3369 0.6134 0.3369
2 0.3897 0.7775 0.4715 0.7775 0.4715 0.7881 0.3897 0.7881
3 0.9811 0.6307 0.9969 0.6307 0.9969 0.7517 0.9811 0.7517
3 0.0564 0.6931 0.0864 0.6931 0.0864 0.7033 0.0564 0.7033
3 0.1426 0.6762 0.1552 0.6762 0.1552 0.7654 0.1426 0.7654
3 0.2153 0.7951 0.3201 0.7951 0.3201 0.8209 0.2153 0.8209
4 0.1627 0.0512 0.2627 0.0512 0.2627 0.0652 0.1627 0.0652
4 0.5556 0.2272 0.5667 0.2272 0.5667 0.3000 0.5556 0.3000
4 0.4782 0.0347 0.5695 0.0347 0.5695 0.0645 0.4782 0.0645
4 0.1327 0.6927 0.1393 0.6927 0.1393 0.6973 0.1327 0.6973
6 0.8773 0.1002 0.9004 0.1002 0.9004 0.1330 0.8773 0.1330
6 0.2833 0.5942 0.3555 0.5942 0.3555 0.6958 0.2833 0.6958
6 0.1402 0.3990 0.1587 0.3990 0.1587 0.4254 0.1402 0.4254
6 0.5559 0.8299 0.5752 0.8299 0.5752 0.8573 0.5559 0.8573
7 0.1265 0.7287 0.1366 0.7287 0.1366 0.7661 0.1265 0.7661
7 0.1002 0.8287 0.1464 0.8287 0.1464 0.9933 0.1002 0.9933
7 0.6496 0.0495 0.6681 0.0495 0.6681 0.0901 0.6496 0.0901
7 0.2791 0.0103 0.3141 0.0103 0.3141 0.0265 0.2791 0.0265
9 0.3417 0.4352 0.3775 0.4352 0.3775 0.5372 0.3417 0.5372
9 0.8619 0.6794 0.9053 0.6794 0.9053 0.8310 0.8619 0.8310
9 0.7483 0.8736 0.8251 0.8736 0.8251 0.9176 0.7483 0.9176
9 0.2662 0.0683 0.4303 0.0683 0.4303 0.1677 0.2662 0.1677
12 0.8725 0.2950 0.9064 0.2950 0.9064 0.4630 0.8725 0.4630
12 0.2885 0.3638 0.4369 0.3638 0.4369 0.3970 0.2885 0.3970
12 0.8471 0.0347 0.9061 0.0347 0.9061 0.0405 0.8471 0.0405
12 0.9271 0.1435 0.9544 0.1435 0.9544 0.2553 0.9271 0.2553
13 0.8042 0.6211 0.8127 0.6211 0.8127 0.6517 0.8042 0.6517
13 0.5767 0.0550 0.5913 0.0550 0.5913 0.0610 0.5767 0.0610
13 0.0016 0.3555 0.0090 0.3555 0.0090 0.3617 0.0016 0.3617
13 0.9280 0.9415 0.9377 0.9415 0.9377 0.9693 0.9280 0.9693
15 0.4966 0.5367 0.5583 0.5367 0.5583 0.5869 0.4966 0.5869
15 0.6391 0.9158 0.6815 0.9158 0.6815 0.9666 0.6391 0.9666
15 0.7279 0.5832 0.7584 0.5832 0.7584 0.6196 0.7279 0.6196
15 0.5388 0.6626 0.6094 0.6626 0.6094 0.7450 0.5388 0.7450
