0 0.4471 0.6143 0.6620 0.6143 0.6620 0.9901 0.4471 0.9901
0 0.2022 0.2576 0.3821 0.2576 0.3821 0.8980 0.2022 0.8980
0 0.1548 0.0838 0.5801 0.0838 0.5801 0.1890 0.1548 0.1890
0 0.9033 0.1543 0.9758 0.1543 0.9758 0.4285 0.9033 0.4285
1 0.2542 0.9686 0.2558 0.9686 0.2558 0.9826 0.2542 0.9826
1 0.6731 0.3907 0.7095 0.3907 0.7095 0.3977 0.6731 0.3977
1 0.6242 0.0342 0.6450 0.0342 0.6450 0.0430 0.6242 0.0430
1 0.0933 0.3214 0.1098 0.3214 0.1098 0.3570 0.0933 0.3570
2 0.0036 0.5895 0.0404 0.5895 0.0404 0.6597 0.0036 0.6597
2 0.7016 0.9384 0.7458 0.9384 0.7458 0.9692 0.7016 0.9692
2 0.6859 0.4039 0.7847 0.4039 0.7847 0.8789 0.6859 0.8789
2 0.8017 0.8832 0.8189 0.8832 0.8189 0.9264 0.8017 0.9264
3 0.7574 0.1776 0.7718 0.1776 0.7718 0.2796 0.7574 0.2796
3 0.6711 0.2323 0.7300 0.2323 0.7300 0.2529 0.6711 0.2529
3 0.7756 0.2559 0.7949 0.2559 0.7949 0.4037 0.7756 0.4037
3 0.0799 0.8276 0.1318 0.8276 0.1318 0.8456 0.0799 0.8456
4 0.8646 0.9822 0.8872 0.9822 0.8872 0.9986 0.8646 0.9986
4 0.0668 0.2516 0.0786 0.2516 0.0786 0.2584 0.0668 0.2584
4 0.1962 0.0619 0.2121 0.0619 0.2121 0.0733 0.1962 0.0733
4 0.6757 0.0183 0.6937 0.0183 0.6937 0.0605 0.6757 0.0605
6 0.5085 0.4411 0.5252 0.4411 0.5252 0.4649 0.5085 0.4649
6 0.8867 0.6308 0.9873 0.6308 0.9873 0.9140 0.8867 0.9140
6 0.4093 0.2535 0.6644 0.2535 0.6644 0.4333 0.4093 0.4333
6 0.1736 0.4327 0.1953 0.4327 0.1953 0.4397 0.1736 0.4397
7 0.9814 0.5235 0.9998 0.5235 0.9998 0.6109 0.9814 0.6109
7 0.6048 0.0120 0.6215 0.0120 0.6215 0.0648 0.6048 0.0648
7 0.0413 0.4919 0.0952 0.4919 0.0952 0.5205 0.0413 0.5205
7 0.0568 0.0072 0.0660 0.0072 0.0660 0.0388 0.0568 0.0388
9 0.0690 0.6059 0.1004 0.6059 0.1004 0.7897 0.0690 0.7897
9 0.0479 0.0871 0.1327 0.0871 0.1327 0.1677 0.0479 0.1677
9 0.0185 0.7056 0.0560 0.7056 0.0560 0.9252 0.0185 0.9252
9 0.2822 0.9140 0.4372 0.9140 0.4372 0.9648 0.2822 0.9648
12 0.8430 0.2370 0.8870 0.2370 0.8870 0.6602 0.8430 0.6602
12 0.7976 0.4960 0.8375 0.4960 0.8375 0.8808 0.7976 0.8808
12 0.7125 0.0826 0.8918 0.0826 0.8918 0.1138 0.7125 0.1138
12 0.5622 0.5263 0.6241 0.5263 0.6241 0.5537 0.5622 0.5537
13 0.5923 0.1955 0.6237 0.1955 0.6237 0.2221 0.5923 0.2221
13 0.0151 0.4111 0.0249 0.4111 0.0249 0.4201 0.0151 0.4201
13 0.1359 0.9243 0.1538 0.9243 0.1538 0.9553 0.1359 0.9553
13 0.3825 0.4450 0.4086 0.4450 0.4086 0.4698 0.3825 0.4698
15 0.6491 0.0702 0.6778 0.0702 0.6778 0.1254 0.6491 0.1254
15 0.7099 0.2982 0.7709 0.2982 0.7709 0.3694 0.7099 0.3694
15 0.5091 0.5191 0.5498 0.5191 0.5498 0.5965 0.5091 0.5965
15 0.0914 0.8527 0.1695 0.8527 0.1695 0.9197 0.0914 0.9197
