0 0.7150 0.6600 0.7724 0.6600 0.7724 0.7800 0.7150 0.7800
0 0.0494 0.5347 0.2032 0.5347 0.2032 0.5917 0.0494 0.5917
0 0.0734 0.0820 0.2298 0.0820 0.2298 0.5124 0.0734 0.5124
0 0.6542 0.1423 0.7412 0.1423 0.7412 0.2905 0.6542 0.2905
1 0.7768 0.0266 0.7907 0.0266 0.7907 0.0386 0.7768 0.0386
1 0.5820 0.0767 0.5849 0.0767 0.5849 0.0997 0.5820 0.0997
1 0.3656 0.7283 0.3741 0.7283 0.3741 0.8193 0.3656 0.8193
1 0.4737 0.1979 0.5049 0.1979 0.5049 0.2765 0.4737 0.2765
2 0.2851 0.4267 0.6318 0.4267 0.6318 0.6529 0.2851 0.6529
2 0.7762 0.5879 0.9058 0.5879 0.9058 0.7865 0.7762 0.7865
2 0.3123 0.8203 0.3832 0.8203 0.3832 0.8717 0.3123 0.8717
2 0.6859 0.7136 0.7027 0.7136 0.7027 0.9368 0.6859 0.9368
3 0.7034 0.5282 0.7623 0.5282 0.7623 0.5466 0.7034 0.5466
3 0.7877 0.3051 0.8126 0.3051 0.8126 0.4021 0.7877 0.4021
3 0.6863 0.6280 0.7212 0.6280 0.7212 0.6416 0.6863 0.6416
3 0.0999 0.8164 0.1952 0.8164 0.1952 0.8456 0.0999 0.8456
4 0.5288 0.2403 0.5340 0.2403 0.5340 0.2977 0.5288 0.2977
4 0.6119 0.3254 0.6344 0.3254 0.6344 0.3614 0.6119 0.3614
4 0.9802 0.3627 0.9858 0.3627 0.9858 0.3709 0.9802 0.3709
4 0.9414 0.4468 0.9621 0.4468 0.9621 0.5004 0.9414 0.5004
6 0.5600 0.0544 0.5780 0.0544 0.5780 0.0800 0.5600 0.0800
6 0.4416 0.3338 0.4921 0.3338 0.4921 0.3814 0.4416 0.3814
6 0.3890 0.9406 0.4398 0.9406 0.4398 0.9646 0.3890 0.9646
6 0.7993 0.0652 0.8384 0.0652 0.8384 0.1752 0.7993 0.1752
7 0.8897 0.8484 0.8981 0.8484 0.8981 0.8752 0.8897 0.8752
7 0.5791 0.1502 0.5884 0.1502 0.5884 0.1914 0.5791 0.1914
7 0.0417 0.1704 0.0526 0.1704 0.0526 0.2100 0.0417 0.2100
7 0.6182 0.3895 0.6595 0.3895 0.6595 0.4113 0.6182 0.4113
9 0.4865 0.7011 0.6203 0.7011 0.6203 0.7821 0.4865 0.7821
9 0.0608 0.9136 0.2095 0.9136 0.2095 0.9616 0.0608 0.9616
9 0.7217 0.3323 0.7801 0.3323 0.7801 0.5209 0.7217 0.5209
9 0.2273 0.7403 0.3107 0.7403 0.3107 0.9781 0.2273 0.9781
12 0.7062 0.9070 0.7256 0.9070 0.7256 0.9866 0.7062 0.9866
12 0.4911 0.3916 0.5326 0.3916 0.5326 0.3956 0.4911 0.3956
12 0.8556 0.3331 0.9321 0.3331 0.9321 0.3637 0.8556 0.3637
13 0.5068 0.8358 0.5138 0.8358 0.5138 0.8418 0.5068 0.8418
13 0.4934 0.0831 0.5155 0.0831 0.5155 0.1397 0.4934 0.1397
13 0.3497 0.2855 0.5149 0.2855 0.5149 0.3293 0.3497 0.3293
13 0.5542 0.8435 0.5598 0.8435 0.5598 0.8625 0.5542 0.8625
15 0.0425 0.4128 0.0712 0.4128 0.0712 0.4668 0.0425 0.4668
15 0.3453 0.1560 0.4310 0.1560 0.4310 0.2500 0.3453 0.2500
15 0.8754 0.1615 0.9232 0.1615 0.9232 0.2301 0.8754 0.2301
15 0.1576 0.8595 0.1801 0.8595 0.1801 0.9073 0.1576 0.9073
