0 0.3108 0.1094 0.4755 0.1094 0.4755 0.2998 0.3108 0.2998
0 0.1156 0.1447 0.1933 0.1447 0.1933 0.2345 0.1156 0.2345
0 0.4807 0.2760 0.9178 0.2760 0.9178 0.5516 0.4807 0.5516
0 0.1797 0.7783 0.3877 0.7783 0.3877 0.8297 0.1797 0.8297
1 0.0728 0.7851 0.0827 0.7851 0.0827 0.8917 0.0728 0.8917
1 0.8003 0.6699 0.8091 0.6699 0.8091 0.7577 0.8003 0.7577
1 0.0750 0.4311 0.0861 0.4311 0.0861 0.4717 0.0750 0.4717
1 0.2045 0.4975 0.2120 0.4975 0.2120 0.5137 0.2045 0.5137
2 0.8170 0.6008 0.9290 0.6008 0.9290 0.6892 0.8170 0.6892
2 0.6342 0.2234 0.6978 0.2234 0.6978 0.2630 0.6342 0.2630
2 0.2983 0.6783 0.3611 0.6783 0.3611 0.7293 0.2983 0.7293
2 0.4774 0.7467 0.6529 0.7467 0.6529 0.8097 0.4774 0.8097
3 0.4916 0.9487 0.5841 0.9487 0.5841 0.9705 0.4916 0.9705
3 0.1582 0.3190 0.1807 0.3190 0.1807 0.4794 0.1582 0.4794
3 0.2816 0.8342 0.3307 0.8342 0.3307 0.8458 0.2816 0.8458
3 0.2607 0.4863 0.4001 0.4863 0.4001 0.5205 0.2607 0.5205
4 0.3722 0.0058 0.3801 0.0058 0.3801 0.0290 0.3722 0.0290
4 0.2822 0.8596 0.2890 0.8596 0.2890 0.8696 0.2822 0.8696
4 0.2954 0.0707 0.3063 0.0707 0.3063 0.0785 0.2954 0.0785
4 0.9500 0.3695 0.9663 0.3695 0.9663 0.3781 0.9500 0.3781
6 0.1068 0.8614 0.1209 0.8614 0.1209 0.8814 0.1068 0.8814
6 0.7514 0.1998 0.7980 0.1998 0.7980 0.2438 0.7514 0.2438
6 0.6277 0.8162 0.6846 0.8162 0.6846 0.9766 0.6277 0.9766
6 0.1130 0.0300 0.2741 0.0300 0.2741 0.1436 0.1130 0.1436
7 0.1374 0.8854 0.1589 0.8854 0.1589 0.9346 0.1374 0.9346
7 0.4976 0.8096 0.5076 0.8096 0.5076 0.8316 0.4976 0.8316
7 0.0502 0.1322 0.0647 0.1322 0.0647 0.1414 0.0502 0.1414
7 0.7428 0.5754 0.7703 0.5754 0.7703 0.6358 0.7428 0.6358
9 0.1870 0.5438 0.3272 0.5438 0.3272 0.5982 0.1870 0.5982
9 0.6305 0.0202 0.7484 0.0202 0.7484 0.0590 0.6305 0.0590
9 0.0862 0.4516 0.1207 0.4516 0.1207 0.6196 0.0862 0.6196
9 0.7156 0.6494 0.7438 0.6494 0.7438 0.7886 0.7156 0.7886
12 0.6699 0.5658 0.6823 0.5658 0.6823 0.6290 0.6699 0.6290
12 0.0582 0.7003 0.0729 0.7003 0.0729 0.7753 0.0582 0.7753
12 0.4990 0.2056 0.6104 0.2056 0.6104 0.2348 0.4990 0.2348
12 0.1936 0.2263 0.2641 0.2263 0.2641 0.2449 0.1936 0.2449
13 0.7216 0.5675 0.7436 0.5675 0.7436 0.5757 0.7216 0.5757
13 0.7477 0.7376 0.7592 0.7376 0.7592 0.7796 0.7477 0.7796
13 0.2248 0.4834 0.2266 0.4834 0.2266 0.5422 0.2248 0.5422
13 0.2565 0.9064 0.3375 0.9064 0.3375 0.9124 0.2565 0.9124
15 0.0111 0.2391 0.0846 0.2391 0.0846 0.2989 0.0111 0.2989
15 0.1302 0.6246 0.2344 0.6246 0.2344 0.7134 0.1302 0.7134
15 0.7619 0.0292 0.9449 0.0292 0.9449 0.1804 0.7619 0.1804
15 0.9040 0.7267 0.9972 0.7267 0.9972 0.8233 0.9040 0.8233
