0 0.3734 0.4120 0.6912 0.4120 0.6912 0.6124 0.3734 0.6124
0 0.5350 0.0547 0.9759 0.0547 0.9759 0.1637 0.5350 0.1637
0 0.7159 0.4815 0.8661 0.4815 0.8661 0.8645 0.7159 0.8645
0 0.3057 0.3216 0.5172 0.3216 0.5172 0.4000 0.3057 0.4000
1 0.0174 0.5718 0.0418 0.5718 0.0418 0.5830 0.0174 0.5830
1 0.3785 0.7022 0.3810 0.7022 0.3810 0.7466 0.3785 0.7466
1 0.3116 0.9858 0.3315 0.9858 0.3315 0.9910 0.3116 0.9910
1 0.4768 0.8303 0.4804 0.8303 0.4804 0.9001 0.4768 0.9001
2 0.2891 0.7172 0.3721 0.7172 0.3721 0.8708 0.2891 0.8708
2 0.7080 0.2318 0.9152 0.2318 0.9152 0.3670 0.7080 0.3670
2 0.3508 0.9451 0.3789 0.9451 0.3789 0.9989 0.3508 0.9989
2 0.0085 0.0098 0.2727 0.0098 0.2727 0.0746 0.0085 0.0746
3 0.4534 0.6131 0.5829 0.6131 0.5829 0.6449 0.4534 0.6449
3 0.1722 0.4371 0.2433 0.4371 0.2433 0.4589 0.1722 0.4589
3 0.8482 0.3995 0.8567 0.3995 0.8567 0.4593 0.8482 0.4593
3 0.2685 0.3527 0.2832 0.3527 0.2832 0.4577 0.2685 0.4577
4 0.0082 0.5878 0.0163 0.5878 0.0163 0.6022 0.0082 0.6022
4 0.1756 0.5887 0.1956 0.5887 0.1956 0.5957 0.1756 0.5957
4 0.7950 0.3742 0.8090 0.3742 0.8090 0.3942 0.7950 0.3942
4 0.8742 0.5580 0.8809 0.5580 0.8809 0.5708 0.8742 0.5708
6 0.0842 0.0866 0.1027 0.0866 0.1027 0.1130 0.0842 0.1130
6 0.7296 0.3819 0.7704 0.3819 0.7704 0.4393 0.7296 0.4393
6 0.1676 0.6823 0.1798 0.6823 0.1798 0.6997 0.1676 0.6997
6 0.0445 0.5815 0.0798 0.5815 0.0798 0.5929 0.0445 0.5929
7 0.9663 0.0323 0.9723 0.0323 0.9723 0.0513 0.9663 0.0513
7 0.1931 0.4708 0.2021 0.4708 0.2021 0.5040 0.1931 0.5040
7 0.9800 0.7190 0.9943 0.7190 0.9943 0.7666 0.9800 0.7666
7 0.0773 0.3364 0.1278 0.3364 0.1278 0.5024 0.0773 0.5024
9 0.4300 0.8268 0.4580 0.8268 0.4580 0.9672 0.4300 0.9672
9 0.5557 0.7832 0.6955 0.7832 0.6955 0.8632 0.5557 0.8632
9 0.5131 0.1715 0.5584 0.1715 0.5584 0.3209 0.5131 0.3209
9 0.5846 0.1658 0.6609 0.1658 0.6609 0.3834 0.5846 0.3834
12 0.0031 0.2331 0.0229 0.2331 0.0229 0.3337 0.0031 0.3337
12 0.9071 0.5116 0.9495 0.5116 0.9495 0.9196 0.9071 0.9196
12 0.8008 0.8907 0.8166 0.8907 0.8166 0.9705 0.8008 0.9705
12 0.3019 0.0006 0.3344 0.0006 0.3344 0.3138 0.3019 0.3138
13 0.4580 0.9324 0.4692 0.9324 0.4692 0.9492 0.4580 0.9492
13 0.1294 0.1520 0.1315 0.1520 0.1315 0.3076 0.1294 0.3076
13 0.0387 0.2554 0.0844 0.2554 0.0844 0.2962 0.0387 0.2962
13 0.1079 0.2939 0.1195 0.2939 0.1195 0.3177 0.1079 0.3177
15 0.1713 0.2147 0.2241 0.2147 0.2241 0.2917 0.1713 0.2917
15 0.2316 0.3208 0.2481 0.3208 0.2481 0.3512 0.2316 0.3512
15 0.4065 0.1019 0.4843 0.1019 0.4843 0.1921 0.4065 0.1921
15 0.2134 0.5819 0.2761 0.5819 0.2761 0.6553 0.2134 0.6553
