0 0.2533 0.1891 0.3970 0.1891 0.3970 0.4793 0.2533 0.4793
0 0.6973 0.1784 0.8484 0.1784 0.8484 0.8008 0.6973 0.8008
0 0.4411 0.5960 0.5106 0.5960 0.5106 0.6516 0.4411 0.6516
0 0.2745 0.6987 0.4101 0.6987 0.4101 0.9357 0.2745 0.9357
1 0.1782 0.4646 0.2018 0.4646 0.2018 0.4774 0.1782 0.4774
1 0.8614 0.7159 0.8729 0.7159 0.8729 0.8297 0.8614 0.8297
1 0.2245 0.6871 0.2289 0.6871 0.2289 0.7229 0.2245 0.7229
1 0.4614 0.3863 0.4703 0.3863 0.4703 0.4157 0.4614 0.4157
2 0.6028 0.8407 0.6410 0.8407 0.6410 0.9137 0.6028 0.9137
2 0.4316 0.2071 0.4810 0.2071 0.4810 0.2257 0.4316 0.2257
2 0.0580 0.2878 0.0651 0.2878 0.0651 0.3918 0.0580 0.3918
2 0.1651 0.4148 0.1849 0.4148 0.1849 0.4540 0.1651 0.4540
3 0.1542 0.6947 0.1627 0.6947 0.1627 0.7549 0.1542 0.7549
3 0.6428 0.2687 0.6609 0.2687 0.6609 0.4077 0.6428 0.4077
3 0.5239 0.4647 0.5729 0.4647 0.5729 0.4813 0.5239 0.4813
3 0.8567 0.1198 0.8667 0.1198 0.8667 0.1902 0.8567 0.1902
4 0.3968 0.2654 0.4114 0.2654 0.4114 0.2706 0.3968 0.2706
4 0.9170 0.7226 0.9404 0.7226 0.9404 0.7602 0.9170 0.7602
4 0.4925 0.4867 0.5043 0.4867 0.5043 0.5481 0.4925 0.5481
4 0.1954 0.5120 0.2412 0.5120 0.2412 0.5164 0.1954 0.5164
6 0.9022 0.0051 0.9386 0.0051 0.9386 0.0169 0.9022 0.0169
6 0.5079 0.7324 0.5932 0.7324 0.5932 0.9728 0.5079 0.9728
6 0.2254 0.0091 0.4731 0.0091 0.4731 0.1837 0.2254 0.1837
6 0.0599 0.1103 0.1395 0.1103 0.1395 0.2221 0.0599 0.2221
7 0.0756 0.3426 0.1064 0.3426 0.1064 0.4562 0.0756 0.4562
7 0.2465 0.6631 0.2655 0.6631 0.2655 0.7973 0.2465 0.7973
7 0.6648 0.0720 0.6812 0.0720 0.6812 0.1484 0.6648 0.1484
7 0.9071 0.0887 0.9135 0.0887 0.9135 0.1065 0.9071 0.1065
9 0.1008 0.6030 0.2047 0.6030 0.2047 0.6366 0.1008 0.6366
9 0.1922 0.8595 0.2298 0.8595 0.2298 0.9905 0.1922 0.9905
9 0.8671 0.3212 0.9312 0.3212 0.9312 0.6516 0.8671 0.6516
9 0.0007 0.5980 0.0316 0.5980 0.0316 0.7056 0.0007 0.7056
12 0.2725 0.4810 0.3415 0.4810 0.3415 0.5214 0.2725 0.5214
13 0.6485 0.9711 0.6550 0.9711 0.6550 0.9905 0.6485 0.9905
13 0.6760 0.3788 0.6915 0.3788 0.6915 0.4248 0.6760 0.4248
13 0.6774 0.6539 0.6849 0.6539 0.6849 0.6653 0.6774 0.6653
13 0.1094 0.6995 0.1229 0.6995 0.1229 0.7169 0.1094 0.7169
15 0.6876 0.8174 0.7267 0.8174 0.7267 0.8698 0.6876 0.8698
15 0.4599 0.9064 0.4861 0.9064 0.4861 0.9428 0.4599 0.9428
15 0.5588 0.5238 0.6214 0.5238 0.6214 0.6150 0.5588 0.6150
15 0.6922 0.0283 0.7741 0.0283 0.7741 0.1781 0.6922 0.1781
