0 0.7431 0.1222 0.8800 0.1222 0.8800 0.6398 0.7431 0.6398
0 0.6346 0.7856 0.7552 0.7856 0.7552 0.9912 0.6346 0.9912
0 0.8859 0.6443 0.9672 0.6443 0.9672 0.9337 0.8859 0.9337
0 0.3739 0.2124 0.4347 0.2124 0.4347 0.6836 0.3739 0.6836
1 0.6833 0.3007 0.6915 0.3007 0.6915 0.3893 0.6833 0.3893
1 0.2856 0.3935 0.2938 0.3935 0.2938 0.4205 0.2856 0.4205
1 0.5688 0.6782 0.5715 0.6782 0.5715 0.6998 0.5688 0.6998
1 0.2516 0.3314 0.2613 0.3314 0.2613 0.4358 0.2516 0.4358
2 0.1860 0.1087 0.2012 0.1087 0.2012 0.2893 0.1860 0.2893
2 0.2100 0.7635 0.2446 0.7635 0.2446 0.9121 0.2100 0.9121
2 0.2659 0.9111 0.3727 0.9111 0.3727 0.9749 0.2659 0.9749
2 0.5179 0.2338 0.5764 0.2338 0.5764 0.3174 0.5179 0.3174
3 0.5177 0.5259 0.5292 0.5259 0.5292 0.5705 0.5177 0.5705
3 0.9573 0.0451 0.9738 0.0451 0.9738 0.1681 0.9573 0.1681
3 0.5953 0.9095 0.6144 0.9095 0.6144 0.9837 0.5953 0.9837
3 0.5616 0.0764 0.6226 0.0764 0.6226 0.0976 0.5616 0.0976
4 0.1237 0.6703 0.1300 0.6703 0.1300 0.6941 0.1237 0.6941
4 0.5225 0.6970 0.5307 0.6970 0.5307 0.7090 0.5225 0.7090
4 0.9466 0.4483 0.9597 0.4483 0.9597 0.4577 0.9466 0.4577
4 0.8937 0.1275 0.9329 0.1275 0.9329 0.1373 0.8937 0.1373
6 0.6242 0.4311 0.6649 0.4311 0.6649 0.5457 0.6242 0.5457
6 0.0225 0.6999 0.1201 0.6999 0.1201 0.9749 0.0225 0.9749
6 0.5810 0.2143 0.6450 0.2143 0.6450 0.3945 0.5810 0.3945
7 0.2925 0.6960 0.3201 0.6960 0.3201 0.7876 0.2925 0.7876
7 0.1419 0.1067 0.1575 0.1067 0.1575 0.2545 0.1419 0.2545
7 0.6568 0.2972 0.6615 0.2972 0.6615 0.3096 0.6568 0.3096
7 0.6994 0.6679 0.7461 0.6679 0.7461 0.7597 0.6994 0.7597
9 0.7745 0.8135 0.7987 0.8135 0.7987 0.9381 0.7745 0.9381
9 0.0671 0.3127 0.2334 0.3127 0.2334 0.3665 0.0671 0.3665
9 0.5185 0.1107 0.5872 0.1107 0.5872 0.1501 0.5185 0.1501
9 0.2856 0.8603 0.3384 0.8603 0.3384 0.8905 0.2856 0.8905
12 0.9688 0.7916 0.9740 0.7916 0.9740 0.9844 0.9688 0.9844
12 0.1725 0.5331 0.2189 0.5331 0.2189 0.7405 0.1725 0.7405
12 0.8354 0.0636 0.8757 0.0636 0.8757 0.1016 0.8354 0.1016
12 0.7002 0.1839 0.7106 0.1839 0.7106 0.5441 0.7002 0.5441
13 0.1585 0.9071 0.1663 0.9071 0.1663 0.9349 0.1585 0.9349
13 0.9739 0.0950 0.9892 0.0950 0.9892 0.1126 0.9739 0.1126
13 0.3913 0.9463 0.3958 0.9463 0.3958 0.9593 0.3913 0.9593
13 0.2339 0.4715 0.3647 0.4715 0.3647 0.5061 0.2339 0.5061
15 0.0896 0.4771 0.1290 0.4771 0.1290 0.5513 0.0896 0.5513
15 0.1360 0.5176 0.1583 0.5176 0.1583 0.5496 0.1360 0.5496
15 0.2386 0.5611 0.3340 0.5611 0.3340 0.6677 0.2386 0.6677
15 0.3317 0.7519 0.3555 0.7519 0.3555 0.8001 0.3317 0.8001
