0 0.0161 0.3847 0.1693 0.3847 0.1693 0.4681 0.0161 0.4681
0 0.0936 0.1526 0.1690 0.1526 0.1690 0.3050 0.0936 0.3050
0 0.6503 0.7992 0.9969 0.7992 0.9969 0.8848 0.6503 0.8848
0 0.1288 0.5999 0.2843 0.5999 0.2843 0.7797 0.1288 0.7797
1 0.0708 0.1887 0.0932 0.1887 0.0932 0.1945 0.0708 0.1945
1 0.2217 0.1531 0.2640 0.1531 0.2640 0.2601 0.2217 0.2601
1 0.0320 0.2932 0.0360 0.2932 0.0360 0.3256 0.0320 0.3256
1 0.9134 0.1424 0.9252 0.1424 0.9252 0.2684 0.9134 0.2684
2 0.4031 0.8488 0.4435 0.8488 0.4435 0.9412 0.4031 0.9412
2 0.4628 0.5939 0.4763 0.5939 0.4763 0.7541 0.4628 0.7541
2 0.3699 0.5616 0.3909 0.5616 0.3909 0.5776 0.3699 0.5776
2 0.2245 0.7983 0.2820 0.7983 0.2820 0.9377 0.2245 0.9377
3 0.0177 0.8712 0.0949 0.8712 0.0949 0.8916 0.0177 0.8916
3 0.3719 0.0823 0.4610 0.0823 0.4610 0.1101 0.3719 0.1101
3 0.4019 0.5686 0.4527 0.5686 0.4527 0.5842 0.4019 0.5842
3 0.8294 0.2902 0.9203 0.2902 0.9203 0.3186 0.8294 0.3186
4 0.8851 0.6364 0.8952 0.6364 0.8952 0.6432 0.8851 0.6432
4 0.1647 0.9356 0.1790 0.9356 0.1790 0.9392 0.1647 0.9392
4 0.8154 0.4832 0.8200 0.4832 0.8200 0.5112 0.8154 0.5112
4 0.6045 0.1934 0.6626 0.1934 0.6626 0.2290 0.6045 0.2290
6 0.3448 0.9219 0.3706 0.9219 0.3706 0.9585 0.3448 0.9585
6 0.3182 0.3628 0.3455 0.3628 0.3455 0.3716 0.3182 0.3716
6 0.1557 0.7943 0.2183 0.7943 0.2183 0.8825 0.1557 0.8825
6 0.7525 0.6824 0.7958 0.6824 0.7958 0.7232 0.7525 0.7232
7 0.8971 0.4739 0.9006 0.4739 0.9006 0.4873 0.8971 0.4873
7 0.4125 0.1431 0.4238 0.1431 0.4238 0.1845 0.4125 0.1845
7 0.8373 0.0228 0.8664 0.0228 0.8664 0.1908 0.8373 0.1908
7 0.3911 0.5663 0.3969 0.5663 0.3969 0.5913 0.3911 0.5913
9 0.6199 0.3982 0.6592 0.3982 0.6592 0.5898 0.6199 0.5898
9 0.3128 0.2923 0.4255 0.2923 0.4255 0.3293 0.3128 0.3293
9 0.5171 0.6928 0.5866 0.6928 0.5866 0.9220 0.5171 0.9220
9 0.3294 0.7284 0.3606 0.7284 0.3606 0.8848 0.3294 0.8848
12 0.7919 0.1319 0.8101 0.1319 0.8101 0.3445 0.7919 0.3445
12 0.7620 0.0267 0.7880 0.0267 0.7880 0.2785 0.7620 0.2785
12 0.3285 0.4712 0.5607 0.4712 0.5607 0.5116 0.3285 0.5116
12 0.6667 0.7160 0.7481 0.7160 0.7481 0.7484 0.6667 0.7484
13 0.0371 0.5951 0.0438 0.5951 0.0438 0.6053 0.0371 0.6053
13 0.0576 0.3498 0.0686 0.3498 0.0686 0.3718 0.0576 0.3718
13 0.9813 0.1115 0.9990 0.1115 0.9990 0.1437 0.9813 0.1437
13 0.5413 0.0070 0.5538 0.0070 0.5538 0.0122 0.5413 0.0122
15 0.9676 0.0564 0.9979 0.0564 0.9979 0.0984 0.9676 0.0984
15 0.8394 0.7370 0.8817 0.7370 0.8817 0.7986 0.8394 0.7986
15 0.9017 0.0446 0.9420 0.0446 0.9420 0.0914 0.9017 0.0914
15 0.2488 0.3271 0.2635 0.3271 0.2635 0.3581 0.2488 0.3581
