0 0.0242 0.2039 0.1232 0.2039 0.1232 0.9705 0.0242 0.9705
0 0.3954 0.3559 0.5003 0.3559 0.5003 0.5753 0.3954 0.5753
0 0.6834 0.3820 0.7784 0.3820 0.7784 0.4824 0.6834 0.4824
0 0.4190 0.0607 0.5055 0.0607 0.5055 0.2813 0.4190 0.2813
1 0.9614 0.6267 0.9952 0.6267 0.9952 0.6421 0.9614 0.6421
1 0.7805 0.2259 0.7878 0.2259 0.7878 0.2501 0.7805 0.2501
1 0.7979 0.0399 0.8035 0.0399 0.8035 0.0885 0.7979 0.0885
1 0.8830 0.6382 0.8855 0.6382 0.8855 0.6874 0.8830 0.6874
2 0.6011 0.6175 0.8309 0.6175 0.8309 0.8077 0.6011 0.8077
2 0.7705 0.1691 0.8389 0.1691 0.8389 0.2257 0.7705 0.2257
2 0.8697 0.1088 0.9183 0.1088 0.9183 0.1772 0.8697 0.1772
2 0.3302 0.3774 0.3683 0.3774 0.3683 0.4054 0.3302 0.4054
3 0.9279 0.8752 0.9629 0.8752 0.9629 0.8844 0.9279 0.8844
3 0.5157 0.9435 0.6140 0.9435 0.6140 0.9677 0.5157 0.9677
3 0.4639 0.8119 0.4852 0.8119 0.4852 0.9753 0.4639 0.9753
3 0.6416 0.8292 0.7495 0.8292 0.7495 0.8556 0.6416 0.8556
4 0.2151 0.7539 0.2398 0.7539 0.2398 0.7705 0.2151 0.7705
4 0.1105 0.0791 0.1243 0.0791 0.1243 0.0905 0.1105 0.0905
4 0.8962 0.5839 0.9016 0.5839 0.9016 0.6169 0.8962 0.6169
4 0.3168 0.4755 0.3314 0.4755 0.3314 0.4833 0.3168 0.4833
6 0.1351 0.2104 0.2849 0.2104 0.2849 0.3160 0.1351 0.3160
6 0.7990 0.2667 0.8590 0.2667 0.8590 0.4357 0.7990 0.4357
6 0.4688 0.6051 0.5217 0.6051 0.5217 0.6549 0.4688 0.6549
6 0.5645 0.3875 0.6073 0.3875 0.6073 0.4277 0.5645 0.4277
7 0.1697 0.6519 0.1849 0.6519 0.1849 0.6925 0.1697 0.6925
7 0.1719 0.8515 0.1798 0.8515 0.1798 0.8933 0.1719 0.8933
7 0.1214 0.1284 0.1320 0.1284 0.1320 0.1680 0.1214 0.1680
7 0.5360 0.6483 0.5555 0.6483 0.5555 0.7685 0.5360 0.7685
9 0.6651 0.0075 0.7706 0.0075 0.7706 0.3085 0.6651 0.3085
9 0.6068 0.2759 0.6258 0.2759 0.6258 0.3869 0.6068 0.3869
9 0.2766 0.7175 0.3740 0.7175 0.3740 0.7493 0.2766 0.7493
9 0.3611 0.7564 0.4063 0.7564 0.4063 0.9768 0.3611 0.9768
12 0.5205 0.4908 0.6318 0.4908 0.6318 0.5200 0.5205 0.5200
12 0.8571 0.7218 0.9466 0.7218 0.9466 0.7462 0.8571 0.7462
12 0.4207 0.7219 0.4498 0.7219 0.4498 0.8337 0.4207 0.8337
12 0.9205 0.0298 0.9492 0.0298 0.9492 0.1474 0.9205 0.1474
13 0.8505 0.8723 0.8595 0.8723 0.8595 0.9029 0.8505 0.9029
13 0.6388 0.8663 0.6890 0.8663 0.6890 0.9025 0.6388 0.9025
13 0.1622 0.7566 0.1909 0.7566 0.1909 0.7858 0.1622 0.7858
13 0.3157 0.1955 0.3509 0.1955 0.3509 0.2209 0.3157 0.2209
15 0.6150 0.0851 0.6427 0.0851 0.6427 0.1249 0.6150 0.1249
15 0.8702 0.4986 0.9106 0.4986 0.9106 0.5454 0.8702 0.5454
15 0.1607 0.3588 0.2453 0.3588 0.2453 0.4572 0.1607 0.4572
15 0.5496 0.5699 0.5778 0.5699 0.5778 0.6037 0.5496 0.6037
