0 0.1196 0.4127 0.2478 0.4127 0.2478 0.8689 0.1196 0.8689
0 0.7770 0.1951 0.9158 0.1951 0.9158 0.7197 0.7770 0.7197
0 0.5140 0.1915 0.6166 0.1915 0.6166 0.3989 0.5140 0.3989
0 0.6459 0.1134 0.7444 0.1134 0.7444 0.3126 0.6459 0.3126
1 0.6122 0.6155 0.6150 0.6155 0.6150 0.6381 0.6122 0.6381
1 0.0394 0.3326 0.0469 0.3326 0.0469 0.4134 0.0394 0.4134
1 0.3148 0.0227 0.3192 0.0227 0.3192 0.0577 0.3148 0.0577
1 0.8368 0.9784 0.8483 0.9784 0.8483 0.9832 0.8368 0.9832
2 0.8837 0.0046 0.9820 0.0046 0.9820 0.0838 0.8837 0.0838
2 0.3564 0.6059 0.4067 0.6059 0.4067 0.7209 0.3564 0.7209
2 0.3436 0.3143 0.3544 0.3143 0.3544 0.3377 0.3436 0.3377
3 0.1796 0.1119 0.2473 0.1119 0.2473 0.1285 0.1796 0.1285
3 0.6771 0.5475 0.6938 0.5475 0.6938 0.6757 0.6771 0.6757
3 0.3948 0.4852 0.5240 0.4852 0.5240 0.5156 0.3948 0.5156
3 0.3254 0.7751 0.3626 0.7751 0.3626 0.7877 0.3254 0.7877
4 0.2959 0.9968 0.3027 0.9968 0.3027 0.9996 0.2959 0.9996
4 0.7262 0.8436 0.7509 0.8436 0.7509 0.8832 0.7262 0.8832
4 0.1617 0.1638 0.1763 0.1638 0.1763 0.2486 0.1617 0.2486
4 0.3385 0.5104 0.3489 0.5104 0.3489 0.5264 0.3385 0.5264
6 0.6390 0.9503 0.7118 0.9503 0.7118 0.9845 0.6390 0.9845
6 0.0005 0.4447 0.0435 0.4447 0.0435 0.4649 0.0005 0.4649
6 0.6105 0.5262 0.6301 0.5262 0.6301 0.5542 0.6105 0.5542
6 0.5371 0.1064 0.6264 0.1064 0.6264 0.1484 0.5371 0.1484
7 0.2477 0.3671 0.3343 0.3671 0.3343 0.5029 0.2477 0.5029
7 0.6266 0.6924 0.6300 0.6924 0.6300 0.7016 0.6266 0.7016
7 0.4185 0.3728 0.4338 0.3728 0.4338 0.4548 0.4185 0.4548
7 0.3288 0.0139 0.3449 0.0139 0.3449 0.0913 0.3288 0.0913
9 0.4871 0.6987 0.5672 0.6987 0.5672 0.9633 0.4871 0.9633
9 0.1222 0.1366 0.1615 0.1366 0.1615 0.2634 0.1222 0.2634
9 0.5579 0.4936 0.5738 0.4936 0.5738 0.5868 0.5579 0.5868
9 0.0528 0.1835 0.0772 0.1835 0.0772 0.3097 0.0528 0.3097
12 0.9413 0.4947 0.9456 0.4947 0.9456 0.6525 0.9413 0.6525
12 0.4665 0.9340 0.4829 0.9340 0.4829 0.9968 0.4665 0.9968
12 0.9605 0.6410 0.9832 0.6410 0.9832 0.9054 0.9605 0.9054
12 0.6513 0.9030 0.9096 0.9030 0.9096 0.9506 0.6513 0.9506
13 0.0401 0.4862 0.0570 0.4862 0.0570 0.5022 0.0401 0.5022
13 0.8408 0.8618 0.8572 0.8618 0.8572 0.8718 0.8408 0.8718
13 0.3351 0.1447 0.3575 0.1447 0.3575 0.1837 0.3351 0.1837
13 0.0554 0.7044 0.0641 0.7044 0.0641 0.7156 0.0554 0.7156
15 0.7968 0.0223 0.8829 0.0223 0.8829 0.1389 0.7968 0.1389
15 0.0819 0.1167 0.1172 0.1167 0.1172 0.1673 0.0819 0.1673
15 0.3802 0.0983 0.4638 0.0983 0.4638 0.1953 0.3802 0.1953
15 0.3337 0.9134 0.3632 0.9134 0.3632 0.9558 0.3337 0.9558
