0 0.5688 0.4859 0.7852 0.4859 0.7852 0.5393 0.5688 0.5393
0 0.2527 0.1431 0.5010 0.1431 0.5010 0.3861 0.2527 0.3861
0 0.0437 0.7006 0.1603 0.7006 0.1603 0.8994 0.0437 0.8994
0 0.2376 0.4528 0.4115 0.4528 0.4115 0.9648 0.2376 0.9648
1 0.7437 0.1787 0.7560 0.1787 0.7560 0.2193 0.7437 0.2193
1 0.1116 0.2002 0.1427 0.2002 0.1427 0.2062 0.1116 0.2062
1 0.4271 0.7132 0.4392 0.7132 0.4392 0.8420 0.4271 0.8420
1 0.2214 0.1554 0.2509 0.1554 0.2509 0.1678 0.2214 0.1678
2 0.9274 0.1904 0.9872 0.1904 0.9872 0.2368 0.9274 0.2368
2 0.7453 0.8076 0.9598 0.8076 0.9598 0.9852 0.7453 0.9852
2 0.8425 0.0750 0.9263 0.0750 0.9263 0.0858 0.8425 0.0858
2 0.6714 0.3672 0.7529 0.3672 0.7529 0.4240 0.6714 0.4240
3 0.6499 0.2122 0.6644 0.2122 0.6644 0.3238 0.6499 0.3238
3 0.8874 0.7246 0.9900 0.7246 0.9900 0.7518 0.8874 0.7518
3 0.1770 0.4103 0.1850 0.4103 0.1850 0.5401 0.1770 0.5401
3 0.2676 0.1160 0.3641 0.1160 0.3641 0.1396 0.2676 0.1396
4 0.8260 0.2990 0.8346 0.2990 0.8346 0.3050 0.8260 0.3050
4 0.4920 0.5635 0.4989 0.5635 0.4989 0.5713 0.4920 0.5713
4 0.1177 0.2675 0.1240 0.2675 0.1240 0.2729 0.1177 0.2729
4 0.8268 0.1951 0.8481 0.1951 0.8481 0.2309 0.8268 0.2309
6 0.4584 0.0494 0.5144 0.0494 0.5144 0.1282 0.4584 0.1282
6 0.0499 0.2159 0.0873 0.2159 0.0873 0.2281 0.0499 0.2281
6 0.6776 0.5468 0.7687 0.5468 0.7687 0.8036 0.6776 0.8036
6 0.8065 0.3594 0.8575 0.3594 0.8575 0.4074 0.8065 0.4074
7 0.1373 0.2696 0.1738 0.2696 0.1738 0.2864 0.1373 0.2864
7 0.4762 0.8088 0.4881 0.8088 0.4881 0.8448 0.4762 0.8448
7 0.4507 0.3966 0.4598 0.3966 0.4598 0.4470 0.4507 0.4470
7 0.6513 0.5480 0.6601 0.5480 0.6601 0.5900 0.6513 0.5900
9 0.3493 0.0066 0.4390 0.0066 0.4390 0.0358 0.3493 0.0358
9 0.4796 0.6096 0.6564 0.6096 0.6564 0.6780 0.4796 0.6780
9 0.5017 0.2463 0.5426 0.2463 0.5426 0.4481 0.5017 0.4481
9 0.6651 0.8247 0.6872 0.8247 0.6872 0.9541 0.6651 0.9541
12 0.0428 0.0630 0.2332 0.0630 0.2332 0.0962 0.0428 0.0962
12 0.1899 0.1734 0.2127 0.1734 0.2127 0.2666 0.1899 0.2666
12 0.6065 0.0050 0.6475 0.0050 0.6475 0.4002 0.6065 0.4002
12 0.7634 0.0624 0.8018 0.0624 0.8018 0.2340 0.7634 0.2340
13 0.4860 0.8498 0.4972 0.8498 0.4972 0.8594 0.4860 0.8594
13 0.7222 0.1363 0.7243 0.1363 0.7243 0.2517 0.7222 0.2517
13 0.2933 0.3967 0.3047 0.3967 0.3047 0.4353 0.2933 0.4353
13 0.2242 0.3435 0.2467 0.3435 0.2467 0.3773 0.2242 0.3773
15 0.9471 0.6604 0.9855 0.6604 0.9855 0.7052 0.9471 0.7052
15 0.8742 0.4299 1.0000 0.4299 1.0000 0.5681 0.8742 0.5681
15 0.5403 0.5164 0.5649 0.5164 0.5649 0.5684 0.5403 0.5684
15 0.5914 0.8091 0.6164 0.8091 0.6164 0.8449 0.5914 0.8449
