0 0.5893 0.3064 0.7927 0.3064 0.7927 0.9844 0.5893 0.9844
0 0.1631 0.3974 0.3609 0.3974 0.3609 0.6262 0.1631 0.6262
0 0.3802 0.0928 0.5686 0.0928 0.5686 0.6112 0.3802 0.6112
0 0.1271 0.6499 0.5752 0.6499 0.5752 0.9325 0.1271 0.9325
1 0.9442 0.6431 0.9469 0.6431 0.9469 0.6669 0.9442 0.6669
1 0.7548 0.0180 0.7675 0.0180 0.7675 0.1544 0.7548 0.1544
1 0.7725 0.0852 0.7767 0.0852 0.7767 0.1220 0.7725 0.1220
1 0.6962 0.2562 0.7055 0.2562 0.7055 0.2586 0.6962 0.2586
2 0.8879 0.4727 0.9081 0.4727 0.9081 0.4801 0.8879 0.4801
2 0.6471 0.1623 0.6832 0.1623 0.6832 0.1937 0.6471 0.1937
2 0.8085 0.6859 0.8329 0.6859 0.8329 0.7109 0.8085 0.7109
2 0.8056 0.4910 0.9184 0.4910 0.9184 0.5662 0.8056 0.5662
3 0.2996 0.1532 0.3664 0.1532 0.3664 0.1740 0.2996 0.1740
3 0.0445 0.0719 0.0606 0.0719 0.0606 0.1921 0.0445 0.1921
3 0.0100 0.5180 0.0298 0.5180 0.0298 0.6588 0.0100 0.6588
3 0.0196 0.3595 0.0298 0.3595 0.0298 0.4313 0.0196 0.4313
4 0.6122 0.2499 0.6824 0.2499 0.6824 0.2597 0.6122 0.2597
4 0.8773 0.9600 0.9067 0.9600 0.9067 0.9672 0.8773 0.9672
4 0.2379 0.1682 0.2541 0.1682 0.2541 0.1834 0.2379 0.1834
4 0.8682 0.6488 0.8876 0.6488 0.8876 0.6940 0.8682 0.6940
6 0.2557 0.1256 0.2732 0.1256 0.2732 0.1312 0.2557 0.1312
6 0.8545 0.7424 0.9020 0.7424 0.9020 0.8092 0.8545 0.8092
6 0.6651 0.0835 0.7335 0.0835 0.7335 0.1157 0.6651 0.1157
6 0.8256 0.0236 0.9127 0.0236 0.9127 0.2688 0.8256 0.2688
7 0.1088 0.6880 0.1152 0.6880 0.1152 0.7080 0.1088 0.7080
7 0.0771 0.8035 0.1026 0.8035 0.1026 0.8925 0.0771 0.8925
7 0.8282 0.7307 0.8358 0.7307 0.8358 0.7517 0.8282 0.7517
7 0.6193 0.0203 0.6284 0.0203 0.6284 0.0597 0.6193 0.0597
9 0.3539 0.0140 0.5244 0.0140 0.5244 0.0800 0.3539 0.0800
9 0.0453 0.2588 0.1107 0.2588 0.1107 0.4696 0.0453 0.4696
9 0.1130 0.0346 0.2504 0.0346 0.2504 0.0798 0.1130 0.0798
9 0.1682 0.2392 0.2115 0.2392 0.2115 0.2804 0.1682 0.2804
12 0.1882 0.3488 0.3401 0.3488 0.3401 0.3752 0.1882 0.3752
12 0.0216 0.2199 0.0598 0.2199 0.0598 0.2369 0.0216 0.2369
12 0.8648 0.3880 0.9346 0.3880 0.9346 0.4288 0.8648 0.4288
12 0.0526 0.6828 0.0652 0.6828 0.0652 0.7312 0.0526 0.7312
13 0.0322 0.6875 0.0424 0.6875 0.0424 0.6913 0.0322 0.6913
13 0.9090 0.7940 0.9215 0.7940 0.9215 0.8056 0.9090 0.8056
13 0.2953 0.2122 0.3132 0.2122 0.3132 0.2490 0.2953 0.2490
13 0.9419 0.7704 0.9506 0.7704 0.9506 0.7816 0.9419 0.7816
15 0.9342 0.4579 0.9804 0.4579 0.9804 0.5221 0.9342 0.5221
15 0.9533 0.8402 0.9861 0.8402 0.9861 0.9066 0.9533 0.9066
15 0.9405 0.1482 0.9932 0.1482 0.9932 0.2050 0.9405 0.2050
15 0.8694 0.8452 0.9509 0.8452 0.9509 0.9388 0.8694 0.9388
