0 0.6709 0.6269 0.4677 0.7361 0.3256 0.2179 0.5289 0.1087
0 0.2621 0.4994 0.1833 0.5605 0.0547 0.2358 0.1336 0.1747
0 0.7326 0.8496 0.7388 0.6819 0.9743 0.6992 0.9680 0.8669
0 0.2429 0.9720 0.2019 0.8491 0.3746 0.7364 0.4155 0.8593
1 0.2578 0.1270 0.2573 0.1232 0.2728 0.1190 0.2733 0.1228
1 0.6432 0.9939 0.6434 0.9954 0.6300 1.0001 0.6297 0.9986
1 0.8167 0.6514 0.8179 0.6472 0.8370 0.6574 0.8358 0.6616
1 0.0622 0.0247 0.0712 0.0256 0.0664 0.1229 0.0573 0.1220
2 0.6988 0.2214 0.9353 0.1327 0.9721 0.3250 0.7356 0.4137
2 0.4949 0.7687 0.5881 0.8268 0.5377 0.9853 0.4444 0.9272
2 0.9561 0.5459 0.9969 0.5845 0.9659 0.6489 0.9251 0.6103
3 0.7711 0.5605 0.8054 0.4622 0.8172 0.4703 0.7829 0.5685
3 0.2229 0.0863 0.1802 0.1080 0.1768 0.0949 0.2195 0.0732
3 0.7449 0.9623 0.8509 0.9675 0.8502 0.9925 0.7443 0.9873
3 0.8785 0.9123 0.9029 0.9855 0.8941 0.9913 0.8697 0.9181
4 0.2834 0.0462 0.3087 0.0311 0.3140 0.0486 0.2887 0.0637
4 0.5022 0.0990 0.5039 0.0642 0.5161 0.0654 0.5144 0.1002
4 0.0839 0.9855 0.1097 0.9603 0.1130 0.9669 0.0872 0.9921
4 0.2063 0.0058 0.2112 0.0067 0.2097 0.0242 0.2048 0.0233
6 0.1534 0.7475 0.1820 0.8464 0.0397 0.9269 0.0111 0.8280
6 0.1436 0.0303 0.1744 0.0875 0.1333 0.1309 0.1025 0.0737
6 0.6877 0.5059 0.6921 0.5303 0.6880 0.5317 0.6837 0.5073
6 0.7822 0.0364 0.7762 0.0118 0.7941 0.0032 0.8001 0.0278
7 0.6523 0.8154 0.6741 0.9376 0.6497 0.9462 0.6279 0.8240
7 0.9227 0.0475 0.9186 0.0541 0.9090 0.0425 0.9132 0.0359
7 0.2826 0.2777 0.2668 0.2773 0.2677 0.2051 0.2835 0.2055
7 0.4018 0.9861 0.4002 0.9933 0.3905 0.9891 0.3920 0.9819
12 0.7157 0.0241 0.6839 0.0833 0.6663 0.0647 0.6981 0.0055
12 0.0580 0.6226 0.0611 0.5719 0.0837 0.5746 0.0806 0.6253
13 0.1433 0.6587 0.2952 0.6439 0.2972 0.6841 0.1454 0.6989
13 0.8420 0.9337 0.8242 0.8905 0.8343 0.8823 0.8521 0.9255
13 0.2972 0.5695 0.2829 0.5760 0.2791 0.5597 0.2934 0.5532
13 0.9353 0.5312 0.9366 0.5373 0.9247 0.5424 0.9234 0.5363
15 0.0418 0.1412 0.0103 0.1474 0.0042 0.0868 0.0357 0.0806
15 0.7327 0.7474 0.7165 0.7866 0.6873 0.7630 0.7035 0.7238
15 0.3140 0.4091 0.3020 0.4437 0.2808 0.4293 0.2929 0.3947
