0 0.3978 0.2712 0.5718 0.3319 0.4685 0.9120 0.2945 0.8513
0 0.0054 0.1091 0.2104 0.0375 0.2303 0.1493 0.0253 0.2209
0 0.5874 0.0099 0.6121 0.1394 0.5592 0.1593 0.5344 0.0298
1 0.4986 0.0201 0.5006 0.0182 0.5083 0.0343 0.5063 0.0362
1 0.9488 0.3206 0.9619 0.3128 0.9630 0.3162 0.9498 0.3240
1 0.4501 0.0725 0.4488 0.0550 0.4667 0.0523 0.4681 0.0698
1 0.3667 0.9746 0.3546 0.9865 0.3424 0.9622 0.3545 0.9503
2 0.1375 0.3744 0.1324 0.3853 0.0707 0.3292 0.0758 0.3183
2 0.8669 0.9329 0.8584 0.8207 0.8914 0.8159 0.8999 0.9281
2 0.6517 0.8727 0.6580 0.8822 0.6305 0.9181 0.6243 0.9086
2 0.8870 0.4863 0.9282 0.4379 0.9461 0.4677 0.9049 0.5161
3 0.8852 0.0636 0.7575 0.1432 0.7479 0.1132 0.8756 0.0336
3 0.1128 0.4412 0.2118 0.4631 0.2083 0.4940 0.1093 0.4721
3 0.3917 0.1963 0.4709 0.2179 0.4683 0.2373 0.3891 0.2157
3 0.8265 0.1639 0.8332 0.1897 0.7350 0.2397 0.7282 0.2139
4 0.6473 0.8565 0.6425 0.8444 0.6524 0.8367 0.6572 0.8488
4 0.8257 0.5394 0.8065 0.5550 0.8025 0.5454 0.8218 0.5298
4 0.6335 0.5552 0.6294 0.5590 0.6091 0.5152 0.6132 0.5114
4 0.9985 0.3653 0.9866 0.3650 0.9867 0.3559 0.9986 0.3562
6 0.2826 0.6949 0.2668 0.6851 0.2740 0.6627 0.2897 0.6725
6 0.2234 0.7723 0.0720 0.9320 0.0146 0.8253 0.1660 0.6656
6 0.7121 0.8257 0.6958 0.8653 0.6767 0.8499 0.6931 0.8103
6 0.3411 0.1418 0.3133 0.0685 0.3309 0.0554 0.3587 0.1287
7 0.7666 0.6756 0.7813 0.7049 0.7062 0.7784 0.6916 0.7491
7 0.9970 0.7997 0.9894 0.8069 0.9733 0.7735 0.9809 0.7663
7 0.7728 0.3411 0.7734 0.3358 0.7844 0.3385 0.7837 0.3438
7 0.9597 0.2882 0.9533 0.3058 0.9225 0.2838 0.9289 0.2662
9 0.8388 0.7525 0.8017 0.7293 0.8406 0.6067 0.8778 0.6299
9 0.6353 0.5605 0.7409 0.3572 0.7750 0.3919 0.6694 0.5952
9 0.9413 0.0463 0.9812 0.0512 0.9690 0.2457 0.9291 0.2408
12 0.8236 0.5281 0.7940 0.5061 0.8038 0.4803 0.8334 0.5023
12 0.2693 0.4782 0.2205 0.4403 0.2310 0.4138 0.2798 0.4517
12 0.1545 0.3629 0.2575 0.2331 0.2827 0.2723 0.1797 0.4021
13 0.6879 0.0339 0.6974 0.0039 0.7093 0.0113 0.6997 0.0413
13 0.4721 0.1701 0.4637 0.1842 0.4570 0.1763 0.4654 0.1622
13 0.3175 0.1667 0.3161 0.1901 0.3059 0.1889 0.3074 0.1655
13 0.0585 0.2738 0.0690 0.2423 0.0806 0.2498 0.0701 0.2813
15 0.8848 0.2523 0.8904 0.2028 0.9198 0.2093 0.9142 0.2588
15 0.2239 0.6064 0.2481 0.5631 0.2735 0.5908 0.2493 0.6341
15 0.1423 0.6262 0.1471 0.4987 0.2009 0.5026 0.1961 0.6301
