0 0.1306 0.3185 0.0364 0.2156 0.1260 0.0551 0.2201 0.1580
0 0.8630 0.7777 0.7373 0.7239 0.8350 0.2767 0.9607 0.3305
0 0.1368 0.5983 0.1626 0.4535 0.4255 0.5453 0.3997 0.6901
0 0.7983 0.7795 0.8009 0.8823 0.7402 0.8853 0.7377 0.7825
1 0.4987 0.1241 0.5038 0.1188 0.5061 0.1231 0.5011 0.1284
1 0.5590 0.5789 0.5554 0.5673 0.5672 0.5599 0.5709 0.5715
1 0.6808 0.5297 0.6824 0.5286 0.6869 0.5415 0.6853 0.5426
1 0.0415 0.4597 0.0396 0.4580 0.0568 0.4211 0.0586 0.4228
2 0.1611 0.7407 0.1675 0.7460 0.1518 0.7825 0.1454 0.7772
2 0.4776 0.4731 0.5023 0.4319 0.5126 0.4441 0.4880 0.4853
2 0.4934 0.6932 0.5969 0.5879 0.6706 0.7300 0.5671 0.8353
3 0.2870 0.1167 0.3490 0.1895 0.3344 0.2137 0.2725 0.1409
3 0.8493 0.2600 0.8325 0.2752 0.7727 0.1464 0.7895 0.1312
3 0.4310 0.2640 0.4327 0.2471 0.4938 0.2592 0.4921 0.2761
3 0.5996 0.1141 0.6550 0.0763 0.6616 0.0951 0.6061 0.1329
4 0.4371 0.8884 0.4520 0.9053 0.4440 0.9192 0.4291 0.9023
4 0.8625 0.8576 0.8632 0.8026 0.8704 0.8028 0.8697 0.8578
4 0.4785 0.2433 0.4602 0.2266 0.4624 0.2219 0.4807 0.2386
4 0.9925 0.9158 0.9885 0.9064 0.9955 0.9006 0.9995 0.9100
6 0.3599 0.7783 0.3776 0.8180 0.3710 0.8237 0.3533 0.7840
6 0.6970 0.6254 0.7204 0.5751 0.7287 0.5826 0.7054 0.6329
6 0.7020 0.0683 0.6771 0.1010 0.6717 0.0929 0.6967 0.0602
6 0.0329 0.3267 0.0704 0.3369 0.0631 0.3897 0.0256 0.3795
7 0.4900 0.6153 0.4786 0.6185 0.4777 0.6123 0.4892 0.6091
7 0.8402 0.0158 0.8432 0.0119 0.8487 0.0202 0.8457 0.0241
7 0.6560 0.2915 0.6145 0.3477 0.5568 0.2641 0.5983 0.2079
9 0.2576 0.3753 0.2379 0.3468 0.2887 0.2783 0.3083 0.3068
9 0.0394 0.8806 0.1867 0.8770 0.1877 0.9614 0.0404 0.9650
9 0.8756 0.1958 0.8505 0.1786 0.8810 0.0910 0.9061 0.1082
9 0.3896 0.1889 0.3751 0.1298 0.4744 0.0819 0.4889 0.1410
12 0.0769 0.6451 0.1115 0.7070 0.1031 0.7161 0.0685 0.6542
12 0.0388 0.7475 0.0502 0.7363 0.0901 0.8161 0.0787 0.8273
12 0.2150 0.8822 0.2088 0.7164 0.2548 0.7130 0.2610 0.8788
13 0.7572 0.0463 0.7492 0.0952 0.7059 0.0813 0.7140 0.0324
13 0.3184 0.6991 0.3129 0.7093 0.3079 0.7041 0.3134 0.6939
13 0.0327 0.5973 0.0381 0.5831 0.0430 0.5867 0.0376 0.6009
13 0.0624 0.5018 0.0752 0.4888 0.1310 0.5962 0.1182 0.6092
15 0.7375 0.2176 0.7114 0.2013 0.7273 0.1512 0.7535 0.1675
15 0.9919 0.1378 0.9435 0.2130 0.9067 0.1666 0.9551 0.0914
15 0.6057 0.5506 0.5606 0.4265 0.6120 0.3898 0.6571 0.5139
15 0.1570 0.8144 0.1826 0.7843 0.2050 0.8216 0.1794 0.8517
