0 0.6692 0.3244 0.7786 0.4238 0.5980 0.8132 0.4886 0.7138
0 0.1162 0.9705 0.0165 0.8728 0.2050 0.4959 0.3047 0.5936
0 0.9659 0.8114 0.9784 0.9533 0.8710 0.9718 0.8585 0.8299
1 0.1752 0.3713 0.1518 0.3801 0.1500 0.3703 0.1733 0.3615
1 0.4014 0.4257 0.4097 0.4176 0.4180 0.4343 0.4097 0.4424
1 0.0403 0.0533 0.0389 0.0636 0.0283 0.0607 0.0297 0.0504
1 0.7816 0.5552 0.7823 0.5539 0.7947 0.5652 0.7940 0.5665
2 0.5364 0.2918 0.5545 0.2783 0.5656 0.3074 0.5475 0.3209
2 0.2734 0.1825 0.2870 0.1355 0.3464 0.1691 0.3328 0.2161
2 0.0367 0.2820 0.0533 0.3533 0.0279 0.3648 0.0113 0.2935
2 0.9913 0.1670 0.7532 0.1961 0.7479 0.1106 0.9859 0.0815
3 0.4842 0.5518 0.4863 0.5700 0.4169 0.5854 0.4149 0.5672
3 0.7905 0.9976 0.7843 0.9898 0.8495 0.8884 0.8557 0.8962
3 0.6841 0.1507 0.5890 0.1790 0.5845 0.1493 0.6796 0.1210
3 0.9659 0.6517 0.9448 0.7210 0.9310 0.7127 0.9520 0.6434
4 0.9420 0.4173 0.9530 0.3927 0.9620 0.4007 0.9510 0.4253
4 0.7207 0.1488 0.7214 0.1630 0.7153 0.1636 0.7146 0.1494
4 0.1387 0.3669 0.1357 0.3629 0.1422 0.3535 0.1451 0.3575
4 0.2060 0.3287 0.2015 0.3378 0.1822 0.3189 0.1868 0.3098
6 0.2677 0.3776 0.3306 0.3980 0.3258 0.4276 0.2628 0.4072
6 0.9749 0.5541 0.9380 0.5254 0.9517 0.4907 0.9886 0.5194
6 0.3853 0.2231 0.3937 0.1112 0.5547 0.1349 0.5463 0.2468
6 0.6435 0.9013 0.6348 0.9880 0.5102 0.9635 0.5189 0.8768
7 0.9635 0.6186 0.9588 0.6141 0.9662 0.5986 0.9709 0.6031
7 0.7419 0.8207 0.7512 0.8610 0.6618 0.9017 0.6525 0.8614
7 0.1120 0.1297 0.0811 0.0448 0.1406 0.0023 0.1715 0.0872
7 0.8719 0.2308 0.8832 0.2179 0.9173 0.2768 0.9059 0.2897
9 0.8510 0.3128 0.9294 0.3640 0.9193 0.3944 0.8408 0.3432
9 0.4206 0.9192 0.3529 0.7615 0.3789 0.7396 0.4466 0.8973
9 0.9001 0.5798 0.8585 0.5562 0.8699 0.5166 0.9115 0.5402
9 0.3264 0.3241 0.2723 0.3714 0.2493 0.3199 0.3034 0.2726
12 0.1745 0.1480 0.1905 0.1436 0.2018 0.2252 0.1858 0.2296
12 0.8176 0.2073 0.8490 0.2050 0.8501 0.2347 0.8187 0.2370
12 0.7870 0.5121 0.7799 0.5103 0.8130 0.2475 0.8201 0.2493
13 0.3879 0.3970 0.3884 0.3838 0.3932 0.3842 0.3928 0.3974
13 0.9035 0.4275 0.8993 0.4374 0.8959 0.4345 0.9002 0.4246
13 0.0773 0.2314 0.1254 0.4070 0.1187 0.4106 0.0706 0.2350
13 0.6184 0.0898 0.6139 0.0945 0.6047 0.0774 0.6092 0.0727
15 0.6764 0.2886 0.6680 0.2045 0.7261 0.1930 0.7346 0.2771
15 0.0097 0.1792 0.0371 0.1264 0.0717 0.1616 0.0443 0.2144
15 0.3526 0.2735 0.3872 0.3171 0.3688 0.3457 0.3342 0.3021
