0 0.6506 0.2284 0.7049 0.3715 0.4451 0.5648 0.3908 0.4217
0 0.9230 0.0708 0.9372 0.1962 0.8695 0.2112 0.8553 0.0858
0 0.6198 0.9649 0.5122 0.7915 0.6630 0.6079 0.7707 0.7813
0 0.8187 0.2863 0.9276 0.5039 0.8575 0.5725 0.7487 0.3549
1 0.7218 0.2878 0.7071 0.2686 0.7124 0.2606 0.7272 0.2798
1 0.5752 0.0346 0.5695 0.0357 0.5673 0.0146 0.5731 0.0135
1 0.6581 0.2092 0.6499 0.2141 0.6233 0.1264 0.6315 0.1215
1 0.9101 0.8766 0.9218 0.9135 0.9182 0.9158 0.9065 0.8789
2 0.0520 0.1219 0.1504 0.1721 0.1148 0.3089 0.0165 0.2587
2 0.7709 0.0959 0.8010 0.1750 0.7442 0.2173 0.7142 0.1382
2 0.4366 0.6330 0.4350 0.6246 0.4594 0.6154 0.4610 0.6238
2 0.8283 0.6086 0.8815 0.6099 0.8811 0.6406 0.8280 0.6393
3 0.1807 0.1403 0.2932 0.1945 0.2865 0.2221 0.1739 0.1679
3 0.9111 0.7078 0.9293 0.6599 0.9378 0.6662 0.9196 0.7141
3 0.1527 0.7437 0.1260 0.5820 0.1462 0.5755 0.1729 0.7372
3 0.1357 0.5293 0.1255 0.5329 0.1125 0.4603 0.1228 0.4567
4 0.9029 0.7052 0.9022 0.7233 0.8960 0.7228 0.8967 0.7047
4 0.0007 0.5917 0.0028 0.5851 0.0155 0.5931 0.0134 0.5997
4 0.8038 0.7793 0.7846 0.7504 0.7945 0.7375 0.8137 0.7664
4 0.2610 0.4243 0.2841 0.4099 0.2901 0.4289 0.2671 0.4433
6 0.3840 0.7226 0.3654 0.6714 0.3777 0.6626 0.3963 0.7138
6 0.1319 0.0993 0.1407 0.0906 0.1470 0.1031 0.1382 0.1118
6 0.3225 0.7009 0.3208 0.6324 0.3321 0.6319 0.3338 0.7004
6 0.2807 0.5701 0.2784 0.5099 0.3650 0.5035 0.3673 0.5637
7 0.1581 0.8749 0.1216 0.8583 0.1465 0.7511 0.1829 0.7677
7 0.2554 0.4927 0.2577 0.4963 0.2531 0.5021 0.2508 0.4985
7 0.2255 0.7726 0.2437 0.7819 0.2408 0.7934 0.2225 0.7841
7 0.7429 0.3783 0.7350 0.3860 0.7171 0.3501 0.7250 0.3424
9 0.4493 0.7652 0.4795 0.8482 0.3587 0.9344 0.3285 0.8514
9 0.9819 0.2711 0.9978 0.3169 0.9756 0.3321 0.9596 0.2863
9 0.2868 0.3221 0.2824 0.2787 0.3598 0.2635 0.3641 0.3069
12 0.5057 0.7197 0.4712 0.7433 0.4611 0.7143 0.4957 0.6907
12 0.5734 0.1904 0.5483 0.1725 0.5857 0.0696 0.6109 0.0875
12 0.3460 0.1666 0.3387 0.1312 0.4818 0.0738 0.4890 0.1092
13 0.0622 0.8596 0.0613 0.8478 0.0818 0.8448 0.0827 0.8566
13 0.8966 0.8384 0.8877 0.8312 0.9011 0.7988 0.9100 0.8060
13 0.3210 0.4665 0.3233 0.4479 0.3313 0.4499 0.3289 0.4685
13 0.1153 0.9144 0.1224 0.9051 0.1384 0.9292 0.1313 0.9385
15 0.2900 0.9200 0.2512 0.9581 0.2234 0.9024 0.2622 0.8643
15 0.1628 0.5160 0.2040 0.4395 0.2450 0.4828 0.2038 0.5593
15 0.1021 0.3889 0.0740 0.4968 0.0125 0.4655 0.0405 0.3576
