0 0.5068 0.4992 0.4171 0.0882 0.4689 0.0660 0.5587 0.4770
0 0.8224 0.2973 0.7816 0.1750 0.8476 0.1319 0.8884 0.2542
0 0.2044 0.1271 0.2189 0.2550 0.1076 0.2797 0.0931 0.1518
0 0.2088 0.9191 0.2153 0.8618 0.4417 0.9121 0.4353 0.9694
1 0.8765 0.9552 0.8775 0.9608 0.8670 0.9648 0.8659 0.9592
1 0.4449 0.5818 0.4456 0.5875 0.4208 0.5930 0.4202 0.5873
1 0.7365 0.0941 0.7337 0.0791 0.7369 0.0779 0.7398 0.0929
1 0.9808 0.7074 0.9743 0.6997 0.9886 0.6758 0.9951 0.6835
2 0.5661 0.9702 0.6244 0.9731 0.6242 0.9806 0.5659 0.9777
2 0.0039 0.7273 0.0257 0.7043 0.0481 0.7459 0.0263 0.7689
2 0.2902 0.2319 0.3127 0.2319 0.3127 0.3273 0.2902 0.3273
2 0.4693 0.6758 0.5185 0.5774 0.6038 0.6610 0.5546 0.7594
3 0.3138 0.8380 0.2963 0.7987 0.3031 0.7928 0.3206 0.8321
3 0.6758 0.8946 0.6717 0.9272 0.5442 0.8958 0.5483 0.8632
3 0.6589 0.4255 0.5833 0.4749 0.5773 0.4569 0.6529 0.4075
3 0.6342 0.0929 0.6251 0.0709 0.7090 0.0031 0.7181 0.0251
4 0.8419 0.7167 0.8440 0.7276 0.8278 0.7337 0.8257 0.7228
4 0.2142 0.4264 0.2233 0.4052 0.2390 0.4184 0.2299 0.4396
4 0.2465 0.8017 0.2402 0.7972 0.2415 0.7935 0.2478 0.7980
4 0.5239 0.0188 0.5256 0.0099 0.5718 0.0272 0.5701 0.0361
6 0.1165 0.6454 0.0625 0.5697 0.0806 0.5442 0.1347 0.6199
6 0.8220 0.8930 0.8298 0.8659 0.8495 0.8770 0.8416 0.9041
6 0.6878 0.2365 0.6868 0.2574 0.6716 0.2559 0.6727 0.2350
7 0.2113 0.8529 0.1956 0.8618 0.1933 0.8539 0.2090 0.8450
7 0.1830 0.0928 0.1839 0.0698 0.2247 0.0728 0.2238 0.0958
7 0.0368 0.9453 0.0413 0.9055 0.0504 0.9075 0.0459 0.9473
7 0.4562 0.8881 0.4587 0.8795 0.4861 0.8951 0.4836 0.9037
9 0.7501 0.7157 0.7291 0.6943 0.7671 0.6211 0.7881 0.6425
9 0.0852 0.3784 0.0301 0.4344 0.0137 0.4028 0.0688 0.3468
9 0.2921 0.4734 0.2850 0.5106 0.2188 0.4858 0.2259 0.4486
9 0.9620 0.5328 0.9069 0.5705 0.9006 0.5524 0.9557 0.5147
12 0.3843 0.6905 0.3590 0.5085 0.3834 0.5019 0.4087 0.6839
12 0.9002 0.4669 0.9296 0.4348 0.9392 0.4519 0.9098 0.4840
13 0.8527 0.4523 0.8573 0.4710 0.8533 0.4729 0.8487 0.4542
13 0.9536 0.0480 0.9621 0.0480 0.9621 0.0536 0.9536 0.0536
13 0.3554 0.4829 0.3428 0.4256 0.3692 0.4143 0.3817 0.4716
13 0.1760 0.6864 0.1803 0.6875 0.1780 0.7040 0.1737 0.7029
15 0.9247 0.7232 0.9085 0.7188 0.9133 0.6844 0.9295 0.6888
15 0.6163 0.1653 0.6099 0.1088 0.6683 0.0959 0.6747 0.1524
15 0.7473 0.6117 0.7464 0.5458 0.7939 0.5447 0.7947 0.6106
15 0.3369 0.2245 0.2425 0.1419 0.2888 0.0383 0.3832 0.1209
