0 0.2613 0.3824 0.7149 0.5407 0.6950 0.6528 0.2413 0.4945
0 0.5855 0.9577 0.5762 0.8907 0.8408 0.8187 0.8501 0.8857
0 0.4090 0.3413 0.3512 0.3757 0.3213 0.2771 0.3791 0.2427
0 0.2149 0.6105 0.1636 0.6068 0.1720 0.3835 0.2232 0.3872
1 0.0475 0.0785 0.0382 0.0849 0.0265 0.0511 0.0358 0.0447
1 0.8000 0.4715 0.7971 0.4716 0.7965 0.4481 0.7995 0.4480
1 0.4685 0.8078 0.4726 0.8264 0.4675 0.8286 0.4634 0.8100
1 0.9167 0.0632 0.9310 0.0271 0.9775 0.0632 0.9632 0.0993
2 0.2874 0.0883 0.3871 0.0402 0.4246 0.1929 0.3249 0.2410
2 0.5752 0.1422 0.5435 0.2161 0.5122 0.1898 0.5440 0.1159
2 0.6844 0.1042 0.7984 0.2753 0.7202 0.3774 0.6062 0.2063
2 0.3813 0.9152 0.3495 0.9864 0.2347 0.8860 0.2665 0.8148
3 0.1714 0.3199 0.1740 0.3305 0.0860 0.3729 0.0834 0.3623
3 0.5491 0.7397 0.5331 0.7287 0.5549 0.6663 0.5709 0.6773
3 0.0511 0.2895 0.0555 0.2956 0.0334 0.3265 0.0291 0.3204
3 0.0805 0.9722 0.0788 0.8295 0.0980 0.8290 0.0998 0.9717
4 0.0604 0.4261 0.0591 0.4205 0.0710 0.4151 0.0723 0.4207
4 0.0401 0.6362 0.0274 0.6271 0.0341 0.6086 0.0469 0.6177
4 0.3320 0.0271 0.3353 0.0283 0.3345 0.0325 0.3313 0.0313
4 0.8143 0.4447 0.8246 0.4403 0.8312 0.4705 0.8209 0.4749
6 0.4783 0.2721 0.4564 0.2381 0.4728 0.2175 0.4947 0.2515
6 0.4456 0.9608 0.5154 0.9044 0.5289 0.9372 0.4592 0.9936
6 0.2193 0.8320 0.1193 0.8541 0.1113 0.7836 0.2113 0.7615
6 0.3462 0.7078 0.3904 0.7742 0.3744 0.7950 0.3302 0.7286
7 0.8579 0.4521 0.8534 0.4298 0.8932 0.4139 0.8978 0.4362
7 0.9281 0.1732 0.9684 0.2381 0.9625 0.2452 0.9222 0.1803
7 0.2859 0.3362 0.2940 0.3428 0.2821 0.3718 0.2740 0.3652
7 0.2486 0.2890 0.2293 0.3094 0.1985 0.2522 0.2178 0.2318
9 0.7708 0.7653 0.7334 0.7635 0.7367 0.6331 0.7740 0.6349
9 0.1173 0.6092 0.1381 0.6186 0.1213 0.6912 0.1005 0.6818
9 0.9627 0.7816 0.8053 0.7100 0.8173 0.6584 0.9747 0.7300
9 0.0285 0.2229 0.0228 0.1090 0.2104 0.0907 0.2161 0.2046
12 0.4328 0.6727 0.5103 0.7487 0.4892 0.7909 0.4117 0.7149
12 0.0465 0.7181 0.0470 0.6848 0.0612 0.6851 0.0608 0.7184
12 0.9046 0.3164 0.8995 0.3430 0.8308 0.3172 0.8359 0.2906
13 0.7568 0.4915 0.8429 0.5426 0.8283 0.5905 0.7423 0.5394
13 0.2404 0.7326 0.2321 0.7372 0.2159 0.6810 0.2242 0.6764
13 0.4867 0.3264 0.4907 0.3083 0.5013 0.3128 0.4973 0.3309
15 0.7281 0.0646 0.6975 0.0957 0.6670 0.0370 0.6976 0.0059
15 0.1484 0.5495 0.1581 0.5912 0.1333 0.6025 0.1236 0.5608
15 0.9949 0.3695 0.9355 0.3949 0.9199 0.3237 0.9794 0.2983
