0 0.4999 0.4089 0.4745 0.3966 0.5578 0.0579 0.5832 0.0702
0 0.0364 0.0882 0.1049 0.0019 0.2713 0.2606 0.2028 0.3469
0 0.4241 0.4901 0.4085 0.8009 0.3694 0.7971 0.3849 0.4863
0 0.6664 0.1049 0.6645 0.0302 0.6950 0.0287 0.6969 0.1034
1 0.9320 0.4610 0.9273 0.4541 0.9574 0.4134 0.9621 0.4203
1 0.2774 0.6586 0.2844 0.6829 0.2532 0.7006 0.2462 0.6763
1 0.5353 0.7898 0.5518 0.7943 0.5512 0.7986 0.5347 0.7941
1 0.9017 0.4253 0.8899 0.4189 0.9006 0.3799 0.9124 0.3863
2 0.1555 0.5735 0.1007 0.6293 0.0559 0.5429 0.1107 0.4871
2 0.3684 0.8291 0.3784 0.9620 0.2745 0.9773 0.2645 0.8444
2 0.7936 0.8484 0.7217 0.8176 0.7438 0.7164 0.8158 0.7472
2 0.2459 0.4489 0.2400 0.3698 0.2452 0.3691 0.2512 0.4482
3 0.7836 0.5297 0.7733 0.5203 0.8072 0.4471 0.8176 0.4565
3 0.3040 0.5843 0.3478 0.6358 0.3398 0.6493 0.2959 0.5978
3 0.5246 0.5190 0.5297 0.5138 0.5486 0.5502 0.5434 0.5554
3 0.6271 0.5923 0.6329 0.5923 0.6329 0.6341 0.6271 0.6341
4 0.2286 0.5581 0.2262 0.5468 0.2334 0.5439 0.2358 0.5552
4 0.4480 0.1791 0.4430 0.2186 0.4377 0.2173 0.4427 0.1778
4 0.9039 0.3235 0.9124 0.3256 0.9107 0.3393 0.9022 0.3372
4 0.6543 0.2156 0.6560 0.2255 0.6340 0.2332 0.6322 0.2233
6 0.2219 0.4961 0.1804 0.4773 0.1835 0.4639 0.2250 0.4827
6 0.9361 0.8948 0.8927 0.9920 0.8693 0.9716 0.9127 0.8744
6 0.2883 0.7436 0.2867 0.7877 0.2794 0.7872 0.2810 0.7431
7 0.1677 0.4017 0.1659 0.3888 0.1900 0.3823 0.1918 0.3952
7 0.8619 0.7574 0.8863 0.7326 0.9195 0.7966 0.8951 0.8214
7 0.1023 0.7469 0.1075 0.7408 0.1163 0.7555 0.1111 0.7616
7 0.5113 0.5748 0.5227 0.5756 0.5212 0.6148 0.5099 0.6140
9 0.5977 0.7126 0.4665 0.7030 0.4681 0.6602 0.5993 0.6698
9 0.7591 0.2801 0.7829 0.2630 0.8338 0.4027 0.8099 0.4198
9 0.7561 0.5787 0.7932 0.5870 0.7793 0.7093 0.7423 0.7010
9 0.1980 0.8859 0.2049 0.9247 0.1057 0.9593 0.0988 0.9205
12 0.6369 0.0911 0.6430 0.1054 0.5917 0.1485 0.5856 0.1342
12 0.9280 0.6693 0.9148 0.6686 0.9171 0.5759 0.9303 0.5766
12 0.2716 0.3466 0.2732 0.3164 0.3815 0.3270 0.3800 0.3572
12 0.6097 0.3719 0.6181 0.3543 0.7217 0.4521 0.7133 0.4697
13 0.7946 0.1393 0.7888 0.1328 0.7977 0.1175 0.8034 0.1240
13 0.0868 0.8097 0.0782 0.8087 0.0787 0.8015 0.0872 0.8025
13 0.7668 0.4283 0.7841 0.4308 0.7829 0.4469 0.7656 0.4444
13 0.3411 0.4135 0.3461 0.4027 0.3498 0.4061 0.3448 0.4169
15 0.9415 0.4770 0.9589 0.5407 0.9123 0.5658 0.8948 0.5021
15 0.6333 0.9241 0.6264 0.9629 0.5890 0.9499 0.5959 0.9111
15 0.3507 0.1650 0.3886 0.1403 0.4073 0.1962 0.3694 0.2209
15 0.8981 0.0130 0.9587 0.0145 0.9579 0.0798 0.8973 0.0783
