0 0.4008 0.7269 0.3179 0.5085 0.5126 0.3635 0.5956 0.5819
0 0.8405 0.4188 0.6874 0.1632 0.7357 0.1064 0.8889 0.3620
0 0.9075 0.8580 0.8825 0.9889 0.8290 0.9688 0.8541 0.8379
1 0.0982 0.7091 0.1000 0.7146 0.0898 0.7213 0.0880 0.7158
1 0.5543 0.1156 0.5604 0.1169 0.5514 0.1960 0.5453 0.1947
1 0.6567 0.0281 0.6499 0.0263 0.6518 0.0127 0.6586 0.0145
1 0.7908 0.5575 0.8011 0.5570 0.8021 0.5949 0.7917 0.5954
2 0.2209 0.2913 0.2317 0.2688 0.2477 0.2839 0.2369 0.3064
2 0.6536 0.7616 0.6680 0.7651 0.6644 0.7936 0.6500 0.7901
2 0.9656 0.2967 0.9858 0.4982 0.9173 0.5117 0.8971 0.3102
3 0.7317 0.6580 0.7753 0.6227 0.7815 0.6376 0.7378 0.6729
3 0.7397 0.7199 0.7495 0.7382 0.7132 0.7765 0.7033 0.7582
3 0.6301 0.2240 0.6138 0.2341 0.5754 0.1132 0.5916 0.1031
3 0.5794 0.8455 0.6883 0.8455 0.6883 0.8721 0.5794 0.8721
4 0.5675 0.8912 0.5686 0.9098 0.5605 0.9108 0.5594 0.8922
4 0.1225 0.2535 0.1290 0.2543 0.1284 0.2637 0.1219 0.2629
4 0.5498 0.0873 0.5274 0.0867 0.5276 0.0679 0.5500 0.0685
4 0.4015 0.3540 0.3903 0.3562 0.3876 0.3300 0.3989 0.3278
6 0.2709 0.8668 0.2291 0.9868 0.2003 0.9672 0.2421 0.8472
6 0.3348 0.3584 0.3171 0.3097 0.3520 0.2848 0.3698 0.3335
6 0.4112 0.2258 0.3430 0.2624 0.2903 0.0702 0.3585 0.0336
6 0.3032 0.5080 0.2746 0.7926 0.1722 0.7724 0.2008 0.4878
7 0.6456 0.6055 0.6511 0.5767 0.7081 0.5981 0.7026 0.6269
7 0.1160 0.2929 0.1156 0.2759 0.1806 0.2727 0.1810 0.2897
7 0.7841 0.0417 0.7769 0.0645 0.7316 0.0363 0.7388 0.0135
7 0.9830 0.2254 0.9861 0.2373 0.9484 0.2566 0.9453 0.2447
9 0.4053 0.9548 0.3317 0.9638 0.3290 0.9216 0.4026 0.9126
9 0.7761 0.8160 0.7665 0.7397 0.9613 0.6916 0.9709 0.7679
9 0.8637 0.4812 0.8821 0.4937 0.8500 0.5856 0.8317 0.5731
9 0.6436 0.7349 0.6449 0.6347 0.6935 0.6359 0.6923 0.7361
12 0.8037 0.0059 0.8781 0.0762 0.8683 0.0965 0.7939 0.0262
12 0.7298 0.8331 0.7079 0.8932 0.6962 0.8849 0.7181 0.8248
12 0.5994 0.4256 0.6121 0.4215 0.6269 0.5112 0.6142 0.5153
12 0.0570 0.9479 0.0493 0.9489 0.0316 0.6645 0.0392 0.6635
13 0.3059 0.4357 0.2882 0.4109 0.2961 0.3999 0.3138 0.4247
13 0.7982 0.5465 0.7925 0.5245 0.8038 0.5187 0.8095 0.5407
13 0.7130 0.0313 0.7091 0.0310 0.7096 0.0175 0.7135 0.0178
15 0.1598 0.4607 0.0839 0.4814 0.0728 0.4017 0.1487 0.3810
15 0.2584 0.0730 0.2514 0.1156 0.2110 0.1026 0.2181 0.0600
15 0.1964 0.4075 0.2609 0.4170 0.2562 0.4805 0.1916 0.4710
15 0.5142 0.1833 0.4182 0.1620 0.4289 0.0675 0.5249 0.0888
