0 0.0602 0.9179 0.1852 0.6940 0.2475 0.7621 0.1225 0.9860
0 0.9487 0.1264 0.9487 0.2868 0.6573 0.2868 0.6573 0.1264
0 0.4570 0.5824 0.3450 0.5934 0.3296 0.2852 0.4416 0.2742
0 0.8681 0.9629 0.6385 0.3830 0.7116 0.3263 0.9412 0.9062
1 0.5841 0.2195 0.5683 0.2250 0.5676 0.2209 0.5834 0.2154
1 0.5728 0.4157 0.5818 0.4098 0.5878 0.4279 0.5788 0.4338
1 0.0535 0.1327 0.0397 0.1372 0.0347 0.1073 0.0486 0.1028
1 0.4247 0.2465 0.4206 0.2473 0.4171 0.2119 0.4211 0.2111
2 0.1653 0.2039 0.1516 0.2448 0.1359 0.2345 0.1495 0.1936
2 0.4778 0.9269 0.4155 0.9361 0.4048 0.7935 0.4671 0.7843
2 0.7165 0.3051 0.7184 0.2882 0.8132 0.3093 0.8113 0.3262
2 0.3002 0.3004 0.3140 0.2747 0.3275 0.2888 0.3137 0.3145
3 0.4828 0.8102 0.4878 0.7926 0.5564 0.8314 0.5513 0.8490
3 0.1952 0.0556 0.2843 0.0844 0.2808 0.1056 0.1917 0.0768
3 0.1861 0.1038 0.1165 0.0758 0.1199 0.0594 0.1895 0.0874
3 0.3265 0.8848 0.3268 0.8726 0.3709 0.8748 0.3706 0.8870
4 0.0521 0.4466 0.0383 0.4521 0.0297 0.4102 0.0435 0.4047
4 0.2215 0.4090 0.2151 0.3922 0.2193 0.3890 0.2257 0.4058
4 0.4256 0.0350 0.4253 0.0172 0.4319 0.0170 0.4321 0.0348
4 0.9137 0.0852 0.9108 0.0807 0.9229 0.0660 0.9257 0.0705
6 0.5173 0.6020 0.4962 0.5836 0.4993 0.5768 0.5203 0.5952
6 0.2781 0.6362 0.2139 0.6801 0.1825 0.5898 0.2467 0.5459
6 0.3071 0.2233 0.2521 0.1841 0.2803 0.1067 0.3353 0.1459
7 0.0250 0.2530 0.0576 0.1404 0.0961 0.1622 0.0636 0.2748
7 0.5321 0.1693 0.5259 0.1800 0.5056 0.1571 0.5118 0.1464
7 0.9629 0.9922 0.9632 0.9962 0.9540 0.9978 0.9536 0.9938
7 0.3652 0.1054 0.3721 0.1177 0.3530 0.1386 0.3462 0.1263
9 0.4330 0.6223 0.4586 0.7067 0.3358 0.7797 0.3102 0.6953
9 0.0343 0.6493 0.0119 0.5971 0.1494 0.4815 0.1718 0.5337
9 0.2470 0.4493 0.2631 0.4411 0.2875 0.5351 0.2715 0.5433
9 0.5615 0.4550 0.6187 0.6121 0.5928 0.6306 0.5356 0.4735
12 0.3791 0.9194 0.3803 0.8872 0.3946 0.8882 0.3934 0.9204
12 0.1878 0.1204 0.1532 0.1362 0.1496 0.1208 0.1842 0.1050
12 0.4925 0.0074 0.6072 0.1001 0.5943 0.1314 0.4796 0.0387
12 0.4631 0.3607 0.5023 0.2314 0.5203 0.2421 0.4811 0.3714
13 0.6217 0.7590 0.6287 0.8287 0.5966 0.8350 0.5896 0.7653
13 0.8163 0.0905 0.7049 0.0398 0.7071 0.0299 0.8186 0.0806
13 0.5729 0.4288 0.5697 0.4313 0.5651 0.4200 0.5683 0.4175
13 0.2988 0.4499 0.3002 0.4371 0.3027 0.4377 0.3012 0.4505
15 0.9522 0.0409 0.9816 0.0191 0.9949 0.0543 0.9656 0.0761
15 0.1815 0.3747 0.1015 0.3984 0.0874 0.3053 0.1673 0.2816
15 0.3228 0.9533 0.3228 0.9187 0.3561 0.9187 0.3561 0.9533
