0 0.2459 0.6693 0.2139 0.6159 0.3327 0.4763 0.3647 0.5297
0 0.6286 0.4703 0.5538 0.5309 0.4688 0.3249 0.5437 0.2643
0 0.2748 0.0215 0.4262 0.0178 0.4283 0.1929 0.2770 0.1966
0 0.4536 0.6898 0.5428 0.6855 0.5467 0.8414 0.4575 0.8457
1 0.8712 0.9646 0.8602 0.9789 0.8540 0.9694 0.8649 0.9551
1 0.8422 0.8422 0.8467 0.8523 0.7915 0.9006 0.7870 0.8905
1 0.6999 0.4760 0.7154 0.4590 0.7341 0.4924 0.7186 0.5094
1 0.3217 0.4302 0.3184 0.4393 0.2586 0.3966 0.2619 0.3875
2 0.1257 0.3991 0.1409 0.4002 0.1397 0.4313 0.1245 0.4302
2 0.7290 0.1903 0.7523 0.2048 0.7501 0.2117 0.7268 0.1972
2 0.3848 0.6650 0.4083 0.5838 0.4443 0.6042 0.4209 0.6854
2 0.7520 0.7932 0.7127 0.7732 0.7191 0.7488 0.7584 0.7688
3 0.2280 0.7913 0.2254 0.7204 0.2380 0.7195 0.2406 0.7904
3 0.8313 0.2764 0.8394 0.2835 0.8124 0.3440 0.8043 0.3369
3 0.8102 0.4337 0.7634 0.3911 0.7700 0.3767 0.8169 0.4193
3 0.9260 0.7982 0.9372 0.8069 0.9057 0.8866 0.8945 0.8779
4 0.9573 0.3411 0.9898 0.3533 0.9864 0.3709 0.9539 0.3587
4 0.9135 0.0985 0.8704 0.1990 0.8553 0.1863 0.8984 0.0858
4 0.3767 0.3553 0.3935 0.3520 0.4090 0.5063 0.3922 0.5096
4 0.7568 0.0959 0.7818 0.1170 0.7758 0.1309 0.7508 0.1098
6 0.4437 0.8337 0.4318 0.8852 0.3577 0.8515 0.3697 0.8000
6 0.0846 0.6879 0.0602 0.7612 0.0425 0.7497 0.0670 0.6764
6 0.0495 0.6272 0.0231 0.6013 0.0274 0.5928 0.0538 0.6187
6 0.0826 0.9449 0.0676 0.9232 0.0834 0.9019 0.0984 0.9236
7 0.6972 0.9119 0.6717 0.9181 0.6571 0.8021 0.6826 0.7959
7 0.6434 0.2316 0.6188 0.2074 0.6457 0.1536 0.6704 0.1778
7 0.6690 0.3462 0.6402 0.3391 0.6418 0.3262 0.6706 0.3333
7 0.0082 0.1999 0.0133 0.2053 0.0053 0.2201 0.0002 0.2147
9 0.1081 0.2845 0.0674 0.2603 0.1291 0.0567 0.1698 0.0809
9 0.9867 0.6514 0.9469 0.7764 0.7650 0.6630 0.8048 0.5380
9 0.0616 0.5283 0.0870 0.4811 0.2078 0.6085 0.1824 0.6557
9 0.2439 0.2371 0.2701 0.1979 0.3689 0.3269 0.3428 0.3661
12 0.9081 0.3290 0.9160 0.3540 0.8671 0.3846 0.8591 0.3596
12 0.4148 0.4158 0.4274 0.3700 0.4478 0.3810 0.4352 0.4268
12 0.9741 0.9706 0.9456 0.9664 0.9562 0.8254 0.9846 0.8296
13 0.6974 0.7337 0.6692 0.7945 0.6497 0.7767 0.6779 0.7159
13 0.2496 0.7314 0.2535 0.7270 0.3441 0.8838 0.3402 0.8882
13 0.6071 0.1311 0.6223 0.1406 0.6203 0.1469 0.6051 0.1374
13 0.5517 0.0580 0.5636 0.0600 0.5626 0.0712 0.5507 0.0692
15 0.5636 0.8465 0.5750 0.7459 0.6438 0.7611 0.6324 0.8617
15 0.9765 0.5268 0.8745 0.4832 0.8935 0.3964 0.9955 0.4400
15 0.2252 0.3753 0.1904 0.4293 0.1497 0.3779 0.1844 0.3239
15 0.0962 0.8653 0.0642 0.8541 0.0724 0.8083 0.1043 0.8195
