0 0.6496 0.8269 0.4570 0.4940 0.6233 0.3055 0.8158 0.6384
0 0.3962 0.6443 0.4222 0.5883 0.4524 0.6157 0.4264 0.6717
0 0.3829 0.7123 0.2013 0.9182 0.0985 0.7405 0.2801 0.5346
0 0.8464 0.1396 0.8504 0.2997 0.7704 0.3036 0.7665 0.1435
1 0.6762 0.9103 0.6771 0.8379 0.7704 0.8401 0.7695 0.9125
1 0.0513 0.7046 0.0531 0.7015 0.0672 0.7170 0.0655 0.7201
1 0.1651 0.2360 0.1701 0.2179 0.1740 0.2200 0.1690 0.2381
1 0.0054 0.2330 0.0211 0.2267 0.0281 0.2606 0.0123 0.2669
2 0.4726 0.0430 0.3270 0.2541 0.3008 0.2186 0.4464 0.0075
2 0.8370 0.6029 0.8678 0.5183 0.8947 0.5375 0.8639 0.6221
2 0.0559 0.1457 0.1249 0.0220 0.1633 0.0639 0.0942 0.1876
2 0.5936 0.1640 0.6580 0.2511 0.6212 0.3044 0.5568 0.2173
3 0.0005 0.8519 0.0399 0.8146 0.0458 0.8269 0.0064 0.8642
3 0.2018 0.4874 0.1991 0.4842 0.2257 0.4414 0.2283 0.4446
3 0.0022 0.3491 0.0431 0.2919 0.0532 0.3061 0.0124 0.3633
3 0.3459 0.4305 0.3599 0.4298 0.3624 0.5291 0.3484 0.5298
4 0.4387 0.5459 0.4332 0.5505 0.4185 0.5161 0.4239 0.5115
4 0.5749 0.0055 0.5966 0.0542 0.5902 0.0597 0.5685 0.0110
4 0.2558 0.0108 0.2266 0.0846 0.2139 0.0748 0.2431 0.0010
4 0.8986 0.4625 0.8951 0.4312 0.9085 0.4283 0.9120 0.4596
6 0.7123 0.1942 0.6752 0.1969 0.6745 0.1794 0.7117 0.1767
6 0.2025 0.3373 0.1774 0.3057 0.1827 0.2975 0.2077 0.3291
6 0.3257 0.4125 0.3130 0.4280 0.3017 0.4099 0.3145 0.3944
7 0.9357 0.5694 0.9257 0.5754 0.9171 0.5470 0.9271 0.5410
7 0.8549 0.4235 0.8452 0.4357 0.8223 0.4001 0.8319 0.3879
7 0.4103 0.7928 0.4183 0.8040 0.3980 0.8324 0.3900 0.8212
7 0.9666 0.2515 0.9884 0.2810 0.9234 0.3753 0.9016 0.3458
9 0.5555 0.8624 0.5467 0.9505 0.4016 0.9220 0.4105 0.8339
9 0.8588 0.9211 0.9254 0.7383 0.9560 0.7601 0.8895 0.9429
9 0.7373 0.0243 0.6995 0.1197 0.6716 0.0981 0.7094 0.0027
12 0.5208 0.0274 0.5316 0.0506 0.4832 0.0946 0.4724 0.0714
12 0.9884 0.1287 0.9826 0.1573 0.8670 0.1109 0.8729 0.0823
13 0.9578 0.1850 0.9576 0.1692 0.9816 0.1686 0.9818 0.1844
13 0.9649 0.6518 0.9663 0.6560 0.8800 0.7150 0.8785 0.7108
13 0.3960 0.3658 0.3960 0.3590 0.4089 0.3590 0.4089 0.3658
15 0.0200 0.5850 0.0530 0.5371 0.0857 0.5814 0.0527 0.6293
15 0.4944 0.2625 0.4807 0.2172 0.5139 0.1975 0.5276 0.2428
15 0.3590 0.3462 0.2956 0.3821 0.2759 0.3138 0.3393 0.2779
