0 0.5129 0.8693 0.4600 0.8452 0.4782 0.7667 0.5311 0.7908
0 0.6321 0.4036 0.5238 0.5606 0.2568 0.1996 0.3651 0.0426
0 0.8512 0.4203 0.7546 0.4805 0.7022 0.3157 0.7988 0.2555
0 0.3265 0.9209 0.0039 0.8814 0.0166 0.6779 0.3393 0.7174
1 0.1797 0.3429 0.1788 0.3357 0.1923 0.3323 0.1932 0.3395
1 0.4002 0.7708 0.3954 0.7489 0.4050 0.7448 0.4098 0.7667
1 0.0906 0.0841 0.0879 0.0835 0.0909 0.0599 0.0935 0.0605
1 0.7547 0.7943 0.7627 0.7957 0.7601 0.8249 0.7522 0.8235
2 0.8100 0.6140 0.7951 0.5977 0.8180 0.5568 0.8329 0.5731
2 0.6876 0.2158 0.7355 0.0844 0.7750 0.1126 0.7271 0.2440
2 0.9366 0.7477 0.8343 0.8557 0.8025 0.7967 0.9049 0.6887
2 0.1153 0.2570 0.1616 0.2975 0.1507 0.3218 0.1044 0.2813
3 0.6500 0.8730 0.6428 0.8580 0.6972 0.8066 0.7044 0.8216
3 0.1724 0.1551 0.0823 0.2194 0.0742 0.1973 0.1643 0.1330
3 0.1729 0.4818 0.1268 0.4332 0.1334 0.4210 0.1795 0.4696
3 0.8720 0.3932 0.8898 0.4582 0.8783 0.4644 0.8604 0.3994
4 0.0351 0.1671 0.0452 0.1774 0.0372 0.1929 0.0271 0.1826
4 0.6956 0.5777 0.6879 0.5687 0.7301 0.4983 0.7378 0.5073
4 0.1893 0.5671 0.1932 0.5734 0.1810 0.5881 0.1771 0.5818
4 0.8138 0.0231 0.8180 0.0650 0.8025 0.0681 0.7983 0.0262
6 0.8668 0.0592 0.9527 0.0571 0.9557 0.2992 0.8699 0.3013
6 0.4559 0.6262 0.5104 0.6127 0.5201 0.6894 0.4656 0.7029
6 0.3676 0.9225 0.3872 0.8635 0.3970 0.8699 0.3773 0.9289
6 0.9792 0.5215 0.9648 0.5668 0.9539 0.5601 0.9683 0.5148
7 0.0633 0.0449 0.0570 0.0358 0.0821 0.0019 0.0884 0.0110
7 0.6135 0.8325 0.6086 0.8413 0.5825 0.8127 0.5874 0.8039
7 0.0151 0.2575 0.0210 0.2483 0.0435 0.2765 0.0375 0.2857
7 0.8442 0.9273 0.7185 0.8994 0.7201 0.8855 0.8458 0.9134
9 0.6009 0.6462 0.5983 0.6885 0.5271 0.6798 0.5297 0.6375
9 0.0311 0.3734 0.0414 0.3438 0.1169 0.3954 0.1066 0.4250
9 0.2495 0.2876 0.2100 0.2905 0.2028 0.0980 0.2423 0.0951
12 0.7720 0.5867 0.7824 0.6167 0.7140 0.6633 0.7036 0.6333
12 0.1105 0.5621 0.1054 0.5309 0.2172 0.4947 0.2224 0.5259
13 0.9578 0.4917 0.9442 0.4586 0.9585 0.4471 0.9721 0.4802
13 0.0905 0.9452 0.0920 0.9350 0.1355 0.9480 0.1340 0.9582
13 0.0543 0.5075 0.0593 0.5102 0.0542 0.5285 0.0493 0.5258
13 0.7939 0.6411 0.8161 0.6279 0.8192 0.6381 0.7970 0.6513
15 0.5768 0.8910 0.6072 0.9350 0.5803 0.9714 0.5500 0.9274
15 0.4009 0.7225 0.3648 0.6417 0.4002 0.6107 0.4363 0.6915
15 0.6737 0.9354 0.6765 0.8802 0.7169 0.8842 0.7141 0.9394
