0 0.7637 0.1274 0.7589 0.2049 0.6094 0.1866 0.6142 0.1091
0 0.6861 0.5635 0.7629 0.5672 0.7557 0.8577 0.6788 0.8540
0 0.6286 0.4136 0.6511 0.3731 0.7412 0.4716 0.7186 0.5121
0 0.1909 0.0356 0.3341 0.0856 0.3202 0.1636 0.1770 0.1136
1 0.3112 0.7457 0.2898 0.7560 0.2874 0.7463 0.3088 0.7360
1 0.1678 0.5890 0.1637 0.5998 0.1519 0.5910 0.1560 0.5802
1 0.6363 0.5280 0.6443 0.5299 0.6434 0.5368 0.6354 0.5349
1 0.8811 0.7950 0.8821 0.7922 0.8944 0.8010 0.8934 0.8038
2 0.4522 0.7101 0.2159 0.3906 0.2635 0.3215 0.4998 0.6410
2 0.1983 0.5060 0.2141 0.5704 0.1900 0.5820 0.1742 0.5176
2 0.1491 0.0557 0.1254 0.0297 0.1355 0.0115 0.1592 0.0375
2 0.1222 0.2773 0.0159 0.1651 0.0540 0.0943 0.1604 0.2065
3 0.8121 0.9531 0.8061 0.9624 0.7693 0.9161 0.7754 0.9068
3 0.5696 0.5248 0.5687 0.5115 0.6170 0.5056 0.6178 0.5189
3 0.0978 0.3917 0.0786 0.4653 0.0697 0.4607 0.0888 0.3871
3 0.2049 0.7021 0.2005 0.7166 0.1482 0.6855 0.1526 0.6710
4 0.5645 0.7184 0.6279 0.6671 0.6315 0.6760 0.5681 0.7273
4 0.9178 0.2936 0.9067 0.2815 0.9247 0.2492 0.9358 0.2613
4 0.5621 0.2211 0.5544 0.2493 0.5425 0.2429 0.5502 0.2147
4 0.8267 0.4087 0.8330 0.3951 0.8553 0.4153 0.8490 0.4289
6 0.3722 0.7435 0.4258 0.7785 0.4090 0.8289 0.3554 0.7939
6 0.9041 0.3897 0.8906 0.3748 0.9013 0.3555 0.9149 0.3704
6 0.2381 0.8399 0.2283 0.9105 0.1944 0.9013 0.2042 0.8307
6 0.8889 0.1078 0.8774 0.0551 0.9531 0.0226 0.9646 0.0753
7 0.2314 0.2283 0.2375 0.2323 0.2249 0.2701 0.2188 0.2661
7 0.9164 0.2183 0.9181 0.2063 0.9353 0.2109 0.9336 0.2229
7 0.9762 0.2668 0.9863 0.2685 0.9832 0.3040 0.9731 0.3023
7 0.8865 0.6241 0.8877 0.6062 0.9246 0.6107 0.9235 0.6286
9 0.5489 0.9389 0.4357 0.8105 0.4754 0.7419 0.5886 0.8703
9 0.8489 0.3722 0.8270 0.3657 0.8386 0.2894 0.8604 0.2959
9 0.4200 0.2496 0.3831 0.2348 0.4080 0.1132 0.4449 0.1280
12 0.1545 0.5110 0.1122 0.4984 0.1178 0.4614 0.1601 0.4740
12 0.0234 0.5310 0.0661 0.5321 0.0609 0.9442 0.0182 0.9431
13 0.2611 0.8663 0.2704 0.8286 0.2866 0.8365 0.2774 0.8742
13 0.7560 0.0583 0.7619 0.0671 0.7455 0.0885 0.7396 0.0797
13 0.5140 0.0817 0.5133 0.0649 0.5215 0.0643 0.5221 0.0811
13 0.9357 0.9485 0.9718 0.8903 0.9932 0.9163 0.9570 0.9745
15 0.6699 0.3031 0.7249 0.2080 0.7727 0.2621 0.7177 0.3572
15 0.1256 0.7330 0.1475 0.8657 0.0915 0.8838 0.0697 0.7511
15 0.2990 0.2846 0.2713 0.2249 0.3156 0.1846 0.3433 0.2443
15 0.3031 0.9494 0.3367 0.8680 0.3978 0.9174 0.3642 0.9988
