0 0.3974 0.5400 0.4539 0.5203 0.5317 0.9576 0.4753 0.9773
0 0.8441 0.6475 0.8201 0.6954 0.6311 0.5101 0.6550 0.4622
0 0.4328 0.4664 0.4372 0.2876 0.4870 0.2900 0.4825 0.4688
0 0.5571 0.0998 0.6142 0.0956 0.6187 0.2150 0.5615 0.2192
1 0.6014 0.5904 0.6052 0.5887 0.6223 0.6624 0.6185 0.6641
1 0.7031 0.9599 0.7130 0.9427 0.7167 0.9469 0.7067 0.9641
1 0.8389 0.3973 0.8360 0.3896 0.8780 0.3583 0.8809 0.3660
1 0.0284 0.6483 0.0262 0.6490 0.0196 0.6061 0.0218 0.6054
2 0.9858 0.3007 0.8527 0.3437 0.8190 0.1397 0.9522 0.0967
2 0.0326 0.2142 0.0979 0.0787 0.1100 0.0902 0.0447 0.2257
2 0.3584 0.4923 0.3364 0.5172 0.3002 0.4545 0.3222 0.4296
3 0.7818 0.8478 0.8137 0.8992 0.8073 0.9070 0.7754 0.8556
3 0.7696 0.2272 0.7611 0.2225 0.7798 0.1576 0.7883 0.1623
3 0.3688 0.2537 0.3802 0.2403 0.4284 0.3207 0.4170 0.3341
3 0.3752 0.8059 0.3903 0.8302 0.2953 0.9457 0.2803 0.9214
4 0.3124 0.5919 0.3272 0.5926 0.3267 0.6129 0.3119 0.6122
4 0.3614 0.4395 0.3620 0.4338 0.3652 0.4345 0.3646 0.4402
4 0.8723 0.6386 0.8684 0.6338 0.8772 0.6202 0.8810 0.6250
4 0.7735 0.2897 0.7670 0.2982 0.7645 0.2943 0.7710 0.2858
6 0.3900 0.0722 0.3760 0.0430 0.3971 0.0230 0.4112 0.0522
6 0.6457 0.0764 0.6550 0.0679 0.6612 0.0812 0.6518 0.0897
6 0.2242 0.8785 0.2481 0.8099 0.2646 0.8211 0.2407 0.8897
6 0.8214 0.8296 0.8117 0.7523 0.8488 0.7432 0.8586 0.8205
7 0.5973 0.8654 0.5945 0.8373 0.6447 0.8274 0.6475 0.8555
7 0.8235 0.0861 0.8085 0.0925 0.7971 0.0403 0.8120 0.0339
7 0.0576 0.4830 0.0514 0.4546 0.0587 0.4514 0.0649 0.4798
7 0.0506 0.8921 0.0460 0.8921 0.0460 0.8791 0.0506 0.8791
9 0.7577 0.1761 0.7045 0.2208 0.6914 0.1903 0.7446 0.1456
9 0.0803 0.6323 0.1138 0.5626 0.2972 0.7357 0.2636 0.8054
9 0.9029 0.9475 0.8855 0.9785 0.8303 0.9181 0.8476 0.8871
9 0.1153 0.2770 0.1577 0.0699 0.1924 0.0838 0.1500 0.2909
12 0.2651 0.3643 0.2835 0.4011 0.1344 0.5473 0.1159 0.5105
12 0.4827 0.1829 0.4265 0.1121 0.4462 0.0815 0.5023 0.1523
12 0.5923 0.9858 0.5762 0.9738 0.6066 0.8938 0.6227 0.9058
13 0.3146 0.2355 0.3049 0.2482 0.2931 0.2305 0.3028 0.2178
13 0.6123 0.0460 0.6085 0.0272 0.6165 0.0240 0.6204 0.0428
13 0.9987 0.3879 0.9961 0.4060 0.9625 0.3969 0.9650 0.3788
13 0.6282 0.9784 0.6375 0.9175 0.6689 0.9268 0.6597 0.9877
15 0.7380 0.2910 0.7192 0.3450 0.6871 0.3230 0.7059 0.2690
15 0.9129 0.7262 0.9864 0.7857 0.9537 0.8650 0.8802 0.8055
15 0.6554 0.3968 0.5189 0.4444 0.4989 0.3316 0.6353 0.2840
