0 0.5237 0.3194 0.5307 0.2259 0.9001 0.2802 0.8930 0.3737
0 0.4199 0.9870 0.3796 0.9840 0.3812 0.9414 0.4215 0.9444
0 0.2700 0.9248 0.1725 0.9272 0.1631 0.1720 0.2606 0.1696
0 0.8840 0.8420 0.6774 0.9768 0.5571 0.6156 0.7637 0.4808
1 0.5439 0.7154 0.5486 0.6866 0.5524 0.6878 0.5477 0.7166
1 0.7097 0.4511 0.7315 0.4517 0.7315 0.4573 0.7096 0.4567
1 0.3914 0.2622 0.3985 0.2611 0.4044 0.3386 0.3972 0.3397
1 0.4682 0.5640 0.4684 0.5467 0.5555 0.5488 0.5553 0.5661
2 0.1037 0.8448 0.0283 0.8540 0.0214 0.7444 0.0969 0.7352
2 0.0510 0.2314 0.0664 0.1724 0.1147 0.1970 0.0994 0.2560
2 0.4996 0.1760 0.4573 0.0850 0.5433 0.0068 0.5856 0.0978
2 0.2876 0.3488 0.3252 0.3243 0.3344 0.3520 0.2968 0.3765
3 0.8904 0.1305 0.8614 0.0629 0.8722 0.0539 0.9012 0.1215
3 0.6199 0.0526 0.6690 0.0847 0.6633 0.1018 0.6142 0.0697
3 0.3643 0.1260 0.3541 0.1489 0.2648 0.0708 0.2750 0.0479
3 0.0904 0.5622 0.0884 0.5479 0.1401 0.5338 0.1421 0.5481
4 0.8944 0.1940 0.8925 0.1877 0.9068 0.1796 0.9086 0.1859
4 0.5415 0.3763 0.5504 0.3833 0.5460 0.3945 0.5370 0.3875
4 0.4190 0.4507 0.4246 0.4371 0.4278 0.4397 0.4222 0.4533
4 0.6966 0.1036 0.7221 0.1629 0.7145 0.1692 0.6891 0.1099
6 0.4857 0.8098 0.4359 0.7591 0.4723 0.6890 0.5221 0.7397
6 0.9264 0.4907 0.9581 0.4978 0.9548 0.5277 0.9230 0.5206
6 0.3145 0.8898 0.3391 0.8251 0.3546 0.8366 0.3301 0.9013
7 0.0509 0.4688 0.0251 0.4472 0.0577 0.3712 0.0835 0.3928
7 0.3545 0.6936 0.3652 0.6643 0.4315 0.7116 0.4208 0.7409
7 0.8335 0.3903 0.8352 0.4061 0.8011 0.4137 0.7993 0.3979
7 0.4782 0.3612 0.4998 0.3704 0.4721 0.4972 0.4505 0.4880
9 0.9561 0.6839 0.9131 0.8588 0.8842 0.8449 0.9272 0.6700
9 0.3891 0.8483 0.4079 0.7563 0.4232 0.7625 0.4044 0.8545
9 0.3766 0.4663 0.4186 0.5046 0.3543 0.6433 0.3122 0.6050
12 0.7335 0.2132 0.7249 0.2011 0.7962 0.1012 0.8049 0.1133
12 0.0807 0.6298 0.1387 0.7004 0.1227 0.7262 0.0647 0.6556
12 0.3238 0.1837 0.3020 0.2273 0.2825 0.2083 0.3043 0.1647
12 0.1383 0.1453 0.1128 0.1440 0.1160 0.0151 0.1415 0.0164
13 0.9471 0.5882 0.9552 0.5727 0.9609 0.5786 0.9528 0.5941
13 0.0293 0.9818 0.0383 0.9638 0.0521 0.9774 0.0431 0.9954
13 0.9127 0.9747 0.9347 0.9087 0.9559 0.9225 0.9339 0.9885
15 0.0702 0.3229 0.0872 0.2999 0.1038 0.3239 0.0868 0.3469
15 0.7577 0.0120 0.7875 0.0120 0.7875 0.0672 0.7577 0.0672
15 0.4977 0.3342 0.4153 0.3054 0.4311 0.2166 0.5135 0.2454
15 0.3650 0.3408 0.4298 0.3720 0.4161 0.4276 0.3513 0.3964
