0 0.6613 0.5122 0.7024 0.0435 0.8532 0.0694 0.8121 0.5381
0 0.1179 0.5553 0.0628 0.5109 0.1436 0.3151 0.1986 0.3595
0 0.4749 0.6494 0.4456 0.5233 0.4971 0.4998 0.5264 0.6259
0 0.4609 0.4405 0.2197 0.3176 0.2811 0.0815 0.5223 0.2044
1 0.8871 0.7065 0.8750 0.6959 0.8866 0.6699 0.8987 0.6805
1 0.0781 0.8197 0.0758 0.8425 0.0728 0.8419 0.0751 0.8191
1 0.2544 0.5154 0.2471 0.5338 0.2162 0.5098 0.2235 0.4914
1 0.2187 0.5501 0.2134 0.5417 0.2170 0.5371 0.2224 0.5455
2 0.2140 0.8531 0.2297 0.8649 0.2174 0.8973 0.2017 0.8855
2 0.5104 0.7471 0.4543 0.8313 0.3945 0.7533 0.4506 0.6691
2 0.9898 0.8300 0.9553 0.8385 0.9447 0.7548 0.9793 0.7463
2 0.1721 0.9108 0.1587 0.9653 0.1196 0.9464 0.1330 0.8919
3 0.1726 0.1818 0.0396 0.1556 0.0429 0.1230 0.1759 0.1492
3 0.3347 0.6376 0.3270 0.7608 0.3073 0.7584 0.3150 0.6352
3 0.9081 0.2209 0.9033 0.2034 0.9665 0.1695 0.9713 0.1870
3 0.0746 0.5675 0.0359 0.5800 0.0339 0.5681 0.0727 0.5556
4 0.4401 0.9974 0.4336 0.9951 0.4430 0.9426 0.4495 0.9449
4 0.9536 0.5219 0.9655 0.5219 0.9655 0.5601 0.9536 0.5601
4 0.4146 0.8707 0.4229 0.8808 0.4131 0.8965 0.4048 0.8864
4 0.7931 0.7774 0.8037 0.9478 0.7781 0.9510 0.7674 0.7806
6 0.5428 0.6570 0.6055 0.6368 0.6346 0.8134 0.5719 0.8336
6 0.3808 0.4890 0.3901 0.5501 0.3023 0.5762 0.2931 0.5151
6 0.9213 0.7113 0.9116 0.6996 0.9202 0.6859 0.9298 0.6976
6 0.2117 0.7705 0.1845 0.7019 0.2175 0.6763 0.2446 0.7449
7 0.4685 0.4615 0.5081 0.4615 0.5081 0.4769 0.4685 0.4769
7 0.2837 0.9570 0.2828 0.9432 0.3500 0.9350 0.3509 0.9488
7 0.6955 0.8145 0.6620 0.7993 0.7099 0.5927 0.7435 0.6079
7 0.0471 0.6502 0.1016 0.6240 0.1403 0.7814 0.0858 0.8076
9 0.8975 0.7625 0.8343 0.7267 0.8402 0.7063 0.9034 0.7421
9 0.9128 0.3422 0.9431 0.3268 0.9837 0.4830 0.9534 0.4984
9 0.5811 0.2958 0.6255 0.4992 0.5914 0.5138 0.5470 0.3104
12 0.3570 0.8826 0.3019 0.9062 0.2953 0.8762 0.3504 0.8526
12 0.9442 0.5863 0.9494 0.6088 0.8164 0.6693 0.8111 0.6468
12 0.9702 0.8522 0.9849 0.8944 0.8752 0.9694 0.8605 0.9272
13 0.0332 0.8671 0.0383 0.8687 0.0325 0.9037 0.0274 0.9021
13 0.3569 0.8038 0.3482 0.7953 0.3523 0.7870 0.3610 0.7955
13 0.1454 0.7790 0.1483 0.7678 0.1569 0.7722 0.1540 0.7834
13 0.5735 0.1621 0.5636 0.1456 0.5991 0.1039 0.6090 0.1204
15 0.0808 0.0306 0.1223 0.0306 0.1223 0.0926 0.0808 0.0926
15 0.0590 0.2455 0.0261 0.2870 0.0013 0.2485 0.0342 0.2070
15 0.1481 0.2969 0.0925 0.2382 0.1173 0.1923 0.1729 0.2510
