0 0.7667 0.5794 0.8129 0.5908 0.7679 0.9486 0.7217 0.9372
0 0.2494 0.2978 0.2494 0.1006 0.6638 0.1006 0.6638 0.2978
0 0.0904 0.0163 0.1166 0.0304 0.0853 0.1445 0.0591 0.1304
0 0.1961 0.2145 0.1576 0.3481 0.0413 0.2823 0.0799 0.1487
1 0.1172 0.6678 0.1155 0.6901 0.1057 0.6886 0.1074 0.6663
1 0.1767 0.0961 0.1668 0.0968 0.1656 0.0643 0.1755 0.0636
1 0.9107 0.2001 0.9048 0.1957 0.9287 0.1327 0.9346 0.1371
1 0.5976 0.7553 0.6130 0.7403 0.6284 0.7711 0.6130 0.7861
2 0.4663 0.5423 0.4542 0.5917 0.4385 0.5841 0.4507 0.5347
2 0.8211 0.0704 0.7248 0.0610 0.7271 0.0148 0.8234 0.0242
2 0.1873 0.7673 0.5184 0.6256 0.5655 0.8415 0.2345 0.9832
2 0.0144 0.5706 0.0017 0.4016 0.2805 0.3606 0.2932 0.5296
3 0.9227 0.3267 0.9901 0.3152 0.9921 0.3381 0.9247 0.3496
3 0.9969 0.4092 0.9390 0.5913 0.9171 0.5776 0.9750 0.3955
3 0.3596 0.3801 0.3660 0.3695 0.4041 0.4143 0.3978 0.4249
3 0.2780 0.0448 0.3241 0.0075 0.3306 0.0232 0.2844 0.0605
4 0.9515 0.6894 0.9399 0.6753 0.9451 0.6670 0.9566 0.6811
4 0.6503 0.7717 0.6419 0.7713 0.6419 0.7683 0.6504 0.7687
4 0.8857 0.9055 0.8674 0.9134 0.8660 0.9069 0.8843 0.8990
4 0.9227 0.1274 0.8988 0.1002 0.9067 0.0866 0.9306 0.1138
6 0.7130 0.2798 0.7383 0.3236 0.7173 0.3474 0.6920 0.3036
6 0.6016 0.4206 0.6670 0.3778 0.6773 0.4086 0.6118 0.4514
6 0.1667 0.9211 0.1847 0.9329 0.1762 0.9585 0.1582 0.9467
6 0.6273 0.0052 0.6171 0.0625 0.6076 0.0592 0.6178 0.0019
7 0.1787 0.0168 0.1763 0.0305 0.1507 0.0216 0.1532 0.0079
7 0.8158 0.0990 0.8059 0.1040 0.7997 0.0802 0.8096 0.0752
7 0.8703 0.6052 0.8775 0.6259 0.8357 0.6544 0.8285 0.6337
7 0.7627 0.1500 0.7635 0.1709 0.7373 0.1728 0.7365 0.1519
9 0.0216 0.9629 0.0858 0.9319 0.0910 0.9527 0.0267 0.9837
9 0.8701 0.4056 0.8817 0.4529 0.8022 0.4912 0.7906 0.4439
9 0.5768 0.6246 0.4931 0.6205 0.4998 0.3502 0.5835 0.3543
12 0.2366 0.2603 0.2104 0.2609 0.2091 0.1601 0.2354 0.1595
13 0.0352 0.8658 0.0342 0.8631 0.1331 0.7894 0.1341 0.7921
13 0.9861 0.6813 0.9794 0.6725 0.9913 0.6547 0.9980 0.6635
13 0.9025 0.8795 0.9227 0.8840 0.9209 0.8997 0.9007 0.8952
13 0.7502 0.0702 0.7552 0.0810 0.7406 0.0942 0.7357 0.0834
15 0.8042 0.1359 0.8721 0.1886 0.8463 0.2537 0.7784 0.2010
15 0.8593 0.8078 0.8331 0.7122 0.9059 0.6730 0.9321 0.7686
15 0.0326 0.0876 0.0495 0.0922 0.0451 0.1240 0.0282 0.1194
15 0.5330 0.0306 0.5120 0.0682 0.4890 0.0430 0.5100 0.0054
