0 0.8725 0.0810 0.9132 0.0953 0.8815 0.2730 0.8408 0.2587
0 0.5952 0.5729 0.5446 0.5932 0.5237 0.4911 0.5742 0.4708
0 0.1206 0.2170 0.0605 0.2364 0.0525 0.1882 0.1127 0.1688
0 0.2815 0.8553 0.1724 0.7360 0.3891 0.3479 0.4981 0.4672
1 0.7879 0.5887 0.7940 0.5840 0.7961 0.5893 0.7900 0.5940
1 0.6283 0.1032 0.6353 0.0974 0.6412 0.1116 0.6341 0.1174
1 0.1955 0.9492 0.1869 0.9410 0.2022 0.9092 0.2109 0.9174
1 0.6753 0.1945 0.6733 0.1921 0.6841 0.1747 0.6861 0.1771
2 0.5926 0.6878 0.5723 0.6801 0.5785 0.6474 0.5989 0.6551
2 0.8232 0.0598 0.8175 0.1250 0.7899 0.1202 0.7957 0.0550
2 0.6732 0.7126 0.6730 0.7257 0.5934 0.7238 0.5936 0.7107
2 0.0803 0.7024 0.1400 0.7264 0.1249 0.8004 0.0651 0.7764
3 0.5542 0.7298 0.5177 0.6540 0.5298 0.6426 0.5663 0.7184
3 0.9042 0.4172 0.9405 0.2847 0.9564 0.2932 0.9201 0.4257
3 0.6944 0.3627 0.6389 0.4621 0.6265 0.4485 0.6819 0.3491
3 0.6148 0.8592 0.6414 0.9088 0.6315 0.9192 0.6048 0.8696
4 0.1546 0.3441 0.1304 0.3746 0.1271 0.3695 0.1513 0.3390
4 0.0317 0.9490 0.0363 0.9375 0.0500 0.9482 0.0454 0.9597
4 0.1308 0.4585 0.1045 0.4572 0.1050 0.4391 0.1312 0.4404
4 0.7940 0.8238 0.7851 0.7981 0.7925 0.7930 0.8015 0.8187
6 0.3485 0.2152 0.3520 0.1803 0.3687 0.1836 0.3652 0.2185
6 0.8471 0.7559 0.8716 0.8106 0.8323 0.8449 0.8079 0.7902
6 0.9215 0.7463 0.9666 0.7644 0.9579 0.8069 0.9128 0.7888
6 0.8993 0.7081 0.8172 0.7202 0.7999 0.4891 0.8819 0.4770
7 0.5776 0.2572 0.5858 0.2494 0.6175 0.3152 0.6093 0.3230
7 0.3929 0.9494 0.3855 0.9569 0.3708 0.9286 0.3782 0.9211
7 0.7152 0.8486 0.6937 0.8101 0.7046 0.7982 0.7260 0.8367
7 0.8041 0.7657 0.7948 0.7644 0.7974 0.7303 0.8066 0.7316
9 0.1510 0.2605 0.1214 0.2269 0.2096 0.0743 0.2392 0.1079
9 0.5937 0.1225 0.6231 0.1211 0.6238 0.1491 0.5944 0.1505
9 0.8170 0.2653 0.7795 0.3178 0.6913 0.1943 0.7288 0.1418
9 0.0784 0.6002 0.0528 0.4957 0.0833 0.4810 0.1090 0.5855
12 0.3507 0.3397 0.3351 0.3002 0.3541 0.2855 0.3697 0.3250
12 0.2042 0.0035 0.2081 0.0203 0.1081 0.0657 0.1042 0.0489
12 0.6697 0.6748 0.6456 0.6561 0.7128 0.4864 0.7369 0.5051
12 0.0265 0.4423 0.0681 0.3175 0.0923 0.3333 0.0508 0.4581
13 0.6920 0.7259 0.6848 0.7266 0.6834 0.6997 0.6907 0.6990
13 0.9648 0.2813 0.9428 0.2628 0.9600 0.2227 0.9821 0.2412
13 0.9695 0.4364 0.9591 0.4377 0.9585 0.4280 0.9689 0.4267
13 0.8320 0.4220 0.8299 0.4018 0.8432 0.3992 0.8452 0.4194
15 0.2964 0.2018 0.2461 0.2092 0.2410 0.1418 0.2913 0.1344
15 0.6987 0.0726 0.6987 0.1146 0.6670 0.1146 0.6670 0.0726
15 0.6287 0.1822 0.6529 0.1926 0.6430 0.2382 0.6188 0.2278
15 0.4614 0.3202 0.4554 0.1993 0.5192 0.1930 0.5252 0.3139
