0 0.2314 0.3065 0.5162 0.0475 0.5995 0.2271 0.3147 0.4861
0 0.7835 0.8419 0.8199 0.8634 0.8110 0.8925 0.7747 0.8710
0 0.6514 0.6056 0.9021 0.3111 0.9969 0.4692 0.7462 0.7637
0 0.1235 0.4948 0.1463 0.5329 0.0616 0.6324 0.0388 0.5943
1 0.2965 0.9387 0.2978 0.9456 0.2601 0.9597 0.2588 0.9528
1 0.1066 0.9119 0.1130 0.9168 0.0803 0.9993 0.0739 0.9944
1 0.0420 0.0766 0.0354 0.0660 0.0552 0.0418 0.0618 0.0524
1 0.4568 0.0295 0.4602 0.0147 0.4852 0.0261 0.4818 0.0409
2 0.5940 0.6831 0.6095 0.6919 0.5563 0.8761 0.5408 0.8673
2 0.3312 0.8265 0.3256 0.8381 0.2916 0.8059 0.2972 0.7943
2 0.0113 0.0814 0.0283 0.0671 0.0319 0.0754 0.0149 0.0897
2 0.0318 0.6899 0.2220 0.7273 0.2173 0.7737 0.0271 0.7363
3 0.6218 0.0451 0.6612 0.0598 0.6588 0.0721 0.6194 0.0574
3 0.5665 0.5844 0.5778 0.5860 0.5718 0.6656 0.5605 0.6640
3 0.6819 0.2594 0.7086 0.1620 0.7203 0.1682 0.6936 0.2656
3 0.3539 0.5681 0.3816 0.5250 0.3893 0.5347 0.3615 0.5778
4 0.6524 0.1189 0.6474 0.1320 0.6370 0.1243 0.6420 0.1112
4 0.3254 0.6808 0.3499 0.6440 0.3601 0.6572 0.3355 0.6940
4 0.4956 0.7390 0.4899 0.7405 0.4876 0.7238 0.4933 0.7223
4 0.4070 0.5821 0.4175 0.5768 0.4195 0.5847 0.4091 0.5900
6 0.7385 0.1708 0.8617 0.0499 0.9052 0.1368 0.7820 0.2577
6 0.4796 0.8253 0.4747 0.8113 0.4849 0.8043 0.4898 0.8183
7 0.6686 0.2169 0.6678 0.2476 0.6234 0.2455 0.6242 0.2148
7 0.2050 0.9833 0.1842 0.9812 0.1878 0.9083 0.2087 0.9104
7 0.1177 0.2448 0.0814 0.2154 0.0937 0.1856 0.1301 0.2150
7 0.7597 0.8929 0.6931 0.8896 0.6960 0.7715 0.7626 0.7748
9 0.5286 0.9546 0.4603 0.9612 0.4571 0.8962 0.5254 0.8896
12 0.0242 0.4347 0.1379 0.3148 0.1623 0.3601 0.0486 0.4800
12 0.4664 0.7329 0.3485 0.8529 0.3324 0.8219 0.4503 0.7019
12 0.9796 0.8455 0.9687 0.8588 0.9210 0.7821 0.9319 0.7688
13 0.1868 0.6050 0.1810 0.5947 0.2169 0.5554 0.2227 0.5657
13 0.1834 0.3564 0.1863 0.3551 0.2226 0.5116 0.2197 0.5129
13 0.2441 0.8702 0.2359 0.8675 0.2407 0.8382 0.2489 0.8409
13 0.8656 0.7743 0.8689 0.7740 0.8755 0.9057 0.8722 0.9060
15 0.4604 0.7000 0.4256 0.6220 0.4841 0.5708 0.5190 0.6488
15 0.9904 0.2174 0.9497 0.2285 0.9416 0.1702 0.9823 0.1591
15 0.0993 0.8247 0.1674 0.8026 0.1792 0.8741 0.1111 0.8962
