10 0.809625 0.68955 0.809665 0.679562 0.791202 0.679415 0.791163 0.689403
10 0.323611 0.690026 0.323629 0.680136 0.306067 0.680072 0.306049 0.689962
10 0.947315 0.109782 0.951929 0.109984 0.952193 0.097861 0.94758 0.0976596
10 0.924515 0.109489 0.928932 0.109695 0.929239 0.0965698 0.924821 0.0963636
10 0.955391 0.109202 0.960329 0.109374 0.96055 0.0966763 0.955611 0.0965048
10 0.907464 0.139512 0.911368 0.139852 0.911874 0.128223 0.907971 0.127883
10 0.940182 0.109271 0.944784 0.10958 0.9452 0.0972094 0.940597 0.0969003
10 0.138584 0.469352 0.138776 0.461973 0.129532 0.461491 0.12934 0.46887
10 0.924397 0.205693 0.928506 0.205826 0.928697 0.194031 0.924588 0.193897
10 0.385363 0.848059 0.390934 0.847909 0.390754 0.834578 0.385183 0.834728
10 0.89602 0.205365 0.899993 0.205496 0.900182 0.194037 0.896209 0.193906
10 0.907654 0.2053 0.911611 0.205351 0.911683 0.194384 0.907725 0.194333
10 0.311039 0.381487 0.31816 0.381035 0.317407 0.357321 0.310286 0.357773
10 0.932509 0.109467 0.937262 0.109757 0.937663 0.0966133 0.93291 0.0963233
10 0.922459 0.107998 0.926957 0.108185 0.927229 0.0951156 0.922731 0.094928
10 0.900855 0.1386 0.904566 0.138803 0.904887 0.127048 0.901176 0.126846
10 0.447348 0.84855 0.452973 0.848601 0.453036 0.834438 0.447411 0.834388
10 0.916988 0.205765 0.921188 0.205827 0.921284 0.19275 0.917084 0.192688
10 0.947679 0.205282 0.951776 0.205404 0.95194 0.194329 0.947843 0.194208
10 0.963463 0.109139 0.968639 0.109408 0.968965 0.0968719 0.963789 0.096603
10 0.427232 0.84836 0.432757 0.848402 0.432806 0.835608 0.427281 0.835566
10 0.901688 0.110164 0.907009 0.110502 0.907427 0.0973579 0.902106 0.0970194
10 0.311516 0.645268 0.31787 0.645253 0.317852 0.629347 0.311497 0.629362
10 0.854001 0.235668 0.857731 0.235692 0.857767 0.224531 0.854038 0.224506
10 0.138657 0.408692 0.138673 0.401011 0.129336 0.400974 0.129321 0.408655
10 0.901272 0.206071 0.905056 0.206091 0.905087 0.193839 0.901304 0.19382
10 0.892161 0.137077 0.895635 0.137242 0.895878 0.127073 0.892404 0.126907
10 0.0810321 0.334574 0.0812474 0.328216 0.0725458 0.327626 0.0723306 0.333985
10 0.138811 0.419193 0.138817 0.41198 0.129001 0.411965 0.128995 0.419178
10 0.892211 0.108087 0.896349 0.108279 0.896653 0.0951313 0.892516 0.0949396
10 0.896545 0.137999 0.900109 0.138194 0.900404 0.127433 0.896841 0.127238
10 0.129125 0.501188 0.129141 0.507877 0.138423 0.507833 0.138407 0.501144
10 0.893662 0.109229 0.898246 0.109506 0.898651 0.096064 0.894068 0.0957875
10 0.846376 0.234921 0.850449 0.235232 0.850861 0.224465 0.846787 0.224153
10 0.941768 0.205379 0.946112 0.205509 0.946282 0.194097 0.941938 0.193967
10 0.129183 0.389452 0.129227 0.396975 0.138656 0.396866 0.138613 0.389343
10 0.940428 0.205395 0.944576 0.205488 0.944704 0.194132 0.940556 0.194038
10 0.893702 0.235917 0.897676 0.236026 0.897835 0.224389 0.893861 0.22428
