10 0.882882 0.0436031 0.889481 0.0437868 0.889992 0.0346227 0.883393 0.0344389
10 0.878409 0.0965512 0.884045 0.0966916 0.884483 0.0879009 0.878847 0.0877604
10 0.859804 0.0431204 0.86658 0.0432628 0.866966 0.0340875 0.860189 0.0339452
10 0.903505 0.0438558 0.910179 0.0439869 0.910553 0.0344636 0.903879 0.0343325
10 0.888612 0.0951696 0.894077 0.0952049 0.894171 0.0879646 0.888706 0.0879293
10 0.888516 0.112698 0.894745 0.112675 0.894675 0.103345 0.888446 0.103368
10 0.856152 0.112674 0.862219 0.112706 0.862315 0.103637 0.856248 0.103605
10 0.946627 0.0432661 0.953811 0.0434269 0.954214 0.0344382 0.94703 0.0342773
10 0.868041 0.0953857 0.87382 0.0957084 0.874707 0.0877615 0.868928 0.0874389
9 0.735634 0.0429141 0.742901 0.0427895 0.742485 0.0306516 0.735218 0.0307761
10 0.857279 0.0946915 0.8632 0.0950332 0.864182 0.0865272 0.858261 0.0861855
10 0.890459 0.0659099 0.896173 0.0660956 0.89677 0.0569116 0.891056 0.056726
9 0.746662 0.0433841 0.754436 0.0432642 0.754088 0.0319744 0.746314 0.0320943
10 0.956975 0.0430084 0.964278 0.0429326 0.964092 0.0339483 0.956788 0.0340241
10 0.900626 0.0945767 0.905729 0.0945188 0.90555 0.0866504 0.900447 0.0867084
10 0.867508 0.0636094 0.872423 0.0637174 0.872752 0.0562352 0.867837 0.0561273
10 0.934368 0.0427407 0.940838 0.0428188 0.941044 0.0342943 0.934574 0.0342163
10 0.799777 0.132902 0.806075 0.132932 0.806149 0.125136 0.799851 0.125106
10 0.924664 0.0439832 0.931629 0.0441919 0.932191 0.034816 0.925226 0.0346073
10 0.912252 0.0949316 0.917138 0.0948731 0.916935 0.0864079 0.912049 0.0864665
10 0.866096 0.11269 0.872136 0.112803 0.872446 0.104518 0.866406 0.104405
10 0.901685 0.0438357 0.908098 0.0440255 0.908661 0.0345077 0.902249 0.0343178
10 0.898417 0.112459 0.904487 0.11257 0.904796 0.104134 0.898726 0.104023
10 0.87742 0.0642752 0.882591 0.0643958 0.882956 0.0565691 0.877785 0.0564485
10 0.923517 0.0426096 0.929952 0.0427484 0.930325 0.0340949 0.92389 0.0339561
10 0.777349 0.132613 0.783455 0.132571 0.783349 0.124925 0.777243 0.124968
10 0.789939 0.0959819 0.795538 0.096031 0.795677 0.0880722 0.790079 0.0880231
9 0.768697 0.0428875 0.775891 0.0427958 0.77559 0.0310022 0.768396 0.031094
10 0.943256 0.114074 0.948965 0.114036 0.948851 0.105462 0.943143 0.1055
10 0.876864 0.112695 0.883321 0.112773 0.883522 0.104361 0.877065 0.104283
10 0.912626 0.0439532 0.919684 0.0441856 0.920297 0.0348761 0.913239 0.0346437
10 0.835171 0.0635336 0.840574 0.0635609 0.840651 0.0559687 0.835248 0.0559414
9 0.780073 0.0430704 0.787406 0.0429891 0.787162 0.032008 0.77983 0.0320893
10 0.723221 0.111558 0.730779 0.111826 0.731364 0.103576 0.723806 0.103308
