10 0.502663 0.361067 0.508439 0.361156 0.508553 0.34648 0.502776 0.346391
10 0.494881 0.361342 0.500124 0.361356 0.500145 0.346818 0.494901 0.346804
10 0.486841 0.361324 0.49219 0.361337 0.492207 0.346831 0.486858 0.346819
10 0.510623 0.361784 0.516088 0.361849 0.516177 0.346865 0.510712 0.3468
10 0.517187 0.722567 0.522282 0.722632 0.52237 0.708825 0.517276 0.708759
10 0.485935 0.721003 0.491359 0.721308 0.491782 0.706266 0.486358 0.705961
10 0.509285 0.72188 0.51463 0.722215 0.515054 0.708677 0.50971 0.708342
10 0.501068 0.721809 0.506374 0.722308 0.507026 0.70843 0.50172 0.707932
9 0.407282 0.601329 0.407424 0.584354 0.367858 0.583696 0.367717 0.600671
10 0.493487 0.721296 0.498954 0.721691 0.499464 0.707581 0.493996 0.707186
10 0.476664 0.723074 0.482601 0.724262 0.484428 0.706005 0.478491 0.704817
9 0.329315 0.615746 0.340364 0.61583 0.340594 0.555063 0.329545 0.55498
9 0.341331 0.615704 0.350174 0.615823 0.350588 0.554032 0.341744 0.553913
10 0.164423 0.585586 0.164508 0.57799 0.155951 0.577798 0.155865 0.585394
