0 0.5658 0.4409 0.5531 0.2956 0.8585 0.2431 0.8712 0.3884
0 0.4560 0.0355 0.5966 0.1634 0.4826 0.4093 0.3419 0.2814
0 0.7371 0.9888 0.6685 0.8291 0.8929 0.6404 0.9615 0.8001
0 0.8332 0.1985 0.8116 0.2866 0.4633 0.1187 0.4850 0.0306
1 0.2400 0.6876 0.2484 0.6978 0.2312 0.7256 0.2227 0.7154
1 0.2630 0.5147 0.2747 0.5323 0.2724 0.5353 0.2607 0.5177
1 0.6393 0.3650 0.6365 0.3629 0.6450 0.3406 0.6478 0.3427
1 0.4123 0.2581 0.4097 0.2524 0.4348 0.2295 0.4375 0.2352
2 0.6058 0.8881 0.3331 0.6208 0.3665 0.5539 0.6392 0.8212
2 0.1489 0.8581 0.1448 0.7916 0.2236 0.7819 0.2278 0.8484
2 0.5502 0.5699 0.5515 0.4639 0.5892 0.4649 0.5879 0.5709
2 0.7957 0.2814 0.8909 0.3647 0.8626 0.4282 0.7674 0.3449
3 0.8585 0.4712 0.8514 0.4507 0.9315 0.3960 0.9386 0.4165
3 0.3875 0.5117 0.3363 0.6221 0.3228 0.6099 0.3740 0.4995
3 0.4800 0.8307 0.4881 0.8519 0.4460 0.8833 0.4379 0.8621
3 0.2917 0.7849 0.2814 0.7847 0.2823 0.7119 0.2926 0.7121
4 0.2104 0.8087 0.2026 0.8145 0.1865 0.7721 0.1943 0.7663
4 0.0298 0.0418 0.0340 0.0430 0.0279 0.0874 0.0237 0.0862
4 0.6872 0.1919 0.6783 0.2013 0.6748 0.1949 0.6837 0.1855
4 0.2790 0.1659 0.2881 0.1716 0.2793 0.1993 0.2702 0.1936
6 0.5489 0.9158 0.4962 0.6586 0.5888 0.6214 0.6415 0.8786
6 0.7618 0.4292 0.7573 0.5206 0.7353 0.5184 0.7399 0.4270
6 0.4588 0.4423 0.4858 0.5006 0.4578 0.5261 0.4307 0.4678
6 0.1186 0.4791 0.0847 0.5300 0.0603 0.4981 0.0942 0.4472
7 0.7370 0.9691 0.7470 0.9632 0.7550 0.9893 0.7450 0.9952
7 0.6371 0.1850 0.6225 0.1791 0.6240 0.1718 0.6386 0.1777
7 0.4929 0.9349 0.4840 0.9430 0.4451 0.8591 0.4540 0.8510
7 0.2165 0.8766 0.2277 0.8836 0.2012 0.9670 0.1900 0.9600
9 0.7599 0.6858 0.9101 0.8024 0.8741 0.8934 0.7239 0.7768
9 0.2687 0.3954 0.2536 0.3108 0.3961 0.2610 0.4112 0.3456
9 0.8413 0.1481 0.8393 0.0682 0.8781 0.0663 0.8801 0.1462
9 0.9119 0.8003 0.9320 0.8556 0.7867 0.9593 0.7666 0.9040
12 0.3251 0.4280 0.3171 0.3976 0.4404 0.3348 0.4483 0.3652
12 0.5947 0.3631 0.6030 0.3934 0.5264 0.4345 0.5181 0.4042
12 0.0605 0.9666 0.0053 0.8866 0.0275 0.8566 0.0827 0.9366
12 0.2642 0.1875 0.2965 0.0630 0.3207 0.0753 0.2883 0.1998
13 0.7355 0.2016 0.7207 0.2121 0.7185 0.2060 0.7333 0.1955
13 0.8143 0.1395 0.8146 0.1363 0.9032 0.1537 0.9028 0.1569
13 0.0271 0.6629 0.0202 0.6528 0.0280 0.6423 0.0349 0.6524
13 0.0409 0.0426 0.0345 0.0365 0.0394 0.0262 0.0458 0.0323
15 0.1167 0.5384 0.1846 0.5199 0.1987 0.6212 0.1308 0.6397
15 0.2154 0.4575 0.2270 0.4824 0.1771 0.5277 0.1656 0.5028
15 0.1348 0.8200 0.1889 0.8858 0.1495 0.9492 0.0954 0.8834
15 0.4511 0.6884 0.4373 0.6162 0.4814 0.5996 0.4953 0.6718
