0 0.7760 0.0477 0.9622 0.0064 0.9737 0.1079 0.7875 0.1492
0 0.1059 0.2885 0.1205 0.1435 0.4252 0.2035 0.4107 0.3485
0 0.4881 0.9129 0.4351 0.7734 0.5565 0.6831 0.6094 0.8226
0 0.4962 0.6924 0.5783 0.7127 0.5567 0.8844 0.4745 0.8641
1 0.7897 0.2126 0.7961 0.2188 0.7620 0.2870 0.7557 0.2808
1 0.3978 0.3610 0.3750 0.3426 0.3793 0.3322 0.4021 0.3506
1 0.5243 0.4652 0.5234 0.4690 0.5063 0.4612 0.5072 0.4574
1 0.9004 0.6646 0.8895 0.6681 0.8836 0.6322 0.8945 0.6287
2 0.2578 0.1930 0.2476 0.3090 0.1756 0.2966 0.1858 0.1806
2 0.6767 0.5460 0.5871 0.4736 0.6084 0.4220 0.6980 0.4944
2 0.2827 0.7412 0.3558 0.7846 0.3396 0.8384 0.2664 0.7950
2 0.4280 0.8447 0.4858 0.8824 0.4794 0.9017 0.4216 0.8640
3 0.5454 0.2855 0.5760 0.4100 0.5609 0.4173 0.5303 0.2928
3 0.5636 0.4155 0.5806 0.4889 0.5676 0.4949 0.5505 0.4215
3 0.7468 0.1565 0.7993 0.1326 0.8040 0.1531 0.7516 0.1770
3 0.6792 0.1569 0.6655 0.2234 0.6540 0.2187 0.6676 0.1522
4 0.9529 0.4089 0.9464 0.4337 0.9397 0.4303 0.9462 0.4055
4 0.5739 0.7534 0.5966 0.7562 0.5959 0.7686 0.5731 0.7658
4 0.1790 0.7566 0.1817 0.7415 0.1964 0.7466 0.1937 0.7617
4 0.8285 0.4616 0.8433 0.3439 0.8518 0.3460 0.8369 0.4637
6 0.4085 0.7003 0.4609 0.7597 0.3755 0.9073 0.3231 0.8479
6 0.7380 0.1147 0.7487 0.0687 0.7563 0.0721 0.7456 0.1181
6 0.5109 0.8711 0.5120 0.7767 0.6477 0.7801 0.6465 0.8745
6 0.5802 0.5568 0.5919 0.4638 0.7255 0.4968 0.7138 0.5898
7 0.8654 0.6329 0.8611 0.6180 0.8889 0.6023 0.8932 0.6172
7 0.4235 0.0598 0.4097 0.0664 0.4005 0.0290 0.4143 0.0224
7 0.5379 0.3251 0.5567 0.3099 0.5787 0.3633 0.5599 0.3785
7 0.0235 0.4510 0.0263 0.4561 0.0182 0.4650 0.0154 0.4599
9 0.1946 0.5825 0.1891 0.6266 0.0779 0.5991 0.0835 0.5550
9 0.7511 0.5580 0.7157 0.5410 0.7592 0.3640 0.7946 0.3810
9 0.4129 0.9606 0.4672 0.8176 0.4911 0.8354 0.4368 0.9784
9 0.1130 0.6443 0.1955 0.9302 0.1476 0.9573 0.0651 0.6714
12 0.6622 0.3127 0.7122 0.2402 0.7287 0.2625 0.6786 0.3350
12 0.8155 0.4029 0.7974 0.3894 0.8459 0.2615 0.8641 0.2750
12 0.9340 0.7606 0.9115 0.7684 0.8917 0.6570 0.9142 0.6492
12 0.0446 0.8693 0.0340 0.8284 0.0522 0.8191 0.0629 0.8600
13 0.3350 0.9453 0.3182 0.9408 0.3204 0.9251 0.3372 0.9296
13 0.9441 0.3561 0.8013 0.4909 0.7830 0.4531 0.9259 0.3183
13 0.5222 0.7203 0.5301 0.7066 0.5381 0.7157 0.5302 0.7294
13 0.8643 0.6711 0.8675 0.6810 0.8594 0.6861 0.8562 0.6762
15 0.4387 0.3091 0.4084 0.3317 0.3925 0.2897 0.4227 0.2671
15 0.6432 0.8053 0.6348 0.7092 0.7079 0.6967 0.7164 0.7928
15 0.5874 0.7893 0.6149 0.6940 0.6615 0.7203 0.6340 0.8156
15 0.3491 0.1288 0.3936 0.0852 0.4234 0.1448 0.3790 0.1884
