0 0.2278 0.2228 0.4314 0.3681 0.4039 0.4436 0.2003 0.2983
0 0.8669 0.0420 0.8116 0.3525 0.7528 0.3320 0.8081 0.0215
0 0.4119 0.7434 0.3514 0.6309 0.4673 0.5086 0.5278 0.6211
0 0.7497 0.6222 0.7035 0.6892 0.4386 0.3310 0.4848 0.2640
1 0.4168 0.3733 0.4125 0.3669 0.4549 0.3115 0.4592 0.3179
1 0.0676 0.1889 0.0573 0.1550 0.0652 0.1503 0.0755 0.1842
1 0.6068 0.3116 0.6048 0.3109 0.6110 0.2764 0.6129 0.2771
1 0.5467 0.5930 0.5461 0.5974 0.5284 0.5926 0.5290 0.5882
2 0.8601 0.3603 0.8540 0.4209 0.7833 0.4069 0.7894 0.3463
2 0.3973 0.4702 0.3303 0.5489 0.2970 0.4934 0.3640 0.4147
2 0.3954 0.4884 0.4701 0.5106 0.4608 0.5712 0.3862 0.5490
2 0.2478 0.2696 0.1948 0.1301 0.2074 0.1208 0.2604 0.2603
3 0.5351 0.0612 0.5894 0.0478 0.5918 0.0668 0.5375 0.0802
3 0.9776 0.1177 0.8882 0.0746 0.8936 0.0527 0.9830 0.0958
3 0.5138 0.7221 0.4782 0.5986 0.4930 0.5903 0.5287 0.7138
3 0.6310 0.2312 0.6683 0.2766 0.6604 0.2892 0.6231 0.2438
4 0.4854 0.3721 0.4794 0.3685 0.4817 0.3607 0.4878 0.3643
4 0.5896 0.1430 0.5782 0.1505 0.5533 0.0758 0.5647 0.0683
4 0.3526 0.2305 0.3474 0.2272 0.3539 0.2067 0.3591 0.2100
4 0.2987 0.6762 0.2854 0.6611 0.2958 0.6430 0.3092 0.6581
6 0.1475 0.3088 0.1371 0.2888 0.1516 0.2740 0.1621 0.2940
6 0.2578 0.3034 0.1622 0.0716 0.2456 0.0042 0.3412 0.2360
6 0.3057 0.8109 0.2518 0.8429 0.2288 0.7671 0.2827 0.7351
6 0.2533 0.2344 0.2635 0.1440 0.2853 0.1488 0.2750 0.2392
7 0.7922 0.2394 0.7294 0.2108 0.7627 0.0674 0.8255 0.0960
7 0.9585 0.6824 0.9812 0.7038 0.9761 0.7144 0.9534 0.6930
7 0.9603 0.4571 0.9559 0.4638 0.9408 0.4441 0.9453 0.4374
7 0.2707 0.6371 0.2863 0.6652 0.2262 0.7309 0.2105 0.7028
9 0.1227 0.5343 0.0851 0.5834 0.0025 0.4593 0.0401 0.4102
9 0.0879 0.0838 0.1218 0.0440 0.2267 0.2190 0.1928 0.2588
9 0.4714 0.0099 0.4789 0.1102 0.3138 0.1345 0.3063 0.0342
9 0.4942 0.4003 0.5384 0.4036 0.5298 0.6317 0.4856 0.6284
12 0.3820 0.5240 0.4143 0.8928 0.3723 0.9000 0.3400 0.5312
12 0.5897 0.3942 0.6119 0.4385 0.5906 0.4594 0.5684 0.4151
12 0.8027 0.4795 0.7714 0.5525 0.7496 0.5341 0.7809 0.4611
12 0.1258 0.7599 0.1234 0.7921 0.0419 0.7801 0.0443 0.7479
13 0.9444 0.5355 0.9473 0.5255 0.9556 0.5301 0.9527 0.5401
13 0.8622 0.3421 0.8577 0.3058 0.8898 0.2979 0.8943 0.3342
13 0.1287 0.3203 0.1307 0.3128 0.1444 0.3197 0.1424 0.3272
13 0.8271 0.1687 0.8289 0.1755 0.8160 0.1821 0.8142 0.1753
15 0.3451 0.1656 0.4359 0.1315 0.4507 0.2088 0.3599 0.2429
15 0.4753 0.7553 0.4958 0.6616 0.5770 0.6963 0.5565 0.7900
15 0.2098 0.5801 0.1836 0.6757 0.1356 0.6499 0.1618 0.5543
15 0.8156 0.1194 0.8252 0.1584 0.7850 0.1778 0.7754 0.1388
