0 0.4504 0.4611 0.4655 0.5042 0.1727 0.7041 0.1577 0.6610
0 0.7707 0.7958 0.6058 0.9238 0.5702 0.8338 0.7351 0.7058
0 0.6356 0.3067 0.8355 0.4619 0.8061 0.5361 0.6062 0.3809
0 0.9224 0.3011 0.9330 0.5134 0.6568 0.5405 0.6462 0.3282
1 0.5707 0.2659 0.5926 0.2822 0.5910 0.2865 0.5691 0.2702
1 0.7675 0.9595 0.7577 0.9622 0.7431 0.8573 0.7529 0.8546
1 0.3626 0.2644 0.3610 0.2661 0.3454 0.2380 0.3470 0.2363
1 0.0814 0.5830 0.1064 0.5944 0.1037 0.6058 0.0787 0.5944
2 0.1008 0.4195 0.1992 0.4123 0.2169 0.8853 0.1185 0.8925
2 0.5560 0.1942 0.5451 0.1895 0.5503 0.1658 0.5612 0.1705
2 0.7179 0.5484 0.7675 0.4491 0.8398 0.5200 0.7902 0.6193
2 0.0738 0.2834 0.1034 0.2953 0.0774 0.4226 0.0477 0.4107
3 0.5524 0.6610 0.5359 0.7921 0.5201 0.7882 0.5367 0.6571
3 0.8230 0.4134 0.8272 0.4199 0.7730 0.4882 0.7688 0.4817
3 0.4591 0.3145 0.4422 0.3111 0.4543 0.1903 0.4713 0.1937
3 0.5463 0.8603 0.5711 0.9511 0.5589 0.9577 0.5340 0.8669
4 0.9754 0.4403 0.9758 0.4575 0.9706 0.4577 0.9702 0.4405
4 0.2718 0.8981 0.2622 0.8856 0.2713 0.8719 0.2810 0.8844
4 0.2715 0.0553 0.2515 0.0598 0.2507 0.0531 0.2708 0.0486
4 0.4288 0.6973 0.4140 0.6779 0.4206 0.6679 0.4354 0.6873
6 0.9455 0.5726 0.9170 0.6581 0.7940 0.5778 0.8225 0.4923
6 0.5280 0.1653 0.4911 0.1187 0.5134 0.0839 0.5504 0.1305
6 0.4610 0.0958 0.4749 0.1111 0.4639 0.1310 0.4499 0.1157
6 0.2137 0.5718 0.2401 0.6587 0.1151 0.7330 0.0888 0.6461
7 0.1672 0.9481 0.1509 0.9522 0.1502 0.9463 0.1665 0.9422
7 0.5618 0.2591 0.5582 0.2793 0.5294 0.2693 0.5330 0.2491
7 0.4103 0.2463 0.4080 0.2549 0.3960 0.2485 0.3983 0.2399
7 0.7538 0.2600 0.7494 0.2865 0.7179 0.2764 0.7223 0.2499
9 0.5174 0.6320 0.5512 0.6863 0.4597 0.7976 0.4260 0.7433
9 0.1734 0.8681 0.1616 0.8141 0.2958 0.7567 0.3075 0.8107
9 0.0661 0.3036 0.0213 0.2431 0.1233 0.0952 0.1681 0.1557
9 0.7014 0.9568 0.6051 0.8968 0.6226 0.8416 0.7189 0.9016
12 0.9410 0.8655 0.9526 0.8935 0.8390 0.9853 0.8274 0.9573
12 0.7299 0.7404 0.7384 0.6432 0.7432 0.6440 0.7347 0.7412
12 0.4630 0.8230 0.8059 0.4343 0.8424 0.4974 0.4995 0.8861
12 0.5716 0.7221 0.5985 0.7148 0.6138 0.8251 0.5869 0.8324
13 0.7817 0.8978 0.7610 0.8668 0.7706 0.8542 0.7913 0.8852
13 0.7647 0.2933 0.7437 0.2859 0.7533 0.2319 0.7743 0.2393
13 0.5779 0.2010 0.5840 0.1748 0.5976 0.1810 0.5915 0.2072
13 0.2249 0.2039 0.2138 0.2190 0.1814 0.1721 0.1925 0.1570
15 0.9883 0.0984 0.9176 0.1053 0.9128 0.0096 0.9835 0.0027
15 0.4982 0.8767 0.5551 0.8122 0.5932 0.8781 0.5364 0.9426
15 0.2985 0.1395 0.3244 0.0651 0.3681 0.0949 0.3422 0.1693
15 0.5908 0.3206 0.5918 0.2458 0.6375 0.2470 0.6365 0.3218
