0 0.0734 0.4236 0.1941 0.5172 0.1389 0.6568 0.0182 0.5632
0 0.2994 0.5466 0.4949 0.6572 0.4397 0.8486 0.2442 0.7380
0 0.3694 0.2205 0.3045 0.1470 0.3829 0.0115 0.4478 0.0850
0 0.2547 0.2322 0.2890 0.1523 0.6047 0.4178 0.5704 0.4977
1 0.8923 0.0511 0.8900 0.0541 0.8777 0.0357 0.8800 0.0327
1 0.2205 0.5586 0.2258 0.5507 0.2692 0.6074 0.2640 0.6153
1 0.5913 0.0952 0.5845 0.0900 0.6133 0.0172 0.6201 0.0224
1 0.3571 0.4366 0.3732 0.4448 0.3721 0.4490 0.3560 0.4408
2 0.9617 0.7834 0.9071 0.7726 0.9109 0.7350 0.9655 0.7458
2 0.9784 0.2927 0.8892 0.3869 0.8662 0.3441 0.9554 0.2499
2 0.3354 0.7179 0.3360 0.6692 0.4217 0.6713 0.4211 0.7200
2 0.5822 0.0670 0.6423 0.0611 0.6441 0.0962 0.5840 0.1021
3 0.6601 0.4483 0.6431 0.4512 0.6325 0.3301 0.6495 0.3272
3 0.3956 0.4652 0.3939 0.4510 0.4456 0.4396 0.4472 0.4538
3 0.6121 0.0549 0.6024 0.1653 0.5848 0.1623 0.5945 0.0519
3 0.5475 0.9421 0.4733 0.9367 0.4742 0.9139 0.5484 0.9193
4 0.0729 0.4344 0.0705 0.4582 0.0391 0.4520 0.0415 0.4282
4 0.5964 0.4197 0.5920 0.4154 0.5959 0.4075 0.6003 0.4118
4 0.0961 0.8547 0.1118 0.8644 0.1082 0.8757 0.0925 0.8660
4 0.1763 0.7599 0.1478 0.7605 0.1477 0.7533 0.1762 0.7527
6 0.7266 0.1614 0.7118 0.1749 0.7020 0.1538 0.7168 0.1403
6 0.4598 0.3231 0.4883 0.4086 0.3653 0.4889 0.3368 0.4034
6 0.6779 0.2486 0.7276 0.2523 0.7258 0.2990 0.6762 0.2953
6 0.3105 0.8375 0.3286 0.9155 0.2726 0.9409 0.2545 0.8629
7 0.1299 0.8759 0.1383 0.8414 0.1464 0.8453 0.1380 0.8798
7 0.9552 0.8268 0.9331 0.8557 0.8694 0.7600 0.8915 0.7311
7 0.9930 0.5807 0.9972 0.5902 0.9841 0.6017 0.9799 0.5922
7 0.6009 0.3390 0.5982 0.3824 0.5800 0.3802 0.5827 0.3368
9 0.6273 0.3928 0.4662 0.1825 0.5015 0.1296 0.6626 0.3399
9 0.2513 0.5724 0.3660 0.6340 0.3538 0.6784 0.2391 0.6168
9 0.5842 0.5180 0.5942 0.3567 0.6213 0.3600 0.6112 0.5213
9 0.2152 0.4120 0.2093 0.4642 0.1165 0.4436 0.1224 0.3914
12 0.8097 0.2390 0.8821 0.1539 0.8986 0.1814 0.8262 0.2665
12 0.2272 0.8793 0.2099 0.8724 0.2279 0.7847 0.2452 0.7916
12 0.3925 0.7675 0.4045 0.7487 0.4529 0.8097 0.4409 0.8285
12 0.8046 0.3314 0.7337 0.3489 0.7297 0.3174 0.8006 0.2999
13 0.5262 0.6635 0.5318 0.6495 0.5578 0.6697 0.5522 0.6837
13 0.6841 0.9395 0.6739 0.9498 0.6679 0.9381 0.6781 0.9278
13 0.7678 0.1077 0.7509 0.1584 0.7348 0.1479 0.7517 0.0972
13 0.1722 0.2889 0.1964 0.2454 0.2104 0.2607 0.1861 0.3042
15 0.6582 0.8840 0.6267 0.8135 0.6686 0.7768 0.7001 0.8473
15 0.6087 0.5233 0.6018 0.5513 0.5456 0.5243 0.5525 0.4963
15 0.2185 0.4625 0.2805 0.4144 0.3138 0.4983 0.2518 0.5464
15 0.7303 0.7116 0.6905 0.7734 0.6574 0.7316 0.6972 0.6698
