0 0.7721 0.7244 0.7901 0.9296 0.4410 0.9896 0.4230 0.7844
0 0.1408 0.7229 0.0636 0.5627 0.1581 0.4735 0.2353 0.6337
0 0.6641 0.5126 0.9866 0.5521 0.9816 0.6318 0.6591 0.5923
0 0.3378 0.7912 0.2750 0.6702 0.5085 0.4328 0.5713 0.5538
1 0.0918 0.0774 0.0890 0.0908 0.0157 0.0614 0.0184 0.0480
1 0.5820 0.4205 0.5787 0.4293 0.5623 0.4171 0.5656 0.4083
1 0.5021 0.8153 0.4746 0.8453 0.4359 0.7759 0.4634 0.7459
1 0.7851 0.6265 0.7919 0.6107 0.8080 0.6243 0.8013 0.6401
2 0.4625 0.6502 0.5513 0.6215 0.5601 0.6746 0.4713 0.7033
2 0.9474 0.5572 0.8777 0.5418 0.8901 0.4320 0.9598 0.4474
2 0.4010 0.9222 0.4075 0.9868 0.3718 0.9938 0.3654 0.9292
2 0.2709 0.5136 0.1592 0.7454 0.0874 0.6776 0.1991 0.4458
3 0.2561 0.4904 0.1855 0.5225 0.1804 0.5008 0.2511 0.4687
3 0.5655 0.6298 0.5022 0.7282 0.4899 0.7126 0.5532 0.6142
3 0.7358 0.5818 0.6912 0.6272 0.6822 0.6098 0.7268 0.5644
3 0.1093 0.1714 0.1196 0.1730 0.1141 0.2458 0.1039 0.2442
4 0.5776 0.7437 0.5597 0.7233 0.5672 0.7103 0.5852 0.7307
4 0.1895 0.4092 0.1846 0.4124 0.1782 0.3932 0.1831 0.3900
4 0.3703 0.8929 0.3745 0.8648 0.3849 0.8679 0.3806 0.8960
4 0.4408 0.3125 0.4782 0.3107 0.4783 0.3143 0.4409 0.3161
6 0.4379 0.2982 0.4886 0.3392 0.4592 0.4106 0.4085 0.3696
6 0.6322 0.9294 0.6171 0.9166 0.6263 0.8950 0.6415 0.9078
6 0.1561 0.6434 0.1495 0.6664 0.1328 0.6570 0.1394 0.6340
6 0.3702 0.1131 0.4195 0.1775 0.3270 0.3165 0.2776 0.2521
7 0.3156 0.7887 0.3238 0.8121 0.2552 0.8589 0.2471 0.8355
7 0.0396 0.6937 0.0523 0.6886 0.0641 0.7463 0.0514 0.7514
7 0.2011 0.8365 0.2546 0.7714 0.2758 0.8055 0.2223 0.8706
7 0.5606 0.5270 0.5635 0.5349 0.5454 0.5478 0.5425 0.5399
9 0.3437 0.6934 0.2868 0.7288 0.2271 0.5410 0.2840 0.5056
9 0.1793 0.5483 0.2155 0.5628 0.1896 0.6893 0.1533 0.6748
9 0.0949 0.6356 0.0648 0.6509 0.0262 0.5024 0.0563 0.4871
9 0.8524 0.3675 0.8823 0.3990 0.8019 0.5485 0.7720 0.5170
12 0.8350 0.7933 0.7916 0.7128 0.8099 0.6935 0.8532 0.7740
12 0.2316 0.4207 0.3000 0.4411 0.2990 0.4477 0.2305 0.4273
12 0.6041 0.3491 0.6135 0.3748 0.5213 0.4405 0.5120 0.4148
12 0.9452 0.0343 0.9589 0.0589 0.8125 0.2189 0.7988 0.1943
13 0.9527 0.0093 0.9480 0.0324 0.9436 0.0307 0.9483 0.0076
13 0.8888 0.1494 0.8915 0.1578 0.8769 0.1670 0.8742 0.1586
13 0.1844 0.6411 0.1901 0.6399 0.1921 0.6601 0.1865 0.6613
13 0.7368 0.3805 0.7288 0.3388 0.7503 0.3307 0.7583 0.3724
15 0.3859 0.6724 0.4554 0.7078 0.4401 0.7668 0.3706 0.7314
15 0.3135 0.7295 0.3059 0.8314 0.2456 0.8225 0.2533 0.7206
15 0.5236 0.9210 0.5556 0.9347 0.5455 0.9806 0.5136 0.9669
15 0.1724 0.4450 0.1285 0.3896 0.1610 0.3390 0.2049 0.3944
