0 0.7973 0.8503 0.7324 0.8713 0.6496 0.3689 0.7144 0.3479
0 0.6622 0.2128 0.7441 0.3089 0.5586 0.6184 0.4768 0.5223
0 0.0630 0.3543 0.0912 0.2698 0.4250 0.4877 0.3968 0.5722
0 0.0487 0.6082 0.1317 0.5960 0.1447 0.7694 0.0617 0.7816
1 0.3045 0.4459 0.3065 0.4451 0.3135 0.4793 0.3115 0.4801
1 0.3570 0.3301 0.3545 0.3208 0.3718 0.3115 0.3744 0.3208
1 0.8593 0.2191 0.8735 0.2170 0.8758 0.2477 0.8616 0.2498
1 0.5633 0.4058 0.5653 0.4054 0.5693 0.4406 0.5673 0.4410
2 0.3821 0.4877 0.3270 0.1541 0.3685 0.1407 0.4235 0.4743
2 0.4614 0.2628 0.3683 0.2628 0.3683 0.1904 0.4614 0.1904
2 0.0779 0.4741 0.0852 0.4618 0.1684 0.5595 0.1611 0.5718
2 0.0037 0.0406 0.0288 0.0067 0.0883 0.0930 0.0632 0.1269
3 0.4415 0.5382 0.3922 0.5430 0.3914 0.5262 0.4407 0.5214
3 0.1544 0.5946 0.1405 0.7049 0.1267 0.7014 0.1406 0.5911
3 0.8402 0.3559 0.8684 0.4447 0.8564 0.4521 0.8282 0.3633
3 0.0503 0.4018 0.0411 0.4081 0.0183 0.3426 0.0275 0.3363
4 0.3463 0.2546 0.3420 0.2471 0.3837 0.1998 0.3880 0.2073
4 0.6250 0.4052 0.6281 0.4150 0.6059 0.4288 0.6028 0.4190
4 0.8006 0.3746 0.7953 0.3472 0.8000 0.3454 0.8053 0.3728
4 0.4536 0.8410 0.4712 0.8552 0.4664 0.8670 0.4488 0.8528
6 0.3951 0.2219 0.4308 0.1736 0.4541 0.2073 0.4183 0.2556
6 0.5032 0.0654 0.4787 0.0997 0.4731 0.0918 0.4975 0.0575
6 0.4488 0.2349 0.4285 0.1957 0.4349 0.1891 0.4553 0.2283
6 0.4215 0.0341 0.3706 0.0918 0.3568 0.0679 0.4076 0.0102
7 0.6350 0.2721 0.6288 0.2559 0.6745 0.2219 0.6806 0.2381
7 0.3006 0.6929 0.2806 0.6919 0.2834 0.5763 0.3034 0.5773
7 0.7210 0.4579 0.7278 0.4889 0.6652 0.5157 0.6585 0.4847
7 0.0706 0.0592 0.0657 0.0793 0.0257 0.0600 0.0306 0.0399
9 0.3191 0.4985 0.3428 0.4727 0.4200 0.6111 0.3964 0.6369
9 0.3947 0.5985 0.3479 0.6444 0.3256 0.5999 0.3724 0.5540
9 0.4057 0.5384 0.5761 0.5091 0.5852 0.6124 0.4147 0.6417
9 0.5318 0.4031 0.5986 0.4371 0.5491 0.6277 0.4822 0.5937
12 0.0555 0.2307 0.0464 0.3761 0.0168 0.3725 0.0259 0.2271
12 0.5954 0.8332 0.5856 0.9649 0.5600 0.9612 0.5699 0.8295
12 0.6196 0.0007 0.6409 0.0098 0.5867 0.2585 0.5653 0.2494
12 0.7168 0.4620 0.7369 0.4560 0.7584 0.5976 0.7383 0.6036
13 0.9318 0.8326 0.9289 0.8502 0.9214 0.8478 0.9243 0.8302
13 0.0828 0.5466 0.1235 0.5782 0.1090 0.6150 0.0682 0.5834
13 0.6755 0.2327 0.6804 0.2329 0.6802 0.2509 0.6753 0.2507
13 0.3729 0.7734 0.3815 0.7796 0.3786 0.7878 0.3699 0.7816
15 0.4244 0.4069 0.3811 0.3560 0.4193 0.2923 0.4626 0.3432
15 0.2758 0.4577 0.2611 0.3407 0.3376 0.3219 0.3523 0.4389
15 0.5289 0.2209 0.5478 0.1220 0.6063 0.1439 0.5874 0.2428
15 0.4138 0.6208 0.2894 0.6360 0.2830 0.5332 0.4074 0.5180
