0 0.1773 0.6058 0.2586 0.5795 0.2867 0.7494 0.2054 0.7757
0 0.8792 0.7558 0.8479 0.9316 0.5837 0.8394 0.6150 0.6636
0 0.2351 0.8282 0.3021 0.8381 0.2981 0.8918 0.2310 0.8819
0 0.8160 0.3813 0.7681 0.4460 0.5123 0.0751 0.5602 0.0104
1 0.7810 0.6230 0.7754 0.6094 0.7982 0.5910 0.8037 0.6046
1 0.3190 0.6746 0.3153 0.6578 0.3227 0.6546 0.3264 0.6714
1 0.5576 0.2133 0.5591 0.1934 0.5810 0.1967 0.5795 0.2166
1 0.3303 0.5420 0.3196 0.5084 0.3274 0.5036 0.3381 0.5372
2 0.8063 0.2324 0.7645 0.2038 0.8045 0.0888 0.8464 0.1174
2 0.6764 0.6681 0.6753 0.6249 0.7699 0.6203 0.7709 0.6635
2 0.0864 0.5897 0.0856 0.5285 0.1570 0.5267 0.1578 0.5879
2 0.9222 0.5889 0.8951 0.5582 0.9381 0.4839 0.9652 0.5146
3 0.2141 0.6208 0.2012 0.6274 0.1762 0.5312 0.1891 0.5246
3 0.5863 0.8320 0.6613 0.9140 0.6514 0.9316 0.5764 0.8496
3 0.7606 0.8253 0.7465 0.8139 0.7911 0.7059 0.8052 0.7173
3 0.1950 0.6604 0.2740 0.6779 0.2718 0.6972 0.1928 0.6797
4 0.0341 0.4858 0.0314 0.4942 0.0256 0.4906 0.0283 0.4822
4 0.6028 0.8377 0.5936 0.8124 0.6023 0.8063 0.6115 0.8316
4 0.1746 0.5444 0.1712 0.5481 0.1514 0.5124 0.1548 0.5087
4 0.3446 0.2603 0.3327 0.2880 0.3134 0.2717 0.3253 0.2440
6 0.0747 0.4186 0.1318 0.4686 0.0599 0.6298 0.0027 0.5798
6 0.9901 0.0692 0.9983 0.1629 0.8636 0.1860 0.8554 0.0923
6 0.0630 0.8104 0.1231 0.7675 0.1847 0.9368 0.1246 0.9797
6 0.4223 0.6790 0.5477 0.4770 0.6203 0.5654 0.4949 0.7674
7 0.8370 0.9446 0.8356 0.9830 0.8247 0.9822 0.8262 0.9438
7 0.0531 0.1805 0.0471 0.1529 0.0952 0.1323 0.1012 0.1599
7 0.6938 0.4766 0.6943 0.4842 0.6642 0.4886 0.6637 0.4810
7 0.6516 0.7972 0.6638 0.7927 0.6718 0.8344 0.6596 0.8389
9 0.8948 0.2502 0.9243 0.2327 0.9683 0.3782 0.9389 0.3957
9 0.4643 0.8840 0.3962 0.5907 0.4454 0.5684 0.5135 0.8617
9 0.5182 0.7730 0.4814 0.7500 0.5384 0.5706 0.5752 0.5936
9 0.6996 0.3631 0.7470 0.4078 0.7253 0.4529 0.6779 0.4082
12 0.9504 0.3308 0.9188 0.3618 0.9039 0.3320 0.9355 0.3010
12 0.6473 0.4602 0.6743 0.4755 0.6678 0.4982 0.6408 0.4829
12 0.5761 0.1897 0.5379 0.2752 0.5185 0.2583 0.5567 0.1728
12 0.7403 0.6048 0.7743 0.6132 0.7552 0.7652 0.7211 0.7568
13 0.6437 0.8058 0.6294 0.8054 0.6309 0.6854 0.6452 0.6858
13 0.6576 0.7015 0.6588 0.6992 0.7427 0.7845 0.7415 0.7868
13 0.6423 0.5248 0.7703 0.6862 0.7485 0.7200 0.6205 0.5586
13 0.8596 0.9707 0.8721 0.9748 0.8704 0.9853 0.8579 0.9812
15 0.7150 0.3258 0.7873 0.3223 0.7893 0.4030 0.7170 0.4065
15 0.5653 0.2306 0.6033 0.2678 0.5752 0.3238 0.5373 0.2866
15 0.9508 0.0938 0.9405 0.0118 0.9844 0.0010 0.9947 0.0830
15 0.4494 0.3781 0.4067 0.2989 0.4615 0.2411 0.5041 0.3203
