0 0.8921 0.8534 0.8206 0.9646 0.6062 0.6942 0.6777 0.5830
0 0.3198 0.8038 0.1686 0.8261 0.1397 0.4406 0.2908 0.4183
0 0.6413 0.3747 0.6755 0.3780 0.6527 0.8329 0.6185 0.8296
0 0.6337 0.2383 0.6914 0.3536 0.5725 0.4701 0.5149 0.3548
1 0.7261 0.3156 0.7062 0.3180 0.7056 0.3096 0.7256 0.3072
1 0.3148 0.9341 0.2819 0.9183 0.3023 0.8351 0.3353 0.8509
1 0.5447 0.4709 0.5395 0.4829 0.4742 0.4279 0.4793 0.4159
1 0.3782 0.0547 0.3875 0.0495 0.4161 0.1485 0.4068 0.1537
2 0.2035 0.7689 0.2005 0.6898 0.2256 0.6879 0.2286 0.7670
2 0.7925 0.4922 0.8223 0.3891 0.8609 0.4110 0.8312 0.5141
2 0.3501 0.3638 0.3030 0.4297 0.2408 0.3426 0.2879 0.2767
2 0.4748 0.1744 0.5411 -0.0000 0.5943 0.0396 0.5281 0.2140
3 0.1686 0.5642 0.1669 0.5784 0.1156 0.5658 0.1174 0.5516
3 0.9564 0.9397 0.9470 0.9195 0.9871 0.8831 0.9964 0.9033
3 0.7100 0.5852 0.7100 0.5940 0.6371 0.5940 0.6371 0.5852
3 0.5806 0.5913 0.5671 0.5765 0.5965 0.5239 0.6100 0.5387
4 0.5291 0.6138 0.5353 0.6154 0.5321 0.6410 0.5259 0.6394
4 0.6852 0.8203 0.6675 0.8220 0.6668 0.8093 0.6845 0.8076
4 0.9011 0.4403 0.9066 0.4453 0.8969 0.4661 0.8914 0.4611
4 0.1080 0.0430 0.1146 0.0584 0.1083 0.0638 0.1016 0.0484
6 0.5797 0.4926 0.5990 0.5327 0.5923 0.5390 0.5730 0.4989
6 0.5353 0.3628 0.5120 0.0972 0.6076 0.0808 0.6309 0.3464
6 0.7781 0.3536 0.7462 0.3347 0.7494 0.3244 0.7812 0.3433
6 0.2718 0.3133 0.2545 0.3189 0.2505 0.2943 0.2677 0.2887
7 0.8267 0.3692 0.8321 0.3266 0.9218 0.3488 0.9165 0.3914
7 0.4138 0.8061 0.4056 0.7987 0.4182 0.7715 0.4264 0.7789
7 0.2324 0.6465 0.2314 0.6661 0.1759 0.6607 0.1768 0.6411
7 0.3086 0.2776 0.2886 0.3020 0.2474 0.2356 0.2674 0.2112
9 0.2883 0.3302 0.1708 0.3805 0.1609 0.3350 0.2783 0.2847
9 0.9823 0.0704 0.8467 0.3134 0.8060 0.2688 0.9416 0.0258
9 0.3519 0.7162 0.4553 0.4439 0.5010 0.4778 0.3976 0.7501
9 0.2734 0.6429 0.2306 0.5081 0.2700 0.4835 0.3129 0.6183
12 0.6742 0.3053 0.6976 0.3047 0.6987 0.3947 0.6753 0.3953
12 0.5141 0.6460 0.2698 0.7912 0.2533 0.7368 0.4976 0.5916
12 0.9036 0.2163 0.9187 0.1666 0.9426 0.1809 0.9276 0.2306
12 0.3375 0.3814 0.3162 0.3905 0.2619 0.1418 0.2832 0.1327
13 0.5284 0.0982 0.5120 0.1014 0.5113 0.0946 0.5277 0.0914
13 0.7492 0.5219 0.7478 0.5317 0.7153 0.5221 0.7168 0.5123
13 0.6629 0.6762 0.6400 0.7041 0.6314 0.6902 0.6543 0.6623
13 0.5774 0.5830 0.5970 0.5811 0.5980 0.6010 0.5784 0.6029
15 0.1675 0.0630 0.1341 0.1208 0.0996 0.0818 0.1331 0.0240
15 0.6064 0.4261 0.5756 0.4238 0.5778 0.3647 0.6087 0.3670
15 0.1705 0.7090 0.2100 0.6475 0.2461 0.6930 0.2065 0.7545
15 0.3555 0.1319 0.3283 0.1465 0.3145 0.0961 0.3417 0.0815
