0 0.1983 0.1790 0.4163 0.4738 0.3215 0.6114 0.1034 0.3166
0 0.7010 0.2772 0.7951 0.1667 0.9959 0.5016 0.9017 0.6121
0 0.2361 0.2678 0.2145 0.1550 0.3348 0.1098 0.3564 0.2226
0 0.2709 0.5786 0.1939 0.6942 0.0934 0.5630 0.1704 0.4474
1 0.4959 0.3710 0.4931 0.3703 0.4993 0.3154 0.5021 0.3161
1 0.8485 0.3952 0.8521 0.3907 0.8718 0.4224 0.8682 0.4269
1 0.0714 0.8557 0.0782 0.8455 0.1340 0.9183 0.1272 0.9285
1 0.4066 0.2625 0.4053 0.2665 0.3889 0.2563 0.3901 0.2523
2 0.1133 0.4419 0.1810 0.5333 0.1095 0.6369 0.0419 0.5455
2 0.5611 0.4771 0.6506 0.5356 0.6264 0.6085 0.5368 0.5500
2 0.8884 0.4681 0.7508 0.7237 0.7127 0.6835 0.8503 0.4279
2 0.1672 0.9158 0.1465 0.9011 0.1548 0.8782 0.1755 0.8929
3 0.1399 0.9001 0.1504 0.8243 0.1638 0.8279 0.1533 0.9037
3 0.8676 0.5085 0.8759 0.3971 0.8899 0.3991 0.8815 0.5105
3 0.0449 0.7418 0.0300 0.7301 0.0722 0.6234 0.0872 0.6351
3 0.1118 0.0302 0.1099 0.1074 0.0945 0.1066 0.0964 0.0294
4 0.7131 0.6321 0.6946 0.6001 0.7003 0.5935 0.7189 0.6255
4 0.5124 0.3509 0.4995 0.3544 0.4830 0.2355 0.4959 0.2320
4 0.2267 0.8426 0.2455 0.7615 0.2559 0.7662 0.2370 0.8473
4 0.7642 0.5300 0.7890 0.5238 0.7907 0.5372 0.7659 0.5434
6 0.1038 0.5235 0.1473 0.5572 0.1311 0.5981 0.0876 0.5644
6 0.4270 0.2258 0.4384 0.3160 0.4167 0.3214 0.4053 0.2312
6 0.4126 0.6476 0.4126 0.5656 0.4714 0.5656 0.4714 0.6476
6 0.0403 0.1679 0.0815 0.2069 0.0628 0.2457 0.0216 0.2067
7 0.3702 0.4893 0.3747 0.4850 0.3809 0.4979 0.3764 0.5022
7 0.7618 0.3820 0.7792 0.3923 0.7642 0.4416 0.7468 0.4313
7 0.0416 0.8120 0.0441 0.7899 0.0915 0.8004 0.0890 0.8225
7 0.2706 0.9233 0.2643 0.9238 0.2623 0.8695 0.2686 0.8690
9 0.8364 0.8157 0.7993 0.7819 0.8881 0.5903 0.9253 0.6241
9 0.7786 0.7823 0.8029 0.9574 0.7740 0.9653 0.7497 0.7902
9 0.8462 0.7049 0.8119 0.6410 0.8429 0.6083 0.8773 0.6722
9 0.3388 0.1320 0.3690 0.0866 0.4883 0.2424 0.4581 0.2878
12 0.7004 0.6339 0.7353 0.7613 0.7182 0.7705 0.6833 0.6431
12 0.0587 0.4618 0.0337 0.7461 0.0085 0.7418 0.0334 0.4575
12 0.2604 0.3443 0.6261 0.6896 0.5936 0.7569 0.2279 0.4116
12 0.9073 0.4054 0.9309 0.4216 0.8425 0.6754 0.8188 0.6592
13 0.5218 0.8220 0.5068 0.8337 0.4960 0.8064 0.5110 0.7947
13 0.7019 0.6394 0.7061 0.6318 0.7324 0.6606 0.7282 0.6682
13 0.5888 0.5862 0.5950 0.5638 0.6158 0.5750 0.6096 0.5974
13 0.6681 0.7142 0.6671 0.7221 0.6528 0.7186 0.6537 0.7107
15 0.4537 0.5560 0.4895 0.6224 0.4500 0.6640 0.4142 0.5976
15 0.5737 0.2929 0.5522 0.2618 0.5826 0.2207 0.6041 0.2518
15 0.3822 0.7193 0.4077 0.6987 0.4290 0.7503 0.4035 0.7709
15 0.5150 0.1788 0.5627 0.1247 0.6133 0.2120 0.5655 0.2661
