0 0.4041 0.6419 0.3006 0.7592 0.1359 0.4745 0.2394 0.3572
0 0.2749 0.0823 0.4010 0.1231 0.3397 0.4945 0.2136 0.4537
0 0.5305 0.7970 0.5341 0.5018 0.6815 0.5054 0.6779 0.8006
0 0.7501 0.6451 0.8126 0.6804 0.7982 0.7305 0.7357 0.6952
1 0.1919 0.0820 0.2109 0.1043 0.2087 0.1080 0.1897 0.0857
1 0.0984 0.7756 0.1310 0.7931 0.1084 0.8752 0.0759 0.8577
1 0.7332 0.8345 0.7312 0.8373 0.7185 0.8195 0.7205 0.8167
1 0.4122 0.6664 0.4273 0.6363 0.4343 0.6432 0.4193 0.6733
2 0.8558 0.6899 0.8396 0.6977 0.8296 0.6569 0.8458 0.6491
2 0.0409 0.3991 0.0251 0.4113 0.0128 0.3801 0.0286 0.3679
2 0.7514 0.5380 0.6688 0.5218 0.6789 0.4212 0.7615 0.4374
2 0.9618 0.7108 0.9864 0.7368 0.9762 0.7556 0.9516 0.7296
3 0.7554 0.0715 0.7643 0.0643 0.7903 0.1273 0.7814 0.1345
3 0.5288 0.3543 0.5414 0.3399 0.5975 0.4369 0.5849 0.4513
3 0.3178 0.6136 0.3130 0.6193 0.2662 0.5412 0.2710 0.5355
3 0.2561 0.5365 0.2043 0.5630 0.1990 0.5427 0.2508 0.5162
4 0.2261 0.7966 0.2159 0.8541 0.2081 0.8514 0.2184 0.7939
4 0.3604 0.2203 0.3583 0.2260 0.3405 0.2133 0.3426 0.2076
4 0.6055 0.5901 0.5830 0.5822 0.5859 0.5659 0.6084 0.5738
4 0.5711 0.4943 0.5876 0.4626 0.5917 0.4669 0.5753 0.4986
6 0.9348 0.8304 0.9452 0.8104 0.9598 0.8252 0.9494 0.8452
6 0.9163 0.7416 0.9163 0.8332 0.8943 0.8332 0.8943 0.7416
6 0.4766 0.0719 0.4730 0.0961 0.4554 0.0909 0.4590 0.0667
6 0.1194 0.0875 0.1306 0.1680 0.0728 0.1837 0.0617 0.1032
7 0.6201 0.9076 0.6166 0.9245 0.5845 0.9116 0.5880 0.8947
7 0.5430 0.9553 0.4768 0.9872 0.4622 0.9279 0.5284 0.8960
7 0.0944 0.5989 0.0882 0.5826 0.1316 0.5503 0.1378 0.5666
7 0.0375 0.3926 0.0311 0.3756 0.0722 0.3450 0.0786 0.3620
9 0.4541 0.4571 0.4895 0.4752 0.4574 0.5989 0.4219 0.5808
9 0.6759 0.6145 0.6047 0.5987 0.6307 0.3691 0.7018 0.3849
9 0.5665 0.5255 0.6372 0.5448 0.6055 0.7729 0.5348 0.7536
9 0.7150 0.7534 0.6865 0.7187 0.7482 0.6194 0.7766 0.6541
12 0.4935 0.7729 0.2425 0.6519 0.2563 0.5959 0.5072 0.7169
12 0.9704 0.5862 0.7382 0.4060 0.7587 0.3542 0.9909 0.5344
12 0.5241 0.1805 0.2591 0.1610 0.2613 0.1019 0.5264 0.1214
12 0.6877 0.4231 0.6929 0.4253 0.6508 0.6181 0.6456 0.6159
13 0.6819 0.3610 0.6840 0.3676 0.6715 0.3754 0.6694 0.3688
13 0.4362 0.3213 0.4322 0.3094 0.4529 0.2959 0.4569 0.3078
13 0.0173 0.3487 0.0318 0.3739 0.0219 0.3853 0.0073 0.3601
13 0.4889 0.1091 0.4721 0.1617 0.4528 0.1497 0.4696 0.0971
15 0.5719 0.7955 0.6046 0.8413 0.5701 0.8897 0.5374 0.8439
15 0.6663 0.2894 0.6855 0.3592 0.6428 0.3822 0.6237 0.3124
15 0.3228 0.8665 0.2802 0.7813 0.3155 0.7467 0.3581 0.8319
15 0.0394 0.2104 0.1221 0.2746 0.0940 0.3456 0.0113 0.2814
