0 0.0039 0.0690 0.1333 0.0658 0.1381 0.4470 0.0087 0.4502
0 0.2702 0.1114 0.3662 0.0459 0.4927 0.4090 0.3967 0.4745
0 0.0302 0.2848 0.0579 0.1403 0.3366 0.2448 0.3090 0.3893
0 0.4454 0.5577 0.4131 0.4762 0.7352 0.2263 0.7675 0.3078
1 0.9680 0.3295 0.9743 0.3474 0.9545 0.3609 0.9483 0.3430
1 0.6924 0.5147 0.6929 0.5250 0.6736 0.5269 0.6731 0.5166
1 0.8329 0.5731 0.8375 0.5813 0.8222 0.5981 0.8176 0.5899
1 0.1817 0.8948 0.1469 0.8982 0.1426 0.8104 0.1773 0.8070
2 0.9447 0.9221 0.9416 0.8395 0.9470 0.8391 0.9501 0.9217
2 0.6126 0.2830 0.6079 0.3061 0.5782 0.2942 0.5830 0.2711
2 0.6166 0.8233 0.5873 0.7523 0.6383 0.7111 0.6676 0.7821
2 0.0264 0.4451 0.0926 0.3423 0.1353 0.3961 0.0691 0.4989
3 0.5629 0.8850 0.5129 0.9176 0.5071 0.9002 0.5571 0.8676
3 0.3167 0.4602 0.3065 0.4618 0.3010 0.3890 0.3112 0.3874
3 0.1404 0.4442 0.1351 0.4565 0.0905 0.4190 0.0958 0.4067
3 0.0829 0.3095 0.0898 0.3202 0.0511 0.3689 0.0442 0.3582
4 0.6337 0.3597 0.6228 0.3509 0.6523 0.2795 0.6632 0.2883
4 0.8419 0.3770 0.8510 0.3567 0.8778 0.3802 0.8688 0.4005
4 0.7805 0.9261 0.7913 0.9060 0.8064 0.9219 0.7955 0.9420
4 0.4613 0.5654 0.4579 0.5584 0.4733 0.5438 0.4767 0.5508
6 0.6035 0.1598 0.5860 0.1559 0.5888 0.1310 0.6063 0.1349
6 0.2104 0.8337 0.1583 0.7965 0.1850 0.7231 0.2372 0.7603
6 0.1304 0.2907 0.1826 0.3279 0.1559 0.4013 0.1037 0.3641
6 0.8666 0.6125 0.6819 0.5433 0.7069 0.4131 0.8915 0.4823
7 0.1112 0.3166 0.1003 0.3177 0.0988 0.2878 0.1097 0.2867
7 0.1584 0.5139 0.1640 0.5230 0.1476 0.5429 0.1420 0.5338
7 0.3670 0.7118 0.3654 0.7445 0.2767 0.7358 0.2784 0.7031
7 0.8685 0.0608 0.8761 0.0571 0.8823 0.0824 0.8748 0.0861
9 0.6886 0.7213 0.6862 0.6594 0.8492 0.6475 0.8515 0.7094
9 0.3240 0.5775 0.3395 0.6167 0.2408 0.6933 0.2253 0.6541
9 0.0761 0.4038 0.1671 0.1999 0.2301 0.2550 0.1391 0.4589
9 0.1526 0.4582 0.1259 0.4391 0.1828 0.2826 0.2096 0.3017
12 0.6732 0.7552 0.6516 0.7471 0.6997 0.4960 0.7212 0.5041
12 0.9752 0.4958 0.9728 0.5441 0.8628 0.5334 0.8652 0.4851
12 0.4642 0.5008 0.4562 0.4700 0.5166 0.4392 0.5246 0.4700
12 0.9353 0.6028 0.9586 0.6273 0.9481 0.6468 0.9248 0.6223
13 0.3751 0.5506 0.3777 0.5474 0.4289 0.6298 0.4263 0.6330
13 0.0381 0.6362 0.0577 0.6386 0.0565 0.6586 0.0368 0.6562
13 0.0996 0.7899 0.1063 0.7795 0.1169 0.7929 0.1102 0.8033
13 0.4754 0.7431 0.4773 0.7427 0.4918 0.8865 0.4898 0.8869
15 0.0559 0.6129 0.0337 0.5358 0.0795 0.5099 0.1018 0.5870
15 0.6880 0.4142 0.7170 0.5096 0.6757 0.5342 0.6468 0.4388
15 0.8322 0.3516 0.7760 0.2855 0.8083 0.2316 0.8646 0.2977
15 0.9791 0.8577 0.8913 0.8106 0.9118 0.7359 0.9995 0.7830
