0 0.1663 0.5328 0.2931 0.2970 0.4109 0.4212 0.2840 0.6570
0 0.6640 0.7175 0.6767 0.8090 0.3152 0.9073 0.3025 0.8158
0 0.8150 0.2863 0.9670 0.3856 0.8785 0.6513 0.7265 0.5520
0 0.8643 0.7359 0.8099 0.9346 0.5514 0.7957 0.6059 0.5970
1 0.8020 0.8773 0.8151 0.8767 0.8158 0.9031 0.8026 0.9037
1 0.6002 0.2276 0.6111 0.1963 0.6141 0.1984 0.6032 0.2297
1 0.6245 0.2877 0.6216 0.2859 0.6292 0.2631 0.6321 0.2649
1 0.5711 0.0331 0.5786 0.0307 0.5920 0.1117 0.5845 0.1141
2 0.7953 0.3588 0.7126 0.3234 0.7384 0.2052 0.8212 0.2406
2 0.4512 0.7064 0.2699 0.3156 0.3188 0.2712 0.5001 0.6620
2 0.2596 0.6794 0.2254 0.6700 0.2418 0.5522 0.2760 0.5616
2 0.4352 0.2543 0.3601 0.2905 0.3465 0.2353 0.4216 0.1991
3 0.1888 0.3836 0.1923 0.3651 0.2630 0.3916 0.2594 0.4101
3 0.3131 0.0275 0.3735 0.1009 0.3643 0.1157 0.3039 0.0423
3 0.6080 0.5390 0.6142 0.5275 0.6557 0.5714 0.6495 0.5829
3 0.2513 0.5302 0.2414 0.5342 0.2270 0.4642 0.2369 0.4602
4 0.1494 0.3263 0.1443 0.3349 0.1303 0.3185 0.1354 0.3099
4 0.9712 0.5873 0.9631 0.5832 0.9705 0.5547 0.9786 0.5588
4 0.1669 0.8460 0.1630 0.8182 0.1725 0.8156 0.1764 0.8434
4 0.2427 0.2567 0.2670 0.2658 0.2645 0.2789 0.2402 0.2698
6 0.4609 0.9538 0.4354 0.8695 0.4556 0.8574 0.4812 0.9417
6 0.0405 0.3499 0.0607 0.4370 0.0398 0.4465 0.0196 0.3594
6 0.3417 0.4513 0.3187 0.5400 0.1911 0.4751 0.2142 0.3864
6 0.8614 0.1232 0.8952 0.1131 0.8969 0.1240 0.8631 0.1341
7 0.0629 0.5465 0.0500 0.5388 0.0820 0.4331 0.0949 0.4408
7 0.6227 0.2297 0.6067 0.2211 0.6187 0.1775 0.6347 0.1861
7 0.1399 0.6262 0.1467 0.6251 0.1481 0.6434 0.1413 0.6445
7 0.4183 0.5510 0.4224 0.5698 0.3757 0.5898 0.3716 0.5710
9 0.2181 0.8994 0.1493 0.9289 0.1007 0.7066 0.1696 0.6771
9 0.8290 0.6048 0.7630 0.6421 0.7087 0.4540 0.7747 0.4167
9 0.3806 0.1420 0.4458 0.1846 0.3757 0.3952 0.3104 0.3526
9 0.3525 0.8132 0.5330 0.6363 0.5626 0.6956 0.3822 0.8725
12 0.6466 0.2136 0.6783 0.3009 0.6740 0.3040 0.6422 0.2167
12 0.6018 0.0498 0.6544 0.0811 0.5010 0.5870 0.4484 0.5557
12 0.2919 0.6288 0.1399 0.4372 0.1569 0.4108 0.3089 0.6024
12 0.6200 0.3292 0.6025 0.3288 0.6040 0.2064 0.6215 0.2068
13 0.3525 0.5152 0.3618 0.5202 0.3567 0.5388 0.3473 0.5338
13 0.4418 0.0918 0.4467 0.1041 0.4342 0.1138 0.4293 0.1015
13 0.0621 0.7500 0.0616 0.7325 0.0719 0.7320 0.0724 0.7495
13 0.4897 0.0954 0.4991 0.0947 0.5003 0.1266 0.4909 0.1273
15 0.8311 0.3384 0.8378 0.3764 0.8012 0.3892 0.7945 0.3512
15 0.4488 0.3776 0.3767 0.3599 0.3872 0.2764 0.4593 0.2941
15 0.6649 0.8032 0.6874 0.8710 0.6460 0.8980 0.6234 0.8302
15 0.1906 0.8323 0.1345 0.9005 0.1062 0.8549 0.1623 0.7867
