0 0.1911 0.3602 0.2347 0.6744 0.1752 0.6906 0.1316 0.3764
0 0.1753 0.8244 0.2175 0.6531 0.4749 0.7772 0.4328 0.9485
0 0.5658 0.5250 0.5078 0.6090 0.4182 0.4878 0.4762 0.4038
0 0.7139 0.1359 0.7410 0.0507 0.7869 0.0793 0.7599 0.1645
1 0.8117 0.6942 0.8036 0.6962 0.7934 0.6154 0.8016 0.6134
1 0.2068 0.3275 0.2297 0.2907 0.2772 0.3485 0.2543 0.3853
1 0.6119 0.1135 0.6173 0.1070 0.6293 0.1269 0.6238 0.1334
1 0.9406 0.6126 0.9405 0.6166 0.9008 0.6146 0.9009 0.6106
2 0.6670 0.3088 0.7423 0.5248 0.6527 0.5860 0.5774 0.3700
2 0.6131 0.7910 0.6460 0.7724 0.6509 0.7894 0.6180 0.8080
2 0.8594 0.4410 0.8610 0.4163 0.8869 0.4194 0.8853 0.4441
2 0.3462 0.6450 0.4189 0.4756 0.4706 0.5190 0.3979 0.6884
3 0.8536 0.3222 0.8893 0.1987 0.9041 0.2070 0.8685 0.3305
3 0.3018 0.1410 0.3006 0.1267 0.3522 0.1178 0.3534 0.1321
3 0.7503 0.6379 0.7627 0.5626 0.7760 0.5669 0.7636 0.6422
3 0.5513 0.0563 0.5896 0.1119 0.5785 0.1269 0.5402 0.0713
4 0.2421 0.9646 0.2595 0.9805 0.2539 0.9926 0.2365 0.9767
4 0.1744 0.0839 0.1755 0.0982 0.1710 0.0989 0.1699 0.0846
4 0.6328 0.4414 0.6504 0.4215 0.6563 0.4318 0.6388 0.4517
4 0.6951 0.6082 0.7129 0.6052 0.7152 0.6314 0.6974 0.6344
6 0.9135 0.1281 0.9036 0.1076 0.9185 0.0935 0.9284 0.1140
6 0.9495 0.7789 0.9251 0.7446 0.9307 0.7367 0.9552 0.7710
6 0.9548 0.2146 0.9410 0.1990 0.9524 0.1794 0.9661 0.1950
6 0.7717 0.4161 0.7349 0.4798 0.6891 0.4279 0.7260 0.3642
7 0.0497 0.6425 0.0646 0.6392 0.0655 0.6467 0.0505 0.6500
7 0.0744 0.6032 0.0712 0.6288 0.0222 0.6168 0.0254 0.5912
7 0.4222 0.1435 0.4411 0.1162 0.5066 0.2049 0.4878 0.2322
7 0.6856 0.1783 0.6960 0.1849 0.6624 0.2905 0.6520 0.2839
9 0.5286 0.2216 0.6889 0.3077 0.6623 0.4048 0.5020 0.3187
9 0.8081 0.7776 0.7953 0.9241 0.7525 0.9168 0.7653 0.7703
9 0.2026 0.7760 0.1331 0.6470 0.1546 0.6244 0.2240 0.7534
9 0.6646 0.7567 0.6230 0.7617 0.6100 0.5533 0.6516 0.5483
12 0.8602 0.6695 0.9547 0.6741 0.9538 0.7101 0.8593 0.7055
12 0.7857 0.8266 0.7777 0.7738 0.8031 0.7662 0.8112 0.8190
12 0.6804 0.7937 0.6601 0.7779 0.6999 0.6775 0.7201 0.6933
12 0.7193 0.9465 0.7000 0.9716 0.5625 0.7651 0.5817 0.7400
13 0.6701 0.7333 0.6687 0.7289 0.7405 0.6863 0.7419 0.6907
13 0.7370 0.0555 0.7389 0.1063 0.6924 0.1097 0.6905 0.0589
13 0.3541 0.4458 0.3491 0.4392 0.3719 0.4050 0.3769 0.4116
13 0.1180 0.8196 0.1092 0.8392 0.1051 0.8356 0.1139 0.8160
15 0.7783 0.6631 0.8534 0.5235 0.9123 0.5857 0.8372 0.7253
15 0.6313 0.9103 0.6329 0.9514 0.5904 0.9545 0.5888 0.9134
15 0.9321 0.9614 0.9198 0.9966 0.8859 0.9734 0.8982 0.9382
15 0.3865 0.1070 0.3725 0.0730 0.4052 0.0466 0.4192 0.0806
