0 0.8113 0.7693 0.5462 0.5094 0.5789 0.4439 0.8441 0.7038
0 0.5089 0.1259 0.5218 0.2186 0.4839 0.2289 0.4711 0.1362
0 0.3705 0.8737 0.3270 0.7370 0.5907 0.5727 0.6341 0.7094
0 0.4976 0.8545 0.4199 0.7565 0.6258 0.4363 0.7035 0.5343
1 0.7161 0.9431 0.7241 0.9709 0.7165 0.9753 0.7084 0.9475
1 0.9081 0.1369 0.9078 0.1437 0.8779 0.1407 0.8782 0.1339
1 0.8317 0.6528 0.8478 0.6446 0.8489 0.6488 0.8328 0.6570
1 0.9768 0.5020 0.9786 0.4919 0.9975 0.4984 0.9957 0.5085
2 0.4605 0.4061 0.4244 0.1874 0.5244 0.1551 0.5604 0.3738
2 0.4575 0.6414 0.4067 0.7597 0.1168 0.5158 0.1675 0.3975
2 0.9581 0.6647 0.9365 0.7265 0.9091 0.7077 0.9306 0.6459
2 0.7762 0.3927 0.8440 0.4330 0.8270 0.4893 0.7591 0.4490
3 0.2214 0.1086 0.2305 0.1019 0.2549 0.1662 0.2458 0.1729
3 0.7105 0.0588 0.7735 0.1139 0.7649 0.1332 0.7019 0.0781
3 0.7199 0.2202 0.7027 0.2194 0.7044 0.1526 0.7215 0.1534
3 0.7245 0.1076 0.8085 0.0450 0.8160 0.0648 0.7320 0.1274
4 0.9468 0.5304 0.9442 0.5182 0.9532 0.5143 0.9558 0.5266
4 0.8820 0.3416 0.8668 0.3289 0.8717 0.3176 0.8869 0.3303
4 0.3700 0.9903 0.3328 0.9949 0.3325 0.9913 0.3698 0.9867
4 0.1670 0.2880 0.1413 0.2705 0.1436 0.2640 0.1693 0.2815
6 0.1524 0.0933 0.1200 0.0768 0.1227 0.0663 0.1552 0.0828
6 0.6396 0.6439 0.6972 0.6581 0.6870 0.7393 0.6293 0.7251
6 0.3596 0.6931 0.3904 0.7740 0.3709 0.7885 0.3402 0.7076
6 0.4407 0.3118 0.4298 0.3313 0.4156 0.3158 0.4265 0.2963
7 0.1906 0.5084 0.2537 0.5496 0.2500 0.5608 0.1868 0.5196
7 0.1877 0.8519 0.1741 0.8620 0.1691 0.8489 0.1828 0.8388
7 0.8663 0.4798 0.8605 0.4830 0.8542 0.4602 0.8601 0.4570
7 0.1915 0.3689 0.1632 0.4581 0.1551 0.4531 0.1834 0.3639
9 0.1964 0.2935 0.2670 0.3056 0.2493 0.5069 0.1787 0.4948
9 0.8166 0.2080 0.7879 0.1884 0.8374 0.0464 0.8661 0.0660
9 0.7230 0.2107 0.7646 0.1895 0.8204 0.4041 0.7788 0.4253
9 0.9411 0.7786 0.9835 0.8322 0.9575 0.8726 0.9151 0.8190
12 0.5628 0.6219 0.5821 0.5751 0.6046 0.5933 0.5853 0.6401
12 0.7323 0.9329 0.7221 0.9620 0.6043 0.8815 0.6144 0.8524
12 0.1977 0.6848 0.2063 0.6848 0.2063 0.9820 0.1977 0.9820
12 0.3492 0.7407 0.4118 0.8092 0.3928 0.8433 0.3302 0.7748
13 0.3511 0.9052 0.3678 0.8870 0.3766 0.9028 0.3599 0.9210
13 0.4575 0.5227 0.4566 0.5252 0.3642 0.4593 0.3651 0.4568
13 0.2395 0.0168 0.2342 0.0054 0.2397 0.0004 0.2450 0.0118
13 0.6470 0.1771 0.6526 0.1888 0.6436 0.1973 0.6380 0.1856
15 0.3812 0.2526 0.3436 0.3052 0.3123 0.2614 0.3498 0.2088
15 0.4387 0.5344 0.4538 0.5725 0.4168 0.6012 0.4017 0.5631
15 0.5340 0.7870 0.5499 0.7039 0.6274 0.7330 0.6115 0.8161
15 0.1600 0.6340 0.1215 0.7550 0.0686 0.7220 0.1070 0.6010
