0 0.5223 0.6229 0.5057 0.6649 0.2208 0.4439 0.2374 0.4019
0 0.6598 0.4902 0.6268 0.5034 0.5371 0.0650 0.5700 0.0518
0 0.6102 0.7268 0.8987 0.5211 0.9246 0.5924 0.6362 0.7981
0 0.9670 0.7359 0.7775 0.9148 0.7436 0.8445 0.9331 0.6656
1 0.7182 0.1266 0.7246 0.1318 0.7149 0.1554 0.7085 0.1502
1 0.1001 0.3839 0.1027 0.3936 0.0844 0.4029 0.0819 0.3932
1 0.3559 0.5238 0.3554 0.5098 0.4315 0.5042 0.4321 0.5182
1 0.4611 0.8532 0.4542 0.8357 0.4734 0.8208 0.4804 0.8383
2 0.7297 0.0952 0.7297 0.0704 0.7557 0.0704 0.7557 0.0952
2 0.3780 0.1422 0.4069 0.1586 0.3100 0.4946 0.2811 0.4782
2 0.7486 0.6240 0.7243 0.6525 0.6883 0.5924 0.7126 0.5639
2 0.3622 0.8738 0.3542 0.8321 0.4455 0.7978 0.4535 0.8395
3 0.0818 0.7514 0.0319 0.6839 0.0410 0.6706 0.0910 0.7381
3 0.6153 0.0310 0.6155 0.0398 0.5427 0.0434 0.5425 0.0346
3 0.1268 0.2209 0.1859 0.1186 0.1984 0.1327 0.1392 0.2350
3 0.3281 0.9342 0.3323 0.9563 0.2462 0.9886 0.2420 0.9665
4 0.1135 0.4135 0.1237 0.4171 0.1228 0.4221 0.1126 0.4185
4 0.8692 0.0464 0.8789 0.0690 0.8705 0.0760 0.8608 0.0534
4 0.2555 0.0426 0.2496 0.0501 0.2373 0.0310 0.2433 0.0235
4 0.0226 0.0618 0.0148 0.0598 0.0179 0.0346 0.0258 0.0366
6 0.6166 0.3947 0.6172 0.3463 0.6252 0.3465 0.6246 0.3949
6 0.5986 0.0686 0.5333 0.0622 0.5348 0.0314 0.6001 0.0378
6 0.8341 0.8785 0.8160 0.8005 0.8719 0.7751 0.8900 0.8531
6 0.1472 0.8171 0.1005 0.8409 0.0891 0.7969 0.1358 0.7731
7 0.5053 0.7737 0.4991 0.7437 0.5085 0.7399 0.5146 0.7699
7 0.4787 0.4646 0.4822 0.4559 0.4944 0.4654 0.4910 0.4741
7 0.3126 0.5908 0.3078 0.5934 0.3037 0.5784 0.3085 0.5758
7 0.1901 0.3266 0.1896 0.3146 0.2113 0.3130 0.2118 0.3250
9 0.4938 0.3968 0.4723 0.4469 0.3442 0.3392 0.3657 0.2891
9 0.7970 0.5306 0.8583 0.6680 0.8353 0.6882 0.7740 0.5508
9 0.3369 0.2750 0.2670 0.2940 0.2394 0.0950 0.3092 0.0760
9 0.2240 0.1715 0.1920 0.1985 0.1231 0.0381 0.1552 0.0111
12 0.6563 0.3067 0.6262 0.4364 0.6088 0.4285 0.6389 0.2988
12 0.1987 0.5640 0.1776 0.5817 0.1316 0.4744 0.1526 0.4567
12 0.7009 0.7191 0.4711 0.9049 0.4499 0.8537 0.6798 0.6679
12 0.2059 0.8719 0.2131 0.8390 0.2986 0.8757 0.2915 0.9086
13 0.2369 0.3697 0.2289 0.3909 0.2248 0.3879 0.2329 0.3667
13 0.3401 0.8652 0.3264 0.8797 0.3130 0.8548 0.3267 0.8403
13 0.5876 0.0591 0.6298 0.0316 0.6424 0.0693 0.6002 0.0968
13 0.4066 0.6207 0.3974 0.6213 0.3971 0.6129 0.4063 0.6123
15 0.7474 0.7684 0.7140 0.7692 0.7134 0.7212 0.7468 0.7204
15 0.0126 0.4477 0.0688 0.3816 0.1011 0.4355 0.0449 0.5016
15 0.4933 0.9933 0.4237 0.9616 0.4396 0.8931 0.5092 0.9248
15 0.3141 0.9095 0.2444 0.9180 0.2370 0.7997 0.3067 0.7912
