0 0.4971 0.4998 0.4323 0.3292 0.5329 0.2542 0.5977 0.4248
0 0.4439 0.2569 0.4530 0.1111 0.7595 0.1487 0.7504 0.2945
0 0.4619 0.4111 0.5610 0.4356 0.5358 0.6357 0.4367 0.6112
0 0.9998 0.6930 0.7044 0.7885 0.6737 0.6022 0.9690 0.5067
1 0.9840 0.8463 0.9811 0.8518 0.9571 0.8265 0.9601 0.8210
1 0.1441 0.2857 0.1320 0.2786 0.1393 0.2543 0.1514 0.2614
1 0.6102 0.3286 0.6113 0.3328 0.5944 0.3414 0.5933 0.3372
1 0.4089 0.0346 0.4032 0.0406 0.3920 0.0198 0.3977 0.0138
2 0.6463 0.2334 0.5969 0.3532 0.5471 0.3130 0.5966 0.1932
2 0.0901 0.2275 0.1452 0.2721 0.1377 0.2905 0.0825 0.2459
2 0.7457 0.6716 0.6861 0.7368 0.6620 0.6936 0.7216 0.6284
2 0.6548 0.8432 0.4430 0.6720 0.4643 0.6204 0.6761 0.7916
3 0.7016 0.5297 0.6914 0.5274 0.6996 0.4551 0.7097 0.4574
3 0.7380 0.8477 0.7481 0.8447 0.7589 0.9159 0.7488 0.9189
3 0.7133 0.9666 0.7104 0.9527 0.7604 0.9326 0.7633 0.9465
3 0.6316 0.3953 0.7076 0.3152 0.7172 0.3331 0.6413 0.4132
4 0.6773 0.6624 0.6866 0.6754 0.6759 0.6904 0.6666 0.6774
4 0.6939 0.7683 0.7040 0.7910 0.6987 0.7957 0.6885 0.7730
4 0.5116 0.3635 0.5347 0.3658 0.5338 0.3825 0.5108 0.3802
4 0.8916 0.0339 0.8944 0.0886 0.8875 0.0893 0.8848 0.0346
6 0.1257 0.5630 0.1343 0.5847 0.1186 0.5970 0.1100 0.5753
6 0.2625 0.5720 0.2758 0.3050 0.3718 0.3144 0.3585 0.5814
6 0.2600 0.4205 0.2114 0.3746 0.2443 0.3063 0.2929 0.3522
6 0.9637 0.6685 0.9407 0.7572 0.8131 0.6923 0.8362 0.6036
7 0.6141 0.7666 0.7175 0.8970 0.7042 0.9178 0.6007 0.7874
7 0.4499 0.7754 0.4641 0.7747 0.4658 0.8426 0.4516 0.8433
7 0.3511 0.2464 0.3511 0.2696 0.3469 0.2696 0.3469 0.2464
7 0.2858 0.3099 0.2867 0.3291 0.2402 0.3337 0.2393 0.3145
9 0.4294 0.6756 0.4703 0.6867 0.4418 0.8920 0.4008 0.8809
9 0.7131 0.7512 0.6563 0.7429 0.6603 0.6888 0.7172 0.6971
9 0.6893 0.3590 0.6721 0.3934 0.5693 0.2926 0.5865 0.2582
9 0.2699 0.2901 0.2336 0.2756 0.2595 0.1491 0.2958 0.1636
12 0.7813 0.0162 0.7800 0.0414 0.7150 0.0350 0.7163 0.0098
12 0.0504 0.2740 0.0303 0.2800 0.0088 0.1384 0.0289 0.1324
12 0.4832 0.4195 0.4661 0.4246 0.4480 0.3049 0.4650 0.2998
12 0.4850 0.1405 0.4800 0.1685 0.3796 0.1335 0.3846 0.1055
13 0.8675 0.0882 0.8662 0.0973 0.8505 0.0930 0.8518 0.0839
13 0.3850 0.6636 0.3673 0.6515 0.3736 0.6336 0.3913 0.6457
13 0.2757 0.8102 0.2921 0.8032 0.2986 0.8330 0.2822 0.8400
13 0.5542 0.9540 0.5610 0.9526 0.5629 0.9720 0.5562 0.9734
15 0.3964 0.3735 0.4304 0.4593 0.3561 0.5169 0.3222 0.4311
15 0.2026 0.5052 0.2197 0.4878 0.2546 0.5552 0.2375 0.5726
15 0.4948 0.3677 0.4690 0.2685 0.5109 0.2471 0.5367 0.3463
15 0.0930 0.8401 0.0527 0.9269 0.0150 0.8927 0.0553 0.8059
