0 0.0919 0.3981 0.0711 0.2140 0.3295 0.1567 0.3504 0.3408
0 0.6348 0.9146 0.6644 0.7792 0.7669 0.8230 0.7373 0.9584
0 0.4070 0.6973 0.3496 0.4766 0.5464 0.3763 0.6038 0.5970
0 0.6596 0.8912 0.5122 0.8768 0.5367 0.3856 0.6841 0.4000
1 0.8203 0.3393 0.8178 0.3413 0.8088 0.3195 0.8113 0.3175
1 0.3208 0.7327 0.3347 0.7278 0.3400 0.7577 0.3262 0.7626
1 0.9494 0.7564 0.9476 0.7366 0.9695 0.7328 0.9712 0.7526
1 0.5208 0.4130 0.5235 0.4115 0.5377 0.4634 0.5351 0.4649
2 0.6296 0.4304 0.6397 0.4716 0.3950 0.5896 0.3848 0.5484
2 0.7831 0.1909 0.8185 0.1431 0.8397 0.1739 0.8044 0.2217
2 0.1880 0.4261 0.1730 0.4145 0.1880 0.3767 0.2030 0.3883
2 0.4701 0.4098 0.4976 0.4791 0.4756 0.4962 0.4481 0.4269
3 0.2304 0.3474 0.1615 0.3593 0.1599 0.3410 0.2288 0.3291
3 0.2836 0.4570 0.3319 0.4945 0.3244 0.5134 0.2761 0.4759
3 0.8749 0.0206 0.8267 0.0362 0.8240 0.0198 0.8722 0.0042
3 0.3367 0.7791 0.2832 0.8513 0.2719 0.8349 0.3253 0.7627
4 0.1824 0.7516 0.1721 0.7738 0.1645 0.7668 0.1747 0.7446
4 0.5154 0.5260 0.5230 0.5227 0.5284 0.5472 0.5207 0.5505
4 0.7739 0.7397 0.7927 0.7379 0.7932 0.7479 0.7744 0.7497
4 0.3914 0.2013 0.3751 0.1501 0.3806 0.1467 0.3969 0.1979
6 0.3746 0.5385 0.3568 0.5800 0.3500 0.5743 0.3678 0.5328
6 0.3757 0.7487 0.5132 0.5628 0.5800 0.6597 0.4426 0.8456
6 0.0908 0.1582 0.1468 0.1342 0.1640 0.2130 0.1080 0.2370
6 0.3264 0.1418 0.3073 0.2194 0.2516 0.1926 0.2707 0.1150
7 0.7037 0.8288 0.7271 0.8288 0.7271 0.9388 0.7037 0.9388
7 0.7919 0.4602 0.8042 0.4518 0.8192 0.4950 0.8069 0.5034
7 0.6915 0.1919 0.6924 0.2063 0.6711 0.2089 0.6702 0.1945
7 0.8492 0.8742 0.8290 0.8833 0.8268 0.8738 0.8470 0.8647
9 0.2499 0.2012 0.2682 0.1550 0.3504 0.2188 0.3321 0.2650
9 0.3674 0.6353 0.3168 0.4900 0.3409 0.4735 0.3915 0.6188
9 0.8628 0.1927 0.9341 0.1787 0.9572 0.4089 0.8859 0.4229
9 0.6550 0.7259 0.6796 0.7731 0.5587 0.8961 0.5342 0.8489
12 0.9022 0.7905 0.9814 0.7828 0.9836 0.8259 0.9043 0.8336
12 0.6458 0.8049 0.6230 0.8105 0.6088 0.6975 0.6316 0.6919
12 0.2322 0.3506 0.2346 0.3023 0.3446 0.3130 0.3422 0.3613
12 0.2999 0.9323 0.3246 0.8376 0.3461 0.8485 0.3214 0.9432
13 0.7023 0.5551 0.7032 0.5576 0.6100 0.6213 0.6091 0.6188
13 0.9538 0.3286 0.9494 0.3604 0.9368 0.3570 0.9412 0.3252
13 0.8609 0.6728 0.8143 0.6728 0.8143 0.6308 0.8609 0.6308
13 0.6654 0.0926 0.6655 0.1006 0.6509 0.1010 0.6508 0.0930
15 0.9238 0.7642 0.8542 0.7540 0.8631 0.6358 0.9327 0.6460
15 0.8147 0.7818 0.8398 0.7490 0.8630 0.7838 0.8379 0.8166
15 0.4633 0.1550 0.4516 0.1102 0.4839 0.0938 0.4955 0.1386
15 0.0556 0.1758 0.0953 0.1424 0.1204 0.2010 0.0807 0.2344
