0 0.7394 0.5067 0.8644 0.4598 0.9349 0.8281 0.8099 0.8750
0 0.0588 0.1710 0.2401 0.0982 0.2603 0.1970 0.0791 0.2698
0 0.6150 0.4490 0.6701 0.5773 0.4227 0.7854 0.3677 0.6571
0 0.1982 0.9954 0.0988 0.9733 0.1215 0.7726 0.2209 0.7947
1 0.5244 0.9757 0.5242 0.9713 0.5422 0.9695 0.5424 0.9739
1 0.4050 0.3956 0.3951 0.3934 0.4070 0.2880 0.4169 0.2902
1 0.9712 0.7450 0.9700 0.7537 0.9131 0.7382 0.9143 0.7295
1 0.3286 0.8287 0.3312 0.8388 0.2754 0.8673 0.2728 0.8572
2 0.3629 0.3884 0.3014 0.1640 0.3945 0.1140 0.4560 0.3384
2 0.6200 0.6132 0.5502 0.6269 0.5391 0.5168 0.6090 0.5031
2 0.9323 0.7474 0.7877 0.8292 0.7531 0.7094 0.8977 0.6276
2 0.7466 0.8279 0.5940 0.8733 0.5748 0.7469 0.7274 0.7015
3 0.5643 0.7768 0.5849 0.8483 0.5706 0.8564 0.5499 0.7849
3 0.1057 0.4887 0.0890 0.5900 0.0731 0.5849 0.0898 0.4836
3 0.1288 0.1643 0.1434 0.1743 0.1044 0.2865 0.0897 0.2765
3 0.5309 0.1992 0.5389 0.2204 0.4620 0.2776 0.4539 0.2564
4 0.3514 0.5109 0.3576 0.4951 0.3643 0.5003 0.3581 0.5161
4 0.2432 0.3903 0.2416 0.4058 0.2348 0.4045 0.2364 0.3890
4 0.4989 0.6458 0.5027 0.6557 0.4865 0.6678 0.4828 0.6579
4 0.4416 0.6168 0.4483 0.6107 0.4801 0.6792 0.4734 0.6853
6 0.1853 0.8432 0.1695 0.8545 0.1613 0.8320 0.1771 0.8207
6 0.4040 0.5669 0.2494 0.7242 0.1928 0.6151 0.3474 0.4578
6 0.1871 0.7142 0.2183 0.7683 0.1924 0.7978 0.1611 0.7437
6 0.5488 0.5538 0.5942 0.5255 0.6078 0.5682 0.5624 0.5965
7 0.8740 0.0680 0.8801 0.0873 0.8752 0.0904 0.8690 0.0711
7 0.1124 0.1778 0.1190 0.1805 0.1153 0.1982 0.1088 0.1955
7 0.6980 0.8187 0.6864 0.8329 0.6360 0.7517 0.6476 0.7375
7 0.0351 0.7974 0.0366 0.7735 0.1069 0.7822 0.1054 0.8061
9 0.8595 0.1732 0.8864 0.2179 0.7719 0.3524 0.7451 0.3077
9 0.9844 0.4559 0.9685 0.5037 0.8833 0.4481 0.8992 0.4003
9 0.8048 0.0694 0.8392 0.0899 0.7870 0.2622 0.7525 0.2417
9 0.5082 0.3393 0.2880 0.3339 0.2889 0.2615 0.5091 0.2669
12 0.8072 0.8370 0.3671 0.8800 0.3631 0.7990 0.8032 0.7560
12 0.1031 0.8383 0.1206 0.8444 0.1049 0.9329 0.0874 0.9268
12 0.6473 0.2906 0.5500 0.2978 0.5490 0.2722 0.6463 0.2650
12 0.4053 0.3711 0.4205 0.3483 0.5564 0.5257 0.5412 0.5485
13 0.0359 0.0453 0.0247 0.0420 0.0298 0.0087 0.0410 0.0120
13 0.3988 0.3160 0.4067 0.3074 0.4155 0.3232 0.4076 0.3318
13 0.8988 0.3074 0.8926 0.3003 0.9021 0.2838 0.9083 0.2909
13 0.8910 0.0323 0.9009 0.0467 0.8393 0.1301 0.8294 0.1157
15 0.5248 0.2132 0.5523 0.2200 0.5458 0.2720 0.5182 0.2652
15 0.4192 0.7160 0.3968 0.6813 0.4223 0.6492 0.4446 0.6839
15 0.0653 0.4936 0.0700 0.4194 0.1141 0.4248 0.1095 0.4990
15 0.0179 0.8054 0.0128 0.7032 0.0641 0.6982 0.0692 0.8004
