0 0.6239 0.1484 0.7114 0.0626 0.8770 0.3936 0.7894 0.4794
0 0.5081 0.5442 0.3952 0.6430 0.2565 0.3322 0.3694 0.2334
0 0.3370 0.2935 0.3503 0.0815 0.6261 0.1153 0.6128 0.3273
0 0.5078 0.4676 0.4095 0.5176 0.3042 0.1128 0.4025 0.0628
1 0.3850 0.2082 0.3979 0.2044 0.4018 0.2302 0.3890 0.2340
1 0.2003 0.2782 0.1940 0.2785 0.1920 0.1974 0.1983 0.1971
1 0.0805 0.0893 0.0861 0.0819 0.1267 0.1427 0.1210 0.1501
1 0.8348 0.7646 0.8251 0.7533 0.8301 0.7450 0.8397 0.7563
2 0.5028 0.1280 0.5715 0.0832 0.5880 0.1328 0.5194 0.1776
2 0.7034 0.6020 0.7676 0.5459 0.7883 0.5924 0.7241 0.6485
2 0.9189 0.3144 0.9524 0.3296 0.9399 0.3832 0.9065 0.3680
2 0.3207 0.8393 0.3045 0.8292 0.3151 0.7959 0.3312 0.8060
3 0.4768 0.5021 0.5699 0.4744 0.5732 0.4963 0.4801 0.5240
3 0.3833 0.3817 0.3662 0.3796 0.3704 0.3131 0.3875 0.3152
3 0.2053 0.8704 0.1506 0.8610 0.1524 0.8396 0.2072 0.8490
3 0.4857 0.4932 0.5505 0.4584 0.5552 0.4756 0.4904 0.5104
4 0.4792 0.7973 0.4602 0.8081 0.4562 0.7943 0.4753 0.7835
4 0.2784 0.6950 0.2887 0.6958 0.2884 0.7022 0.2782 0.7014
4 0.5555 0.7205 0.5391 0.7337 0.5343 0.7219 0.5506 0.7087
4 0.4148 0.3332 0.4855 0.4356 0.4700 0.4564 0.3994 0.3540
6 0.7468 0.0332 0.7563 0.1015 0.7235 0.1104 0.7140 0.0421
6 0.6171 0.8068 0.6180 0.8764 0.5846 0.8772 0.5837 0.8076
6 0.4741 0.4839 0.4389 0.5493 0.3919 0.4997 0.4271 0.4343
6 0.2040 0.2909 0.1633 0.2319 0.2057 0.1747 0.2464 0.2337
7 0.4051 0.7689 0.3974 0.7541 0.4251 0.7259 0.4329 0.7407
7 0.1278 0.3810 0.1336 0.4271 0.0531 0.4470 0.0473 0.4009
7 0.6700 0.1060 0.7331 0.1060 0.7331 0.2180 0.6700 0.2180
7 0.4878 0.6708 0.4772 0.6765 0.4699 0.6500 0.4806 0.6443
9 0.6222 0.7613 0.6640 0.6807 0.7812 0.7999 0.7394 0.8805
9 0.8759 0.5128 0.8392 0.5833 0.7204 0.4624 0.7570 0.3919
9 0.7152 0.7757 0.6782 0.7675 0.6991 0.5827 0.7361 0.5909
9 0.2756 0.1294 0.3986 0.1756 0.3910 0.2154 0.2679 0.1692
12 0.3700 0.2141 0.3000 0.2123 0.3000 0.2055 0.3700 0.2073
12 0.9359 0.1120 0.9085 0.0981 0.9144 0.0752 0.9418 0.0891
12 0.8280 0.2397 0.8541 0.2278 0.8789 0.3347 0.8528 0.3466
12 0.5690 0.3203 0.5604 0.3205 0.5567 0.0233 0.5653 0.0231
13 0.4997 0.8948 0.5514 0.7986 0.5558 0.8032 0.5040 0.8994
13 0.8799 0.8204 0.8844 0.8228 0.8798 0.8396 0.8753 0.8372
13 0.4905 0.7156 0.5124 0.7050 0.5166 0.7220 0.4947 0.7326
13 0.4470 0.9172 0.4333 0.9028 0.4402 0.8900 0.4539 0.9044
15 0.7937 0.2518 0.7225 0.1871 0.7649 0.0958 0.8360 0.1605
15 0.8493 0.4988 0.7287 0.5441 0.7096 0.4444 0.8302 0.3991
15 0.4129 0.4861 0.4078 0.5690 0.3634 0.5635 0.3685 0.4806
15 0.6759 0.3532 0.6185 0.3732 0.6067 0.3072 0.6641 0.2872
