0 0.3684 0.7283 0.3961 0.9107 0.1401 0.9869 0.1124 0.8045
0 0.6836 0.6867 0.7278 0.7857 0.6221 0.8781 0.5779 0.7791
0 0.2458 0.6601 0.2145 0.6405 0.3470 0.2240 0.3783 0.2435
0 0.2187 0.5644 0.1126 0.6184 0.0656 0.4376 0.1717 0.3836
1 0.6483 0.9928 0.6456 0.9914 0.6592 0.9392 0.6618 0.9406
1 0.4877 0.5811 0.4958 0.6067 0.4903 0.6101 0.4822 0.5845
1 0.7135 0.3907 0.7063 0.3933 0.7016 0.3669 0.7088 0.3643
1 0.5805 0.7768 0.5759 0.7744 0.5867 0.7352 0.5912 0.7376
2 0.8193 0.8978 0.8209 0.9410 0.8041 0.9422 0.8025 0.8990
2 0.8465 0.7648 0.9497 0.8995 0.9086 0.9612 0.8054 0.8265
2 0.3161 0.2783 0.3204 0.3267 0.2353 0.3413 0.2311 0.2929
2 0.8144 0.3545 0.6462 0.2074 0.6905 0.1083 0.8586 0.2554
3 0.2186 0.2607 0.2260 0.2707 0.1897 0.3233 0.1823 0.3133
3 0.4915 0.6479 0.5393 0.6658 0.5362 0.6821 0.4884 0.6642
3 0.2882 0.6665 0.2720 0.6653 0.2766 0.5407 0.2929 0.5419
3 0.2720 0.3700 0.3666 0.3700 0.3666 0.3932 0.2720 0.3932
4 0.6417 0.5095 0.6461 0.5140 0.6420 0.5217 0.6376 0.5172
4 0.1322 0.8410 0.1183 0.8389 0.1190 0.8294 0.1329 0.8315
4 0.6998 0.7207 0.6957 0.7226 0.6945 0.7177 0.6986 0.7158
4 0.8240 0.6152 0.8118 0.6221 0.8091 0.6128 0.8213 0.6059
6 0.2374 0.5484 0.3006 0.5247 0.3063 0.5544 0.2431 0.5781
6 0.6961 0.8316 0.7595 0.8537 0.7542 0.8836 0.6907 0.8615
6 0.1979 0.1504 0.2142 0.1408 0.2212 0.1640 0.2049 0.1736
6 0.2576 0.3848 0.2617 0.3030 0.3204 0.3088 0.3163 0.3906
7 0.8802 0.6882 0.8813 0.6698 0.9109 0.6734 0.9098 0.6918
7 0.0516 0.3493 0.0629 0.3282 0.1036 0.3711 0.0922 0.3922
7 0.6372 0.4649 0.6252 0.5598 0.6145 0.5571 0.6265 0.4622
7 0.8021 0.7151 0.7953 0.7280 0.7711 0.7033 0.7778 0.6904
9 0.2115 0.2303 0.1743 0.2569 0.1065 0.0705 0.1437 0.0439
9 0.4413 0.5718 0.4915 0.8017 0.4204 0.8322 0.3702 0.6023
9 0.7233 0.7773 0.6868 0.7535 0.7461 0.5755 0.7826 0.5993
9 0.8755 0.3779 0.8390 0.4017 0.7797 0.2237 0.8162 0.1999
12 0.2919 0.5645 0.2865 0.5641 0.2941 0.3627 0.2995 0.3631
12 0.0852 0.8920 0.0293 0.8330 0.0322 0.8276 0.0881 0.8866
12 0.0639 0.8926 0.0447 0.8822 0.0818 0.7470 0.1010 0.7574
12 0.3421 0.2550 0.4271 0.1970 0.4384 0.2294 0.3534 0.2874
13 0.4614 0.6185 0.4237 0.6024 0.4289 0.5787 0.4666 0.5948
13 0.8288 0.6269 0.8378 0.5071 0.8432 0.5079 0.8342 0.6277
13 0.8323 0.1292 0.8358 0.1388 0.8279 0.1444 0.8244 0.1348
13 0.1587 0.9235 0.1687 0.9794 0.1481 0.9865 0.1382 0.9306
15 0.8752 0.7629 0.8001 0.8421 0.7657 0.7783 0.8408 0.6991
15 0.7710 0.9797 0.7076 0.9285 0.7379 0.8551 0.8012 0.9063
15 0.8136 0.6328 0.7914 0.6058 0.8193 0.5608 0.8415 0.5878
15 0.2669 0.7890 0.2242 0.7932 0.2211 0.7310 0.2638 0.7268
