7 0.7048555527972713 0.6813782304104947 0.6909372411789327 0.6812752012954706 0.6916591571450199 0.4862476796308192 0.7055774687633585 0.4863507087458434 ""
7 0.4210516080859041 0.164780333464014 0.4210516080859041 0.14509471199869003 0.4860045638781526 0.14509471199869003 0.4860045638781526 0.164780333464014 ""
7 0.30172699052881874 0.23184601408202338 0.30172699052881874 0.21216041721772974 0.3401539178273725 0.21216041721772974 0.3401539178273725 0.23184601408202338 ""
7 0.3832488083098817 0.2487303408246423 0.3832488083098817 0.21028616312096937 0.42368194675744514 0.21028616312096937 0.42368194675744514 0.2487303408246423 ""
7 0.23743801165863673 0.3162031438935913 0.23743801165863673 0.2730915111094317 0.314990039563444 0.2730915111094317 0.314990039563444 0.3162031438935913 ""
7 0.34016814602851597 0.4062031350372204 0.34016814602851597 0.3865175381729267 0.4051182492229802 0.3865175381729267 0.4051182492229802 0.4062031350372204 ""
7 0.14265886743240597 0.5149415833774184 0.14265886743240597 0.4952559373110641 0.2321459035582609 0.4952559373110641 0.2321459035582609 0.5149415833774184 ""
7 0.328899967327319 0.5064893089826431 0.328899967327319 0.46900845842465233 0.4057851309244977 0.46900845842465233 0.4057851309244977 0.5064893089826431 ""
7 0.36402678686725204 0.5768238515058193 0.36402678686725204 0.5365013851364118 0.4362781488783307 0.5365013851364118 0.4362781488783307 0.5768238515058193 ""
7 0.7497634431105729 0.4062071942072249 0.7497634431105729 0.3640185428790054 0.829296095753776 0.3640185428790054 0.829296095753776 0.4062071942072249 ""
7 0.7948304527197919 0.24498185723215185 0.7948304527197919 0.08936316272223586 0.9777714448560844 0.08936316887249345 0.9777714448560844 0.24498185723215185 ""
7 0.2115901882881519 0.6311769743015669 0.2115901882881519 0.6114913282352126 0.276540326270394 0.6114913282352126 0.276540326270394 0.6311769743015669 ""
7 0.15923054723122684 0.717416378145783 0.15923054723122684 0.6977307320794287 0.22418068521346893 0.6977307320794287 0.22418068521346893 0.717416378145783 ""
7 0.3507722956259796 0.634925433293027 0.3507722956259796 0.6152397872266727 0.4342832785449024 0.6152397872266727 0.4342832785449024 0.634925433293027 ""
7 0.39186379276948563 0.7230431258029776 0.39186379276948563 0.7033574797366233 0.43758905671131376 0.7033574797366233 0.43758905671131376 0.7230431258029776 ""
7 0.4800142476822991 0.7623941958887546 0.4800142476822991 0.7239782109658404 0.527728676761987 0.7239782109658404 0.527728676761987 0.7623941958887546 ""
7 0.20761185801243232 0.8589640643893591 0.20761185801243232 0.8392785167271262 0.34878883568368835 0.8392785167271262 0.34878883568368835 0.8589640643893591 ""
7 0.34811910138438656 0.9198952074831217 0.34811910138438656 0.9002096598208887 0.4057851309244977 0.9002096598208887 0.4057851309244977 0.9198952074831217 ""
7 0.6960786660195213 0.8739621317324163 0.6960786660195213 0.8336558036389057 0.8001425463985465 0.8336558036389057 0.8001425463985465 0.8739621317324163 ""
7 0.0863237486975456 0.9789520472780633 0.0863237486975456 0.9592664996158303 0.9134795959942291 0.9592664996158303 0.9134795959942291 0.9789520472780633 ""
7 0.6569735162038686 0.8664651153453748 0.6569735162038686 0.8467795676831419 0.6762040606520733 0.8467795676831419 0.6762040606520733 0.8664651153453748 ""
7 0.6636021185478412 0.9208342780128981 0.6636021185478412 0.901148730350665 0.6762040606520733 0.901148730350665 0.6762040606520733 0.9208342780128981 ""
7 0.9346764847980193 0.06779524262323344 0.9346764847980193 0.03218057087379711 0.9910230834995726 0.03218057087379711 0.9910230834995726 0.06779524262323344 ""
7 0.7364771558403391 0.567979239879333 0.7225588442220006 0.5678762107643087 0.7228332502137361 0.49376196594115274 0.7367515618320747 0.4938649950561769 ""
7 0.1386530809030128 0.7910811129427399 0.12473476928467422 0.7909780838277156 0.12486644102386274 0.7554082413057991 0.1387847526422013 0.7555112704208232 ""
7 0.13600251313864795 0.7189025755901098 0.12208420152030938 0.7187995464750857 0.12218499910664986 0.691568961214606 0.13610331072498844 0.6916719903296302 ""
7 0.13202573961598746 0.6326612036634673 0.11810742799764891 0.6325581745484432 0.11819084908894985 0.610023237149209 0.1321091607072884 0.6101262662642332 ""
4 0.3549244604276503 0.5535630853077136 0.3549244604276503 0.6156952507022118 0.3355770986214021 0.6156952507022118 0.3355770986214021 0.5535630853077136
3 0.3746537572469899 0.17091900396135631 0.3746537572469899 0.3625594557701028 0.34897404581299873 0.3625594557701028 0.34897404581299873 0.17091900396135631
4 0.375314898965161 0.17224909556772092 0.375314898965161 0.35717453624105705 0.35066114867572673 0.35717453624105705 0.35066114867572673 0.17224908326720575
13 0.5456540185727772 0.3230391059946216 0.5456540185727772 0.25197902988493803 0.5712311060620904 0.25197902988493803 0.5712311060620904 0.3230391059946216
0 0.014918773321726276 0.3294961630265014 0.014918773321726276 0.07239420228502243 0.5474807595758229 0.07239421458553759 0.5474807595758229 0.3294961630265014
2 0.014918790715615204 0.5969407536338673 0.014918790715615204 0.3307899804136437 0.5812795556960673 0.3307899804136437 0.5812795556960673 0.5969407536338673
