7 0.07942147090517242 0.9838911487210181 0.07942147090517242 0.9658871558404738 0.9101453266377529 0.9658871558404738 0.9101453266377529 0.9838911487210181 ""
7 0.3875719550397193 0.49337497834236393 0.3875719550397193 0.47536694926600304 0.44950129633175406 0.47536694926600304 0.44950129633175406 0.49337497834236393 ""
7 0.4696038660074986 0.39922984953849544 0.4696038660074986 0.3812258074360509 0.5403818960507801 0.3812258074360509 0.5403818960507801 0.39922984953849544 ""
7 0.4799601178999537 0.17079032159620716 0.4799601178999537 0.1527862794937626 0.5372214264324772 0.1527862794937626 0.5372214264324772 0.17079032159620716 ""
7 0.45882017668851527 0.55589112312563 0.45882017668851527 0.5378871302450857 0.5505842120262183 0.5378871302450857 0.5505842120262183 0.55589112312563 ""
7 0.450535745694108 0.661391129032258 0.450535745694108 0.6433871361517137 0.5213137757373896 0.6433871361517137 0.5213137757373896 0.661391129032258 ""
7 0.2920205047511755 0.3644274311680948 0.2920205047511755 0.3464233890656502 0.3473354371126033 0.3464233890656502 0.3473354371126033 0.3644274311680948 ""
7 0.32957822463219577 0.47149195517263104 0.32957822463219577 0.43629435877646167 0.3666571951143488 0.43629435877646167 0.3666571951143488 0.47149195517263104 ""
7 0.3119036679119763 0.5824596774193549 0.3119036679119763 0.5449193154611895 0.34898834358969794 0.5449193154611895 0.34898834358969794 0.5824596774193549 ""
7 0.10534054834165271 0.5050967801001764 0.10534054834165271 0.48708875102381555 0.18549444981876959 0.48708875102381555 0.18549444981876959 0.5050967801001764 ""
7 0.18597606920930998 0.7059354720577117 0.18597606920930998 0.6879314791771673 0.22693074602250463 0.6879314791771673 0.22693074602250463 0.7059354720577117 ""
7 0.25501566702363565 0.6590443272744456 0.25501566702363565 0.6410403343939012 0.34898830880192006 0.6410403343939012 0.34898830880192006 0.6590443272744456 ""
7 0.5819863389787867 0.3253548406785534 0.5819863389787867 0.30735079857610886 0.6527644038098461 0.30735079857610886 0.6527644038098461 0.3253548406785534 ""
7 0.5830891811124074 0.2518951662125126 0.5830891811124074 0.23389112411006804 0.6196351680500143 0.23389112411006804 0.6196351680500143 0.2518951662125126 ""
7 0.580880574671826 0.4003629130701865 0.580880574671826 0.360491943359375 0.6544314341247507 0.360491943359375 0.6544314341247507 0.4003629130701865 ""
7 0.9327044352468652 0.06745967864990235 0.9327044352468652 0.03383064270019531 0.9872897983310772 0.03383064270019531 0.9872897983310772 0.06745967864990235 ""
7 0.7929694457555572 0.2393951662125126 0.7929694457555572 0.09010081137380292 0.9742091764035338 0.09010081137380292 0.9742091764035338 0.2393951662125126 ""
7 0.3174266103123219 0.21204031667401713 0.3174266103123219 0.19403628687704763 0.3329723637543638 0.1940362991825227 0.3329723637543638 0.21204031667401713 ""
7 0.32958107722998004 0.27065323860414564 0.32958107722998004 0.2526451603058846 0.34512397807423767 0.2526451603058846 0.34512397807423767 0.27065323860414564 ""
7 0.2831860789888501 0.27065323860414564 0.2831860789888501 0.2526451603058846 0.2987289798331077 0.2526451603058846 0.2987289798331077 0.27065323860414564 ""
7 0.2384496924203833 0.27143146145728325 0.2384496924203833 0.2534274193548387 0.2539925932646409 0.2534274193548387 0.2539925932646409 0.27143146145728325 ""
7 0.4278911287270234 0.5269757670740928 0.4278911287270234 0.5089717741935483 0.44343688216906524 0.5089717741935483 0.44343688216906524 0.5269757670740928 ""
7 0.08751076855663562 0.41289749145507815 0.07478635608045829 0.41292887041645665 0.07458669162944838 0.2510662201912172 0.08731110410562572 0.2510348412298387 ""
7 0.18916642152879204 0.3800748763545867 0.17644202644650364 0.3801062799269153 0.17619124135593295 0.17680014333417338 0.18891563643822135 0.17676873976184476 ""
7 0.13393579734700056 0.6145205590032762 0.12121140226471216 0.6145519625756048 0.12118816402910373 0.595717300907258 0.13391255911139213 0.5956858973349294 ""
7 0.15901274095406454 0.6836435625630041 0.14628549327399187 0.6836749661353326 0.14626225503838344 0.6648403044669858 0.1589895027184561 0.6648089008946573 ""
15 0.2961584413517028 0.4825080133253528 0.2961584413517028 0.36986288255260835 0.37259045935451696 0.36986290716355846 0.37259045935451696 0.4825080133253528
0 0.5586976263046808 0.9618951612903226 0.5586976263046808 0.6006693193989415 0.9881761213353163 0.6006693193989415 0.9881761213353163 0.9618951612903226
0 0.5579025168539826 0.5927903206117692 0.5579025168539826 0.07401211646295362 0.9873810118846181 0.07401211646295362 0.9873810118846181 0.5927903206117692
2 0.5560367439641813 0.6331885553175404 0.37276262406713095 0.6336411999117944 0.3720709734677793 0.07297678301411291 0.5553450933648297 0.07252413841985887
4 0.40059559458713306 0.3849072610178301 0.35522085229499145 0.3849072610178301 0.35522085229499145 0.35677015243038057 0.40059559458713306 0.35677015243038057
4 0.4009803474102308 0.5178145377866683 0.3556056051180892 0.5178145377866683 0.3556056051180892 0.48967742919921875 0.4009803474102308 0.48967742919921875
4 0.39155456421211526 0.5841431648500504 0.36534767879248004 0.5841431648500504 0.36534767879248004 0.56317138671875 0.39155456421211526 0.56317138671875
4 0.662798520879346 0.5227096557617188 0.5502507711754595 0.5227096557617188 0.5502507363876816 0.48088305073399695 0.6627984513037902 0.48088305073399695
4 0.692956671683528 0.3035262077085433 0.526419230015674 0.3035262077085433 0.526419230015674 0.2536834716796875 0.692956671683528 0.2536834716796875
3 0.6726888252751853 0.301171382780998 0.538285828071566 0.301171382780998 0.538285828071566 0.2599818568075857 0.6726888252751853 0.2599818568075857
3 0.6553818362158023 0.5133568548387096 0.5557779924724815 0.5133568548387096 0.5557780272602594 0.4906955842048891 0.6553818362158023 0.4906955842048891
