7 0.35680251340303504 0.8569811229405986 0.35680251340303504 0.835521939395657 0.37814189294492734 0.835521939395657 0.37814189294492734 0.8569811229405986 "40"
7 0.08506411804912369 0.9854050943419992 0.08506411804912369 0.9639419746322048 0.9156454830436022 0.9639419746322048 0.9156454830436022 0.9854050943419992 "Der Inhalt dieser Zeichnung bleibt unser geistiges Eigentum. Jede Verwendung, insbesondere die Weitergabe, Vervielfältigung, Veröffentlichung und Zurverfügungstellung bedarf unserer ausdrücklichen Zustimmung."
7 0.16658591843629775 0.6395082608291768 0.16658591843629775 0.6180451411193824 0.24690794054685272 0.6180451411193824 0.24690794054685272 0.6395082608291768 "UK TRAGPROFIL"
7 0.4878284522834141 0.5434260339517836 0.4878284522834141 0.5219629142419892 0.5750926189797663 0.5219629142419892 0.5750926189797663 0.5434260339517836 "WÄRMEDÄMMUNG"
7 0.4727871216202978 0.4951471023528819 0.4727871216202978 0.4736839826430875 0.49213448342654603 0.4736839826430875 0.49213448342654603 0.4951471023528819 "X"
7 0.9329125357340055 0.07047964555032309 0.9329125357340055 0.03016928903809578 0.9885864779629168 0.03016928903809578 0.9885864779629168 0.07047964555032309 "AL-DH-35 17.05.2012"
7 0.13027301830727683 0.8195091287535268 0.11510208577775452 0.8192094882041012 0.11669762720916305 0.6575968572085349 0.13186855973868533 0.6578964977579606 "ACHSMAẞ = MAX. 400"
7 0.23300463985465944 0.9007483239810057 0.2178308721212418 0.90044868343158 0.219873680012557 0.6935321726370415 0.23504744774597464 0.6938318131864671 "ALPHATON - ZIEGELPLATTE"
7 0.21532898731943753 0.5757871640876915 0.20015803739602628 0.5754875235382658 0.20045898646226668 0.5450028123897874 0.2156299363856779 0.545302452939213 "25"
7 0.23521302017468473 0.5390705199358877 0.22003921765348924 0.5387708793864621 0.22026147676621724 0.516257984510404 0.23543527928741273 0.5165576250598297 ""
7 0.24377601430028142 0.5183877449081772 0.24377601430028142 0.4969246251983827 0.27854090179939084 0.4969246251983827 0.27854090179939084 0.5183877449081772 "ACHSE"
7 0.2321060193709479 0.4593752361698912 0.2321060193709479 0.43791211646009676 0.28458251257369443 0.43791211646009676 0.28458251257369443 0.4593752361698912 "O-HALTER"
7 0.45885145090080864 0.3741079420391853 0.4574179857264356 0.3483472191388931 0.47856944169234467 0.3459928021321418 0.4800029068667177 0.371753525032434 "5°"
7 0.29923914259537976 0.33700375785658504 0.2978056774210067 0.31124303495629285 0.39829003460966445 0.3000579305062223 0.3997234997840375 0.3258186534065145 "ALU - FENSTERBANK"
7 0.7937303936083998 0.24483272578628829 0.7937303936083998 0.08547763294003174 0.972678862055607 0.08547763294003174 0.972678862055607 0.24483272578628829 "ALPHATON-Ziegelfassade Querformat- Ausführung 2.7.3a M 1:1 (V) Fensterbank aus Metall Alu-Unterkonstruktion"
7 0.6321259284162154 0.7638129865099759 0.6321259284162154 0.7423498668001813 0.7026218295810772 0.7423498668001813 0.7026218295810772 0.7638129865099759 "GEMÄẞ STATIK"
7 0.7626227451953904 0.5993861944528416 0.7474490122497507 0.5990865539034159 0.748235076878206 0.5194651224304716 0.7634088098238458 0.5197647629798973 "NACH STATIK"
7 0.27992020240364063 0.7669931617008011 0.27992020240364063 0.7455300419910067 0.29791964218126604 0.7455300419910067 0.29791964218126604 0.7669931617008011 "30"
7 0.37204616978216726 0.5542120112857719 0.37204616978216726 0.5168077191341697 0.4132516664737105 0.5168077191341697 0.4132516664737105 0.5542120112857719 "TRAG-PROFIL"
7 0.6199230716995583 0.8691656196468158 0.6199230716995583 0.8223982245534814 0.697577601791821 0.8223982737555421 0.697577601791821 0.8691656196468158 "THERM. TRENNELEMENT"
7 0.3640923270407345 0.7688674157975615 0.3640923270407345 0.747404296087767 0.3920490376865738 0.747404296087767 0.3920490376865738 0.7688674157975615 "30"
7 0.32300086468500644 0.7669931617008011 0.32300086468500644 0.7455300419910067 0.34100882746820677 0.7455300419910067 0.34100882746820677 0.7669931617008011 "10"
7 0.6281903871072599 0.6766706756505694 0.6281903871072599 0.6552075559407748 0.6718153737487532 0.6552075559407748 0.6718153737487532 0.6766706756505694 "DÜBEL"
7 0.5093245855523297 0.7795082470525998 0.5093245855523297 0.7580451273428053 0.5788828865283913 0.7580451273428053 0.5788828865283913 0.7795082470525998 "WANDHALTER"
7 0.5023710305753954 0.7017089646941758 0.5023710305753954 0.6802458449843813 0.5618124891462133 0.6802458449843813 0.5618124891462133 0.7017089646941758 "FESTPUNKT"
7 0.428395551505949 0.5747239075568067 0.428395551505949 0.5532648224159865 0.49036761218919206 0.5532648224159865 0.49036761218919206 0.5747239075568067 "BOHRSCHR."
0 0.6059447163766386 0.985828232063684 0.6059447163766386 0.4121846049507507 0.9886947375276076 0.41218465415281136 0.9886947375276076 0.985828232063684
2 0.6004531177641422 0.9638533125188936 0.4168538017196851 0.9638533125188936 0.4168538017196851 0.416062071745264 0.6004531177641422 0.416062071745264
4 0.44296672535132875 0.5957959692884673 0.3971931063982794 0.595908937219745 0.39715866649820103 0.5680169778598599 0.44293228545125035 0.5679040099285823
3 0.6920105832769308 0.5577601194862203 0.5914949170882018 0.557511944292246 0.5915231647638216 0.5346744142199465 0.6920388309525506 0.5349225894139208
4 0.4433728378700306 0.46616074155771364 0.39759921891698136 0.46627370948899133 0.39756477901690296 0.438377715560132 0.4433383979699523 0.4382647476288543
4 0.6973004823534127 0.5679538516160318 0.5858187345263964 0.5682290879433696 0.5857658571040538 0.5253351250755743 0.6972476049310701 0.5250598887482366
4 0.7252526010125748 0.7324118377796252 0.5681682161606761 0.7327996484217554 0.56810159756608 0.6787731289046756 0.7251860172057566 0.6783853182625453
3 0.7150043303825876 0.7231606695258969 0.5806043945034198 0.7228288508287989 0.5806497577657452 0.6860573955814188 0.7150496936449131 0.6863892142785167
4 0.6898896420365489 0.34006857881619057 0.6524031675245796 0.3401611278922939 0.6523703278622827 0.31356303512161177 0.689856802374252 0.31347048604550837
15 0.2880507322688088 0.5995244030412384 0.2880507322688088 0.41593311314427145 0.41593902231315905 0.41593311314427145 0.41593902231315905 0.5995244030412384
