7 0.0838786201553149 0.9837282881146715 0.0838786201553149 0.9631035715185409 0.9103733257338273 0.9631035715185409 0.9103733257338273 0.9837282881146715
7 0.07863823278366788 0.8346674964102176 0.06405860115979668 0.8347035123186215 0.06387815260758051 0.6884844348297058 0.07845777988297949 0.6884484189213019
7 0.1532298294897941 0.9030834537799778 0.13865019351745067 0.9031194696883817 0.1383945642288134 0.6959895203546956 0.15297420889810132 0.6959535044462918
7 0.688753542787297 0.6171785944270204 0.6741738459363422 0.6172146103354242 0.6740534802249573 0.5197339132878628 0.688633177075912 0.5196978973794589
7 0.12671898586113386 0.6087405394277761 0.1121393585857349 0.6087765553361799 0.11210119639342583 0.5778535522313332 0.1266808236688248 0.5778175363229293
7 0.14785748337979124 0.5782790516519297 0.133275003506608 0.5783150675603336 0.13323684131429894 0.5473920644554867 0.1478193211874822 0.5473560485470829
7 0.10345024137151788 0.5267211963264561 0.0888706140961189 0.5267572122348599 0.08883245190380984 0.4958342091300131 0.10341207917920882 0.49579819322160923
7 0.10278909095640229 0.4282971973719015 0.08820661108321905 0.4283332132803053 0.08816844889090998 0.3974061756064843 0.10275092876409322 0.3973701596980804
7 0.21347304197688088 0.2548791715475111 0.19889056210369763 0.25491518745591496 0.19885239991138856 0.22398819898415456 0.21343487978457182 0.2239521830757507
7 0.29897033743587914 0.25675342564427145 0.2843878575626959 0.25678944155267536 0.28434969537038685 0.22586245308091496 0.29893217524357013 0.22582643717251108
7 0.3009595373615168 0.2267574631653693 0.28637704009444465 0.22679347907377317 0.28633886050824664 0.1958664906020128 0.30092137516920775 0.19583047469360892
7 0.04711313973331968 0.10909713136241687 0.04711313973331968 0.08847641858397257 0.11538044887922129 0.08847642473423015 0.11538044887922129 0.10909713136241687
7 0.159435742938916 0.10632406632201608 0.159435742938916 0.08569931282433998 0.17400969980652428 0.08569931282433998 0.17400969980652428 0.10632406632201608
7 0.18793674315710496 0.10819830811826128 0.18793674315710496 0.08757758918955941 0.20983185745026184 0.08757758918955941 0.20983185745026184 0.10819830811826128
7 0.0646594513104695 0.17569124713053583 0.0646594513104695 0.1550665059333749 0.14949273505962346 0.1550665059333749 0.14949273505962346 0.17569124713053583
7 0.7910630059534411 0.24018945351861648 0.7910630059534411 0.08644901692314717 0.9799657883077444 0.086449004622632 0.9799657883077444 0.24018945351861648
7 0.9335594492510331 0.06977025638997002 0.9335594492510331 0.03133010710501373 0.9893987030003206 0.03133010710501373 0.9893987030003206 0.06977025638997002
7 0.4453142741766707 0.2689670745714304 0.44328461606538544 0.2340506354150922 0.5542297276311805 0.2211498059077111 0.5562593857424658 0.2560662450640493
7 0.40293103726578083 0.2806735978593561 0.4015286027892562 0.2565470229997985 0.4276104609352736 0.25351420798065294 0.4290128954117982 0.2776407828402106
7 0.30330482498129807 0.4026530095522849 0.30211348274080935 0.3821578911839354 0.38764702706433457 0.3722119406316128 0.3888383693048233 0.3927070589999622
7 0.14518666912871367 0.5197137896450524 0.14518666912871367 0.499093107617896 0.18560843197291785 0.499093107617896 0.18560843197291785 0.5197137896450524
7 0.22935879376580756 0.49534459942437525 0.22935879376580756 0.4747198828282447 0.28104873531120866 0.4747198828282447 0.28104873531120866 0.49534459942437525
7 0.38511256350856726 0.5290890454957679 0.38511256350856726 0.5084683634686115 0.4023368272322065 0.5084683634686115 0.4023368272322065 0.5290890454957679
7 0.41427474023270516 0.5722087474178759 0.41427474023270516 0.5515880653907195 0.5083784623579546 0.5515880653907195 0.5083784623579546 0.5722087474178759
7 0.4308435326459639 0.6481378102485137 0.4308435326459639 0.6275171282213573 0.4924764820706576 0.6275171282213573 0.4924764820706576 0.6481378102485137
7 0.3387176000552152 0.606892362423166 0.3387176000552152 0.5862716803960096 0.3996865203761755 0.5862716803960096 0.3996865203761755 0.606892362423166
7 0.28900826585432104 0.5900040503136336 0.28900826585432104 0.5515880653907195 0.3241379379920383 0.5515880653907195 0.3241379379920383 0.5900040503136336
7 0.542188668869336 0.6603264891298871 0.542188668869336 0.6397017725337566 0.587261314098568 0.6397017725337566 0.587261314098568 0.6603264891298871
7 0.1584440129677704 0.5693953735892785 0.1584440129677704 0.5487746915621221 0.197549162783423 0.5487746915621221 0.197549162783423 0.5693953735892785
7 0.08553718834325573 0.668762576046705 0.08553718834325573 0.6481378594505743 0.16640069091309845 0.6481378594505743 0.16640069091309845 0.668762576046705
7 0.1922456442919101 0.7971865966501662 0.1922456442919101 0.7765618800540357 0.21544599601025932 0.7765618800540357 0.21544599601025932 0.7971865966501662
7 0.23764035476854162 0.7971825620811921 0.23764035476854162 0.7765618800540357 0.2608435590846751 0.7765618800540357 0.2608435590846751 0.7971825620811921
7 0.28602450075364244 0.7971825620811921 0.28602450075364244 0.7765618800540357 0.3092248698658806 0.7765618800540357 0.3092248698658806 0.7971825620811921
7 0.27277000951236996 0.8806126758678456 0.27277000951236996 0.859987959271715 0.2959703786246082 0.859987959271715 0.2959703786246082 0.8806126758678456
7 0.5358905852027821 0.8243853481773983 0.5358905852027821 0.778436134150796 0.6141065552418781 0.778436134150796 0.6141065552418781 0.8243853481773983
7 0.4265346141172699 0.8890487627846635 0.4265346141172699 0.8684279823533857 0.49677969540378314 0.8684279823533857 0.49677969540378314 0.8890487627846635
2 0.515555702746509 0.9599052407673317 0.329123687526717 0.9599052407673317 0.329123687526717 0.42504036537056633 0.515555702746509 0.42504036537056633
4 0.35989038092895054 0.5012998200385429 0.31411954499812983 0.5014127879698206 0.31408510509805143 0.4735208286099355 0.3598559410288722 0.4734078606786578
4 0.359843347853288 0.6326964323389006 0.31406965932468295 0.6328094002701784 0.3140352194246046 0.6049174409102932 0.3598089079532096 0.6048044729790155
4 0.6407706216381092 0.7169177644630441 0.48502563580925834 0.7173022293650494 0.48496033915022085 0.6643841338705411 0.6407052901912939 0.6639996689685359
4 0.6919807353635294 0.37449248074428154 0.6547308177409875 0.374584439395657 0.6546964474164648 0.3466884946688583 0.6919463650390069 0.34659653601748286
3 0.6330643635116843 0.7095900031646766 0.4966154623045205 0.7092531658573912 0.496662043139071 0.6715143980974153 0.6331109791340125 0.6718512354047007
15 0.20492448477909483 0.5995243538391778 0.20492448477909483 0.463736408422763 0.332812792217334 0.463736408422763 0.332812792217334 0.5995243538391778
0 0.518250224868196 0.9832447302624949 0.518250224868196 0.445646926406313 0.9896095865096893 0.44564687720425233 0.9896095865096893 0.9832447302624949
2 0.5164234490773725 0.4457759342093662 0.5164234490773725 0.39526000632148073 0.6680621203957681 0.3952599817204504 0.6680621203957681 0.44577588500730553
4 0.45605044339110146 0.463518541698156 0.44539578194018953 0.32480223723737905 0.46355910693929897 0.3220114963566858 0.4742137683902109 0.46072780081746273
4 0.2852297391807228 0.48935897193671907 0.274575042942033 0.3506426428749118 0.2927383157594756 0.34785187739318824 0.3033930467859433 0.4865682310560258
4 0.1583357186153017 0.2984885323773176 0.1583357186153017 0.1589560764348108 0.17660587688020982 0.15895606413429564 0.17660587688020982 0.2984885323773176
