7 0.5649133610754232 0.7860073677730479 0.5649133610754232 0.7770219630548233 0.5984280335235288 0.7770219630548233 0.5984280335235288 0.7860073677730479
7 0.5655098868588775 0.8132857863262325 0.5655098868588775 0.804300381608008 0.6316807542006752 0.804300381608008 0.6316807542006752 0.8132857863262325
7 0.21471179007330712 0.6768936935603092 0.21471179007330712 0.6679082888420846 0.2898024989923418 0.6679082888420846 0.2898024989923418 0.6768936935603092
7 0.23251914747392685 0.6609461412840196 0.23251914747392685 0.6519578143924551 0.2636839787069226 0.6519578143924551 0.2636839787069226 0.6609461412840196
7 0.23073761466048218 0.8581903370128597 0.23073761466048218 0.8492049322946352 0.30463522281054767 0.8492049322946352 0.30463522281054767 0.8581903370128597
7 0.36369609717446344 0.806982032251888 0.36369609717446344 0.7917099194704688 0.4043530883543052 0.7917099194704688 0.4043530883543052 0.806982032251888
7 0.42127365241460096 0.8644856028694072 0.42127365241460096 0.8555001981511827 0.48033049220954255 0.8555001981511827 0.48033049220954255 0.8644856028694072
7 0.37734784853165304 0.8909376029718225 0.37734784853165304 0.8760644364268666 0.41027809890322703 0.8760644364268666 0.41027809890322703 0.8909376029718225
7 0.35123336281520806 0.9148475209951197 0.35123336281520806 0.9058591941035552 0.4013825139418959 0.9058591941035552 0.4013825139418959 0.9148475209951197
7 0.3061225273012394 0.9316329021133157 0.3061225273012394 0.9226474973950912 0.33845221732038494 0.9226474973950912 0.33845221732038494 0.9316329021133157
7 0.3280814069742543 0.7486577483791679 0.3280814069742543 0.7396694214876033 0.3444175735590488 0.7396694214876033 0.3444175735590488 0.7486577483791679
7 0.3755703502871826 0.7478169973639214 0.3755703502871826 0.7388315926456968 0.39721886336154777 0.7388315926456968 0.39721886336154777 0.7478169973639214
7 0.44026604144624143 0.6953576545356583 0.44026604144624143 0.6863722498174337 0.4577589484771765 0.6863722498174337 0.4577589484771765 0.6953576545356583
7 0.07047560483109129 0.9870304902349316 0.07047560483109129 0.978045085516707 0.9795244640517936 0.978045085516707 0.9795244640517936 0.9870304902349316
7 0.3779443743151073 0.2081191333891422 0.3779443743151073 0.19913365909536193 0.39604999460745416 0.19913365909536193 0.39604999460745416 0.2081191333891422
7 0.3280814315752847 0.2437931124930981 0.3280814315752847 0.23480478560153356 0.34675533566826633 0.23480478560153356 0.34675533566826633 0.2437931124930981
7 0.36103588936070385 0.2429524136595184 0.36103588936070385 0.2339669393657381 0.3797097934536855 0.2339669393657381 0.3797097934536855 0.2429524136595184
7 0.38477630184716344 0.2429524136595184 0.38477630184716344 0.2339669393657381 0.4034502059401451 0.2339669393657381 0.4034502059401451 0.2429524136595184
7 0.7171705154486598 0.1371900809052392 0.7171705154486598 0.029165003231088806 0.9715034457187122 0.029165003231088806 0.9715034457187122 0.1371900809052392
7 0.01854897391070574 0.037304073495720826 0.01854897391070574 0.014477058773741962 0.06985086781610553 0.014477059860860021 0.06985086781610553 0.037304073495720826
7 0.25983258900455963 0.11540966191567666 0.24712404115024184 0.11539397262786318 0.24714844537232972 0.10551652231594204 0.2598569932266475 0.10553221160375552
7 0.2918358479522496 0.09274223286326233 0.27912326552895755 0.09272654357544885 0.2791476205489848 0.08285194586131199 0.2918602029722768 0.08286763514912546
7 0.29357103242455157 0.3625868859539755 0.2808624845702338 0.3625712314539399 0.280886839590261 0.3526966511336919 0.2935953874445788 0.3527123056337276
7 0.29207568339694173 0.6658699337863352 0.27936713554262393 0.6658542097107438 0.27939149056265117 0.6559796293904959 0.29210003841696897 0.6559953534660872
7 0.25883504182568773 0.8987881608007979 0.2461264939713699 0.8987724367252066 0.2461508489913971 0.8888978564049587 0.2588593968457149 0.88891358048055
7 0.2926681746114218 0.9348781843340339 0.279959626757104 0.9348624602584426 0.2799839817771312 0.9249878799381946 0.29269252963144904 0.925003604013786
7 0.21075732205385933 0.8320596368267312 0.1980487741995415 0.83204391275114 0.19824307313709189 0.7533464450787262 0.2109516209914097 0.7533621691543174
7 0.21118360870742645 0.5462730670797413 0.1984750362520783 0.5462574125797057 0.1986672687030809 0.4683835107602771 0.21137584115842906 0.4683991652603128
7 0.21058447521475715 0.26718218790632126 0.19787591505992416 0.2671664986185078 0.19807332602781136 0.18720651291210993 0.21078187388212918 0.18722220219992342
7 0.33652558763005086 0.06258763476089386 0.33652558763005086 0.05359931656627378 0.3866747387567387 0.05359931656627378 0.3866747387567387 0.06258763476089386
7 0.3058726300351421 0.09546309802973159 0.3058726300351421 0.0864776237359513 0.3364369009157094 0.0864776237359513 0.3364369009157094 0.09546309802973159
7 0.4209431621731409 0.10638358158819286 0.4209431621731409 0.08939013477063444 0.4889560562619659 0.08939013477063444 0.4889560562619659 0.10638358158819286
7 0.4209431621731409 0.12873468537655405 0.4209431621731409 0.11974921108277375 0.4772672211148478 0.11974921108277375 0.4772672211148478 0.12873468537655405
7 0.23545345996762898 0.14063551460585727 0.23545345996762898 0.13165004031207697 0.3075775798411679 0.13165004031207697 0.3075775798411679 0.14063551460585727
7 0.5641797583509673 0.18507837060171167 0.5641797583509673 0.1760928963079314 0.5971382507053608 0.1760928963079314 0.5971382507053608 0.18507837060171167
7 0.5645223522993501 0.21325163516471038 0.5645223522993501 0.2042661608709301 0.6291011393622783 0.2042661608709301 0.6291011393622783 0.21325163516471038
7 0.47280936681277713 0.22660873295677186 0.47280936681277713 0.2176232586629916 0.5264006449012495 0.2176232586629916 0.5264006449012495 0.22660873295677186
7 0.46696898380819224 0.31039899215633016 0.46696898380819224 0.3014135178625499 0.5280934910003526 0.3014135178625499 0.5280934910003526 0.31039899215633016
7 0.37731963114986394 0.2885437446565973 0.37731963114986394 0.2737247078939869 0.40753727351307434 0.2737247078939869 0.40753727351307434 0.2885437446565973
7 0.3677025471709996 0.30359078051528215 0.3677025471709996 0.28902536404713774 0.40548166062071744 0.2890253466532488 0.40548166062071744 0.30359078051528215
7 0.21534462697752924 0.3745397576989527 0.21534462697752924 0.36555143080738817 0.2916162837565498 0.36555143080738817 0.2916162837565498 0.3745397576989527
7 0.42071747232088874 0.3678256122092298 0.42071747232088874 0.3588372853176653 0.4809754328206872 0.3588372853176653 0.4809754328206872 0.3678256122092298
7 0.5637646405651703 0.37455116809008976 0.5637646405651703 0.3571587402482901 0.6370818120056176 0.3571587402482901 0.6370818120056176 0.37455116809008976
7 0.4652317574503728 0.4219606822968616 0.4652317574503728 0.41297520800308135 0.5379282940976421 0.41297520800308135 0.5379282940976421 0.4219606822968616
7 0.443865368991838 0.40349672132151254 0.443865368991838 0.39451124702773227 0.45840388908832125 0.39451124702773227 0.45840388908832125 0.40349672132151254
7 0.3637363936621448 0.6028498565073739 0.3637363936621448 0.5867198771240025 0.4043933848419866 0.5867198771240025 0.4043933848419866 0.6028498565073739
7 0.23018138536470928 0.3590111198436164 0.23018138536470928 0.3500256455498361 0.2619508115191077 0.3500256455498361 0.2619508115191077 0.3590111198436164
7 0.4200846354166667 0.6458250074584996 0.4200846354166667 0.6297178488574023 0.4892382300798569 0.6297178488574023 0.4892382300798569 0.6458250074584996
7 0.4218661928311417 0.6668195705462738 0.4218661928311417 0.6578341658280493 0.4803305414116032 0.6578341658280493 0.4803305414116032 0.6668195705462738
7 0.46163641527168986 0.7108862923909945 0.46163641527168986 0.70190088767277 0.5367190550527761 0.70190088767277 0.5367190550527761 0.7108862923909945
7 0.5619467720299275 0.7486463379880308 0.5619467720299275 0.7312766613529496 0.6352277307537283 0.7312766613529496 0.6352277307537283 0.7486463379880308
7 0.47291411799992444 0.7662838805126104 0.47291411799992444 0.7572955536210458 0.5307940445038543 0.7572955536210458 0.5307940445038543 0.7662838805126104
7 0.4657880359482064 0.8237788933367769 0.4657880359482064 0.8147905664452123 0.5272067714631197 0.8147905664452123 0.5272067714631197 0.8237788933367769
2 0.5424445512457174 0.9149743572331861 0.412065683570133 0.9149743572331861 0.412065683570133 0.5144214820372613 0.5424445512457174 0.5144214820372613
2 0.5427952143320486 0.4871658842663508 0.41241634665646415 0.4871658842663508 0.41241634665646415 0.058109121466674976 0.5427952143320486 0.058109121466674976
4 0.6383594911168632 0.2031063015694019 0.5195969347509825 0.2031063015694019 0.5195969347509825 0.1845169654426564 0.6383594911168632 0.1845169654426564
4 0.639564695592755 0.33396694632329366 0.5196331966696897 0.33396694632329366 0.5196331966696897 0.3160672431047841 0.639564695592755 0.3160672431047841
4 0.6382224633779222 0.8049700463317541 0.5198791085688734 0.8049700463317541 0.5198791085688734 0.7864377621606939 0.6382224633779222 0.7864377621606939
3 0.6239661663013906 0.20015389765046132 0.5278032972465739 0.20015389765046132 0.5278032972465739 0.18671416149210068 0.6239661663013906 0.18671416149210068
3 0.6227267663933393 0.3317825869638786 0.5260398953924829 0.3317825869638786 0.5260398953924829 0.31836278420222996 0.6227267663933393 0.31836278420222996
3 0.6253385593794085 0.8025861790663295 0.528119715698685 0.8025861790663295 0.528119715698685 0.7891664458802365 0.6253385593794085 0.7891664458802365
0 0.5430954945082628 0.487207177358667 0.5430954945082628 0.05656311783093474 0.6487384198030028 0.05656311783093474 0.6487384198030028 0.487207177358667
0 0.5434179648138352 0.9518238675325947 0.5434179648138352 0.513268684654638 0.652732741491586 0.513268684654638 0.652732741491586 0.9518238675325947
15 0.3383111550124698 0.12495298431822635 0.3383111550124698 0.06433456825306355 0.41126964343069833 0.06433456825306355 0.41126964343069833 0.12495298431822635
15 0.339085054224607 0.372185807922485 0.339085054224607 0.298976947113672 0.41204354264283555 0.298976947113672 0.41204354264283555 0.372185807922485
15 0.33877468762595725 0.6757195364820818 0.33877468762595725 0.6014619633219934 0.41270457232781643 0.6014619633219934 0.41270457232781643 0.6757195364820818
15 0.33925836848328544 0.8967512668317185 0.33925836848328544 0.805001424907381 0.4122087877635656 0.805001424907381 0.4122087877635656 0.8967512668317185
