4 0.3569159512557322 0.4354732082806264 0.3569159512557322 0.40527938790576895 0.3674400312673226 0.40527938790576895 0.3674400312673226 0.4354732082806264
4 0.25259221635790413 0.4602736643809685 0.25259221635790413 0.44324972746445623 0.33174559907119283 0.44324972746445623 0.33174559907119283 0.4602736643809685
3 0.46650273500491335 0.8045980699249928 0.46650273500491335 0.7929418165844142 0.5419915477442804 0.7929418165844142 0.5419915477442804 0.8045980699249928
13 0.2743418685276406 0.43370868678511615 0.2743418685276406 0.4038198334053414 0.32011491390659647 0.4038198334053414 0.32011491390659647 0.43370868678511615
13 0.27744406861803317 0.5167018494557084 0.27744406861803317 0.4702023861753492 0.3170469653531924 0.4702023861753492 0.3170469653531924 0.5167018494557084
2 0.37165892496629965 0.4146151569849273 0.37165892496629965 0.39907923908298887 0.46711350486923 0.39907923908298887 0.46711350486923 0.4146151569849273
2 0.35243903915383745 0.4118215632683331 0.35243903915383745 0.33849774037690633 0.3596291060506324 0.33849774037690633 0.3596291060506324 0.4118215632683331
2 0.2743257516047042 0.40368586228130343 0.2743257516047042 0.33014824235452894 0.34926024061901584 0.33014824235452894 0.34926024061901584 0.40368586228130343
2 0.32034670232501006 0.5120125469351304 0.32034670232501006 0.4908181063261652 0.40837531771253277 0.4908181063261652 0.40837531771253277 0.5120125469351304
2 0.46724047177358397 0.4901368370621615 0.46724047177358397 0.39903932612733395 0.7012537637321105 0.39903932612733395 0.7012537637321105 0.4901368370621615
0 0.4881576295101794 0.9675883833603549 0.4881576295101794 0.4975028478433224 0.7010079006878653 0.4975028478433224 0.7010079006878653 0.9675883833603549
3 0.6290576260456561 0.6395909517085946 0.7016438178731607 0.6395909517085946 0.7016438178731607 0.6558993784296607 0.6290576260456561 0.6558993784296607
3 0.33190888441562943 0.4565507286358858 0.256333409382244 0.4565507286358858 0.256333409382244 0.4478477556322156 0.33190888441562943 0.4478477556322156
4 0.8172716918527011 0.40207667769428806 0.8399405007495968 0.40207667769428806 0.8399405007495968 0.41941706484508623 0.8172716918527011 0.41941706484508623
4 0.6284116204047823 0.6364366798879347 0.7159605174265521 0.6364366798879347 0.7159605174265521 0.6592103790665977 0.6284116204047823 0.6592103790665977
2 0.8078401177622959 0.9677947336890679 0.701500807863838 0.9675322198813426 0.7022021769804475 0.3992548282497149 0.8085414868789055 0.39951734205744016
2 0.48715281933455956 0.9678205535784279 0.40845307263845493 0.9676262432520311 0.4090415002645636 0.49087667084610176 0.48774124696066823 0.4910709811724986
2 0.40632007785728685 0.9657402778025228 0.2774410420813596 0.9654220876835091 0.27799959803656016 0.5128601143814139 0.4068786338124874 0.5131783045004276
