7 0.32842974517643875 0.6500684206014891 0.32842974517643875 0.6340866371517883 0.3421830167887649 0.6340866371517883 0.3421830167887649 0.6500684206014891
7 0.6575246886653396 0.3753804739264213 0.6575246886653396 0.35940154307450484 0.6712779602776658 0.35940154307450484 0.6712779602776658 0.3753804739264213
7 0.4933178991445777 0.37422343243489953 0.4933178991445777 0.3582416489851988 0.5070711707569039 0.3582416489851988 0.5070711707569039 0.37422343243489953
7 0.3281616629239317 0.3741892360492662 0.3281616629239317 0.3582074525995654 0.3419149345362578 0.3582074525995654 0.3419149345362578 0.3741892360492662
7 0.3904213116212709 0.7830293252618268 0.3904213116212709 0.7571416524918068 0.4544043638032907 0.7571416524918068 0.4544043638032907 0.7830293252618268
7 0.39914935126801554 0.32043888399695425 0.39914935126801554 0.2945511416513786 0.4441382529826396 0.2945511416513786 0.4441382529826396 0.32043888399695425
7 0.7574129479471124 0.40481695227896125 0.7461088580773786 0.4047611526832787 0.746156888968328 0.3853170112790325 0.7574609788380618 0.38537281087471503
7 0.7391384242403245 0.4590061521489384 0.7278343343705906 0.4589503525532559 0.72788236526154 0.4395062111490097 0.7391864551312739 0.4395620107446922
7 0.7573691984982867 0.5265553198026504 0.7460670771076899 0.5264995202069678 0.746134103822314 0.4993352751407096 0.7574362252129107 0.49939107473639216
7 0.7390951176993046 0.5710366771716479 0.727792996308708 0.5709808775759654 0.7278410271996574 0.5515367361717192 0.739143148590254 0.5515925357674016
7 0.24129408113756048 0.5276411159251211 0.22998999126782654 0.5275853163294386 0.23006046282094084 0.4990388832733685 0.24136455269067475 0.499094682869051
7 0.24166007062115752 0.40434957848345326 0.2303559807514236 0.40429377888777074 0.230404011642373 0.3848496374835245 0.24170810151210692 0.38490543707920705
7 0.25955162671178944 0.5716137368307388 0.24824753684205553 0.5715579372350563 0.24829556773300493 0.5521137958308101 0.25959965760273884 0.5521695954264926
7 0.2598056097324758 0.4580799623512753 0.24850151986274188 0.45802416275559277 0.24854955075369128 0.43858002135134655 0.2598536406234252 0.4386358209470291
7 0.6578310824430559 0.6493217357375677 0.6578310824430559 0.6333399522878669 0.671584354055382 0.6333399522878669 0.671584354055382 0.6493217357375677
7 0.49275550465505946 0.6501539289594613 0.49275550465505946 0.6341721455097606 0.5065087762673857 0.6341721455097606 0.5065087762673857 0.6501539289594613
4 0.29484279135066016 0.5871630038383443 0.30620741195386514 0.5871630038383443 0.30620741195386514 0.6013636530617698 0.29484279135066016 0.6013636530617698
13 0.34412014789577455 0.40147906499358793 0.34412014789577455 0.3831347739740667 0.3647268764724224 0.3831347739740667 0.3647268764724224 0.40147906499358793
13 0.4791715222485386 0.4009205124323169 0.4791715222485386 0.38257907401057994 0.4997762823460492 0.38257907401057994 0.4997762823460492 0.4009205124323169
2 0.49988513924234024 0.4009205124323169 0.49988513924234024 0.38257907401057994 0.7120499859844286 0.38257907401057994 0.7120499859844286 0.4009205124323169
2 0.5172001277936656 0.480948995273315 0.5172001277936656 0.4129780606008656 0.6382644490305633 0.4129780606008656 0.6382644490305633 0.480948995273315
2 0.29642207755650324 0.4007666113030778 0.29642207755650324 0.3824536988591835 0.3443055786305054 0.3824536988591835 0.3443055786305054 0.4007666113030778
4 0.7049496325243146 0.6018366972650684 0.6930911205055684 0.6018366972650684 0.6930911205055684 0.5867783205908023 0.7049496325243146 0.5867783205908023
