4 0.46217769106845896 0.33120222246589126 0.4621479670334862 0.35527174681399615 0.45322642588754786 0.35524976093839056 0.45325614992252067 0.33118023659028567
4 0.7071205205288752 0.48875888618997576 0.6435910059400827 0.48875888618997576 0.6435910059400827 0.4654816186947848 0.7071205205288752 0.4654816186947848
4 0.43590508899100483 0.5750968978764427 0.4272394501329117 0.5750968978764427 0.4272394501329117 0.5635095761011862 0.43590508899100483 0.5635095761011862
3 0.6538056902432725 0.47050726981066543 0.7069945870760683 0.47050726981066543 0.7069945870760683 0.48392707257231404 0.6538056902432725 0.48392707257231404
4 0.5343419886048679 0.3321469193613743 0.5343134456573776 0.3552759909228947 0.5242832570613284 0.35525122202506054 0.5243118000088188 0.33212215046354016
0 0.6542451039986897 0.5613622309374109 0.6542451039986897 0.1489683788839858 0.8235315539331788 0.1489683614900969 0.8235315539331788 0.5613622309374109
2 0.45268494648886315 0.25808207049061344 0.45268494648886315 0.14781135478635296 0.5716004758995162 0.14781135478635296 0.5716004758995162 0.25808207049061344
1 0.3449284300355271 0.6237646164327444 0.3449284300355271 0.6005927559044599 0.43121346502721225 0.6005927559044599 0.43121346502721225 0.6237646164327444
1 0.17275548841510657 0.304585363084212 0.17275548841510657 0.2828526729258692 0.212771630436152 0.2828526729258692 0.212771630436152 0.304585363084212
4 0.39365451399824886 0.6050441999590339 0.39365451399824886 0.5929523858292961 0.40197542294742744 0.5929523858292961 0.40197542294742744 0.6050441999590339
13 0.6233158676741081 0.7303077521640781 0.6233158676741081 0.6916842739206327 0.6459242442614896 0.6916842739206327 0.6459242442614896 0.7303077521640781
13 0.6230639023445373 0.6381447705899117 0.6230639023445373 0.5995240753686948 0.6456722789319189 0.5995240753686948 0.6456722789319189 0.6381447705899117
13 0.6539730109699405 0.5888287122176902 0.6539730109699405 0.5622171753660231 0.673211056002444 0.5622171753660231 0.673211056002444 0.5888287122176902
13 0.6730356645113132 0.5833570817896837 0.6730356645113132 0.5619464568787403 0.6899617307970923 0.5619464568787403 0.6899617307970923 0.5833570817896837
2 0.6527887739209585 0.5966016237264891 0.5721154792538047 0.5966016237264891 0.5721154792538047 0.15069961004292534 0.6527887739209585 0.15069961004292534
