7 0.5980487647399718 0.14976061834301083 0.5980487647399718 0.14053291675201268 0.6053759362086777 0.14053291675201268 0.6053759362086777 0.14976061834301083
7 0.18453538429830804 0.5656910480750392 0.18453538429830804 0.5564605286740346 0.19707518694646367 0.5564605286740346 0.19707518694646367 0.5656910480750392
7 0.1561318297367907 0.575708153921167 0.1561318297367907 0.5664804871179467 0.16867163238494634 0.5664804871179467 0.16867163238494634 0.575708153921167
7 0.06147954041523886 0.566238225032951 0.06147954041523886 0.5570077056319465 0.07040918923462382 0.5570077056319465 0.07040918923462382 0.566238225032951
7 0.27620842965757914 0.5754659266239491 0.27620842965757914 0.5662382598207288 0.2887482323057347 0.5662382598207288 0.2887482323057347 0.5754659266239491
7 0.23721224279851594 0.5919806240426404 0.23721224279851594 0.5827529572394201 0.24563595557063847 0.5827529572394201 0.24563595557063847 0.5919806240426404
7 0.09471050094053933 0.6241376805624822 0.09415283080095053 0.6149409053059989 0.11234452459654051 0.612736055945426 0.11290219473612931 0.6219328312019093
7 0.3340455700951799 0.5810715247844828 0.3340455700951799 0.5718438579812625 0.34214876525177634 0.5718438579812625 0.34214876525177634 0.5810715247844828
7 0.3208768383626663 0.6369307467182602 0.3208768383626663 0.6277030799150399 0.32898608659260986 0.6277030799150399 0.32898608659260986 0.6369307467182602
7 0.4670026302818232 0.5815075200043638 0.4670026302818232 0.5722798532011435 0.47954243292997883 0.5722798532011435 0.47954243292997883 0.5815075200043638
7 0.45626482264790363 0.5665317643025078 0.45626482264790363 0.5573040974992876 0.4688066921991534 0.5573040974992876 0.4688066921991534 0.5665317643025078
7 0.45354566399163476 0.5185665153444714 0.45354566399163476 0.5093359959434668 0.4660854666397904 0.5093359959434668 0.4660854666397904 0.5185665153444714
7 0.07795000835619394 0.8106269564646267 0.07795000835619394 0.8013992896614064 0.08574883972918451 0.8013992896614064 0.08574883972918451 0.8106269564646267
7 0.14830075221493272 0.6817897254158949 0.14830075221493272 0.6725591364393345 0.16084055486308835 0.6725591364393345 0.16084055486308835 0.6817897254158949
7 0.06310623005930634 0.8744171655697849 0.06310623005930634 0.8651894987665646 0.07177987816688923 0.8651894987665646 0.07177987816688923 0.8744171655697849
7 0.0758718049615123 0.8756768310059846 0.0758718049615123 0.8664491642027643 0.08365248941745616 0.8664491642027643 0.08365248941745616 0.8756768310059846
7 0.14800443458980045 0.8756768310059846 0.14800443458980045 0.8664462420294243 0.16054423723795605 0.8664462420294243 0.16054423723795605 0.8756768310059846
7 0.1352388719905891 0.8849102725803292 0.1352388719905891 0.8756796836037689 0.14777867463874472 0.8756796836037689 0.14777867463874472 0.8849102725803292
7 0.22170126695254233 0.8843174888456469 0.22170126695254233 0.8750868998690866 0.23073978497121297 0.8750868998690866 0.23073978497121297 0.8843174888456469
7 0.2651965359097838 0.8752806677917497 0.2651965359097838 0.8660530009885294 0.27773633855793944 0.8660530009885294 0.27773633855793944 0.8752806677917497
7 0.22801452402961853 0.7533057433786335 0.22801452402961853 0.7440780765754132 0.2369683482334081 0.7440780765754132 0.2369683482334081 0.7533057433786335
7 0.22028221494847308 0.7972242692896837 0.22028221494847308 0.7879966024864634 0.22838137472283815 0.7879966024864634 0.22838137472283815 0.7972242692896837
7 0.23259423995445727 0.7968196178576518 0.23259423995445727 0.7875919510544315 0.24041525362672597 0.7875919510544315 0.24041525362672597 0.7968196178576518
7 0.3082060088219361 0.8656340865675762 0.3082060088219361 0.856403497591016 0.3163676678089095 0.856403497591016 0.3163676678089095 0.8656340865675762
7 0.3162023893793464 0.6733456880966799 0.3162023893793464 0.6641150991201197 0.32445071066033815 0.6641150991201197 0.32445071066033815 0.6733456880966799
7 0.31391253141692704 0.6943944505423554 0.31391253141692704 0.6851638615657951 0.3211650975263304 0.6851638615657951 0.3211650975263304 0.6943944505423554
7 0.3187381595979893 0.7132345369718937 0.3187381595979893 0.7040039479953334 0.3228381571570752 0.7040039479953334 0.3228381571570752 0.7132345369718937
7 0.42618828227360916 0.8945197700333072 0.42618828227360916 0.8852921032300869 0.44188670654542933 0.8852921032300869 0.44188670654542933 0.8945197700333072
7 0.4661277889412417 0.8759019775042747 0.4661277889412417 0.8666713885277144 0.4786675915893973 0.8666713885277144 0.4786675915893973 0.8759019775042747
7 0.46469665539646743 0.8657822825012468 0.46469665539646743 0.8565516935246865 0.47723645804462306 0.8565516935246865 0.47723645804462306 0.8657822825012468
7 0.5116367628439327 0.8850783671229339 0.5116367628439327 0.8758477781463736 0.5269905064188167 0.8758477781463736 0.5269905064188167 0.8850783671229339
7 0.6260330578512396 0.8659817556194784 0.6260330578512396 0.8567540888162581 0.640475690857438 0.8567540888162581 0.640475690857438 0.8659817556194784
7 0.6683289816821205 0.8658734264792319 0.6683289816821205 0.8566457596760116 0.6808687843302762 0.8566457596760116 0.6808687843302762 0.8658734264792319
7 0.6711448910879863 0.8754802104855371 0.6711448910879863 0.8662496215089769 0.6836867606392361 0.8662496215089769 0.6836867606392361 0.8754802104855371
7 0.7094033165723896 0.8656397917631448 0.7094033165723896 0.8564092027865845 0.7178593124023634 0.8564092027865845 0.7178593124023634 0.8656397917631448
7 0.7560915079022626 0.8758621107108506 0.7560915079022626 0.8666315217342904 0.7686313105504182 0.8666315217342904 0.7686313105504182 0.8758621107108506
7 0.7579964051633995 0.8628583697723711 0.7579964051633995 0.8536307029691508 0.7797419973449153 0.8536307029691508 0.7797419973449153 0.8628583697723711
7 0.6637432126839347 0.8111171162546309 0.6637432126839347 0.8018894494514106 0.6762830153320903 0.8018894494514106 0.6762830153320903 0.8111171162546309
7 0.6038480519143066 0.8114078029264036 0.6038480519143066 0.8021772139498433 0.6125176277306743 0.8021772139498433 0.6125176277306743 0.8114078029264036
7 0.5489215785470419 0.8116471428380593 0.5489215785470419 0.802419476034839 0.5614613811951975 0.802419476034839 0.5614613811951975 0.8116471428380593
7 0.6223100240469411 0.7285751121001354 0.6223100240469411 0.7193445231235751 0.6306994852820752 0.7193445231235751 0.6306994852820752 0.7285751121001354
7 0.6536605641188773 0.7283698642107794 0.6536605641188773 0.7191421974075591 0.661338420145888 0.7191421974075591 0.661338420145888 0.7283698642107794
7 0.6944587705981657 0.7281704606681034 0.6944587705981657 0.7189398716915432 0.7069985732463213 0.7189398716915432 0.7069985732463213 0.7281704606681034
7 0.5202862601731002 0.6751182645296024 0.5202862601731002 0.6658905977263821 0.5422495661471981 0.6658905977263821 0.5422495661471981 0.6751182645296024
7 0.5205140132092824 0.6414448783485324 0.5205140132092824 0.6322142893719721 0.5426527106745112 0.6322142893719721 0.5426527106745112 0.6414448783485324
7 0.602676856039609 0.5808264448894807 0.602676856039609 0.5715987780862604 0.6106429958362729 0.5715987780862604 0.6106429958362729 0.5808264448894807
7 0.6559826313211802 0.5699914435981583 0.6559826313211802 0.560763776794938 0.6648256301495414 0.560763776794938 0.6648256301495414 0.5699914435981583
7 0.6943781613774944 0.4185579853813408 0.6943781613774944 0.40932746598033626 0.7069179640256501 0.40932746598033626 0.7069179640256501 0.4185579853813408
7 0.7032533940517285 0.40904530231413866 0.7032533940517285 0.3998147829131341 0.711489609186026 0.3998147829131341 0.711489609186026 0.40904530231413866
7 0.6794900123305533 0.40944995374617055 0.6794900123305533 0.40022228694295026 0.6883087988655261 0.40022228694295026 0.6883087988655261 0.40944995374617055
7 0.6230336861897803 0.3530122458544101 0.6230336861897803 0.3437845790511898 0.6314049389928946 0.3437845790511898 0.6314049389928946 0.3530122458544101
7 0.6536907802736344 0.3523368411473176 0.6536907802736344 0.3431091743440973 0.6617013092748438 0.3431091743440973 0.6617013092748438 0.3523368411473176
7 0.6915077743115048 0.3523368411473176 0.6915077743115048 0.3431091743440973 0.699879027114619 0.3431091743440973 0.699879027114619 0.3523368411473176
7 0.672678877667683 0.32624677308572597 0.672678877667683 0.3170162536847214 0.6805482667147501 0.3170162536847214 0.6805482667147501 0.32624677308572597
7 0.6890807871711853 0.3299002550918175 0.6890807871711853 0.3206697356908129 0.6979439629107035 0.3206697356908129 0.6979439629107035 0.3299002550918175
7 0.7058818550317476 0.3273696181916144 0.7058818550317476 0.31814195138839413 0.7135456364329268 0.31814195138839413 0.7135456364329268 0.3273696181916144
7 0.6877887758894377 0.31781132834764175 0.6877887758894377 0.30858366154442146 0.7003285785375932 0.30858366154442146 0.7003285785375932 0.31781132834764175
7 0.656349506620389 0.31722710240631236 0.656349506620389 0.3079965830053078 0.6704293489215883 0.3079965830053078 0.6704293489215883 0.31722710240631236
7 0.6167950344720067 0.30760612498664147 0.6167950344720067 0.2983784581834212 0.6252166803410351 0.2983784581834212 0.6252166803410351 0.30760612498664147
7 0.6365490670983672 0.30663436319998577 0.6365490670983672 0.2974066963967655 0.6456561374029933 0.2974066963967655 0.6456561374029933 0.30663436319998577
7 0.589653299643469 0.31416355153711883 0.589653299643469 0.30493588473389854 0.613021607601794 0.30493588473389854 0.613021607601794 0.31416355153711883
7 0.5896512819523534 0.30372182607446924 0.5896512819523534 0.2944913066734647 0.6137068844014564 0.2944913066734647 0.6137068844014564 0.30372182607446924
7 0.5896512819523534 0.2932772828018132 0.5896512819523534 0.284049581210815 0.6142108150605977 0.284049581210815 0.6142108150605977 0.2932772828018132
7 0.7887522676879661 0.37029352674595684 0.7887522676879661 0.36106585994273654 0.810743821337684 0.36106585994273654 0.810743821337684 0.37029352674595684
7 0.7886091592546866 0.23457109870377957 0.7886091592546866 0.22534339711278142 0.8112880073951825 0.22534339711278142 0.8112880073951825 0.23457109870377957
7 0.6670670881311731 0.23548589550419458 0.6670670881311731 0.22625819391319643 0.6914936504736948 0.22625819391319643 0.6914936504736948 0.23548589550419458
7 0.691185239004863 0.23042747430157273 0.691185239004863 0.22119692011279032 0.7156118013473846 0.22119692011279032 0.7156118013473846 0.23042747430157273
7 0.6662769406054727 0.22293815275786372 0.6662769406054727 0.21371045116686557 0.6907035029479943 0.21371045116686557 0.6907035029479943 0.22293815275786372
7 0.5917334899717799 0.2079965760477522 0.5917334899717799 0.1987660218589698 0.6161600523143016 0.1987660218589698 0.6161600523143016 0.2079965760477522
7 0.5826970388562034 0.14946993167123823 0.5826970388562034 0.1402422300802401 0.5900221434218151 0.1402422300802401 0.5900221434218151 0.14946993167123823
7 0.5943378370823674 0.13927045089969542 0.5943378370823674 0.130039896710913 0.6016650085510734 0.130039896710913 0.6016650085510734 0.13927045089969542
7 0.5669784376732262 0.25116272929320144 0.5669784376732262 0.24193502770220326 0.5813545360845848 0.24193502770220326 0.5813545360845848 0.25116272929320144
7 0.705752870436278 0.21717583565808457 0.705752870436278 0.20794813406708643 0.7130800419049839 0.20794813406708643 0.7130800419049839 0.21717583565808457
7 0.7574642268286383 0.6588116328102736 0.7574642268286383 0.6495839660070533 0.7799032157862578 0.6495839660070533 0.7799032157862578 0.6588116328102736
7 0.02995263076410061 0.7603776115880593 0.023425719882662895 0.7603776115880593 0.023425719882662895 0.7433385579937304 0.02995263076410061 0.7433385579937304
7 0.036077405963783137 0.759296059574487 0.029548477391229715 0.759296059574487 0.029548477391229715 0.7324764918112354 0.036077405963783137 0.7324764918112354
7 0.04311530019602115 0.75170557517277 0.03658838931458344 0.75170557517277 0.03658838931458344 0.7248860074095184 0.04311530019602115 0.7248860074095184
7 0.03665793199160483 0.6658392509662653 0.030131021110167116 0.6658392509662653 0.030131021110167116 0.6560302108194999 0.03665793199160483 0.6560302108194999
7 0.03636363820908556 0.8470048836474067 0.02983672732764784 0.8470048836474067 0.02983672732764784 0.8348532345397549 0.03636363820908556 0.8348532345397549
7 0.043521468184259095 0.8297207153702978 0.03699455730282138 0.8297207153702978 0.03699455730282138 0.817569066262646 0.043521468184259095 0.817569066262646
7 0.1012376517303719 0.8471473743855087 0.09471074084893419 0.8471473743855087 0.09471074084893419 0.8349957252778569 0.1012376517303719 0.8349957252778569
7 0.1794779307898483 0.83764891951945 0.1729510199084106 0.83764891951945 0.1729510199084106 0.8254972704117982 0.1794779307898483 0.8254972704117982
7 0.1910733678748929 0.8133641979775221 0.1845464569934552 0.8133641979775221 0.1845464569934552 0.8012097658476418 0.1910733678748929 0.8012097658476418
7 0.197802859865545 0.8323881030252565 0.19127393129299158 0.8323881030252565 0.19127393129299158 0.8202336708953761 0.197802859865545 0.8202336708953761
7 0.19794497175626133 0.803851480122542 0.19141806087482363 0.803851480122542 0.19141806087482363 0.7916970479926617 0.19794497175626133 0.7916970479926617
7 0.19780185101998715 0.7860401378597891 0.19127494013854943 0.7860401378597891 0.19127494013854943 0.7738857057299088 0.19780185101998715 0.7738857057299088
7 0.1624450745108723 0.819837577256697 0.1559161459383189 0.819837577256697 0.1559161459383189 0.8014192578458963 0.1624450745108723 0.8014192578458963
7 0.2576919798648206 0.8321573209069536 0.2511630758982564 0.8321573209069536 0.2511630758982564 0.8200028887770733 0.2576919798648206 0.8200028887770733
7 0.25110864745011086 0.8276404062544528 0.24458176117466238 0.8276404062544528 0.24458176117466238 0.8207495040654389 0.25110864745011086 0.8207495040654389
7 0.19408586683159898 0.6526588576918282 0.18755693825904557 0.6526588576918282 0.18755693825904557 0.6318124905377244 0.19408586683159898 0.6318124905377244
7 0.202961099505833 0.6447677373138715 0.19643217093327958 0.6447677373138715 0.19643217093327958 0.6326133051839912 0.202961099505833 0.6326133051839912
7 0.20839951524232767 0.6467911336251425 0.20187260436088994 0.6467911336251425 0.20187260436088994 0.6346394845174907 0.20839951524232767 0.6346394845174907
7 0.33945372046493905 0.6600655234753491 0.3329248164983748 0.6600655234753491 0.3329248164983748 0.6479110913454688 0.33945372046493905 0.6479110913454688
7 0.3515369835891831 0.7603177766101453 0.3450080796226189 0.7603177766101453 0.3450080796226189 0.7481661275024936 0.3515369835891831 0.7481661275024936
7 0.43868674685988207 0.8375505396836705 0.43215986058443356 0.8375505396836705 0.43215986058443356 0.8253961075537902 0.43868674685988207 0.8253961075537902
7 0.4450443439295253 0.825162472837703 0.43851539075098267 0.825162472837703 0.43851539075098267 0.8130108237300513 0.4450443439295253 0.8130108237300513
7 0.43851539075098267 0.8067070000801511 0.43198850447553416 0.8067070000801511 0.43198850447553416 0.7945525679502707 0.43851539075098267 0.7945525679502707
7 0.551598464113838 0.8239755138572242 0.5450715778383894 0.8239755138572242 0.5450715778383894 0.8118238647495726 0.551598464113838 0.8118238647495726
7 0.5580407549983623 0.8274180427783913 0.5515118018198196 0.8274180427783913 0.5515118018198196 0.8152636106485109 0.5580407549983623 0.8152636106485109
7 0.4441301822181768 0.7400911885063408 0.4376032959427283 0.7400911885063408 0.4376032959427283 0.7239440935362639 0.4441301822181768 0.7239440935362639
7 0.44416246527602804 0.6678683524731048 0.4376335120974854 0.6678683524731048 0.4376335120974854 0.6557139203432245 0.44416246527602804 0.6557139203432245
7 0.5108042930167809 0.7262610291170918 0.5042753398382382 0.7262610291170918 0.5042753398382382 0.7084469038321103 0.5108042930167809 0.7084469038321103
7 0.4622032320852651 0.7063835711518595 0.4622032320852651 0.6971529821752992 0.47500503930659144 0.6971529821752992 0.47500503930659144 0.7063835711518595
7 0.5445888083299738 0.7549999777358222 0.5380598551514312 0.7549999777358222 0.5380598551514312 0.7371829302775007 0.5445888083299738 0.7371829302775007
7 0.5517456079293489 0.7412368196067256 0.5452187216539004 0.7412368196067256 0.5452187216539004 0.7234197721484041 0.5517456079293489 0.7234197721484041
7 0.5749354732538803 0.7246408927267384 0.5684085869784318 0.7246408927267384 0.5684085869784318 0.7068267674417569 0.5749354732538803 0.7068267674417569
7 0.7433138145503678 0.7670247906054075 0.7367869282749193 0.7670247906054075 0.7367869282749193 0.749207743147086 0.7433138145503678 0.749207743147086
7 0.7428865069416448 0.6935565521248931 0.7363575537631022 0.6935565521248931 0.7363575537631022 0.6757424268399117 0.7428865069416448 0.6757424268399117
7 0.7172605994727626 0.7811912086554218 0.710733713197314 0.7811912086554218 0.710733713197314 0.7702422426038401 0.7172605994727626 0.7702422426038401
7 0.7432967379938521 0.8264249212961314 0.7367677848153095 0.8264249212961314 0.7367677848153095 0.8154759552445497 0.7432967379938521 0.8154759552445497
7 0.7121134694366055 0.8026346036531063 0.7055865831611571 0.8026346036531063 0.7055865831611571 0.7949373207733684 0.7121134694366055 0.7949373207733684
7 0.9589144939906269 0.8269635056729125 0.9523856392360411 0.8269635056729125 0.9523856392360411 0.8160145396213309 0.9589144939906269 0.8160145396213309
7 0.9656571255795202 0.7559062689245512 0.9591282708249345 0.7559062689245512 0.9591282708249345 0.7379010891635793 0.9656571255795202 0.7379010891635793
7 0.9587844759436102 0.728347113004061 0.9522575896681617 0.728347113004061 0.9522575896681617 0.7103419332430893 0.9587844759436102 0.7103419332430893
7 0.972393654883088 0.5504830491682103 0.9658648001285023 0.5504830491682103 0.9658648001285023 0.5324779389827943 0.972393654883088 0.5324779389827943
7 0.9658083047772626 0.5172912301960139 0.9592814185018141 0.5172912301960139 0.9592814185018141 0.4992832674128135 0.9658083047772626 0.4992832674128135
7 0.9659302520598165 0.3138728996531241 0.9594013973052308 0.3138728996531241 0.9594013973052308 0.29586493686992377 0.9659302520598165 0.29586493686992377
7 0.7827121370911863 0.6038942551741949 0.7761852508157377 0.6038942551741949 0.7761852508157377 0.5454018071833143 0.7827121370911863 0.5454018071833143
7 0.709107011250252 0.5450156628491023 0.709107011250252 0.5357851434480978 0.7179500100786131 0.5357851434480978 0.7179500100786131 0.5450156628491023
7 0.6204676259984127 0.5338415502992305 0.6204676259984127 0.5246138834960102 0.6293106248267738 0.5246138834960102 0.6293106248267738 0.5338415502992305
7 0.6139387220318484 0.5197577532216265 0.6139387220318484 0.5105272338206219 0.6227817208602097 0.5105272338206219 0.6227817208602097 0.5197577532216265
7 0.6172041828606883 0.5683299793277109 0.6172041828606883 0.5591023125244906 0.6260471816890496 0.5591023125244906 0.6260471816890496 0.5683299793277109
7 0.6259645055652843 0.5542433644401005 0.6259645055652843 0.5450156976368802 0.6348075043936454 0.5450156976368802 0.6348075043936454 0.5542433644401005
7 0.629743985508844 0.5685722414127066 0.629743985508844 0.5593445746094863 0.6385869843372052 0.5593445746094863 0.6385869843372052 0.5685722414127066
7 0.6276798874974804 0.5792590467703583 0.6276798874974804 0.570031379967138 0.6416851244393772 0.570031379967138 0.6416851244393772 0.5792590467703583
7 0.6663314182655966 0.5452578901463202 0.6663314182655966 0.5360302233430999 0.6779278272872152 0.5360302233430999 0.6779278272872152 0.5452578901463202
7 0.6725136238441091 0.5353006540658841 0.6725136238441091 0.5260701346648796 0.6841100328657277 0.5260701346648796 0.6841100328657277 0.5353006540658841
7 0.6972082438331486 0.6303619097766457 0.6906792906546059 0.6303619097766457 0.6906792906546059 0.49027361561342264 0.6972082438331486 0.49027361561342264
7 0.6863848073567577 0.6374081046060132 0.6798579210813092 0.6374081046060132 0.6798579210813092 0.6260173337756484 0.6863848073567577 0.6260173337756484
7 0.6867294880536938 0.6138543438524152 0.6802005348751512 0.6138543438524152 0.6802005348751512 0.6024664951953904 0.6867294880536938 0.6024664951953904
7 0.6863837739052107 0.5936962180954332 0.6798568876297622 0.5936962180954332 0.6798568876297622 0.5823083694384084 0.6863837739052107 0.5823083694384084
7 0.7321185323649466 0.4636420410017099 0.7255916460894981 0.4636420410017099 0.7255916460894981 0.4522541923446851 0.7321185323649466 0.4522541923446851
7 0.7383027556345747 0.4279424406993624 0.7317738024560321 0.4279424406993624 0.7317738024560321 0.4165517394445533 0.7383027556345747 0.4165517394445533
7 0.7322908727134146 0.4150683885967334 0.725761919534872 0.4150683885967334 0.725761919534872 0.39834569505423556 0.7322908727134146 0.39834569505423556
7 0.7383017221830276 0.3725690996589128 0.7317748359075791 0.3725690996589128 0.7317748359075791 0.3611783984041037 0.7383017221830276 0.3611783984041037
7 0.6431354506557397 0.4031675593674302 0.6366064974771971 0.4031675593674302 0.6366064974771971 0.3842505223732723 0.6431354506557397 0.3842505223732723
7 0.7388540774289458 0.31748787158912795 0.7323251242504032 0.31748787158912795 0.7323251242504032 0.30610002293210314 0.7388540774289458 0.30610002293210314
7 0.7388530439773987 0.2600740882262575 0.7323261577019502 0.2600740882262575 0.7323261577019502 0.2486862395692327 0.7388530439773987 0.2486862395692327
7 0.7320510135305383 0.23646764138309526 0.7255220603519955 0.23646764138309526 0.7255220603519955 0.22507979272607045 0.7320510135305383 0.22507979272607045
7 0.7825549540320752 0.3142818647696103 0.7760260008535326 0.3142818647696103 0.7760260008535326 0.29501138395242593 0.7825549540320752 0.29501138395242593
7 0.5747036848354666 0.4428683455155493 0.5681767985600181 0.4428683455155493 0.5681767985600181 0.42566398040084424 0.5747036848354666 0.42566398040084424
7 0.5582130953468303 0.4562169029081469 0.5516841421682877 0.4562169029081469 0.5516841421682877 0.4390153903912261 0.5582130953468303 0.4390153903912261
7 0.5513414299504888 0.46641921888358506 0.5448145436750403 0.46641921888358506 0.5448145436750403 0.44921485376888004 0.5513414299504888 0.44921485376888004
7 0.5448125259839246 0.449174986975456 0.5382856397084761 0.449174986975456 0.5382856397084761 0.4319706218607509 0.5448125259839246 0.4319706218607509
7 0.5578865246579571 0.6455101084933386 0.5513575714794144 0.6455101084933386 0.5513575714794144 0.6214006477762539 0.5578865246579571 0.6214006477762539
7 0.5748245986664735 0.6210558313221359 0.568297712391025 0.6210558313221359 0.568297712391025 0.6087532032585851 0.5748245986664735 0.6087532032585851
7 0.5511933018954092 0.6673012421184811 0.5446664156199607 0.6673012421184811 0.5446664156199607 0.6559874218527358 0.5511933018954092 0.6559874218527358
7 0.5514653949241585 0.2603562344985662 0.54493850864871 0.2603562344985662 0.54493850864871 0.25002280338838523 0.5514653949241585 0.25002280338838523
7 0.5647782685414987 0.26663294107562696 0.5582513822660502 0.26663294107562696 0.5582513822660502 0.25630236256323025 0.5647782685414987 0.25630236256323025
7 0.5589094940536182 0.27918209272696104 0.5523805408750756 0.27918209272696104 0.5523805408750756 0.2724935858295187 0.5589094940536182 0.2724935858295187
7 0.5577635439238561 0.22898974762441224 0.5512366576484076 0.22898974762441224 0.5512366576484076 0.2115631233969792 0.5577635439238561 0.2115631233969792
7 0.564492002462961 0.19226133357972358 0.5579651161875125 0.19226133357972358 0.5579651161875125 0.16877600038517027 0.564492002462961 0.16877600038517027
7 0.686887704564352 0.19166999353782238 0.6803608182889035 0.19166999353782238 0.6803608182889035 0.17948988802788365 0.686887704564352 0.17948988802788365
7 0.6876043293942753 0.21351238695363708 0.6810753762157327 0.21351238695363708 0.6810753762157327 0.20255201051091834 0.6876043293942753 0.20255201051091834
7 0.7323896411541272 0.17404246989326552 0.7258627548786787 0.17404246989326552 0.7258627548786787 0.1566158456658325 0.7323896411541272 0.1566158456658325
7 0.7384549190718858 0.18163152799609042 0.7319280327964373 0.18163152799609042 0.7319280327964373 0.16420490376865737 0.7384549190718858 0.16420490376865737
7 0.6486363656048427 0.7229794980318467 0.6421094793293943 0.7229794980318467 0.6421094793293943 0.7055529085921916 0.6486363656048427 0.7055529085921916
2 0.24002017986387572 0.85057278771997 0.24002017986387572 0.817298417350919 0.9453618104023886 0.817298417350919 0.9453618104023886 0.85057278771997
2 0.6138349339693359 0.27572385712409164 0.6373684957512347 0.27572385712409164 0.6373684957512347 0.7923325511185523 0.6138349339693359 0.7923325511185523
2 0.6375932468567325 0.2738757564254417 0.675434403976013 0.2738757564254417 0.675434403976013 0.7909832027910373 0.6375932468567325 0.7909832027910373
2 0.6760542288443611 0.27434737432984824 0.717644649752444 0.27434737432984824 0.717644649752444 0.791457708081006 0.6760542288443611 0.791457708081006
4 0.24369683137850232 0.6581248524998219 0.24369683137850232 0.6266485927926404 0.2577141744670933 0.6266485927926404 0.2577141744670933 0.6581248524998219
4 0.3365188411012145 0.7018523935104375 0.3365188411012145 0.6805842593375961 0.3476516732860058 0.6805842593375961 0.3476516732860058 0.7018523935104375
4 0.3641423119866206 0.7033058268693003 0.3641423119866206 0.6456112713513465 0.37218300793060877 0.6456112713513465 0.37218300793060877 0.7033058268693003
4 0.569957681635507 0.7037617554858934 0.569957681635507 0.645086880387931 0.5777867168602601 0.645086880387931 0.5777867168602601 0.7037617554858934
4 0.5867909833419421 0.7027927767214662 0.5867909833419421 0.6803020608836207 0.5965128096811378 0.6803020608836207 0.5965128096811378 0.7027927767214662
4 0.6027676029278372 0.6925904955338059 0.6027676029278372 0.6747163961197991 0.608365268626537 0.6747163961197991 0.608365268626537 0.6925904955338059
4 0.648451968321659 0.4828440942598497 0.648451968321659 0.46147904133789897 0.654001209433582 0.46147904133789897 0.654001209433582 0.4828440942598497
4 0.6673009434526809 0.4819891846190154 0.6673009434526809 0.46130805940973213 0.6728482160854666 0.46130805940973213 0.6728482160854666 0.4819891846190154
4 0.6867446453430508 0.48216013175940436 0.6867446453430508 0.46130805940973213 0.6919370996113435 0.46130805940973213 0.6919370996113435 0.48216013175940436
4 0.8893912557007155 0.3707609005414648 0.8893912557007155 0.2766799818046007 0.9083652292569543 0.2766799991984896 0.9083652292569543 0.3707609005414648
4 0.6837734229332544 0.3948133440906419 0.6837734229332544 0.3587090575684846 0.6946986789930205 0.3587090575684846 0.6946986789930205 0.3948133440906419
4 0.6434852001864544 0.6109433026013465 0.6220802533196432 0.6109433026013465 0.6220802533196432 0.6020433366655387 0.6434852001864544 0.6020433366655387
4 0.6401138843920077 0.6687360988039683 0.6191403297281294 0.6687360988039683 0.6191403297281294 0.6525606170071602 0.6401138843920077 0.6525606170071602
4 0.6401834209175318 0.720196614954403 0.6192098662536535 0.720196614954403 0.6192098662536535 0.7040182109842548 0.6401834209175318 0.7040182109842548
4 0.6399334732790768 0.7807751468322528 0.6189599186151985 0.7807751468322528 0.6189599186151985 0.7645967428621046 0.6399334732790768 0.7645967428621046
4 0.7328673418287643 0.45230407801813194 0.7118937871648862 0.45230407801813194 0.7118937871648862 0.436128526645768 0.7328673418287643 0.436128526645768
4 0.6712971037372758 0.3021672646453762 0.6609322736878905 0.3021672646453762 0.6609322736878905 0.29307923598247365 0.6712971037372758 0.29307923598247365
4 0.6586162103469563 0.25960815812353055 0.618575868335517 0.25960815812353055 0.618575868335517 0.25240667065380984 0.6586162103469563 0.25240667065380984
4 0.6644648571356582 0.21127956821966729 0.6278512436063798 0.21127956821966729 0.6278512436063798 0.20310628417551296 0.6644648571356582 0.20310628417551296
4 0.6645474840474451 0.22183814582813835 0.6279338705181667 0.22183814582813835 0.6279338705181667 0.21366486178398403 0.6645474840474451 0.21366486178398403
4 0.635014096279102 0.18495725695310272 0.6069915162486141 0.18495725695310272 0.6069915162486141 0.17482615155893774 0.635014096279102 0.17482615155893774
4 0.6350080432057549 0.19878169375289434 0.6068202093516932 0.19878169375289434 0.6068202093516932 0.18818324935099923 0.6350080432057549 0.18818324935099923
4 0.6654646476894779 0.1226588782166171 0.6288510341601996 0.1226588782166171 0.6288510341601996 0.1144856115663517 0.6654646476894779 0.1144856115663517
4 0.08233824047295467 0.8237418095655814 0.08233824047295467 0.8430520876006341 0.07655714942764501 0.8430520876006341 0.07655714942764501 0.8237418095655814
4 0.2139145540292406 0.6560473264062054 0.2139145540292406 0.6775919538374537 0.2059806480784494 0.6775919538374537 0.2059806480784494 0.6560473264062054
4 0.22905461919377393 0.76489598732723 0.22905461919377393 0.7815902244674409 0.2232735404514589 0.7815902244674409 0.2232735404514589 0.76489598732723
4 0.24308404382306995 0.7646965142089983 0.24308404382306995 0.7815901548918851 0.2373009473896392 0.7815901548918851 0.2373009473896392 0.7646965142089983
4 0.22802660557032353 0.800712439775399 0.22802660557032353 0.8228355183768524 0.22224552682800847 0.8228355183768524 0.22224552682800847 0.800712439775399
4 0.8075307712658738 0.6111884172841265 0.8075307712658738 0.6605756514498433 0.7990203469877545 0.6605756514498433 0.7990203469877545 0.6111884172841265
4 0.8173171145087936 0.7983984263679111 0.8173171145087936 0.8133855576731263 0.8129429570178643 0.8133855576731263 0.8129429570178643 0.7983984263679111
4 0.6973029768916297 0.7795526347428042 0.6973029768916297 0.7988629127778569 0.6915218489373363 0.7988629127778569 0.6915218489373363 0.7795526347428042
4 0.6586313184243349 0.779831841447884 0.6586313184243349 0.7991450416562768 0.6528501904700413 0.7991450416562768 0.6528501904700413 0.779831841447884
4 0.29620136183323675 0.6974879189005059 0.31892863456050946 0.6974879189005059 0.31892863456050946 0.7135380255459176 0.29620136183323675 0.7135380255459176
4 0.29557447504598366 0.7450741202310132 0.3183017477732564 0.7450741202310132 0.3183017477732564 0.7611242268764249 0.29557447504598366 0.7611242268764249
4 0.20509979057350458 0.8586663033894985 0.21666198496711853 0.8586663033894985 0.21666198496711853 0.8662126073133372 0.20509977827050999 0.8662126073133372
4 0.31492440351145184 0.660929025697314 0.31492440351145184 0.6450385253767099 0.32064101456202126 0.6450385253767099 0.32064101456202126 0.660929025697314
4 0.3042128750740148 0.6521744030973924 0.3131102531385431 0.6521744030973924 0.3131102531385431 0.6586150122898261 0.3042128750740148 0.6586150122898261
