7 0.32640870911899184 0.37506126127680606 0.32640870911899184 0.3707495249381056 0.33423218117851927 0.3707495249381056 0.33423218117851927 0.37506126127680606 ""
7 0.6878879582483122 0.6229580965909091 0.6878879582483122 0.6186463602522086 0.6990729642942614 0.6186463602522086 0.6990729642942614 0.6229580965909091 ""
7 0.647138270386185 0.6229580965909091 0.647138270386185 0.6186463602522086 0.6549616932436517 0.6186463602522086 0.6549616932436517 0.6229580965909091 ""
7 0.6165256338799879 0.6230977347312269 0.6165256338799879 0.6187887814147549 0.6243490567374547 0.6187887814147549 0.6243490567374547 0.6230977347312269 ""
7 0.5780572487624698 0.4013764758366878 0.5780572487624698 0.3970675225202159 0.5858806716199365 0.3970675225202159 0.5858806716199365 0.4013764758366878 ""
7 0.8505481503174124 0.5333826995092975 0.8505481503174124 0.529070963170597 0.8762595727529222 0.529070963170597 0.8762595727529222 0.5333826995092975 ""
7 0.7928819083629333 0.5178597668495298 0.7928819083629333 0.5135480305108293 0.8007053312204 0.5135480305108293 0.8007053312204 0.5178597668495298 ""
7 0.7691938714700474 0.5179766189953512 0.7691938714700474 0.5136648826566508 0.7770172943275141 0.5136648826566508 0.7770172943275141 0.5179766189953512 ""
7 0.7315921314490125 0.5178597668495298 0.7315921314490125 0.5135480305108293 0.7394155543064792 0.5135480305108293 0.7394155543064792 0.5178597668495298 ""
7 0.7536235349594418 0.513525244516333 0.7536235349594418 0.5092162911998611 0.7654171704957679 0.5092162911998611 0.7654171704957679 0.513525244516333 ""
7 0.7441797406382256 0.48670560717752565 0.7441797406382256 0.4823938708388252 0.7567916064433444 0.4823938708388252 0.7567916064433444 0.48670560717752565 ""
7 0.8944256623778214 0.4071274173331077 0.8944256623778214 0.4028184640166358 0.9196291227390669 0.4028184640166358 0.9196291227390669 0.4071274173331077 ""
7 0.8502539219946594 0.3274294531695284 0.8502539219946594 0.32311771683082785 0.8760176954227126 0.32311771683082785 0.8760176954227126 0.3274294531695284 ""
7 0.8943449709983373 0.36764318510214805 0.8943449709983373 0.3633314487634476 0.920072531709744 0.3633314487634476 0.920072531709744 0.36764318510214805 ""
7 0.7989358775128477 0.3615873635205899 0.7989358775128477 0.357278410204118 0.8107617896009673 0.357278410204118 0.8107617896009673 0.3615873635205899 ""
7 0.6940870242751159 0.30820179610688586 0.6940870242751159 0.30389284279041395 0.7076178861692614 0.30389284279041395 0.7076178861692614 0.30820179610688586 ""
7 0.7367876230445133 0.34699343846849173 0.7367876230445133 0.34268170212979127 0.7491334041055774 0.34268170212979127 0.7491334041055774 0.34699343846849173 ""
7 0.6890769752462464 0.3468252743503313 0.6890769752462464 0.3425135380116308 0.7000000295212364 0.3425135380116308 0.7000000295212364 0.3468252743503313 ""
7 0.6473357674576784 0.3468252743503313 0.6473357674576784 0.3425135380116308 0.6551551557461709 0.3425135380116308 0.6551551557461709 0.3468252743503313 ""
7 0.585792058708686 0.3753291271663045 0.585792058708686 0.37101739082760404 0.5936114469971786 0.37101739082760404 0.5936114469971786 0.3753291271663045 ""
7 0.585792058708686 0.3706069994122257 0.585792058708686 0.3662952630735252 0.5936114469971786 0.3662952630735252 0.5936114469971786 0.3706069994122257 ""
7 0.6894840730961558 0.4106354864277572 0.6894840730961558 0.4063237500890567 0.6973074959536225 0.4063237500890567 0.6973074959536225 0.4106354864277572 ""
7 0.6468279037875353 0.41024506319686876 0.6468279037875353 0.4059333268581683 0.654651326645002 0.4059333268581683 0.654651326645002 0.41024506319686876 ""
7 0.6494518496825876 0.4228355601221858 0.6494518496825876 0.41852382378348535 0.6572752725400545 0.41852382378348535 0.6572752725400545 0.4228355601221858 ""
7 0.6247400655135278 0.4230293628326268 0.6247400655135278 0.4187204095161549 0.6325634883709945 0.4187204095161549 0.6325634883709945 0.4230293628326268 ""
7 0.6120395375950978 0.4233228673144058 0.6120395375950978 0.4190111309757053 0.6198629604525645 0.4190111309757053 0.6198629604525645 0.4233228673144058 ""
7 0.6170092901362858 0.4106354864277572 0.6170092901362858 0.4063237500890567 0.6248327129937525 0.4063237500890567 0.6248327129937525 0.4106354864277572 ""
7 0.46135429065585953 0.4663379546345113 0.46135429065585953 0.46202621829581075 0.47343811994596435 0.46202621829581075 0.47343811994596435 0.4663379546345113 ""
7 0.3456428770767206 0.40524365916215443 0.3456428770767206 0.40093192282345397 0.3534623145672738 0.40093192282345397 0.3534623145672738 0.40524365916215443 ""
7 0.2507537263672662 0.4446708742252066 0.2507537263672662 0.44036192090873466 0.2585771984267936 0.44036192090873466 0.2585771984267936 0.4446708742252066 ""
7 0.19807739749833106 0.4597805976595896 0.19807739749833106 0.4554716443431177 0.21035873616044437 0.4554716443431177 0.21035873616044437 0.4597805976595896 ""
7 0.08195082308159198 0.4599372818110573 0.08195082308159198 0.4556255454723568 0.08977428284060422 0.4556255454723568 0.08977428284060422 0.4599372818110573 ""
7 0.06962515336282309 0.4599372818110573 0.06962515336282309 0.4556255454723568 0.07744861312183532 0.4556255454723568 0.07744861312183532 0.4599372818110573 ""
7 0.08393792825473599 0.4235337856115524 0.08393792825473599 0.4192248322950805 0.09176138801374824 0.4192248322950805 0.09176138801374824 0.4235337856115524 ""
7 0.3455058493377796 0.3753063411718082 0.3455058493377796 0.3709946048331077 0.35332932139730705 0.3709946048331077 0.35332932139730705 0.3753063411718082 ""
7 0.33233371966791364 0.37055854003767097 0.33233371966791364 0.3662468036989705 0.34015315715846683 0.3662468036989705 0.34015315715846683 0.37055854003767097 ""
7 0.6789968506745012 0.45841354235314546 0.6728985504679312 0.45840602819312837 0.6729137047026149 0.4522476174546701 0.6790120049091848 0.4522551316146872 ""
7 0.6771669276343965 0.3495805707199345 0.6710726619968007 0.34957305655991733 0.6710918508004585 0.3417901957466515 0.6771861164380543 0.3417977099066686 ""
7 0.6687207542951431 0.3691402771222214 0.6626224540885731 0.3691327629622043 0.6626416428922309 0.3613499021489384 0.6687399430988009 0.36135741630895557 ""
7 0.6682229278453748 0.3872935832413081 0.6621246276388049 0.387286069081291 0.6621397818734885 0.38115040954955115 0.6682380820800584 0.38115792370956825 ""
7 0.6176518690485188 0.32787918956166284 0.6115535688419488 0.32787167540164575 0.6115701991384522 0.3211461543085637 0.6176684993450222 0.3211536684685808 ""
7 0.5471555501498891 0.36344061281036266 0.5410612845122934 0.36343309865034557 0.5410749626851572 0.3579044858422093 0.5471692283227529 0.3579120000022264 ""
7 0.547354424879081 0.34067204699077375 0.5412601592414853 0.34066453283075665 0.5412831858058746 0.3313427998762112 0.5473774514434704 0.3313503140362283 ""
7 0.5282739149567967 0.34137448180126106 0.5221756147502267 0.34136696764124397 0.5222097609803255 0.32753117263198206 0.5283080611868954 0.32753868679199916 ""
7 0.27039750147999797 0.3154298266511114 0.2642991520713674 0.3154223124910943 0.2643183408750252 0.30763945167782847 0.2704166902836558 0.30764696583784557 ""
7 0.3634265190841017 0.320657803483008 0.3573322042444453 0.3206502893229909 0.3573513930481031 0.312867428509725 0.3634457078877595 0.3128749426697421 ""
7 0.36938983343724807 0.3306079428567612 0.3632914840286175 0.3306004286967441 0.3633106728322753 0.3228175678834782 0.3694090222409059 0.3228250820434953 ""
7 0.362743323870793 0.36846487241512893 0.3566449744621624 0.36845735825511183 0.35666416326582023 0.360674497441846 0.3627625126744508 0.3606820116018631 ""
7 0.3322354631527736 0.41018902008674124 0.326137113744143 0.41018150592672414 0.32615630254780076 0.40239864511345824 0.3322546519564314 0.40240615927347534 ""
7 0.3214741606522068 0.4446703176207609 0.31537581124357617 0.4446628034607438 0.3153900306391072 0.4389004863609647 0.32148838004773783 0.4389080005209818 ""
7 0.05402303847128804 0.4107575567402572 0.04792872978188923 0.4107500425802401 0.047947943186577364 0.4029671817669742 0.054042251875976166 0.4029746959269913 ""
7 0.7090931115540609 0.7767483223942007 0.7090931115540609 0.7724365860555001 0.7169165344115276 0.7724365860555001 0.7169165344115276 0.7767483223942007 ""
7 0.7808545138364067 0.7766059012316543 0.7808545138364067 0.7722969479151824 0.7936316001612254 0.7722969479151824 0.7936316001612254 0.7766059012316543 ""
7 0.7780733673575423 0.7406269202853377 0.7780733673575423 0.7363151839466372 0.8037888243620264 0.7363151839466372 0.8037888243620264 0.7406269202853377 ""
7 0.5604151610836104 0.6708521001798946 0.5604151610836104 0.6665403638411941 0.5730350960266778 0.6665403638411941 0.5730350960266778 0.6708521001798946 ""
7 0.5968561260895304 0.6713195087631804 0.5968561260895304 0.6670105554467085 0.6046795489469972 0.6670105554467085 0.6046795489469972 0.6713195087631804 ""
7 0.6230310319364671 0.6760045875338415 0.6230310319364671 0.6716956342173697 0.6308544547939339 0.6716956342173697 0.6308544547939339 0.6760045875338415 ""
7 0.614083046780532 0.6806896663045027 0.614083046780532 0.6763807129880308 0.6219064696379988 0.6763807129880308 0.6219064696379988 0.6806896663045027 ""
7 0.6331358559426642 0.6808064836625463 0.6331358559426642 0.6764975303460744 0.640959278800131 0.6764975303460744 0.640959278800131 0.6808064836625463 ""
7 0.6812172904700725 0.7059219373396979 0.6812172904700725 0.701612984023226 0.6890366787585651 0.701612984023226 0.6890366787585651 0.7059219373396979 ""
7 0.6981015680106308 0.7291564158681249 0.6981015680106308 0.7248446795294243 0.7059209562991233 0.7248446795294243 0.7059209562991233 0.7291564158681249 ""
7 0.6742886070857266 0.7288287150007124 0.6742886070857266 0.7245197616842405 0.6821120299431933 0.7245197616842405 0.6821120299431933 0.7288287150007124 ""
7 0.6828778600173822 0.7613394240702479 0.6828778600173822 0.757030470753776 0.7054413346117997 0.757030470753776 0.7054413346117997 0.7613394240702479 ""
7 0.6598548873784512 0.7647363810024224 0.6598548873784512 0.7604274276859504 0.6837565596187273 0.7604274276859504 0.6837565596187273 0.7647363810024224 ""
7 0.6595243971369912 0.7604046764792319 0.6595243971369912 0.7560929401405315 0.6830713225199012 0.7560929401405315 0.6830713225199012 0.7604046764792319 ""
7 0.58826278938684 0.7615132933839769 0.58826278938684 0.757204340067505 0.6129786573269347 0.757204340067505 0.6129786573269347 0.7615132933839769 ""
7 0.5878637606748791 0.7478797545151753 0.5878637606748791 0.7435708011987033 0.6129786573269347 0.7435708011987033 0.6129786573269347 0.7478797545151753 ""
7 0.5886577835298267 0.7411341956620476 0.5886577835298267 0.7368224593233471 0.6129786573269347 0.7368224593233471 0.6129786573269347 0.7411341956620476 ""
7 0.5562595550401803 0.7405727905029923 0.5562595550401803 0.7362610541642918 0.5817815495421453 0.7362610541642918 0.5817815495421453 0.7405727905029923 ""
7 0.7788069700819982 0.666070102660124 0.7788069700819982 0.6617583663214235 0.8037484786722844 0.6617583663214235 0.8037484786722844 0.666070102660124 ""
7 0.6789942429652862 0.4472864628789363 0.6728999773276905 0.4472789487189192 0.6729163124118299 0.4406645397883122 0.6790105780494257 0.4406720539483293 ""
7 0.6851233928638906 0.4548997332751496 0.6790291272262948 0.4548922191151325 0.6790442814609784 0.4487366609744585 0.6851385470985741 0.4487441751344756 ""
7 0.8215366472692462 0.43442096856966017 0.8154383470626764 0.4344134544096431 0.8154604879899738 0.4254450957025684 0.8215587881965437 0.4254526098625855 ""
7 0.8002214289537989 0.3535446380067327 0.7941231287472289 0.3535371238467156 0.7941437936127066 0.34517581186324453 0.8002420938192765 0.3451833260232616 ""
7 0.8116522976968712 0.3510866727744728 0.8055539974903013 0.3510791586144557 0.8055706277868047 0.34435649011915787 0.8116689279933746 0.34436400427917496 ""
7 0.9039403568684502 0.39236626743285125 0.8978420566618803 0.39235875327283415 0.8978613438696594 0.38457589245956825 0.9039596440762293 0.38458340661958534 ""
7 0.9110604854708283 0.397403294152091 0.9049661214291113 0.3973957799920739 0.9049854086368904 0.3896129191788081 0.9110797726786074 0.3896204333388252 ""
7 0.9511117500818722 0.4593012916562767 0.9450173860401552 0.4592937774962596 0.945039034946846 0.4505191867118481 0.9511333989885631 0.4505267008718652 ""
7 0.9109999669362152 0.48057231321468014 0.9049016667296453 0.480564799054663 0.9049209539374244 0.4727790856436129 0.9110192541439943 0.47278659980362997 ""
7 0.9447626177700524 0.6048769403230978 0.9386643175634825 0.6048694261630807 0.9386836047712616 0.5970865653498147 0.9447819049778315 0.5970940795098318 ""
7 0.9508945721861145 0.6384492332217155 0.9448002081443975 0.6384417190616984 0.944820873009875 0.6300546641226132 0.9509152370515921 0.6300621782826303 ""
7 0.9448867053670394 0.7046859971679966 0.9387884051604696 0.7046784830079795 0.9388094636424325 0.696120550504061 0.9449077638490024 0.6961280646640781 ""
7 0.7729992572456923 0.7124360878945213 0.7669049916080966 0.7124285737345041 0.7669241804117544 0.7046457129212382 0.7730184460493501 0.7046532270812553 ""
7 0.766781986456444 0.7143212375765887 0.760683686249874 0.7143137234165716 0.7607028750535318 0.7065308626033058 0.7668011752601017 0.7065383767633229 ""
7 0.7598916314773528 0.7174631305215161 0.7537973658397572 0.717455616361499 0.7538165546434149 0.7096727555482332 0.7599108202810106 0.7096802697082503 ""
7 0.7601134343668128 0.6937427363119835 0.7540151341602428 0.6937352221519664 0.7540300915866838 0.6876793657826303 0.7601283917932538 0.6876868799426474 ""
7 0.7667802643843208 0.6885588703824095 0.7606819641777509 0.6885513562223924 0.7606965279877066 0.6826494009822955 0.7667948281942765 0.6826569151423126 ""
7 0.7341520654631449 0.7453072679182103 0.7280577998255492 0.7452997537581932 0.7280728556561115 0.739212588388786 0.7341671212937072 0.7392201025488031 ""
7 0.7276733349235439 0.7286828846359361 0.721575034716974 0.728675370475919 0.721589106506323 0.7229928565385437 0.727687406712893 0.7230003706985608 ""
7 0.7341540335455713 0.7142841538053932 0.7280557333390014 0.7142766396453761 0.7280749221426592 0.7064937788321103 0.7341732223492291 0.7065012929921274 ""
7 0.7278581870654474 0.7043354755183101 0.7217598868588775 0.704327961358293 0.7217790756625353 0.696545100545027 0.7278773758691052 0.6965526147050441 ""
7 0.5469613988185208 0.7453072679182103 0.540867133180925 0.7452997537581932 0.5408821890114873 0.7392068831932175 0.5469764546490831 0.7392143973532346 ""
7 0.5540001472125655 0.7349638875035622 0.5479018470059955 0.7349563733435451 0.5479104081645506 0.7315023644556854 0.5540087083711205 0.7315098786157025 ""
7 0.547084305566052 0.595441242608293 0.540986005359482 0.5954337284482759 0.5410051941631399 0.58765086763501 0.5471034943697098 0.587658381795027 ""
7 0.5539369225646161 0.594393921768132 0.5478386223580461 0.5943864076081149 0.5478607632853436 0.5854151963032559 0.5539590634919136 0.585422710463273 ""
7 0.540675097538165 0.5383793376184455 0.5345767973315951 0.5383718234584284 0.5346050393144145 0.5269184346279211 0.5407033395209845 0.5269259487879382 ""
7 0.7873536140291213 0.512403269104891 0.7812553138225514 0.5123957549448739 0.7813323642495466 0.4811703846915966 0.7874306644561165 0.4811778988516137 ""
7 0.5476525893666868 0.4497444281111962 0.5415583237290911 0.4497369139511791 0.5415775125327489 0.44195120054012893 0.5476717781703446 0.441958714700146 ""
7 0.5469855570303053 0.4068589948391636 0.5408912913927096 0.4068514806791465 0.5409104801963673 0.3990686198658806 0.5470047458339631 0.3990761340258977 ""
7 0.19879728514837766 0.4487213195644236 0.19270297030872127 0.44871380540440653 0.1927303266544488 0.43763375900585993 0.1988246414941052 0.43764127316587703 ""
7 0.20990826669406237 0.44526449286655745 0.20380992958594696 0.44525697870654035 0.20382408747890216 0.43952604018238817 0.2099224122865024 0.43953355434240526 ""
7 0.1030697928278353 0.4390319841612639 0.09697145571971987 0.4390244700012468 0.096990669124408 0.4312416091879809 0.10308900623252343 0.43124912334799803 ""
7 0.10908500305446392 0.438920837211011 0.10298665979609091 0.4389133230509939 0.10300286572482115 0.4323444861093795 0.10910121513345174 0.4323520002693966 ""
7 0.3631283053944352 0.2831157554959123 0.3570299559858046 0.2831082413358952 0.3570450118163669 0.2770181885809258 0.36314336122499746 0.27702570274094296 ""
7 0.8345739140908404 0.28844063368302936 0.8284756138842705 0.28843311952301226 0.8284893904612556 0.2828702755414648 0.8345876906678255 0.2828777897014819 ""
7 0.6680258243903668 0.7289778154166073 0.6619275241837969 0.7289703012565902 0.6619418911855098 0.7231480796033414 0.6680401913920798 0.7231555937633585 ""
7 0.5286042575920747 0.3872707624590339 0.5225059573855049 0.3872632482990168 0.5225162898182436 0.38309400269841837 0.5286145900248136 0.38310151685843546 ""
7 0.8074490640587213 0.3218335607990168 0.8132516598807185 0.32051635637824166 0.8160979006858373 0.32678427904139357 0.8102953048638402 0.3281014834621687 ""
7 0.5481545979916113 0.2947269590806676 0.5486877515209341 0.28993699515976773 0.5677099570013352 0.29099548287662086 0.5671768034720123 0.29578544679752067 ""
7 0.3157464257655053 0.22377445093754453 0.31627962849688884 0.2189844870166447 0.32887269911483524 0.21968521722601703 0.3283394963834517 0.22447518114691686 ""
7 0.3061192553642055 0.2275712759822955 0.30665275330795294 0.22277845946361144 0.31542449668260025 0.22326656677472215 0.3148909987388528 0.22805938329340625 ""
7 0.4481225280884724 0.23215185226827445 0.44865568161779523 0.2273618883473746 0.45995483644447804 0.22799064264436092 0.45942168291515517 0.23278060656526076 ""
7 0.5557831314867997 0.23402233890197527 0.5563162850161225 0.22923237498107546 0.5717783277912132 0.23009278109081113 0.5712451742618904 0.23488274501171097 ""
7 0.6657362556995667 0.24545753372466336 0.6662697044412536 0.24066471720597926 0.6775728938369106 0.24129368022963274 0.6770394450952237 0.24608649674831684 ""
7 0.5461012975961054 0.24856526507173518 0.5466347463377922 0.24377244855305108 0.5881026366793883 0.24607992185830185 0.5875691879377015 0.250872738376986 ""
7 0.7974049553953799 0.25354245681306103 0.7979384041370667 0.24874964029437696 0.8092415935327237 0.2493786033180304 0.8087081447910369 0.25417141983671454 ""
7 0.8499556591029322 0.24164719362821493 0.8499556591029322 0.23683955751616378 0.8764208571077691 0.23683955751616378 0.8764208571077691 0.24164719362821493 ""
7 0.30219799873570385 0.2743181352025595 0.3027314966794513 0.2695253186838754 0.31186487519995715 0.27003353333058744 0.3113313772562097 0.2748263498492715 ""
7 0.28677312811744254 0.2660274598020269 0.27999441261399133 0.26565025592672414 0.28063920561895406 0.2598573951579866 0.2874179211224053 0.2602345990332894 ""
7 0.28135246329132657 0.2624721315111588 0.27455682227900796 0.2624637476566953 0.2745766015073937 0.2544500699373486 0.2813722425197123 0.25445845379181214 ""
7 0.2766123859693042 0.23980349358346395 0.27662424366592353 0.23499871006919706 0.2856568563661956 0.2350098421581113 0.28564499866957627 0.23981462567237816 ""
7 0.1863391265807638 0.36035514564111926 0.18591217569937776 0.35555700659242306 0.1972239508546201 0.3550538361735003 0.19765090173600613 0.3598519752221965 ""
7 0.52022347379144 0.42291153662902536 0.5269870842622683 0.42241734145678966 0.5281521890587213 0.43038854329937304 0.521388578587893 0.43088273847160874 ""
4 0.7504330273358777 0.6981737947287333 0.698515209734608 0.6979816270438515 0.6985552602119861 0.692567118147086 0.7504730778132558 0.6927592858319678
4 0.64671139330789 0.7126732013883942 0.6204803971117997 0.7125760739126176 0.6205195619520859 0.7072812349716799 0.6467505581481762 0.7073783624474566
4 0.6491384817582376 0.6959946883237745 0.6205939062657446 0.6958890726302009 0.6206317918524537 0.6907708164496651 0.6491763673449465 0.6908764321432388
4 0.6231401621070133 0.7190154307450485 0.603120237240528 0.7189412632026575 0.6031475935862556 0.7152536195987105 0.6231675184527409 0.7153277871411015
4 0.6226887332004484 0.7057210031347962 0.6026688083339631 0.7056468355924053 0.6026961646796907 0.7019591919884582 0.622716089546176 0.7020333595308492
4 0.2599959644469846 0.43391849390629456 0.2599959644469846 0.45881450628072457 0.24645304804797713 0.45881450628072457 0.24645304804797713 0.43391849390629456
4 0.08806932688432084 0.4266799574531562 0.08806932688432084 0.437235682463843 0.08345022512894876 0.437235682463843 0.08345022512894876 0.4266799574531562
4 0.7083030740660268 0.5178598016373076 0.7206328152553154 0.5178598016373076 0.7206328152553154 0.5211228256247328 0.7083030740660268 0.5211228256247328
4 0.7007376176126058 0.4978312951406205 0.7193913980627771 0.4978312951406205 0.7193913980627771 0.50109717172583 0.7007376176126058 0.50109717172583
4 0.7084602746498387 0.4547763062393132 0.7207900158391274 0.4547763062393132 0.7207900158391274 0.4580393302267384 0.7084602746498387 0.4580393302267384
4 0.7084582573653516 0.44481190387663866 0.7207920331236145 0.44481190387663866 0.7207920331236145 0.44807492786406383 0.7084582573653516 0.44807492786406383
4 0.7015376431189541 0.3980920573658806 0.7196150706305421 0.3980920573658806 0.7196150706305421 0.40135793395109004 0.7015376431189541 0.40135793395109004
4 0.7085449021941758 0.38186376772228553 0.7208786779524385 0.38186376772228553 0.7208786779524385 0.385129644307495 0.7085449021941758 0.385129644307495
4 0.7850413139862958 0.33319691886043035 0.8010436937915659 0.329145812553434 0.8026007422032446 0.33222056508709746 0.7865983623979746 0.33627167139409375
4 0.7845092921043681 0.32433685450582433 0.8005116719096382 0.320285748198828 0.802068720321317 0.32336050073249145 0.786066340516047 0.32741160703948774
4 0.7827774779732215 0.29342513085770516 0.7985635655198257 0.2945391746557958 0.7981051991227076 0.2977860571142954 0.7823191115761033 0.29667201331620474
4 0.727150218614596 0.36179908193662724 0.7112818652225665 0.36174036016760475 0.7113060726364118 0.3584773361801795 0.7271744260284412 0.35853605794920207
2 0.738871428717629 0.5249957141457681 0.6929585258117946 0.5249957141457681 0.6929585258117946 0.1706867886595184 0.738871428717629 0.1706867886595184
4 0.7269446524051542 0.34184467340677543 0.711080333582099 0.34178595163775294 0.7111045409959442 0.33852007505254345 0.7269688598189994 0.338578796821566
4 0.6293376536678759 0.43468062454358436 0.6086204371977025 0.43460395228118764 0.6086712137243047 0.4277531256122649 0.629388430194478 0.4278297978746616
4 0.6299461847541314 0.40530805133896763 0.6082254430547158 0.4052276219965624 0.6082803525544136 0.3978181731908129 0.6300010942538291 0.3978986025332181
4 0.6298938829636487 0.3808533219266529 0.6091766664934755 0.3807766496642562 0.6092274430200776 0.37392582299533345 0.6299446594902509 0.3740024952577301
4 0.786661734652106 0.5545932599097856 0.7867926121334643 0.5280787113827835 0.7941847297271766 0.5280969401783806 0.7940538522458183 0.5546114887053826
4 0.7492950820769095 0.5543063998935772 0.7494232042428708 0.528358961721199 0.756013229843687 0.5283752424012361 0.7558851076777258 0.5543226805736142
4 0.6410262428046907 0.39528777980505486 0.6411019155739873 0.37995304902349314 0.6491591466237152 0.37997294763242734 0.6490834738544186 0.395307678413989
4 0.5813965434174728 0.39611510273804856 0.5814653278982769 0.38217675335966445 0.5911589210814692 0.38220068735083 0.591090136600665 0.3961390367292142
4 0.22367325659386336 0.43592376578530206 0.22372703444616587 0.4250261464938373 0.231433553207502 0.42504514062054716 0.23137977535519952 0.435942759912012
4 0.33710179296245213 0.3965644216768488 0.3371747596184124 0.38178824345655815 0.3476341828757935 0.381814055987728 0.3475612162198332 0.39659023420801864
4 0.29893004706865933 0.4179251957021231 0.31982876994061116 0.4179767511889071 0.31979226201160066 0.425372006581291 0.29889353913964883 0.425320451094507
4 0.2985773666978411 0.3951623002903249 0.31948012413876714 0.3952138557771089 0.31944361620975664 0.4026091111694927 0.29854085876883063 0.40255755568270873
4 0.3254396253322123 0.34905837138652396 0.31143337312796 0.3490065375975171 0.31147293158473144 0.3436660570920312 0.3254791837889838 0.34371789088103805
4 0.3255524702583384 0.2925750219302152 0.31154621805408605 0.2925231881412083 0.3115857765108575 0.2871827424235003 0.32559202871510984 0.28723457621250714
4 0.7695069441820335 0.29640480839448563 0.7725540277987707 0.27177956668900505 0.7781794962023881 0.2721275314370191 0.7751324125856509 0.2967527557486107
4 0.5521026697431731 0.2829707600378046 0.5551497533599103 0.25834553572621294 0.5607752217635278 0.2586935178681159 0.5577281381467906 0.28331874217970754
4 0.33477497831173164 0.26949969748548375 0.3378221111305295 0.24487447317389213 0.34344753033208636 0.2452224553157951 0.3404003975132885 0.2698476796273867
4 0.30627436486043935 0.2666498827234433 0.3093214976792372 0.24202465841185167 0.314946916880794 0.24237264055375463 0.31189978406199614 0.26699786486534627
2 0.6467392416742241 0.7183527931524295 0.6467392416742241 0.6852949419127601 0.7154413582287888 0.6852949419127601 0.7154413582287888 0.7183527931524295
2 0.7150866605734835 0.6849187468830151 0.6691777922366233 0.6849187468830151 0.6691777922366233 0.3306070383745369 0.7150866605734835 0.3306070383745369
2 0.6687404351194075 0.684655194677971 0.6307597900292221 0.684655194677971 0.6307597900292221 0.3302065614758478 0.6687404351194075 0.3302065614758478
2 0.6296674550804867 0.7315802195025292 0.6085187365383162 0.7315802195025292 0.6085187365383162 0.36694642069945144 0.6296674550804867 0.36694642069945144
2 0.30302897233820786 0.2592560884177294 0.304611507417309 0.24646653582751496 0.8106912338459794 0.27777157009208464 0.8091086987668783 0.2905611226822991
