4 0.36241184658303516 0.6551010988484968 0.35883349599532605 0.640573444513216 0.36457668151424866 0.6377458939290039 0.36815503210195777 0.6522735482642847
4 0.3968036131040869 0.6529546929547235 0.3904324335283965 0.6270885886069749 0.39617561904731907 0.6242610380227629 0.40254679862300946 0.6501271423705115
4 0.6270278779952378 0.6553689647379951 0.6234494781955503 0.6408413104027144 0.6291926145024944 0.6380137598185024 0.632771014302182 0.6525414141537831
4 0.6612417186082695 0.6533097370155315 0.6546942617258366 0.6267278393505985 0.6604373980327807 0.6239002887663865 0.6669848549152136 0.6504821864313195
4 0.415136059309489 0.6601026072465446 0.415136059309489 0.6424878855042391 0.42121747875617316 0.6424878855042391 0.42121747875617316 0.6601026072465446
4 0.6798528522475308 0.6610145340552864 0.6798528522475308 0.6421231008656312 0.6859342716942148 0.6421231008656312 0.6859342716942148 0.6610145340552864
4 0.6967325116376487 0.6742633201009903 0.7126224689295253 0.6742633201009903 0.7126224689295253 0.6818068410026005 0.6967325116376487 0.6818068410026005
4 0.43209937906294094 0.6745183840882374 0.44798726945172346 0.6745183840882374 0.44798726945172346 0.6820619049898475 0.43209937906294094 0.6820619049898475
4 0.30106202894294243 0.3921750042301938 0.3049991840653976 0.40920522172894697 0.2999256751489745 0.4115497092298376 0.2959885200265194 0.39451949173108436
4 0.565672351765647 0.39169945530688943 0.5696089163443611 0.4087269593589698 0.5645373266950967 0.4110705423776361 0.5606007621163828 0.3940430383255557
