0 0.1340 0.5044 0.3449 0.5044 0.3449 0.7108 0.1340 0.7108
0 0.7194 0.7188 0.7869 0.7188 0.7869 0.7728 0.7194 0.7728
0 0.7406 0.0696 0.8451 0.0696 0.8451 0.5004 0.7406 0.5004
0 0.1023 0.7208 0.2909 0.7208 0.2909 0.8236 0.1023 0.8236
1 0.9417 0.6392 0.9766 0.6392 0.9766 0.7272 0.9417 0.7272
1 0.4849 0.4332 0.4949 0.4332 0.4949 0.5400 0.4849 0.5400
1 0.0349 0.1620 0.0380 0.1620 0.0380 0.1872 0.0349 0.1872
1 0.5311 0.0732 0.5483 0.0732 0.5483 0.0776 0.5311 0.0776
2 0.7317 0.7720 0.8074 0.7720 0.8074 0.8268 0.7317 0.8268
2 0.5854 0.3120 0.8240 0.3120 0.8240 0.4676 0.5854 0.4676
2 0.8709 0.3276 0.9611 0.3276 0.9611 0.4532 0.8709 0.4532
2 0.5160 0.7484 0.7606 0.7484 0.7606 0.8080 0.5160 0.8080
3 0.8891 0.6992 0.9691 0.6992 0.9691 0.7188 0.8891 0.7188
3 0.2631 0.4104 0.2734 0.4104 0.2734 0.4832 0.2631 0.4832
3 0.5223 0.1824 0.6023 0.1824 0.6023 0.2020 0.5223 0.2020
3 0.1966 0.9756 0.2766 0.9756 0.2766 0.9952 0.1966 0.9952
4 0.4391 0.0548 0.4471 0.0548 0.4471 0.0648 0.4391 0.0648
4 0.7351 0.2856 0.7503 0.2856 0.7503 0.3260 0.7351 0.3260
4 0.0760 0.5316 0.0837 0.5316 0.0837 0.5656 0.0760 0.5656
4 0.3937 0.8000 0.4066 0.8000 0.4066 0.8104 0.3937 0.8104
6 0.1091 0.1164 0.1437 0.1164 0.1437 0.1276 0.1091 0.1276
6 0.5189 0.5032 0.5534 0.5032 0.5534 0.5144 0.5189 0.5144
6 0.7129 0.5632 0.9040 0.5632 0.9040 0.6980 0.7129 0.6980
6 0.0274 0.6856 0.0929 0.6856 0.0929 0.7164 0.0274 0.7164
7 0.1660 0.4396 0.1774 0.4396 0.1774 0.4816 0.1660 0.4816
7 0.3571 0.2684 0.4123 0.2684 0.4123 0.2976 0.3571 0.2976
7 0.1131 0.3708 0.1174 0.3708 0.1174 0.3860 0.1131 0.3860
7 0.9391 0.5800 0.9463 0.5800 0.9463 0.6008 0.9391 0.6008
9 0.2191 0.4044 0.2634 0.4044 0.2634 0.6328 0.2191 0.6328
9 0.0820 0.9112 0.3023 0.9112 0.3023 0.9836 0.0820 0.9836
9 0.3366 0.8464 0.4520 0.8464 0.4520 0.8840 0.3366 0.8840
9 0.9120 0.2352 0.9563 0.2352 0.9563 0.4636 0.9120 0.4636
12 0.2763 0.1952 0.3037 0.1952 0.3037 0.3076 0.2763 0.3076
12 0.4020 0.5988 0.4366 0.5988 0.4366 0.7532 0.4020 0.7532
12 0.9917 0.1576 0.9971 0.1576 0.9971 0.3592 0.9917 0.3592
12 0.0309 0.4024 0.1009 0.4024 0.1009 0.4092 0.0309 0.4092
13 0.1483 0.1696 0.1877 0.1696 0.1877 0.1944 0.1483 0.1944
13 0.2774 0.1940 0.2854 0.1940 0.2854 0.2152 0.2774 0.2152
13 0.8377 0.4552 0.8503 0.4552 0.8503 0.4636 0.8377 0.4636
13 0.0257 0.5864 0.0397 0.5864 0.0397 0.5992 0.0257 0.5992
15 0.8209 0.4516 0.9149 0.4516 0.9149 0.5316 0.8209 0.5316
15 0.5303 0.6856 0.5894 0.6856 0.5894 0.7536 0.5303 0.7536
15 0.3551 0.5248 0.3763 0.5248 0.3763 0.6080 0.3551 0.6080
15 0.0263 0.0552 0.1017 0.0552 0.1017 0.1176 0.0263 0.1176
