0 0.5880 0.3500 0.6223 0.3500 0.6223 0.8060 0.5880 0.8060
0 0.3394 0.4464 0.4689 0.4464 0.4689 0.8276 0.3394 0.8276
0 0.7683 0.0952 0.8977 0.0952 0.8977 0.4764 0.7683 0.4764
0 0.3309 0.5684 0.4377 0.5684 0.4377 0.9724 0.3309 0.9724
1 0.0011 0.7960 0.0360 0.7960 0.0360 0.8840 0.0011 0.8840
1 0.7689 0.1156 0.7766 0.1156 0.7766 0.1988 0.7689 0.1988
1 0.5649 0.9168 0.5760 0.9168 0.5760 0.9536 0.5649 0.9536
1 0.3800 0.1920 0.3863 0.1920 0.3863 0.2732 0.3800 0.2732
2 0.9366 0.6004 0.9857 0.6004 0.9857 0.6432 0.9366 0.6432
2 0.3286 0.1260 0.3991 0.1260 0.3991 0.2372 0.3286 0.2372
2 0.0957 0.2196 0.1423 0.2196 0.1423 0.3476 0.0957 0.3476
2 0.0106 0.3412 0.0417 0.3412 0.0417 0.7036 0.0106 0.7036
3 0.1823 0.0284 0.2617 0.0284 0.2617 0.0532 0.1823 0.0532
3 0.0803 0.4656 0.1297 0.4656 0.1297 0.4824 0.0803 0.4824
3 0.0634 0.6088 0.1586 0.6088 0.1586 0.6312 0.0634 0.6312
3 0.1997 0.1708 0.2100 0.1708 0.2100 0.2436 0.1997 0.2436
4 0.3069 0.6372 0.3240 0.6372 0.3240 0.6516 0.3069 0.6516
4 0.8700 0.6224 0.8894 0.6224 0.8894 0.6368 0.8700 0.6368
4 0.4909 0.3560 0.4989 0.3560 0.4989 0.3660 0.4909 0.3660
4 0.7540 0.3448 0.7711 0.3448 0.7711 0.3608 0.7540 0.3608
6 0.2623 0.3184 0.3120 0.3184 0.3120 0.3652 0.2623 0.3652
6 0.5106 0.0276 0.5691 0.0276 0.5691 0.1100 0.5106 0.1100
6 0.7269 0.4104 0.7446 0.4104 0.7446 0.4356 0.7269 0.4356
6 0.7957 0.1204 0.8303 0.1204 0.8303 0.1316 0.7957 0.1316
7 0.8540 0.5472 0.8691 0.5472 0.8691 0.6904 0.8540 0.6904
7 0.7486 0.7460 0.7746 0.7460 0.7746 0.7576 0.7486 0.7576
7 0.2289 0.8104 0.2814 0.8104 0.2814 0.8356 0.2289 0.8356
7 0.6443 0.7168 0.6574 0.7168 0.6574 0.7864 0.6443 0.7864
9 0.8920 0.1768 0.9297 0.1768 0.9297 0.3084 0.8920 0.3084
9 0.1306 0.6440 0.3509 0.6440 0.3509 0.7164 0.1306 0.7164
9 0.2166 0.6260 0.2540 0.6260 0.2540 0.8132 0.2166 0.8132
9 0.4357 0.1272 0.4657 0.1272 0.4657 0.3028 0.4357 0.3028
12 0.2237 0.1636 0.2323 0.1636 0.2323 0.4608 0.2237 0.4608
12 0.2229 0.0936 0.2451 0.0936 0.2451 0.3536 0.2229 0.3536
12 0.3417 0.4124 0.3763 0.4124 0.3763 0.5668 0.3417 0.5668
12 0.8486 0.2796 0.8691 0.2796 0.8691 0.5180 0.8486 0.5180
13 0.9211 0.3576 0.9377 0.3576 0.9377 0.3644 0.9211 0.3644
13 0.2069 0.7172 0.2300 0.7172 0.2300 0.7808 0.2069 0.7808
13 0.0257 0.7920 0.0469 0.7920 0.0469 0.8120 0.0257 0.8120
13 0.0209 0.2332 0.0289 0.2332 0.0289 0.2544 0.0209 0.2544
15 0.5549 0.2652 0.6114 0.2652 0.6114 0.3484 0.5549 0.3484
15 0.7071 0.6712 0.7780 0.6712 0.7780 0.7672 0.7071 0.7672
15 0.1897 0.3412 0.2429 0.3412 0.2429 0.4032 0.1897 0.4032
15 0.1329 0.0884 0.2374 0.0884 0.2374 0.2032 0.1329 0.2032
