0 0.0271 0.0284 0.1791 0.0284 0.1791 0.4160 0.0271 0.4160
0 0.5023 0.3740 0.6069 0.3740 0.6069 0.8048 0.5023 0.8048
0 0.1269 0.0164 0.2789 0.0164 0.2789 0.4040 0.1269 0.4040
0 0.8463 0.2912 0.8806 0.2912 0.8806 0.7472 0.8463 0.7472
1 0.4643 0.9676 0.4786 0.9676 0.4786 0.9984 0.4643 0.9984
1 0.4049 0.6472 0.4174 0.6472 0.4174 0.6580 0.4049 0.6580
1 0.0423 0.6352 0.0554 0.6352 0.0554 0.6616 0.0423 0.6616
1 0.3011 0.2572 0.3031 0.2572 0.3031 0.2928 0.3011 0.2928
2 0.6877 0.7232 0.7711 0.7232 0.7711 0.8248 0.6877 0.8248
2 0.3543 0.4824 0.3943 0.4824 0.3943 0.5964 0.3543 0.5964
2 0.0989 0.5500 0.3374 0.5500 0.3374 0.7056 0.0989 0.7056
2 0.3971 0.6888 0.5609 0.6888 0.5609 0.7476 0.3971 0.7476
3 0.2151 0.0068 0.2946 0.0068 0.2946 0.0316 0.2151 0.0316
3 0.1926 0.7744 0.2620 0.7744 0.2620 0.7928 0.1926 0.7928
3 0.9654 0.8124 0.9717 0.8124 0.9717 0.9144 0.9654 0.9144
3 0.0246 0.6180 0.0349 0.6180 0.0349 0.6908 0.0246 0.6908
4 0.2766 0.9136 0.2877 0.9136 0.2877 0.9216 0.2766 0.9216
4 0.4809 0.2104 0.4960 0.2104 0.4960 0.2508 0.4809 0.2508
4 0.7011 0.3948 0.7091 0.3948 0.7091 0.4204 0.7011 0.4204
4 0.1080 0.3716 0.1211 0.3716 0.1211 0.4928 0.1080 0.4928
6 0.9420 0.8976 0.9917 0.8976 0.9917 0.9444 0.9420 0.9444
6 0.5180 0.4240 0.7091 0.4240 0.7091 0.5588 0.5180 0.5588
6 0.5063 0.3612 0.5737 0.3612 0.5737 0.5512 0.5063 0.5512
6 0.3703 0.8180 0.4357 0.8180 0.4357 0.8488 0.3703 0.8488
7 0.9434 0.6348 0.9886 0.6348 0.9886 0.6524 0.9434 0.6524
7 0.7171 0.2512 0.7397 0.2512 0.7397 0.3860 0.7171 0.3860
7 0.7037 0.2572 0.7151 0.2572 0.7151 0.2856 0.7037 0.2856
7 0.9297 0.2632 0.9597 0.2632 0.9597 0.3744 0.9297 0.3744
9 0.3566 0.5320 0.4286 0.5320 0.4286 0.7644 0.3566 0.7644
9 0.8831 0.0100 0.9346 0.0100 0.9346 0.1796 0.8831 0.1796
9 0.3326 0.5968 0.3769 0.5968 0.3769 0.8252 0.3326 0.8252
9 0.2229 0.1064 0.2743 0.1064 0.2743 0.2760 0.2229 0.2760
12 0.7526 0.0100 0.7700 0.0100 0.7700 0.1324 0.7526 0.1324
12 0.4423 0.5136 0.5143 0.5136 0.5143 0.5456 0.4423 0.5456
12 0.2774 0.4444 0.5429 0.4444 0.5429 0.5036 0.2774 0.5036
12 0.1626 0.2488 0.2234 0.2488 0.2234 0.2844 0.1626 0.2844
13 0.4586 0.2568 0.4680 0.2568 0.4680 0.2888 0.4586 0.2888
13 0.1971 0.5712 0.2203 0.5712 0.2203 0.5892 0.1971 0.5892
13 0.0154 0.3084 0.0386 0.3084 0.0386 0.3264 0.0154 0.3264
13 0.7329 0.9724 0.7631 0.9724 0.7631 0.9908 0.7329 0.9908
15 0.2186 0.3012 0.2894 0.3012 0.2894 0.3972 0.2186 0.3972
15 0.9411 0.5896 0.9723 0.5896 0.9723 0.6488 0.9411 0.6488
15 0.5757 0.8316 0.6323 0.8316 0.6323 0.9148 0.5757 0.9148
15 0.5094 0.8484 0.5637 0.8484 0.5637 0.9212 0.5094 0.9212
