0 0.1306 0.1088 0.1649 0.1088 0.1649 0.5648 0.1306 0.5648
0 0.4480 0.0180 0.5026 0.0180 0.5026 0.2560 0.4480 0.2560
0 0.8923 0.6436 0.9934 0.6436 0.9934 0.7936 0.8923 0.7936
0 0.5057 0.0204 0.7166 0.0204 0.7166 0.2268 0.5057 0.2268
1 0.5980 0.9716 0.6151 0.9716 0.6151 0.9760 0.5980 0.9760
1 0.3329 0.9480 0.3454 0.9480 0.3454 0.9588 0.3329 0.9588
1 0.8103 0.0532 0.8134 0.0532 0.8134 0.0784 0.8103 0.0784
1 0.1183 0.1752 0.1211 0.1752 0.1211 0.2308 0.1183 0.2308
2 0.7523 0.7908 0.8189 0.7908 0.8189 0.9140 0.7523 0.9140
2 0.6951 0.0504 0.7883 0.0504 0.7883 0.1228 0.6951 0.1228
2 0.4837 0.3956 0.5191 0.3956 0.5191 0.4140 0.4837 0.4140
2 0.1263 0.4000 0.3649 0.4000 0.3649 0.5556 0.1263 0.5556
3 0.2183 0.5848 0.2983 0.5848 0.2983 0.6044 0.2183 0.6044
3 0.8820 0.3636 0.9760 0.3636 0.9760 0.3860 0.8820 0.3860
3 0.8571 0.6120 0.8674 0.6120 0.8674 0.6852 0.8571 0.6852
3 0.6009 0.3560 0.6111 0.3560 0.6111 0.4292 0.6009 0.4292
4 0.9757 0.6556 0.9814 0.6556 0.9814 0.6780 0.9757 0.6780
4 0.2217 0.2320 0.2289 0.2320 0.2289 0.2404 0.2217 0.2404
4 0.2923 0.9432 0.3054 0.9432 0.3054 0.9620 0.2923 0.9620
4 0.5251 0.4000 0.5383 0.4000 0.5383 0.4100 0.5251 0.4100
6 0.7226 0.2824 0.7571 0.2824 0.7571 0.2936 0.7226 0.2936
6 0.7660 0.6688 0.9571 0.6688 0.9571 0.8036 0.7660 0.8036
6 0.6469 0.6296 0.6646 0.6296 0.6646 0.6548 0.6469 0.6548
6 0.4669 0.5724 0.5343 0.5724 0.5343 0.7624 0.4669 0.7624
7 0.2857 0.9304 0.3043 0.9304 0.3043 1.0000 0.2857 1.0000
7 0.3794 0.4472 0.4260 0.4472 0.4260 0.4752 0.3794 0.4752
7 0.4983 0.7780 0.5383 0.7780 0.5383 0.8924 0.4983 0.8924
7 0.7683 0.2072 0.8023 0.2072 0.8023 0.3284 0.7683 0.3284
9 0.0563 0.6316 0.0940 0.6316 0.0940 0.7632 0.0563 0.7632
9 0.7134 0.0320 0.7509 0.0320 0.7509 0.2192 0.7134 0.2192
9 0.2009 0.0036 0.2309 0.0036 0.2309 0.1792 0.2009 0.1792
9 0.4254 0.8028 0.5483 0.8028 0.5483 0.8504 0.4254 0.8504
12 0.1143 0.7756 0.1389 0.7756 0.1389 0.9008 0.1143 0.9008
12 0.0320 0.7016 0.1020 0.7016 0.1020 0.7084 0.0320 0.7084
12 0.8231 0.4056 0.9206 0.4056 0.9206 0.4312 0.8231 0.4312
12 0.3337 0.7296 0.3543 0.7296 0.3543 0.9680 0.3337 0.9680
13 0.3286 0.3964 0.3503 0.3964 0.3503 0.4520 0.3286 0.4520
13 0.8380 0.2160 0.8743 0.2160 0.8743 0.2812 0.8380 0.2812
13 0.3846 0.7540 0.3903 0.7540 0.3903 0.7744 0.3846 0.7744
13 0.2029 0.1812 0.2331 0.1812 0.2331 0.1996 0.2029 0.1996
15 0.0280 0.4396 0.0811 0.4396 0.0811 0.5016 0.0280 0.5016
15 0.3851 0.4816 0.4574 0.4816 0.4574 0.5624 0.3851 0.5624
15 0.1906 0.0256 0.2500 0.0256 0.2500 0.0880 0.1906 0.0880
15 0.8826 0.3088 0.9037 0.3088 0.9037 0.3920 0.8826 0.3920
