0 0.7934 0.6024 0.9611 0.6024 0.9611 0.8956 0.7934 0.8956
0 0.3660 0.3312 0.4326 0.3312 0.4326 0.8468 0.3660 0.8468
0 0.1003 0.2544 0.2049 0.2544 0.2049 0.6852 0.1003 0.6852
0 0.2569 0.7740 0.3697 0.7740 0.3697 0.9664 0.2569 0.9664
1 0.6763 0.1600 0.6889 0.1600 0.6889 0.1708 0.6763 0.1708
1 0.1200 0.4152 0.1449 0.4152 0.1449 0.4200 0.1200 0.4200
1 0.7931 0.3080 0.8003 0.3080 0.8003 0.3340 0.7931 0.3340
1 0.9809 0.1268 0.9837 0.1268 0.9837 0.1520 0.9809 0.1520
2 0.0740 0.0984 0.1643 0.0984 0.1643 0.2240 0.0740 0.2240
2 0.4283 0.7352 0.4749 0.7352 0.4749 0.8632 0.4283 0.8632
2 0.8209 0.7604 0.8517 0.7604 0.8517 0.7840 0.8209 0.7840
2 0.4611 0.5112 0.4920 0.5112 0.4920 0.5348 0.4611 0.5348
3 0.4617 0.8656 0.5111 0.8656 0.5111 0.8824 0.4617 0.8824
3 0.8751 0.6868 0.9546 0.6868 0.9546 0.7116 0.8751 0.7116
3 0.2091 0.7988 0.2786 0.7988 0.2786 0.8172 0.2091 0.8172
3 0.8443 0.3780 0.8580 0.3780 0.8580 0.4804 0.8443 0.4804
4 0.1677 0.3108 0.1780 0.3108 0.1780 0.3172 0.1677 0.3172
4 0.9677 0.5632 0.9777 0.5632 0.9777 0.5936 0.9677 0.5936
4 0.6909 0.8652 0.6971 0.8652 0.6971 0.8912 0.6909 0.8912
4 0.7509 0.6740 0.7686 0.6740 0.7686 0.7024 0.7509 0.7024
6 0.7229 0.8740 0.7574 0.8740 0.7574 0.8852 0.7229 0.8852
6 0.9009 0.1180 0.9663 0.1180 0.9663 0.1488 0.9009 0.1488
6 0.6683 0.6480 0.7029 0.6480 0.7029 0.6592 0.6683 0.6592
6 0.6711 0.0968 0.6889 0.0968 0.6889 0.1220 0.6711 0.1220
7 0.0966 0.0664 0.1431 0.0664 0.1431 0.2008 0.0966 0.2008
7 0.7063 0.0260 0.7214 0.0260 0.7214 0.0336 0.7063 0.0336
7 0.0051 0.0536 0.0183 0.0536 0.0183 0.1012 0.0051 0.1012
7 0.2997 0.3800 0.3046 0.3800 0.3046 0.4172 0.2997 0.4172
9 0.2731 0.4884 0.3149 0.4884 0.3149 0.6976 0.2731 0.6976
9 0.5603 0.1456 0.6831 0.1456 0.6831 0.1932 0.5603 0.1932
9 0.1266 0.5356 0.1977 0.5356 0.1977 0.7384 0.1266 0.7384
9 0.5409 0.3600 0.6031 0.3600 0.6031 0.5656 0.5409 0.5656
12 0.6274 0.9172 0.6566 0.9172 0.6566 0.9416 0.6274 0.9416
12 0.8926 0.7172 0.9871 0.7172 0.9871 0.7532 0.8926 0.7532
12 0.3229 0.3708 0.3283 0.3708 0.3283 0.5724 0.3229 0.5724
12 0.5154 0.3608 0.5209 0.3608 0.5209 0.5624 0.5154 0.5624
13 0.5851 0.9792 0.5983 0.9792 0.5983 0.9904 0.5851 0.9904
13 0.8557 0.7328 0.8683 0.7328 0.8683 0.7472 0.8557 0.7472
13 0.2466 0.5876 0.2517 0.5876 0.2517 0.6068 0.2466 0.6068
13 0.4334 0.0060 0.6057 0.0060 0.6057 0.0516 0.4334 0.0516
15 0.2963 0.8012 0.3577 0.8012 0.3577 0.9136 0.2963 0.9136
15 0.8277 0.1792 0.9009 0.1792 0.9009 0.2640 0.8277 0.2640
15 0.0706 0.7792 0.1271 0.7792 0.1271 0.8624 0.0706 0.8624
15 0.1300 0.0816 0.2346 0.0816 0.2346 0.1964 0.1300 0.1964
