0 0.5340 0.2752 0.6569 0.2752 0.6569 0.7124 0.5340 0.7124
0 0.3931 0.1212 0.5451 0.1212 0.5451 0.5088 0.3931 0.5088
0 0.7874 0.2212 0.8886 0.2212 0.8886 0.3712 0.7874 0.3712
0 0.7994 0.0088 0.9223 0.0088 0.9223 0.4460 0.7994 0.4460
1 0.3520 0.3252 0.3549 0.3252 0.3549 0.3504 0.3520 0.3504
1 0.4846 0.7456 0.4923 0.7456 0.4923 0.8288 0.4846 0.8288
1 0.6654 0.8268 0.6754 0.8268 0.6754 0.9336 0.6654 0.9336
1 0.4971 0.2216 0.5003 0.2216 0.5003 0.2468 0.4971 0.2468
2 0.5140 0.7740 0.5583 0.7740 0.5583 0.7872 0.5140 0.7872
2 0.5717 0.5340 0.7129 0.5340 0.7129 0.6184 0.5717 0.6184
2 0.4886 0.2272 0.5329 0.2272 0.5329 0.2404 0.4886 0.2404
2 0.3983 0.9520 0.5551 0.9520 0.5551 0.9796 0.3983 0.9796
3 0.7114 0.3556 0.7217 0.3556 0.7217 0.4284 0.7114 0.4284
3 0.2023 0.1416 0.2817 0.1416 0.2817 0.1664 0.2023 0.1664
3 0.8254 0.2240 0.8749 0.2240 0.8749 0.2408 0.8254 0.2408
3 0.0849 0.2600 0.1643 0.2600 0.1643 0.2848 0.0849 0.2848
4 0.7669 0.4944 0.7846 0.4944 0.7846 0.5072 0.7669 0.5072
4 0.1034 0.8504 0.1457 0.8504 0.1457 0.8616 0.1034 0.8616
4 0.9420 0.8536 0.9531 0.8536 0.9531 0.8640 0.9420 0.8640
4 0.1546 0.8680 0.1734 0.8680 0.1734 0.8780 0.1546 0.8780
6 0.7469 0.4336 0.7966 0.4336 0.7966 0.4804 0.7469 0.4804
6 0.2831 0.3744 0.3329 0.3744 0.3329 0.4212 0.2831 0.4212
6 0.6091 0.0740 0.6437 0.0740 0.6437 0.0852 0.6091 0.0852
6 0.8160 0.1944 0.8657 0.1944 0.8657 0.2412 0.8160 0.2412
7 0.1660 0.4064 0.1783 0.4064 0.1783 0.4652 0.1660 0.4652
7 0.0626 0.8056 0.0777 0.8056 0.0777 0.8132 0.0626 0.8132
7 0.9254 0.9424 0.9437 0.9424 0.9437 0.9572 0.9254 0.9572
7 0.9780 0.2024 0.9911 0.2024 0.9911 0.2632 0.9780 0.2632
9 0.3494 0.5676 0.4214 0.5676 0.4214 0.8000 0.3494 0.8000
9 0.4866 0.7656 0.5283 0.7656 0.5283 0.9748 0.4866 0.9748
9 0.2277 0.2352 0.2654 0.2352 0.2654 0.3668 0.2277 0.3668
9 0.6326 0.7320 0.7600 0.7320 0.7600 0.7732 0.6326 0.7732
12 0.4071 0.0416 0.4317 0.0416 0.4317 0.1668 0.4071 0.1668
12 0.1737 0.0744 0.2780 0.0744 0.2780 0.1160 0.1737 0.1160
12 0.6629 0.3348 0.6834 0.3348 0.6834 0.4796 0.6629 0.4796
12 0.4469 0.5284 0.4714 0.5284 0.4714 0.6536 0.4469 0.6536
13 0.9286 0.1828 0.9400 0.1828 0.9400 0.2244 0.9286 0.2244
13 0.4257 0.8208 0.4520 0.8208 0.4520 0.8664 0.4257 0.8664
13 0.5554 0.3488 0.5700 0.3488 0.5700 0.3788 0.5554 0.3788
13 0.2563 0.4360 0.2629 0.4360 0.2629 0.4584 0.2563 0.4584
15 0.8589 0.5160 0.8923 0.5160 0.8923 0.5640 0.8589 0.5640
15 0.5569 0.3204 0.6309 0.3204 0.6309 0.3832 0.5569 0.3832
15 0.1420 0.1124 0.2137 0.1124 0.2137 0.1964 0.1420 0.1964
15 0.1520 0.8764 0.2563 0.8764 0.2563 0.9888 0.1520 0.9888
