0 0.0549 0.3680 0.1214 0.3680 0.1214 0.8836 0.0549 0.8836
0 0.2694 0.2004 0.4074 0.2004 0.4074 0.3600 0.2694 0.3600
0 0.4606 0.0056 0.5900 0.0056 0.5900 0.3868 0.4606 0.3868
0 0.5703 0.2212 0.6377 0.2212 0.6377 0.2752 0.5703 0.2752
1 0.1386 0.5640 0.1634 0.5640 0.1634 0.5688 0.1386 0.5688
1 0.8377 0.3788 0.8489 0.3788 0.8489 0.4156 0.8377 0.4156
1 0.6743 0.8972 0.6826 0.8972 0.6826 0.9792 0.6743 0.9792
1 0.6203 0.0604 0.6403 0.0604 0.6403 0.0688 0.6203 0.0688
2 0.9149 0.4804 0.9626 0.4804 0.9626 0.5912 0.9149 0.5912
2 0.8360 0.3512 0.8803 0.3512 0.8803 0.3644 0.8360 0.3644
2 0.6646 0.7932 0.6823 0.7932 0.6823 0.8296 0.6646 0.8296
2 0.1391 0.7128 0.1740 0.7128 0.1740 0.8328 0.1391 0.8328
3 0.5897 0.8240 0.6069 0.8240 0.6069 0.9460 0.5897 0.9460
3 0.3149 0.5532 0.3251 0.5532 0.3251 0.6260 0.3149 0.6260
3 0.1614 0.9292 0.2409 0.9292 0.2409 0.9540 0.1614 0.9540
3 0.5246 0.5692 0.6040 0.5692 0.6040 0.5940 0.5246 0.5940
4 0.0029 0.7580 0.0220 0.7580 0.0220 0.7708 0.0029 0.7708
4 0.5894 0.3496 0.5940 0.3496 0.5940 0.3720 0.5894 0.3720
4 0.1397 0.4876 0.1563 0.4876 0.1563 0.5104 0.1397 0.5104
4 0.7394 0.2156 0.7517 0.2156 0.7517 0.2228 0.7394 0.2228
6 0.5306 0.4608 0.5651 0.4608 0.5651 0.4720 0.5306 0.4720
6 0.7411 0.2888 0.8066 0.2888 0.8066 0.3196 0.7411 0.3196
6 0.2589 0.3208 0.2766 0.3208 0.2766 0.3460 0.2589 0.3460
6 0.0980 0.8208 0.1634 0.8208 0.1634 0.8516 0.0980 0.8516
7 0.2686 0.3776 0.2840 0.3776 0.2840 0.4188 0.2686 0.4188
7 0.3534 0.6052 0.3671 0.6052 0.3671 0.6532 0.3534 0.6532
7 0.0463 0.0520 0.0526 0.0520 0.0526 0.0804 0.0463 0.0804
7 0.5103 0.2616 0.5377 0.2616 0.5377 0.2768 0.5103 0.2768
9 0.8449 0.5496 0.8769 0.5496 0.8769 0.7076 0.8449 0.7076
9 0.4020 0.0524 0.5294 0.0524 0.5294 0.0936 0.4020 0.0936
9 0.6103 0.4072 0.6814 0.4072 0.6814 0.6100 0.6103 0.6100
9 0.3994 0.5016 0.4371 0.5016 0.4371 0.6332 0.3994 0.6332
12 0.0851 0.4108 0.1646 0.4108 0.1646 0.4540 0.0851 0.4540
12 0.7994 0.1148 0.8240 0.1148 0.8240 0.2400 0.7994 0.2400
12 0.0680 0.9420 0.1380 0.9420 0.1380 0.9488 0.0680 0.9488
12 0.6694 0.9520 0.7669 0.9520 0.7669 0.9776 0.6694 0.9776
13 0.7054 0.6220 0.7103 0.6220 0.7103 0.6400 0.7054 0.6400
13 0.5834 0.2816 0.5960 0.2816 0.5960 0.2960 0.5834 0.2960
13 0.8766 0.0264 0.8880 0.0264 0.8880 0.0680 0.8766 0.0680
13 0.5843 0.3624 0.5943 0.3624 0.5943 0.3824 0.5843 0.3824
15 0.4194 0.5088 0.4917 0.5088 0.4917 0.5896 0.4194 0.5896
15 0.0054 0.4792 0.0589 0.4792 0.0589 0.5432 0.0054 0.5432
15 0.1677 0.6408 0.1957 0.6408 0.1957 0.6936 0.1677 0.6936
15 0.6960 0.3396 0.7423 0.3396 0.7423 0.4080 0.6960 0.4080
