0 0.2851 0.2996 0.3980 0.2996 0.3980 0.4920 0.2851 0.4920
0 0.2620 0.1852 0.3626 0.1852 0.3626 0.3884 0.2620 0.3884
0 0.1634 0.4552 0.3154 0.4552 0.3154 0.8428 0.1634 0.8428
0 0.0880 0.2068 0.2211 0.2068 0.2211 0.5732 0.0880 0.5732
1 0.9051 0.3640 0.9114 0.3640 0.9114 0.4452 0.9051 0.4452
1 0.0777 0.5100 0.1040 0.5100 0.1040 0.5220 0.0777 0.5220
1 0.4877 0.1432 0.4954 0.1432 0.4954 0.2264 0.4877 0.2264
1 0.8217 0.8752 0.8417 0.8752 0.8417 0.8836 0.8217 0.8836
2 0.2140 0.2780 0.2271 0.2780 0.2271 0.4340 0.2140 0.4340
2 0.3240 0.2152 0.4651 0.2152 0.4651 0.2996 0.3240 0.2996
2 0.7214 0.6572 0.8817 0.6572 0.8817 0.8008 0.7214 0.8008
2 0.4771 0.6908 0.5509 0.6908 0.5509 0.7520 0.4771 0.7520
3 0.6566 0.7632 0.7060 0.7632 0.7060 0.7800 0.6566 0.7800
3 0.2843 0.0588 0.3789 0.0588 0.3789 0.0820 0.2843 0.0820
3 0.1100 0.7440 0.1263 0.7440 0.1263 0.8688 0.1100 0.8688
3 0.3011 0.8892 0.3811 0.8892 0.3811 0.9088 0.3011 0.9088
4 0.5863 0.7944 0.5994 0.7944 0.5994 0.8132 0.5863 0.8132
4 0.6837 0.4876 0.7046 0.4876 0.7046 0.5020 0.6837 0.5020
4 0.5066 0.3864 0.5131 0.3864 0.5131 0.3948 0.5066 0.3948
4 0.5809 0.0192 0.5997 0.0192 0.5997 0.0292 0.5809 0.0292
6 0.4114 0.5800 0.4789 0.5800 0.4789 0.7700 0.4114 0.7700
6 0.0220 0.2468 0.2131 0.2468 0.2131 0.3816 0.0220 0.3816
6 0.3740 0.1556 0.5651 0.1556 0.5651 0.2904 0.3740 0.2904
6 0.1960 0.8732 0.2457 0.8732 0.2457 0.9200 0.1960 0.9200
7 0.7494 0.6300 0.7769 0.6300 0.7769 0.6452 0.7494 0.6452
7 0.3774 0.6448 0.3906 0.6448 0.3906 0.6924 0.3774 0.6924
7 0.8234 0.5032 0.8451 0.5032 0.8451 0.6216 0.8234 0.6216
7 0.0694 0.5300 0.0883 0.5300 0.0883 0.5684 0.0694 0.5684
9 0.4517 0.2588 0.4891 0.2588 0.4891 0.4460 0.4517 0.4460
9 0.7671 0.4852 0.8946 0.4852 0.8946 0.5264 0.7671 0.5264
9 0.3100 0.7516 0.3477 0.7516 0.3477 0.8832 0.3100 0.8832
9 0.4051 0.1988 0.4469 0.1988 0.4469 0.4080 0.4051 0.4080
12 0.9520 0.0012 0.9700 0.0012 0.9700 0.0924 0.9520 0.0924
12 0.0886 0.2588 0.3540 0.2588 0.3540 0.3180 0.0886 0.3180
12 0.2469 0.4536 0.5123 0.4536 0.5123 0.5128 0.2469 0.5128
12 0.8931 0.2732 0.9540 0.2732 0.9540 0.3088 0.8931 0.3088
13 0.4194 0.0204 0.5917 0.0204 0.5917 0.0660 0.4194 0.0660
13 0.8114 0.2684 0.8286 0.2684 0.8286 0.2748 0.8114 0.2748
13 0.3960 0.2848 0.4426 0.2848 0.4426 0.3264 0.3960 0.3264
13 0.4063 0.3644 0.4129 0.3644 0.4129 0.3868 0.4063 0.3868
15 0.8334 0.2640 0.8926 0.2640 0.8926 0.3320 0.8334 0.3320
15 0.6049 0.0724 0.6849 0.0724 0.6849 0.1552 0.6049 0.1552
15 0.5971 0.8844 0.6314 0.8844 0.6314 0.9320 0.5971 0.9320
15 0.1197 0.1804 0.1940 0.1804 0.1940 0.2408 0.1197 0.2408
