0 0.5166 0.4168 0.6686 0.4168 0.6686 0.8044 0.5166 0.8044
0 0.1934 0.0768 0.3063 0.0768 0.3063 0.2692 0.1934 0.2692
0 0.2454 0.6368 0.3466 0.6368 0.3466 0.7868 0.2454 0.7868
0 0.2257 0.2936 0.3326 0.2936 0.3326 0.6976 0.2257 0.6976
1 0.8729 0.2908 0.9077 0.2908 0.9077 0.3788 0.8729 0.3788
1 0.0454 0.8224 0.0554 0.8224 0.0554 0.9292 0.0454 0.9292
1 0.9686 0.4400 0.9769 0.4400 0.9769 0.5220 0.9686 0.5220
1 0.7017 0.8392 0.7094 0.8392 0.7094 0.9224 0.7017 0.9224
2 0.4586 0.0908 0.5177 0.0908 0.5177 0.0984 0.4586 0.0984
2 0.7683 0.5608 0.7986 0.5608 0.7986 0.5720 0.7683 0.5720
2 0.0820 0.6060 0.1286 0.6060 0.1286 0.7340 0.0820 0.7340
2 0.1946 0.9204 0.2391 0.9204 0.2391 0.9756 0.1946 0.9756
3 0.2937 0.8496 0.3109 0.8496 0.3109 0.9164 0.2937 0.9164
3 0.3691 0.7380 0.3794 0.7380 0.3794 0.8108 0.3691 0.8108
3 0.6463 0.7972 0.6626 0.7972 0.6626 0.9220 0.6463 0.9220
3 0.6863 0.9700 0.7803 0.9700 0.7803 0.9924 0.6863 0.9924
4 0.5617 0.9396 0.5869 0.9396 0.5869 0.9532 0.5617 0.9532
4 0.7040 0.8508 0.8329 0.8508 0.8329 0.8632 0.7040 0.8632
4 0.9923 0.9944 0.9963 0.9944 0.9963 0.9996 0.9923 0.9996
4 0.7743 0.5420 0.7874 0.5420 0.7874 0.5608 0.7743 0.5608
6 0.5414 0.5124 0.6069 0.5124 0.6069 0.5432 0.5414 0.5432
6 0.3480 0.6668 0.3977 0.6668 0.3977 0.7136 0.3480 0.7136
6 0.9403 0.6048 0.9580 0.6048 0.9580 0.6300 0.9403 0.6300
6 0.2143 0.6292 0.2489 0.6292 0.2489 0.6404 0.2143 0.6404
7 0.0409 0.8344 0.1069 0.8344 0.1069 0.9852 0.0409 0.9852
7 0.6763 0.3508 0.6900 0.3508 0.6900 0.3988 0.6763 0.3988
7 0.7497 0.4240 0.7649 0.4240 0.7649 0.5672 0.7497 0.5672
7 0.0180 0.2456 0.0251 0.2456 0.0251 0.3140 0.0180 0.3140
9 0.7043 0.8572 0.7420 0.8572 0.7420 0.9888 0.7043 0.9888
9 0.8757 0.3344 0.9200 0.3344 0.9200 0.5628 0.8757 0.5628
9 0.2814 0.6460 0.3386 0.6460 0.3386 0.7004 0.2814 0.7004
9 0.9146 0.6048 0.9589 0.6048 0.9589 0.8332 0.9146 0.8332
12 0.5783 0.0584 0.6029 0.0584 0.6029 0.1836 0.5783 0.1836
12 0.5374 0.3456 0.7420 0.3456 0.7420 0.3812 0.5374 0.3812
12 0.3566 0.4264 0.3651 0.4264 0.3651 0.7236 0.3566 0.7236
12 0.8503 0.9008 0.9546 0.9008 0.9546 0.9424 0.8503 0.9424
13 0.4617 0.4404 0.4789 0.4404 0.4789 0.4564 0.4617 0.4564
13 0.2837 0.5456 0.3049 0.5456 0.3049 0.5656 0.2837 0.5656
13 0.9063 0.5988 0.9160 0.5988 0.9160 0.6080 0.9063 0.6080
13 0.3311 0.7952 0.3614 0.7952 0.3614 0.8208 0.3311 0.8208
15 0.7686 0.5176 0.8631 0.5176 0.8631 0.5988 0.7686 0.5988
15 0.4786 0.2760 0.5320 0.2760 0.5320 0.3400 0.4786 0.3400
15 0.4097 0.1032 0.4431 0.1032 0.4431 0.1512 0.4097 0.1512
15 0.4251 0.7720 0.5197 0.7720 0.5197 0.8532 0.4251 0.8532
