0 0.2526 0.2216 0.3571 0.2216 0.3571 0.6524 0.2526 0.6524
0 0.6954 0.1284 0.7620 0.1284 0.7620 0.6440 0.6954 0.6440
0 0.0109 0.2448 0.0654 0.2448 0.0654 0.4828 0.0109 0.4828
0 0.3791 0.8252 0.4466 0.8252 0.4466 0.8792 0.3791 0.8792
1 0.4986 0.5084 0.5060 0.5084 0.5060 0.5356 0.4986 0.5356
1 0.2840 0.0852 0.2923 0.0852 0.2923 0.1672 0.2840 0.1672
1 0.6597 0.4260 0.6626 0.4260 0.6626 0.4816 0.6597 0.4816
1 0.2586 0.5700 0.2663 0.5700 0.2663 0.6532 0.2586 0.6532
2 0.0306 0.7228 0.0623 0.7228 0.0623 0.8012 0.0306 0.8012
2 0.3383 0.0100 0.3580 0.0100 0.3580 0.0376 0.3383 0.0376
2 0.2474 0.6212 0.3349 0.6212 0.3349 0.6936 0.2474 0.6936
2 0.1214 0.2964 0.2469 0.2964 0.2469 0.6012 0.1214 0.6012
3 0.6671 0.7536 0.7471 0.7536 0.7471 0.7732 0.6671 0.7732
3 0.7957 0.8784 0.8060 0.8784 0.8060 0.9512 0.7957 0.9512
3 0.3014 0.3492 0.3151 0.3492 0.3151 0.4516 0.3014 0.4516
3 0.9669 0.1992 0.9831 0.1992 0.9831 0.3240 0.9669 0.3240
4 0.6411 0.4528 0.6497 0.4528 0.6497 0.4660 0.6411 0.4660
4 0.1377 0.8908 0.1554 0.8908 0.1554 0.9036 0.1377 0.9036
4 0.1446 0.5588 0.1509 0.5588 0.1509 0.5848 0.1446 0.5848
4 0.5634 0.6724 0.6229 0.6724 0.6229 0.6924 0.5634 0.6924
6 0.3111 0.6800 0.5023 0.6800 0.5023 0.8148 0.3111 0.8148
6 0.0720 0.8088 0.2631 0.8088 0.2631 0.9436 0.0720 0.9436
6 0.0346 0.7640 0.0691 0.7640 0.0691 0.7752 0.0346 0.7752
6 0.2391 0.8108 0.2977 0.8108 0.2977 0.8932 0.2391 0.8932
7 0.6086 0.0016 0.6503 0.0016 0.6503 0.1076 0.6086 0.1076
7 0.2817 0.1632 0.3117 0.1632 0.3117 0.2744 0.2817 0.2744
7 0.3097 0.0616 0.3251 0.0616 0.3251 0.1292 0.3097 0.1292
7 0.9480 0.5260 0.9594 0.5260 0.9594 0.6040 0.9480 0.6040
9 0.6129 0.0964 0.6849 0.0964 0.6849 0.3288 0.6129 0.3288
9 0.7657 0.7844 0.8931 0.7844 0.8931 0.8256 0.7657 0.8256
9 0.3431 0.6088 0.3849 0.6088 0.3849 0.8180 0.3431 0.8180
9 0.0186 0.2592 0.1414 0.2592 0.1414 0.3068 0.0186 0.3068
12 0.1969 0.1632 0.2689 0.1632 0.2689 0.1952 0.1969 0.1952
12 0.1977 0.0688 0.6389 0.0688 0.6389 0.1500 0.1977 0.1500
12 0.2046 0.3072 0.2766 0.3072 0.2766 0.3392 0.2046 0.3392
12 0.7940 0.4336 0.8734 0.4336 0.8734 0.4768 0.7940 0.4768
13 0.2143 0.3548 0.2197 0.3548 0.2197 0.5728 0.2143 0.5728
13 0.9737 0.3584 0.9909 0.3584 0.9909 0.3744 0.9737 0.3744
13 0.2209 0.7940 0.2274 0.7940 0.2274 0.8164 0.2209 0.8164
13 0.9051 0.3424 0.9414 0.3424 0.9414 0.4076 0.9051 0.4076
15 0.8114 0.6548 0.8854 0.6548 0.8854 0.7176 0.8114 0.7176
15 0.2209 0.1172 0.2943 0.1172 0.2943 0.1876 0.2209 0.1876
15 0.4397 0.7268 0.5097 0.7268 0.5097 0.8456 0.4397 0.8456
15 0.1749 0.2436 0.2480 0.2436 0.2480 0.3156 0.1749 0.3156
