0 0.1329 0.3276 0.2334 0.3276 0.2334 0.5308 0.1329 0.5308
0 0.6840 0.6276 0.8171 0.6276 0.8171 0.9940 0.6840 0.9940
0 0.2966 0.5068 0.5251 0.5068 0.5251 0.5916 0.2966 0.5916
0 0.3297 0.0312 0.4591 0.0312 0.4591 0.4124 0.3297 0.4124
1 0.0451 0.9156 0.0483 0.9156 0.0483 0.9408 0.0451 0.9408
1 0.5680 0.9248 0.5806 0.9248 0.5806 0.9356 0.5680 0.9356
1 0.5034 0.5852 0.5134 0.5852 0.5134 0.6920 0.5034 0.6920
1 0.6003 0.3140 0.6066 0.3140 0.6066 0.3952 0.6003 0.3952
2 0.5294 0.4596 0.6206 0.4596 0.6206 0.5140 0.5294 0.5140
2 0.2591 0.2320 0.2763 0.2320 0.2763 0.2752 0.2591 0.2752
2 0.8214 0.5988 0.9086 0.5988 0.9086 0.8552 0.8214 0.8552
2 0.6046 0.2452 0.6537 0.2452 0.6537 0.2880 0.6046 0.2880
3 0.6597 0.6848 0.6660 0.6848 0.6660 0.7868 0.6597 0.7868
3 0.1740 0.9528 0.2686 0.9528 0.2686 0.9760 0.1740 0.9760
3 0.5589 0.7264 0.6529 0.7264 0.6529 0.7488 0.5589 0.7488
3 0.4231 0.6044 0.4334 0.6044 0.4334 0.6772 0.4231 0.6772
4 0.9706 0.1952 0.9831 0.1952 0.9831 0.2776 0.9706 0.2776
4 0.9537 0.2412 0.9637 0.2412 0.9637 0.2716 0.9537 0.2716
4 0.1929 0.5328 0.2049 0.5328 0.2049 0.5504 0.1929 0.5504
4 0.7791 0.4220 0.7891 0.4220 0.7891 0.4524 0.7791 0.4524
6 0.8083 0.6080 0.8580 0.6080 0.8580 0.6548 0.8083 0.6548
6 0.1343 0.4000 0.1520 0.4000 0.1520 0.4252 0.1343 0.4252
6 0.4820 0.8380 0.4997 0.8380 0.4997 0.8632 0.4820 0.8632
6 0.4800 0.8364 0.6711 0.8364 0.6711 0.9712 0.4800 0.9712
7 0.4634 0.3312 0.4851 0.3312 0.4851 0.3928 0.4634 0.3928
7 0.4726 0.9504 0.4823 0.9504 0.4823 0.9828 0.4726 0.9828
7 0.0960 0.7036 0.1234 0.7036 0.1234 0.7764 0.0960 0.7764
7 0.8049 0.4692 0.8277 0.4692 0.8277 0.5620 0.8049 0.5620
9 0.2351 0.6456 0.3063 0.6456 0.3063 0.8484 0.2351 0.8484
9 0.8789 0.0468 0.9166 0.0468 0.9166 0.1784 0.8789 0.1784
9 0.5763 0.9512 0.6920 0.9512 0.6920 0.9892 0.5763 0.9892
9 0.0457 0.1540 0.0757 0.1540 0.0757 0.3296 0.0457 0.3296
12 0.2169 0.7672 0.4214 0.7672 0.4214 0.8028 0.2169 0.8028
12 0.1083 0.2444 0.3737 0.2444 0.3737 0.3036 0.1083 0.3036
12 0.4097 0.4364 0.4669 0.4364 0.4669 0.9860 0.4097 0.9860
12 0.7177 0.0804 0.7617 0.0804 0.7617 0.5052 0.7177 0.5052
13 0.9200 0.1804 0.9343 0.1804 0.9343 0.3004 0.9200 0.3004
13 0.0626 0.9084 0.0726 0.9084 0.0726 0.9236 0.0626 0.9236
13 0.3134 0.5340 0.3260 0.5340 0.3260 0.5484 0.3134 0.5484
13 0.4151 0.8188 0.4383 0.8188 0.4383 0.8824 0.4151 0.8824
15 0.2689 0.4776 0.3231 0.4776 0.3231 0.5504 0.2689 0.5504
15 0.4874 0.3016 0.5614 0.3016 0.5614 0.3644 0.4874 0.3644
15 0.9517 0.1564 0.9851 0.1564 0.9851 0.2044 0.9517 0.2044
15 0.4371 0.2128 0.4966 0.2128 0.4966 0.2752 0.4371 0.2752
