0 0.7666 0.6456 0.8211 0.6456 0.8211 0.8836 0.7666 0.8836
0 0.8054 0.4132 0.9434 0.4132 0.9434 0.5728 0.8054 0.5728
0 0.8666 0.7008 0.9500 0.7008 0.9500 0.8752 0.8666 0.8752
0 0.0506 0.2624 0.1886 0.2624 0.1886 0.4220 0.0506 0.4220
1 0.3811 0.1480 0.4011 0.1480 0.4011 0.1564 0.3811 0.1564
1 0.4126 0.8604 0.4326 0.8604 0.4326 0.8688 0.4126 0.8688
1 0.7823 0.1608 0.7843 0.1608 0.7843 0.1964 0.7823 0.1964
1 0.7046 0.7952 0.7177 0.7952 0.7177 0.8216 0.7046 0.8216
2 0.7669 0.1756 0.7900 0.1756 0.7900 0.2012 0.7669 0.2012
2 0.4140 0.4824 0.4449 0.4824 0.4449 0.5060 0.4140 0.5060
2 0.3563 0.4668 0.3734 0.4668 0.3734 0.5100 0.3563 0.5100
2 0.4517 0.3792 0.4963 0.3792 0.4963 0.4344 0.4517 0.4344
3 0.7163 0.4004 0.7957 0.4004 0.7957 0.4252 0.7163 0.4252
3 0.3529 0.2736 0.4271 0.2736 0.4271 0.2964 0.3529 0.2964
3 0.1920 0.1228 0.2091 0.1228 0.2091 0.1896 0.1920 0.1896
3 0.7091 0.8632 0.7263 0.8632 0.7263 0.9852 0.7091 0.9852
4 0.6254 0.4568 0.6394 0.4568 0.6394 0.4664 0.6254 0.4664
4 0.2669 0.2756 0.2711 0.2756 0.2711 0.2808 0.2669 0.2808
4 0.7506 0.3312 0.7569 0.3312 0.7569 0.3472 0.7506 0.3472
4 0.8020 0.0700 0.8229 0.0700 0.8229 0.0844 0.8020 0.0844
6 0.4174 0.7188 0.4351 0.7188 0.4351 0.7440 0.4174 0.7440
6 0.2206 0.9656 0.2551 0.9656 0.2551 0.9768 0.2206 0.9768
6 0.8069 0.2972 0.8566 0.2972 0.8566 0.3440 0.8069 0.3440
6 0.0591 0.5464 0.0937 0.5464 0.0937 0.5576 0.0591 0.5576
7 0.6331 0.7264 0.6503 0.7264 0.6503 0.7352 0.6331 0.7352
7 0.7317 0.4264 0.7489 0.4264 0.7489 0.4352 0.7317 0.4352
7 0.7886 0.1648 0.8117 0.1648 0.8117 0.2564 0.7886 0.2564
7 0.6880 0.5572 0.7009 0.5572 0.7009 0.5932 0.6880 0.5932
9 0.0660 0.4948 0.0960 0.4948 0.0960 0.6704 0.0660 0.6704
9 0.3637 0.7880 0.4911 0.7880 0.4911 0.8292 0.3637 0.8292
9 0.0814 0.3072 0.1969 0.3072 0.1969 0.3448 0.0814 0.3448
9 0.1771 0.6508 0.2286 0.6508 0.2286 0.8204 0.1771 0.8204
12 0.2889 0.2664 0.3931 0.2664 0.3931 0.3080 0.2889 0.3080
12 0.9277 0.4176 0.9569 0.4176 0.9569 0.4420 0.9277 0.4420
12 0.1131 0.4800 0.1571 0.4800 0.1571 0.9048 0.1131 0.9048
12 0.3874 0.0228 0.4109 0.0228 0.4109 0.1128 0.3874 0.1128
13 0.5306 0.2860 0.5460 0.2860 0.5460 0.3092 0.5306 0.3092
13 0.4377 0.9672 0.4543 0.9672 0.4543 0.9740 0.4377 0.9740
13 0.9537 0.8460 0.9557 0.8460 0.9557 0.9912 0.9537 0.9912
13 0.1200 0.2308 0.1954 0.2308 0.1954 0.2728 0.1200 0.2728
15 0.6700 0.7140 0.7391 0.7140 0.7391 0.8172 0.6700 0.8172
15 0.1734 0.0612 0.2534 0.0612 0.2534 0.1440 0.1734 0.1440
15 0.0754 0.4756 0.1477 0.4756 0.1477 0.5564 0.0754 0.5564
15 0.5777 0.1640 0.6071 0.1640 0.6071 0.2236 0.5777 0.2236
