0 0.0526 0.7564 0.3763 0.7564 0.3763 0.8364 0.0526 0.8364
0 0.5863 0.5196 0.7243 0.5196 0.7243 0.6792 0.5863 0.6792
0 0.5474 0.2836 0.5817 0.2836 0.5817 0.7396 0.5474 0.7396
0 0.4700 0.6240 0.5246 0.6240 0.5246 0.8620 0.4700 0.8620
1 0.5109 0.2656 0.5186 0.2656 0.5186 0.3488 0.5109 0.3488
1 0.7783 0.2992 0.8031 0.2992 0.8031 0.3040 0.7783 0.3040
1 0.7563 0.5812 0.7689 0.5812 0.7689 0.5920 0.7563 0.5920
1 0.1609 0.6716 0.1740 0.6716 0.1740 0.6980 0.1609 0.6980
2 0.5080 0.8280 0.5946 0.8280 0.5946 0.9516 0.5080 0.9516
2 0.1137 0.7028 0.2049 0.7028 0.2049 0.7572 0.1137 0.7572
2 0.3891 0.0460 0.4146 0.0460 0.4146 0.0652 0.3891 0.0652
2 0.8120 0.4932 0.8723 0.4932 0.8723 0.5248 0.8120 0.5248
3 0.8571 0.7888 0.9517 0.7888 0.9517 0.8120 0.8571 0.8120
3 0.0631 0.0272 0.0734 0.0272 0.0734 0.1000 0.0631 0.1000
3 0.4894 0.8796 0.4997 0.8796 0.4997 0.9524 0.4894 0.9524
3 0.2129 0.5416 0.3080 0.5416 0.3080 0.5640 0.2129 0.5640
4 0.7326 0.0572 0.7406 0.0572 0.7406 0.0828 0.7326 0.0828
4 0.5457 0.3780 0.5523 0.3780 0.5523 0.3864 0.5457 0.3864
4 0.9554 0.0440 0.9660 0.0440 0.9660 0.0492 0.9554 0.0492
4 0.4554 0.6472 0.4834 0.6472 0.4834 0.6544 0.4554 0.6544
6 0.6906 0.7300 0.7560 0.7300 0.7560 0.7608 0.6906 0.7608
6 0.4706 0.7264 0.4883 0.7264 0.4883 0.7516 0.4706 0.7516
6 0.3294 0.1740 0.3969 0.1740 0.3969 0.3640 0.3294 0.3640
6 0.2134 0.4116 0.2311 0.4116 0.2311 0.4368 0.2134 0.4368
7 0.2669 0.7048 0.2740 0.7048 0.2740 0.7340 0.2669 0.7340
7 0.1643 0.2632 0.1874 0.2632 0.1874 0.3548 0.1643 0.3548
7 0.8883 0.4692 0.9011 0.4692 0.9011 0.5168 0.8883 0.5168
7 0.5240 0.2244 0.5463 0.2244 0.5463 0.3092 0.5240 0.3092
9 0.2511 0.6252 0.3134 0.6252 0.3134 0.8308 0.2511 0.8308
9 0.8686 0.1316 0.8986 0.1316 0.8986 0.3072 0.8686 0.3072
9 0.4711 0.2176 0.6914 0.2176 0.6914 0.2900 0.4711 0.2900
9 0.3077 0.5656 0.4234 0.5656 0.4234 0.6036 0.3077 0.6036
12 0.0297 0.3856 0.0543 0.3856 0.0543 0.5108 0.0297 0.5108
12 0.5386 0.1344 0.5660 0.1344 0.5660 0.2468 0.5386 0.2468
12 0.4866 0.1048 0.5811 0.1048 0.5811 0.1408 0.4866 0.1408
12 0.2871 0.6296 0.7283 0.6296 0.7283 0.7108 0.2871 0.7108
13 0.6806 0.1480 0.7200 0.1480 0.7200 0.1728 0.6806 0.1728
13 0.1380 0.4640 0.1494 0.4640 0.1494 0.5056 0.1380 0.5056
13 0.9614 0.0320 0.9683 0.0320 0.9683 0.0788 0.9614 0.0788
13 0.2914 0.8116 0.3011 0.8116 0.3011 0.8208 0.2914 0.8208
15 0.1451 0.2664 0.2497 0.2664 0.2497 0.3812 0.1451 0.3812
15 0.2089 0.5556 0.2400 0.5556 0.2400 0.6148 0.2089 0.6148
15 0.6537 0.8380 0.7277 0.8380 0.7277 0.9008 0.6537 0.9008
15 0.1311 0.6920 0.1846 0.6920 0.1846 0.7560 0.1311 0.7560
