0 0.6017 0.5320 0.7694 0.5320 0.7694 0.8252 0.6017 0.8252
0 0.5214 0.5264 0.6220 0.5264 0.6220 0.7296 0.5214 0.7296
0 0.1994 0.5568 0.3374 0.5568 0.3374 0.7164 0.1994 0.7164
0 0.0683 0.2092 0.1911 0.2092 0.1911 0.6464 0.0683 0.6464
1 0.2083 0.3528 0.2111 0.3528 0.2111 0.3780 0.2083 0.3780
1 0.5463 0.7624 0.5511 0.7624 0.5511 0.8044 0.5463 0.8044
1 0.6043 0.8944 0.6391 0.8944 0.6391 0.9824 0.6043 0.9824
1 0.3749 0.0244 0.3891 0.0244 0.3891 0.0552 0.3749 0.0552
2 0.7580 0.3072 0.8446 0.3072 0.8446 0.5872 0.7580 0.5872
2 0.4854 0.1080 0.6109 0.1080 0.6109 0.4128 0.4854 0.4128
2 0.2663 0.7340 0.3420 0.7340 0.3420 0.7868 0.2663 0.7868
2 0.7123 0.4228 0.7589 0.4228 0.7589 0.5508 0.7123 0.5508
3 0.7926 0.0520 0.8063 0.0520 0.8063 0.1544 0.7926 0.1544
3 0.0394 0.6740 0.1194 0.6740 0.1194 0.6936 0.0394 0.6936
3 0.6069 0.6588 0.6171 0.6588 0.6171 0.7316 0.6069 0.7316
3 0.7034 0.1732 0.7137 0.1732 0.7137 0.2460 0.7034 0.2460
4 0.5491 0.4840 0.6346 0.4840 0.6346 0.4960 0.5491 0.4960
4 0.4554 0.3356 0.4977 0.3356 0.4977 0.3468 0.4554 0.3468
4 0.4597 0.3496 0.4669 0.3496 0.4669 0.3944 0.4597 0.3944
4 0.6011 0.1928 0.6091 0.1928 0.6091 0.2184 0.6011 0.2184
6 0.1854 0.6992 0.2440 0.6992 0.2440 0.7816 0.1854 0.7816
6 0.7103 0.1808 0.7757 0.1808 0.7757 0.2116 0.7103 0.2116
6 0.3529 0.3392 0.4026 0.3392 0.4026 0.3860 0.3529 0.3860
6 0.1209 0.5792 0.1883 0.5792 0.1883 0.7692 0.1209 0.7692
7 0.5766 0.4968 0.6231 0.4968 0.6231 0.6312 0.5766 0.6312
7 0.2497 0.7988 0.2640 0.7988 0.2640 0.8668 0.2497 0.8668
7 0.1171 0.7016 0.1269 0.7016 0.1269 0.7340 0.1171 0.7340
7 0.4297 0.3216 0.4377 0.3216 0.4377 0.3400 0.4297 0.3400
9 0.8749 0.5680 0.9803 0.5680 0.9803 0.6284 0.8749 0.6284
9 0.6054 0.1012 0.7283 0.1012 0.7283 0.1488 0.6054 0.1488
9 0.6246 0.1108 0.6957 0.1108 0.6957 0.3136 0.6246 0.3136
9 0.7331 0.0088 0.9534 0.0088 0.9534 0.0812 0.7331 0.0812
12 0.2129 0.9356 0.3171 0.9356 0.3171 0.9772 0.2129 0.9772
12 0.1500 0.8112 0.1811 0.8112 0.1811 0.8384 0.1500 0.8384
12 0.5686 0.8196 0.5860 0.8196 0.5860 0.9420 0.5686 0.9420
12 0.7214 0.5904 0.7477 0.5904 0.7477 0.8728 0.7214 0.8728
13 0.9794 0.3124 0.9966 0.3124 0.9966 0.3436 0.9794 0.3436
13 0.5646 0.3468 0.5760 0.3468 0.5760 0.3884 0.5646 0.3884
13 0.0763 0.1796 0.0883 0.1796 0.0883 0.1908 0.0763 0.1908
13 0.2351 0.7496 0.2523 0.7496 0.2523 0.7808 0.2351 0.7808
15 0.3271 0.3876 0.4217 0.3876 0.4217 0.4688 0.3271 0.4688
15 0.5629 0.5584 0.6223 0.5584 0.6223 0.6208 0.5629 0.6208
15 0.7600 0.7016 0.8131 0.7016 0.8131 0.7636 0.7600 0.7636
15 0.3003 0.7284 0.3720 0.7284 0.3720 0.8124 0.3003 0.8124
