0 0.2609 0.7040 0.4286 0.7040 0.4286 0.9972 0.2609 0.9972
0 0.0757 0.0996 0.1100 0.0996 0.1100 0.5556 0.0757 0.5556
0 0.3097 0.5072 0.4391 0.5072 0.4391 0.8884 0.3097 0.8884
0 0.8531 0.4308 0.9863 0.4308 0.9863 0.7972 0.8531 0.7972
1 0.7709 0.6760 0.7771 0.6760 0.7771 0.7572 0.7709 0.7572
1 0.9197 0.7556 0.9460 0.7556 0.9460 0.7676 0.9197 0.7676
1 0.5977 0.2340 0.6009 0.2340 0.6009 0.2592 0.5977 0.2592
1 0.0940 0.6680 0.1203 0.6680 0.1203 0.6800 0.0940 0.6800
2 0.4803 0.8908 0.5920 0.8908 0.5920 0.9444 0.4803 0.9444
2 0.4611 0.1996 0.4937 0.1996 0.4937 0.2156 0.4611 0.2156
2 0.6720 0.6460 0.7029 0.6460 0.7029 0.7784 0.6720 0.7784
2 0.0066 0.4580 0.0531 0.4580 0.0531 0.5084 0.0066 0.5084
3 0.0009 0.6484 0.0071 0.6484 0.0071 0.7504 0.0009 0.7504
3 0.0394 0.3704 0.0497 0.3704 0.0497 0.4432 0.0394 0.4432
3 0.8446 0.0168 0.8549 0.0168 0.8549 0.0896 0.8446 0.0896
3 0.7234 0.2248 0.7337 0.2248 0.7337 0.2980 0.7234 0.2980
4 0.8246 0.5460 0.8477 0.5460 0.8477 0.5848 0.8246 0.5848
4 0.9357 0.1500 0.9563 0.1500 0.9563 0.1648 0.9357 0.1648
4 0.4234 0.6592 0.4406 0.6592 0.4406 0.6824 0.4234 0.6824
4 0.4086 0.4260 0.4317 0.4260 0.4317 0.4648 0.4086 0.4648
6 0.3846 0.4236 0.4023 0.4236 0.4023 0.4488 0.3846 0.4488
6 0.7326 0.0756 0.7823 0.0756 0.7823 0.1224 0.7326 0.1224
6 0.8969 0.8128 0.9146 0.8128 0.9146 0.8380 0.8969 0.8380
6 0.1020 0.0072 0.1517 0.0072 0.1517 0.0540 0.1020 0.0540
7 0.6114 0.6472 0.6177 0.6472 0.6177 0.6712 0.6114 0.6712
7 0.1737 0.0428 0.1991 0.0428 0.1991 0.1496 0.1737 0.1496
7 0.5017 0.0312 0.5763 0.0312 0.5763 0.0812 0.5017 0.0812
7 0.8117 0.8124 0.8257 0.8124 0.8257 0.8660 0.8117 0.8660
9 0.5834 0.3840 0.6989 0.3840 0.6989 0.4216 0.5834 0.4216
9 0.0777 0.3368 0.1489 0.3368 0.1489 0.5396 0.0777 0.5396
9 0.2686 0.4532 0.3063 0.4532 0.3063 0.5848 0.2686 0.5848
9 0.0423 0.3952 0.0840 0.3952 0.0840 0.6044 0.0423 0.6044
12 0.5054 0.8060 0.5260 0.8060 0.5260 0.9508 0.5054 0.9508
12 0.1829 0.3856 0.2960 0.3856 0.2960 0.4164 0.1829 0.4164
12 0.2629 0.6928 0.2874 0.6928 0.2874 0.8180 0.2629 0.8180
12 0.1271 0.2900 0.1503 0.2900 0.1503 0.4736 0.1271 0.4736
13 0.9423 0.9108 0.9786 0.9108 0.9786 0.9760 0.9423 0.9760
13 0.7386 0.0604 0.7511 0.0604 0.7511 0.0688 0.7386 0.0688
13 0.9614 0.0944 0.9977 0.0944 0.9977 0.1596 0.9614 0.1596
13 0.9243 0.9036 0.9606 0.9036 0.9606 0.9688 0.9243 0.9688
15 0.3603 0.7260 0.4549 0.7260 0.4549 0.8072 0.3603 0.8072
15 0.1217 0.6332 0.1957 0.6332 0.1957 0.6960 0.1217 0.6960
15 0.4840 0.6136 0.5269 0.6136 0.5269 0.6760 0.4840 0.6760
15 0.5660 0.7548 0.5954 0.7548 0.5954 0.8144 0.5660 0.8144
