0 0.1191 0.5868 0.2260 0.5868 0.2260 0.9908 0.1191 0.9908
0 0.6171 0.6804 0.7300 0.6804 0.7300 0.8728 0.6171 0.8728
0 0.1769 0.3476 0.3446 0.3476 0.3446 0.6408 0.1769 0.6408
0 0.2360 0.4276 0.2703 0.4276 0.2703 0.8836 0.2360 0.8836
1 0.4129 0.4484 0.4206 0.4484 0.4206 0.5316 0.4129 0.5316
1 0.8146 0.7228 0.8217 0.7228 0.8217 0.7488 0.8146 0.7488
1 0.1731 0.0344 0.1946 0.0344 0.1946 0.0460 0.1731 0.0460
1 0.3303 0.1300 0.3566 0.1300 0.3566 0.1420 0.3303 0.1420
2 0.2860 0.2208 0.3623 0.2208 0.3623 0.2828 0.2860 0.2828
2 0.0703 0.3936 0.1057 0.3936 0.1057 0.4120 0.0703 0.4120
2 0.1226 0.1272 0.2060 0.1272 0.2060 0.1380 0.1226 0.1380
2 0.5500 0.5712 0.6374 0.5712 0.6374 0.6436 0.5500 0.6436
3 0.6686 0.6728 0.6849 0.6728 0.6849 0.7976 0.6686 0.7976
3 0.0369 0.9076 0.1169 0.9076 0.1169 0.9272 0.0369 0.9272
3 0.3163 0.4308 0.3326 0.4308 0.3326 0.5556 0.3163 0.5556
3 0.1803 0.3484 0.1906 0.3484 0.1906 0.4216 0.1803 0.4216
4 0.5749 0.0100 0.5820 0.0100 0.5820 0.0548 0.5749 0.0548
4 0.9791 0.4188 0.9923 0.4188 0.9923 0.4376 0.9791 0.4376
4 0.7286 0.0024 0.7463 0.0024 0.7463 0.0308 0.7286 0.0308
4 0.9326 0.1216 0.9486 0.1216 0.9486 0.1272 0.9326 0.1272
6 0.7300 0.6324 0.7954 0.6324 0.7954 0.6632 0.7300 0.6632
6 0.7686 0.0072 0.8183 0.0072 0.8183 0.0540 0.7686 0.0540
6 0.2577 0.6320 0.3074 0.6320 0.3074 0.6788 0.2577 0.6788
6 0.6514 0.6480 0.8426 0.6480 0.8426 0.7828 0.6514 0.7828
7 0.2291 0.7360 0.2480 0.7360 0.2480 0.8056 0.2291 0.8056
7 0.1251 0.2736 0.1517 0.2736 0.1517 0.4060 0.1251 0.4060
7 0.3483 0.3268 0.3726 0.3268 0.3726 0.4228 0.3483 0.4228
7 0.0397 0.5776 0.0463 0.5776 0.0463 0.5960 0.0397 0.5960
9 0.3917 0.4008 0.5074 0.4008 0.5074 0.4388 0.3917 0.4388
9 0.3577 0.0756 0.3980 0.0756 0.3980 0.2720 0.3577 0.2720
9 0.9037 0.0308 0.9357 0.0308 0.9357 0.1888 0.9037 0.1888
9 0.5051 0.6100 0.5351 0.6100 0.5351 0.7856 0.5051 0.7856
12 0.0826 0.2260 0.1171 0.2260 0.1171 0.3804 0.0826 0.3804
12 0.0554 0.7332 0.1163 0.7332 0.1163 0.7688 0.0554 0.7688
12 0.7254 0.0864 0.8386 0.0864 0.8386 0.1172 0.7254 0.1172
12 0.1517 0.3984 0.1691 0.3984 0.1691 0.5208 0.1517 0.5208
13 0.0774 0.9076 0.0946 0.9076 0.0946 0.9140 0.0774 0.9140
13 0.8229 0.5240 0.8329 0.5240 0.8329 0.5392 0.8229 0.5392
13 0.7826 0.5264 0.7980 0.5264 0.7980 0.5916 0.7826 0.5916
13 0.0366 0.4180 0.0414 0.4180 0.0414 0.4360 0.0366 0.4360
15 0.5551 0.7956 0.5980 0.7956 0.5980 0.8580 0.5551 0.8580
15 0.7329 0.3580 0.7757 0.3580 0.7757 0.4204 0.7329 0.4204
15 0.5691 0.4600 0.6940 0.4600 0.6940 0.5632 0.5691 0.5632
15 0.5126 0.2988 0.5717 0.2988 0.5717 0.3668 0.5126 0.3668
