0 0.3174 0.6492 0.5460 0.6492 0.5460 0.7340 0.3174 0.7340
0 0.2126 0.3936 0.2469 0.3936 0.2469 0.8496 0.2126 0.8496
0 0.5009 0.1552 0.6340 0.1552 0.6340 0.5216 0.5009 0.5216
0 0.3006 0.5472 0.4683 0.5472 0.4683 0.8404 0.3006 0.8404
1 0.6851 0.0196 0.6963 0.0196 0.6963 0.0564 0.6851 0.0564
1 0.4174 0.8900 0.4223 0.8900 0.4223 0.9320 0.4174 0.9320
1 0.2234 0.2312 0.2497 0.2312 0.2497 0.2432 0.2234 0.2432
1 0.0426 0.9484 0.0557 0.9484 0.0557 0.9748 0.0426 0.9748
2 0.1009 0.0432 0.1766 0.0432 0.1766 0.0980 0.1009 0.0980
2 0.1594 0.3200 0.2429 0.3200 0.2429 0.3308 0.1594 0.3308
2 0.4851 0.4528 0.5446 0.4528 0.5446 0.6404 0.4851 0.6404
2 0.0114 0.5916 0.0423 0.5916 0.0423 0.6152 0.0114 0.6152
3 0.8146 0.0864 0.8840 0.0864 0.8840 0.1048 0.8146 0.1048
3 0.1366 0.1216 0.2317 0.1216 0.2317 0.1440 0.1366 0.1440
3 0.8203 0.7724 0.8754 0.7724 0.8754 0.7916 0.8203 0.7916
3 0.4920 0.1944 0.5023 0.1944 0.5023 0.2672 0.4920 0.2672
4 0.5797 0.4860 0.5929 0.4860 0.5929 0.6072 0.5797 0.6072
4 0.7509 0.3048 0.7631 0.3048 0.7631 0.3120 0.7509 0.3120
4 0.4200 0.7064 0.4263 0.7064 0.4263 0.7324 0.4200 0.7324
4 0.1183 0.1044 0.1340 0.1044 0.1340 0.1272 0.1183 0.1272
6 0.3506 0.0160 0.3683 0.0160 0.3683 0.0412 0.3506 0.0412
6 0.3620 0.9432 0.3797 0.9432 0.3797 0.9684 0.3620 0.9684
6 0.1666 0.5856 0.2340 0.5856 0.2340 0.7756 0.1666 0.7756
6 0.9063 0.5632 0.9737 0.5632 0.9737 0.7532 0.9063 0.7532
7 0.6866 0.7184 0.7174 0.7184 0.7174 0.8460 0.6866 0.8460
7 0.9186 0.6096 0.9257 0.6096 0.9257 0.6344 0.9186 0.6344
7 0.3763 0.7636 0.3814 0.7636 0.3814 0.7792 0.3763 0.7792
7 0.3263 0.7740 0.3400 0.7740 0.3400 0.8220 0.3263 0.8220
9 0.1246 0.8080 0.2474 0.8080 0.2474 0.8556 0.1246 0.8556
9 0.3709 0.4080 0.4866 0.4080 0.4866 0.4460 0.3709 0.4460
9 0.6966 0.5108 0.7340 0.5108 0.7340 0.6980 0.6966 0.6980
9 0.6280 0.2848 0.6697 0.2848 0.6697 0.4940 0.6280 0.4940
12 0.5820 0.4452 0.5906 0.4452 0.5906 0.7424 0.5820 0.7424
12 0.9457 0.6540 0.9543 0.6540 0.9543 0.9512 0.9457 0.9512
12 0.6860 0.7164 0.7083 0.7164 0.7083 0.9764 0.6860 0.9764
12 0.7983 0.8720 0.8703 0.8720 0.8703 0.9040 0.7983 0.9040
13 0.4760 0.1832 0.4886 0.1832 0.4886 0.1916 0.4760 0.1916
13 0.8300 0.6164 0.8371 0.6164 0.8371 0.6628 0.8300 0.6628
13 0.3546 0.1100 0.3689 0.1100 0.3689 0.2300 0.3546 0.2300
13 0.2486 0.0908 0.2580 0.0908 0.2580 0.1228 0.2486 0.1228
15 0.4223 0.6872 0.4914 0.6872 0.4914 0.7904 0.4223 0.7904
15 0.1909 0.7604 0.2954 0.7604 0.2954 0.8752 0.1909 0.8752
15 0.8523 0.5308 0.8774 0.5308 0.8774 0.5840 0.8523 0.5840
15 0.1997 0.7496 0.3043 0.7496 0.3043 0.8644 0.1997 0.8644
