0 0.5706 0.1404 0.6751 0.1404 0.6751 0.5712 0.5706 0.5712
0 0.4220 0.0108 0.6329 0.0108 0.6329 0.2172 0.4220 0.2172
0 0.3303 0.4472 0.3969 0.4472 0.3969 0.9628 0.3303 0.9628
0 0.0523 0.4172 0.1751 0.4172 0.1751 0.8544 0.0523 0.8544
1 0.3751 0.5976 0.3894 0.5976 0.3894 0.6284 0.3751 0.6284
1 0.9863 0.6972 0.9946 0.6972 0.9946 0.7792 0.9863 0.7792
1 0.8600 0.7076 0.8629 0.7076 0.8629 0.7328 0.8600 0.7328
1 0.2966 0.2336 0.2986 0.2336 0.2986 0.2692 0.2966 0.2692
2 0.0840 0.5548 0.3226 0.5548 0.3226 0.7104 0.0840 0.7104
2 0.0040 0.1800 0.1074 0.1800 0.1074 0.2396 0.0040 0.2396
2 0.7060 0.5040 0.8189 0.5040 0.8189 0.5240 0.7060 0.5240
2 0.8560 0.3588 0.9594 0.3588 0.9594 0.4184 0.8560 0.4184
3 0.4871 0.2212 0.5366 0.2212 0.5366 0.2380 0.4871 0.2380
3 0.5391 0.5160 0.5943 0.5160 0.5943 0.5376 0.5391 0.5376
3 0.0860 0.3220 0.1411 0.3220 0.1411 0.3412 0.0860 0.3412
3 0.0414 0.6748 0.0586 0.6748 0.0586 0.7416 0.0414 0.7416
4 0.7997 0.5600 0.8223 0.5600 0.8223 0.5732 0.7997 0.5732
4 0.9286 0.3868 0.9351 0.3868 0.9351 0.4496 0.9286 0.4496
4 0.0406 0.2604 0.0600 0.2604 0.0600 0.2748 0.0406 0.2748
4 0.0080 0.7044 0.0160 0.7044 0.0160 0.7860 0.0080 0.7860
6 0.6137 0.7040 0.6811 0.7040 0.6811 0.8940 0.6137 0.8940
6 0.5091 0.3612 0.5766 0.3612 0.5766 0.5512 0.5091 0.5512
6 0.0154 0.5084 0.0740 0.5084 0.0740 0.5908 0.0154 0.5908
6 0.7289 0.4488 0.7874 0.4488 0.7874 0.5312 0.7289 0.5312
7 0.8320 0.7624 0.8471 0.7624 0.8471 0.7700 0.8320 0.7700
7 0.5640 0.3320 0.5940 0.3320 0.5940 0.4432 0.5640 0.4432
7 0.7794 0.6124 0.7949 0.6124 0.7949 0.6648 0.7794 0.6648
7 0.8214 0.6460 0.8354 0.6460 0.8354 0.6996 0.8214 0.6996
9 0.6914 0.7052 0.7317 0.7052 0.7317 0.9016 0.6914 0.9016
9 0.0906 0.3788 0.1280 0.3788 0.1280 0.5660 0.0906 0.5660
9 0.1851 0.2268 0.2229 0.2268 0.2229 0.3584 0.1851 0.3584
9 0.0411 0.0980 0.0731 0.0980 0.0731 0.2560 0.0411 0.2560
12 0.7709 0.5364 0.8654 0.5364 0.8654 0.5724 0.7709 0.5724
12 0.7654 0.3624 0.8697 0.3624 0.8697 0.4040 0.7654 0.4040
12 0.5877 0.5012 0.6189 0.5012 0.6189 0.5284 0.5877 0.5284
12 0.6051 0.0560 0.6257 0.0560 0.6257 0.2008 0.6051 0.2008
13 0.5831 0.9480 0.6843 0.9480 0.6843 0.9556 0.5831 0.9556
13 0.8734 0.1816 0.8860 0.1816 0.8860 0.1900 0.8734 0.1900
13 0.6771 0.4932 0.6794 0.4932 0.6794 0.6184 0.6771 0.6184
13 0.4100 0.5468 0.4331 0.5468 0.4331 0.5648 0.4100 0.5648
15 0.6271 0.1496 0.7006 0.1496 0.7006 0.2200 0.6271 0.2200
15 0.8846 0.8220 0.9157 0.8220 0.9157 0.8812 0.8846 0.8812
15 0.8174 0.2712 0.8766 0.2712 0.8766 0.3392 0.8174 0.3392
15 0.6960 0.7116 0.7254 0.7116 0.7254 0.7712 0.6960 0.7712
