0 0.7954 0.2412 0.9631 0.2412 0.9631 0.5344 0.7954 0.5344
0 0.8451 0.2636 0.9520 0.2636 0.9520 0.6676 0.8451 0.6676
0 0.2149 0.1584 0.3277 0.1584 0.3277 0.3508 0.2149 0.3508
0 0.3360 0.5176 0.4740 0.5176 0.4740 0.6772 0.3360 0.6772
1 0.7263 0.7352 0.7346 0.7352 0.7346 0.8172 0.7263 0.8172
1 0.0237 0.0824 0.0486 0.0824 0.0486 0.0872 0.0237 0.0872
1 0.7280 0.1900 0.7423 0.1900 0.7423 0.2208 0.7280 0.2208
1 0.6783 0.2772 0.6914 0.2772 0.6914 0.3036 0.6783 0.3036
2 0.5383 0.6400 0.5949 0.6400 0.5949 0.6752 0.5383 0.6752
2 0.9303 0.0776 0.9880 0.0776 0.9880 0.1360 0.9303 0.1360
2 0.8986 0.6108 0.9100 0.6108 0.9100 0.6356 0.8986 0.6356
2 0.6729 0.3396 0.7320 0.3396 0.7320 0.3472 0.6729 0.3472
3 0.2563 0.0632 0.3503 0.0632 0.3503 0.0856 0.2563 0.0856
3 0.5317 0.0140 0.5420 0.0140 0.5420 0.0868 0.5317 0.0868
3 0.1289 0.8240 0.2083 0.8240 0.2083 0.8488 0.1289 0.8488
3 0.0469 0.3708 0.0640 0.3708 0.0640 0.4928 0.0469 0.4928
4 0.9569 0.5572 0.9734 0.5572 0.9734 0.5800 0.9569 0.5800
4 0.0409 0.0376 0.0683 0.0376 0.0683 0.0528 0.0409 0.0528
4 0.7834 0.8904 0.7900 0.8904 0.7900 0.9532 0.7834 0.9532
4 0.4203 0.7068 0.4314 0.7068 0.4314 0.7148 0.4203 0.7148
6 0.0917 0.7244 0.1571 0.7244 0.1571 0.7552 0.0917 0.7552
6 0.0120 0.4836 0.0617 0.4836 0.0617 0.5304 0.0120 0.5304
6 0.2651 0.4576 0.3326 0.4576 0.3326 0.6476 0.2651 0.6476
6 0.9349 0.1776 0.9846 0.1776 0.9846 0.2244 0.9349 0.2244
7 0.8643 0.7792 0.9834 0.7792 0.9834 0.7924 0.8643 0.7924
7 0.8089 0.4036 0.8340 0.4036 0.8340 0.4856 0.8089 0.4856
7 0.5111 0.8608 0.5183 0.8608 0.5183 0.8912 0.5111 0.8912
7 0.5180 0.1240 0.5414 0.1240 0.5414 0.2280 0.5180 0.2280
9 0.2300 0.2372 0.2620 0.2372 0.2620 0.3952 0.2300 0.3952
9 0.6683 0.7108 0.7840 0.7108 0.7840 0.7488 0.6683 0.7488
9 0.4100 0.7392 0.4420 0.7392 0.4420 0.8972 0.4100 0.8972
9 0.8931 0.5828 0.9643 0.5828 0.9643 0.7856 0.8931 0.7856
12 0.5849 0.7980 0.6980 0.7980 0.6980 0.8288 0.5849 0.8288
12 0.4820 0.5500 0.5863 0.5500 0.5863 0.5916 0.4820 0.5916
12 0.4540 0.4776 0.4980 0.4776 0.4980 0.9024 0.4540 0.9024
12 0.2671 0.1192 0.3243 0.1192 0.3243 0.6688 0.2671 0.6688
13 0.3149 0.4040 0.3320 0.4040 0.3320 0.4200 0.3149 0.4200
13 0.9211 0.8280 0.9514 0.8280 0.9514 0.8536 0.9211 0.8536
13 0.6811 0.1956 0.6909 0.1956 0.6909 0.2048 0.6811 0.2048
13 0.7471 0.6264 0.7626 0.6264 0.7626 0.6496 0.7471 0.6496
15 0.5680 0.8024 0.6223 0.8024 0.6223 0.8752 0.5680 0.8752
15 0.2203 0.8672 0.3051 0.8672 0.3051 0.9760 0.2203 0.9760
15 0.5977 0.8436 0.6709 0.8436 0.6709 0.9284 0.5977 0.9284
15 0.1866 0.4216 0.2294 0.4216 0.2294 0.4840 0.1866 0.4840
