0 0.4717 0.6100 0.5846 0.6100 0.5846 0.8024 0.4717 0.8024
0 0.4489 0.4312 0.5820 0.4312 0.5820 0.7976 0.4489 0.7976
0 0.3003 0.1312 0.3549 0.1312 0.3549 0.3692 0.3003 0.3692
0 0.5980 0.2036 0.6814 0.2036 0.6814 0.3780 0.5980 0.3780
1 0.8689 0.7728 0.8831 0.7728 0.8831 0.8036 0.8689 0.8036
1 0.4729 0.0112 0.4800 0.0112 0.4800 0.0372 0.4729 0.0372
1 0.1586 0.1324 0.1686 0.1324 0.1686 0.2392 0.1586 0.2392
1 0.0971 0.1736 0.1003 0.1736 0.1003 0.1988 0.0971 0.1988
2 0.6423 0.7940 0.6474 0.7940 0.6474 0.8688 0.6423 0.8688
2 0.4494 0.5824 0.5360 0.5824 0.5360 0.7060 0.4494 0.7060
2 0.3594 0.6328 0.4160 0.6328 0.4160 0.6680 0.3594 0.6680
2 0.8340 0.0584 0.8560 0.0584 0.8560 0.1516 0.8340 0.1516
3 0.2620 0.1824 0.3560 0.1824 0.3560 0.2048 0.2620 0.2048
3 0.7357 0.7820 0.8051 0.7820 0.8051 0.8004 0.7357 0.8004
3 0.5857 0.2280 0.6651 0.2280 0.6651 0.2528 0.5857 0.2528
3 0.5783 0.2780 0.5886 0.2780 0.5886 0.3508 0.5783 0.3508
4 0.0317 0.7896 0.1300 0.7896 0.1300 0.8204 0.0317 0.8204
4 0.0120 0.8248 0.0206 0.8248 0.0206 0.8380 0.0120 0.8380
4 0.5509 0.8756 0.5740 0.8756 0.5740 0.8916 0.5509 0.8916
4 0.1689 0.8644 0.1891 0.8644 0.1891 0.8780 0.1689 0.8780
6 0.3814 0.5044 0.4311 0.5044 0.4311 0.5512 0.3814 0.5512
6 0.0540 0.5036 0.1037 0.5036 0.1037 0.5504 0.0540 0.5504
6 0.1266 0.5868 0.1920 0.5868 0.1920 0.6176 0.1266 0.6176
6 0.0643 0.4260 0.0989 0.4260 0.0989 0.4372 0.0643 0.4372
7 0.7811 0.3484 0.7949 0.3484 0.7949 0.4280 0.7811 0.4280
7 0.9557 0.0284 0.9740 0.0284 0.9740 0.0432 0.9557 0.0432
7 0.8366 0.5252 0.8497 0.5252 0.8497 0.5948 0.8366 0.5948
7 0.5900 0.1164 0.6080 0.1164 0.6080 0.2060 0.5900 0.2060
9 0.9243 0.4332 0.9543 0.4332 0.9543 0.6088 0.9243 0.6088
9 0.8331 0.4260 0.8706 0.4260 0.8706 0.6132 0.8331 0.6132
9 0.1451 0.3428 0.1826 0.3428 0.1826 0.5300 0.1451 0.5300
9 0.7203 0.3136 0.7914 0.3136 0.7914 0.5164 0.7203 0.5164
12 0.0743 0.4532 0.0966 0.4532 0.0966 0.7132 0.0743 0.7132
12 0.3374 0.0484 0.4506 0.0484 0.4506 0.0792 0.3374 0.0792
12 0.3074 0.4420 0.4020 0.4420 0.4020 0.4780 0.3074 0.4780
12 0.0120 0.0264 0.2774 0.0264 0.2774 0.0856 0.0120 0.0856
13 0.2197 0.8072 0.2289 0.8072 0.2289 0.8156 0.2197 0.8156
13 0.4026 0.3156 0.4140 0.3156 0.4140 0.3496 0.4026 0.3496
13 0.1631 0.5884 0.1709 0.5884 0.1709 0.6008 0.1631 0.6008
13 0.5043 0.7400 0.6054 0.7400 0.6054 0.7476 0.5043 0.7476
15 0.9011 0.6156 0.9440 0.6156 0.9440 0.6780 0.9011 0.6780
15 0.4397 0.9364 0.4706 0.9364 0.4706 0.9956 0.4397 0.9956
15 0.3826 0.7480 0.4037 0.7480 0.4037 0.8312 0.3826 0.8312
15 0.5589 0.4716 0.5897 0.4716 0.5897 0.5308 0.5589 0.5308
