0 0.3349 0.1728 0.4680 0.1728 0.4680 0.5392 0.3349 0.5392
0 0.3486 0.2792 0.4151 0.2792 0.4151 0.7948 0.3486 0.7948
0 0.3397 0.1712 0.6429 0.1712 0.6429 0.3624 0.3397 0.3624
0 0.8123 0.6296 0.9134 0.6296 0.9134 0.7796 0.8123 0.7796
1 0.7851 0.0208 0.7963 0.0208 0.7963 0.0576 0.7851 0.0576
1 0.2923 0.0872 0.2951 0.0872 0.2951 0.1428 0.2923 0.1428
1 0.1351 0.2048 0.1600 0.2048 0.1600 0.2096 0.1351 0.2096
1 0.7957 0.4452 0.7977 0.4452 0.7977 0.4808 0.7957 0.4808
2 0.5940 0.7052 0.6406 0.7052 0.6406 0.7556 0.5940 0.7556
2 0.1254 0.0264 0.1849 0.0264 0.1849 0.2140 0.1254 0.2140
2 0.7354 0.8168 0.8111 0.8168 0.8111 0.8716 0.7354 0.8716
2 0.7446 0.0240 0.9443 0.0240 0.9443 0.1452 0.7446 0.1452
3 0.4189 0.4620 0.4983 0.4620 0.4983 0.4868 0.4189 0.4868
3 0.7329 0.0900 0.7823 0.0900 0.7823 0.1068 0.7329 0.1068
3 0.6409 0.6152 0.7209 0.6152 0.7209 0.6348 0.6409 0.6348
3 0.0963 0.8260 0.1706 0.8260 0.1706 0.8488 0.0963 0.8488
4 0.0400 0.0224 0.0566 0.0224 0.0566 0.0452 0.0400 0.0452
4 0.2294 0.2956 0.2357 0.2956 0.2357 0.3116 0.2294 0.3116
4 0.8591 0.2128 0.8703 0.2128 0.8703 0.2452 0.8591 0.2452
4 0.0117 0.4588 0.0309 0.4588 0.0309 0.4716 0.0117 0.4716
6 0.1657 0.4420 0.2311 0.4420 0.2311 0.4728 0.1657 0.4728
6 0.6909 0.0588 0.7563 0.0588 0.7563 0.0896 0.6909 0.0896
6 0.1683 0.4392 0.2180 0.4392 0.2180 0.4860 0.1683 0.4860
6 0.0343 0.7632 0.0840 0.7632 0.0840 0.8100 0.0343 0.8100
7 0.6523 0.8392 0.6626 0.8392 0.6626 0.9000 0.6523 0.9000
7 0.6091 0.6660 0.6203 0.6660 0.6203 0.7352 0.6091 0.7352
7 0.1631 0.7216 0.1786 0.7216 0.1786 0.7628 0.1631 0.7628
7 0.3603 0.5860 0.3837 0.5860 0.3837 0.6676 0.3603 0.6676
9 0.2820 0.5768 0.3334 0.5768 0.3334 0.7464 0.2820 0.7464
9 0.7063 0.0052 0.7577 0.0052 0.7577 0.1748 0.7063 0.1748
9 0.4743 0.0448 0.5117 0.0448 0.5117 0.2320 0.4743 0.2320
9 0.4437 0.1464 0.4811 0.1464 0.4811 0.3336 0.4437 0.3336
12 0.1286 0.1024 0.3940 0.1024 0.3940 0.1616 0.1286 0.1616
12 0.0617 0.1956 0.5029 0.1956 0.5029 0.2768 0.0617 0.2768
12 0.4211 0.7024 0.4457 0.7024 0.4457 0.8276 0.4211 0.8276
12 0.1334 0.7164 0.1566 0.7164 0.1566 0.9000 0.1334 0.9000
13 0.5631 0.8680 0.5803 0.8680 0.5803 0.8992 0.5631 0.8992
13 0.1849 0.6996 0.1946 0.6996 0.1946 0.7088 0.1849 0.7088
13 0.1651 0.1044 0.2046 0.1044 0.2046 0.1292 0.1651 0.1292
13 0.8457 0.8656 0.8577 0.8656 0.8577 0.8768 0.8457 0.8768
15 0.1866 0.7812 0.2200 0.7812 0.2200 0.8292 0.1866 0.8292
15 0.6543 0.1476 0.7134 0.1476 0.7134 0.2156 0.6543 0.2156
15 0.0966 0.1184 0.1500 0.1184 0.1500 0.1824 0.0966 0.1824
15 0.5046 0.5536 0.5380 0.5536 0.5380 0.6016 0.5046 0.6016
