15 0.2496836573420579 0.47807738224569224 0.2496836573420579 0.36812976866371927 0.32824453080471644 0.36812976866371927 0.32824453080471644 0.47807738224569224
0 0.5346936421300584 0.5000403456897421 0.5346936421300584 0.07368399740370567 0.9877828802944215 0.07368397280267533 0.9877828802944215 0.5000403456897421
2 0.5356056037265781 0.6356993325051642 0.5356056037265781 0.5037888046812021 0.9046537976008122 0.5037888046812021 0.9046537976008122 0.6356993325051642
4 0.5027215870128597 0.27006853650241835 0.5027215870128597 0.2132204756146715 0.6580136707617911 0.2132204756146715 0.6580136707617911 0.27006853650241835
3 0.6508222021720932 0.26308142567103737 0.5164192049684739 0.26308142567103737 0.5164192049684739 0.22190850168310408 0.6508222021720932 0.22190850168310408
4 0.8106815037003063 0.6261187564553103 0.8106009352067897 0.6913866675798569 0.7908602627840909 0.6913379575398025 0.7909408312776076 0.626070046415256
4 0.3249301948449523 0.6262325116195586 0.3248503221069927 0.6909603809262898 0.304348771407007 0.6909098012079302 0.3044286441449665 0.6261819319011991
4 0.9309560711073311 0.7600181299753124 0.8926004587533841 0.7600181299753124 0.8926004587533841 0.731892362423166 0.9309560711073311 0.731892362423166
4 0.35577373444847177 0.512994756241183 0.31039899215633016 0.512994756241183 0.31039899215633016 0.48486898868903666 0.35577373444847177 0.48486898868903666
4 0.3561741069838273 0.3820898939361019 0.3107993646916857 0.3820898939361019 0.3107993646916857 0.35396009181498134 0.3561741069838273 0.35396009181498134
2 0.5356084215365845 0.6292220780273831 0.35108291569446426 0.6292220780273831 0.35108291569446426 0.07497783939187827 0.5356084215365845 0.07497783939187827
