3 0.6850341727299444 0.5579826604065901 0.5851168563203548 0.5579826604065901 0.5851168563203548 0.5343873201959896 0.6850341727299444 0.5343873201959896
3 0.7073354343295811 0.24764208964694176 0.5729296541037333 0.24764208964694176 0.5729296541037333 0.20646916565900847 0.7073354343295811 0.20646916565900847
4 0.7273896142063266 0.2519709853480199 0.5597207348514535 0.2519709853480199 0.5597207348514535 0.20091494183922814 0.7273896142063266 0.20091494183922814
4 0.6886861936493659 0.5703345425231762 0.5788657709416857 0.5703345425231762 0.5788657709416857 0.5252559097579101 0.6886861936493659 0.5252559097579101
4 0.42327444272762893 0.5444014648043883 0.39655172413793105 0.5444014648043883 0.39655172413793105 0.5239217958830864 0.42327444272762893 0.5239217958830864
4 0.4353890080640852 0.48017334082779123 0.3900142657719436 0.48017334082779123 0.3900142657719436 0.4520475732756449 0.4353890080640852 0.4520475732756449
4 0.4355884811823169 0.34881097316165355 0.39021373889017524 0.34881097316165355 0.39021373889017524 0.32068520560950725 0.4355884811823169 0.32068520560950725
2 0.593104895447421 0.960054421415256 0.4543302921394094 0.960054421415256 0.4543302573516315 0.6007677883162031 0.593104895447421 0.6007677883162031
2 0.5894912802347535 0.593081442399738 0.40680392578681607 0.593081442399738 0.4068039605745939 0.07368599008716244 0.5894912802347535 0.07368599008716244
0 0.5913280053300441 0.8747158088976219 0.5913280053300441 0.07497781479084795 0.9877828802944215 0.07497783939187827 0.9877828802944215 0.8747158088976219
15 0.3191108605772656 0.44577588500730553 0.3191108605772656 0.32678355501813783 0.4058905726791821 0.32678355501813783 0.4058905726791821 0.44577588500730553
