15 0.31088915194633443 0.4858283304678053 0.31088915194633443 0.369419600683948 0.39401538204215947 0.369419600683948 0.39401538204215947 0.4858283304678053
4 0.5675776588437768 0.6835026277836558 0.5675776588437768 0.6486215157068722 0.6050327895678969 0.6486215157068722 0.6050327895678969 0.6835026277836558
4 0.381228264596395 0.6705844299488614 0.381228264596395 0.6395767992996776 0.4168538017196851 0.6395767992996776 0.4168538017196851 0.6705844299488614
4 0.37391851756198347 0.5245868601370415 0.37391851756198347 0.490995530878426 0.42233398994104443 0.490995530878426 0.42233398994104443 0.5245868601370415
4 0.37391848277420564 0.3902216907087616 0.37391848277420564 0.35921401085751714 0.42050724893799873 0.35921401085751714 0.42050724893799873 0.3902216907087616
4 0.5456540185727772 0.3036598165589732 0.5456540185727772 0.25197905448596836 0.7018608817282346 0.25197905448596836 0.7018608817282346 0.3036598165589732
3 0.5566172476132801 0.2971987003570889 0.5566172476132801 0.25972995350602074 0.6936392078850813 0.25972995350602074 0.6936392078850813 0.2971987003570889
2 0.3921886410391137 0.6305320336904222 0.3921886410391137 0.07239418998450725 0.576714146881234 0.07239418998450725 0.576714146881234 0.6305320336904222
0 0.5785409226720576 0.5723941899845073 0.5785409226720576 0.0722611968145405 0.9896095865096893 0.0722611968145405 0.9896095865096893 0.5723941899845073
13 0.584935890299943 0.6034018698357517 0.584935890299943 0.5685167231899939 0.6342632894877458 0.5685167231899939 0.6342632894877458 0.6034018698357517
