2 0.5424445512457174 0.9149743572331861 0.412065683570133 0.9149743572331861 0.412065683570133 0.5144214820372613 0.5424445512457174 0.5144214820372613
2 0.5427952143320486 0.4871658842663508 0.41241634665646415 0.4871658842663508 0.41241634665646415 0.058109121466674976 0.5427952143320486 0.058109121466674976
4 0.6383594911168632 0.2031063015694019 0.5195969347509825 0.2031063015694019 0.5195969347509825 0.1845169654426564 0.6383594911168632 0.1845169654426564
4 0.639564695592755 0.33396694632329366 0.5196331966696897 0.33396694632329366 0.5196331966696897 0.3160672431047841 0.639564695592755 0.3160672431047841
4 0.6382224633779222 0.8049700463317541 0.5198791085688734 0.8049700463317541 0.5198791085688734 0.7864377621606939 0.6382224633779222 0.7864377621606939
3 0.6239661663013906 0.20015389765046132 0.5278032972465739 0.20015389765046132 0.5278032972465739 0.18671416149210068 0.6239661663013906 0.18671416149210068
3 0.6227267663933393 0.3317825869638786 0.5260398953924829 0.3317825869638786 0.5260398953924829 0.31836278420222996 0.6227267663933393 0.31836278420222996
3 0.6253385593794085 0.8025861790663295 0.528119715698685 0.8025861790663295 0.528119715698685 0.7891664458802365 0.6253385593794085 0.7891664458802365
0 0.5430954945082628 0.487207177358667 0.5430954945082628 0.05656311783093474 0.6487384198030028 0.05656311783093474 0.6487384198030028 0.487207177358667
0 0.5434179648138352 0.9518238675325947 0.5434179648138352 0.513268684654638 0.652732741491586 0.513268684654638 0.652732741491586 0.9518238675325947
15 0.3383111550124698 0.12495298431822635 0.3383111550124698 0.06433456825306355 0.41126964343069833 0.06433456825306355 0.41126964343069833 0.12495298431822635
15 0.339085054224607 0.372185807922485 0.339085054224607 0.298976947113672 0.41204354264283555 0.298976947113672 0.41204354264283555 0.372185807922485
15 0.33877468762595725 0.6757195364820818 0.33877468762595725 0.6014619633219934 0.41270457232781643 0.6014619633219934 0.41270457232781643 0.6757195364820818
15 0.33925836848328544 0.8967512668317185 0.33925836848328544 0.805001424907381 0.4122087877635656 0.805001424907381 0.4122087877635656 0.8967512668317185
