2 0.5164234490773725 0.4457759342093662 0.5164234490773725 0.39526000632148073 0.6680621203957681 0.3952599817204504 0.6680621203957681 0.44577588500730553
0 0.518250224868196 0.9832447302624949 0.518250224868196 0.445646926406313 0.9896095865096893 0.44564687720425233 0.9896095865096893 0.9832447302624949
15 0.20492448477909483 0.5995243538391778 0.20492448477909483 0.463736408422763 0.332812792217334 0.463736408422763 0.332812792217334 0.5995243538391778
3 0.4990681050067683 0.7093430088201582 0.4990681050067683 0.6731680793562324 0.6315218038659518 0.6731680793562324 0.6315218038659518 0.7093430088201582
4 0.45605044339110146 0.463518541698156 0.44539578194018953 0.32480223723737905 0.46355910693929897 0.3220114963566858 0.4742137683902109 0.46072780081746273
4 0.2852297391807228 0.48935897193671907 0.274575042942033 0.3506426428749118 0.2927383157594756 0.34785187739318824 0.3033930467859433 0.4865682310560258
4 0.6534454093491735 0.37730351747499746 0.6534454093491735 0.34629583762375304 0.6945539872916073 0.34629583762375304 0.6945539872916073 0.37730351747499746
4 0.31180107875507623 0.6356992833031035 0.31180107875507623 0.6034018698357517 0.36204332692496083 0.6034018698357517 0.36204332692496083 0.6356992833031035
4 0.313627819758122 0.5000403456897421 0.313627819758122 0.47419991545117895 0.3666115535498005 0.47419991545117895 0.3666115535498005 0.5000403456897421
4 0.48353661455364777 0.7158040758199818 0.48353661455364777 0.6615397135416666 0.6397435472846609 0.6615397135416666 0.6397435472846609 0.7158040758199818
4 0.1583357186153017 0.2984885323773176 0.1583357186153017 0.1589560764348108 0.17660587688020982 0.15895606413429564 0.17660587688020982 0.2984885323773176
2 0.3355514252413437 0.9703264340235792 0.3355514252413437 0.41722289596243956 0.518250224868196 0.4172229451645002 0.518250224868196 0.9703264340235792
