2 0.2893569844789357 0.3232658779767206 0.2893569844789357 0.2920062765500321 0.4076274924882836 0.2920062765500321 0.4076274924882836 0.3232658779767206
2 0.6553759460510734 0.3230635522607046 0.6553759460510734 0.2921287991036442 0.7735638271486344 0.2921287991036442 0.7735638271486344 0.3230635522607046
2 0.7742229723877494 0.4266628766542284 0.7742229723877494 0.2919834557677579 0.7848115200910855 0.2919834557677579 0.7848115200910855 0.4266628766542284
2 0.7265511320329823 0.5603020734072207 0.7265511320329823 0.4077030506933065 0.7668917655368122 0.4077030506933065 0.7668917655368122 0.5603020734072207
4 0.28909493069378656 0.346386426532666 0.28909493069378656 0.32715017688889286 0.29746825039999497 0.32715017688889286 0.29746825039999497 0.346386426532666
4 0.6551763914785326 0.34593616832386365 0.6551763914785326 0.32669991868009046 0.6635497111847409 0.32669991868009046 0.6635497111847409 0.34593616832386365
4 0.6552146783977525 0.6398689224360573 0.6552146783977525 0.6210857488110929 0.6635879981039609 0.6210857488110929 0.6635879981039609 0.6398689224360573
4 0.7001169178183582 0.6383300502947777 0.7001169178183582 0.6215303366121046 0.7084902375245666 0.6215303366121046 0.7084902375245666 0.6383300502947777
4 0.33434790388467545 0.6383870326749074 0.33434790388467545 0.6215445996010259 0.3427192058997682 0.6215445996010259 0.3427192058997682 0.6383870326749074
4 0.2892017698989619 0.6398717750338415 0.2892017698989619 0.6206355253900684 0.2975750896051703 0.6206355253900684 0.2975750896051703 0.6398717750338415
