7 0.9427105600684053 0.038112522686025406 0.983753740914921 0.038112522686025406 0.983753740914921 0.04779189352692075 0.9427105600684053 0.04779189352692075 AL-DH-33
7 0.9384352287302266 0.056866303690260134 0.983753740914921 0.056866303690260134 0.983753740914921 0.06654567453115548 0.9384352287302266 0.06654567453115548 07.06.2012
7 0.07695596408721676 0.2867513611615245 0.0837964942283027 0.2867513611615245 0.0837964942283027 0.31276467029643074 0.07695596408721676 0.31276467029643074 MAX.
7 0.07738349722103463 0.2577132486388385 0.08422402736212056 0.2577132486388385 0.08422402736212056 0.27828191167574107 0.07738349722103463 0.27828191167574107 400
7 0.07695596408721676 0.3333333333333333 0.08422402736212056 0.3333333333333333 0.08422402736212056 0.4047186932849365 0.07695596408721676 0.4047186932849365 ACHSMASS
7 0.08123129542539546 0.6751361161524501 0.08978195810175288 0.6751361161524501 0.08978195810175288 0.6981246218995766 0.08123129542539546 0.6981246218995766 =~
7 0.2629328772979906 0.18148820326678766 0.2667806755023514 0.18148820326678766 0.2667806755023514 0.18632788868723532 0.2629328772979906 0.18632788868723532 4
7 0.21975203078238564 0.07199032062915911 0.2783240701154339 0.07199032062915911 0.2783240701154339 0.2716273442226255 0.21975203078238564 0.2716273442226255 Jt
7 0.10902094912355707 0.49183303085299457 0.12099187687045745 0.49183303085299457 0.12099187687045745 0.5021173623714459 0.10902094912355707 0.5021173623714459 UK
7 0.12654980761008977 0.49183303085299457 0.18298418127404875 0.49183303085299457 0.18298418127404875 0.5021173623714459 0.12654980761008977 0.5021173623714459 TRAGPROFIL
7 0.22274476271911073 0.4942528735632184 0.22659256092347158 0.4942528735632184 0.22659256092347158 0.499697519661222 0.22274476271911073 0.499697519661222 4
7 0.12312954253954682 0.5964912280701754 0.13039760581445062 0.5964912280701754 0.13039760581445062 0.6019358741681791 0.12312954253954682 0.6019358741681791 cs
7 0.12312954253954682 0.603145795523291 0.13039760581445062 0.603145795523291 0.13039760581445062 0.6085904416212946 0.12312954253954682 0.6085904416212946 in
7 0.1496365968362548 0.6721113127646703 0.1569046601111586 0.6721113127646703 0.1569046601111586 0.677555958862674 0.1496365968362548 0.677555958862674 2
7 0.19025224454895254 0.6926799758015729 0.22103463018383926 0.6926799758015729 0.22103463018383926 0.7035692679975801 0.19025224454895254 0.7035692679975801 ACHSE
7 0.1791363830696879 0.294615849969752 0.18683197947840957 0.294615849969752 0.18683197947840957 0.36963097398669087 0.1791363830696879 0.36963097398669087 ALPHATON
7 0.1834117144078666 0.2849364791288566 0.18426678067550234 0.2849364791288566 0.18426678067550234 0.2885662431941924 0.1834117144078666 0.2885662431941924 -
7 0.1791363830696879 0.1808832425892317 0.18683197947840957 0.1808832425892317 0.18683197947840957 0.28009679370840895 0.1791363830696879 0.28009679370840895 ZIEGELPLATTE
7 0.20436083796494228 0.26678765880217786 0.21462163317657118 0.26678765880217786 0.21462163317657118 0.28191167574107684 0.20436083796494228 0.28191167574107684 “NS
7 0.2231722958529286 0.27283726557773746 0.22702009405728943 0.27283726557773746 0.22702009405728943 0.27828191167574107 0.2231722958529286 0.27828191167574107 rs
7 0.26336041043180847 0.32667876588021777 0.2672082086361693 0.32667876588021777 0.2672082086361693 0.3339382940108893 0.26336041043180847 0.3339382940108893 Bk
7 0.29585292860196666 0.3502722323049002 0.33988884138520736 0.3502722323049002 0.33988884138520736 0.3605565638233515 0.29585292860196666 0.3605565638233515 U-HALTER
7 0.546387345019239 0.03145795523290986 0.5968362548097478 0.03145795523290986 0.5968362548097478 0.1736237144585602 0.546387345019239 0.1736237144585602 Wy,
7 0.47926464300983324 0.15668481548699334 0.5352714835399743 0.15668481548699334 0.5352714835399743 0.16696914700544466 0.47926464300983324 0.16696914700544466 GLEITPUNKT
7 0.5476699444206926 0.16999395039322443 0.5523728088926891 0.16999395039322443 0.5523728088926891 0.17846339987900786 0.5476699444206926 0.17846339987900786 we
7 0.5382642154766994 0.26255293405928615 0.5468148781530568 0.26255293405928615 0.5468148781530568 0.27223230490018147 0.5382642154766994 0.27223230490018147 rh
7 0.5476699444206926 0.2964307320024198 0.5583582727661394 0.2964307320024198 0.5583582727661394 0.40955837870538414 0.5476699444206926 0.40955837870538414 KZ
7 0.2625053441641727 0.6454930429522081 0.31979478409576745 0.6454930429522081 0.31979478409576745 0.6557773744706594 0.2625053441641727 0.6557773744706594 LOCHPROFIL
7 0.3227875160324925 0.6454930429522081 0.34544677212483965 0.6454930429522081 0.34544677212483965 0.6563823351482153 0.3227875160324925 0.6563823351482153 30/50
7 0.33304831124412143 0.9455535390199638 0.3420265070542967 0.9455535390199638 0.3420265070542967 0.969751966122202 0.33304831124412143 0.969751966122202 m=
7 0.33219324497648567 0.9479733817301875 0.3864899529713553 0.9479733817301875 0.3864899529713553 0.9643073200241984 0.33219324497648567 0.9643073200241984 ON
7 0.45361265498076103 0.647912885662432 0.5177426250534416 0.647912885662432 0.5177426250534416 0.6581972171808832 0.45361265498076103 0.6581972171808832 WINKELBLECH
7 0.4433518597691321 0.8814277071990321 0.5733219324497648 0.8814277071990321 0.5733219324497648 0.9643073200241984 0.4433518597691321 0.9643073200241984 A
7 0.4625908507909363 0.9600725952813067 0.47370671227020095 0.9600725952813067 0.47370671227020095 0.9643073200241984 0.4625908507909363 0.9643073200241984 a
7 0.08550662676357418 0.9709618874773139 0.09833262077811031 0.9709618874773139 0.09833262077811031 0.9800362976406534 0.08550662676357418 0.9800362976406534 Der
7 0.10175288584865327 0.9709618874773139 0.12141941000427534 0.9709618874773139 0.12141941000427534 0.9800362976406534 0.10175288584865327 0.9800362976406534 Inhalt
7 0.12441214194100043 0.9709618874773139 0.14749893116716545 0.9709618874773139 0.14749893116716545 0.9800362976406534 0.12441214194100043 0.9800362976406534 dieser
7 0.15006412997007268 0.9709618874773139 0.18982471141513468 0.9709618874773139 0.18982471141513468 0.9824561403508771 0.15006412997007268 0.9824561403508771 Zeichnung
7 0.1936725096194955 0.9709618874773139 0.21376656690893545 0.9709618874773139 0.21376656690893545 0.9800362976406534 0.1936725096194955 0.9800362976406534 bleibt
7 0.2171868319794784 0.9733817301875378 0.2377084224027362 0.9733817301875378 0.2377084224027362 0.9800362976406534 0.2171868319794784 0.9800362976406534 unser
7 0.24070115433946132 0.9715668481548699 0.2744762719110731 0.9715668481548699 0.2744762719110731 0.9824561403508771 0.24070115433946132 0.9824561403508771 geistiges
7 0.2778965369816161 0.9709618874773139 0.31295425395468146 0.9709618874773139 0.31295425395468146 0.9824561403508771 0.2778965369816161 0.9824561403508771 Eigentum.
7 0.31765711842667804 0.9709618874773139 0.3360410431808465 0.9709618874773139 0.3360410431808465 0.9800362976406534 0.31765711842667804 0.9800362976406534 Jede
7 0.3390337751175716 0.9709618874773139 0.38862761864044465 0.9709618874773139 0.38862761864044465 0.9824561403508771 0.3390337751175716 0.9824561403508771 Verwendung,
7 0.39247541684480547 0.9709618874773139 0.44377939290295 0.9709618874773139 0.44377939290295 0.9800362976406534 0.39247541684480547 0.9800362976406534 insbesondere
7 0.4467721248396751 0.9709618874773139 0.45788798631893973 0.9709618874773139 0.45788798631893973 0.9800362976406534 0.4467721248396751 0.9800362976406534 die
7 0.4608807182556648 0.9709618874773139 0.5057716973065413 0.9709618874773139 0.5057716973065413 0.9824561403508771 0.4608807182556648 0.9824561403508771 Weitergabe,
7 0.5087644292432664 0.9709618874773139 0.5262932877297991 0.9709618874773139 0.5262932877297991 0.9800362976406534 0.5087644292432664 0.9800362976406534 Vervi
7 0.5493800769559641 0.16152450090744103 0.5583582727661394 0.16152450090744103 0.5583582727661394 0.2631578947368421 0.5493800769559641 0.2631578947368421 SS
7 0.569474134245404 0.24198427102238354 0.5814450619923044 0.24198427102238354 0.5814450619923044 0.2589231699939504 0.569474134245404 0.2589231699939504 \
7 0.5848653270628473 0.2383545069570478 0.5904232578024797 0.2383545069570478 0.5904232578024797 0.24863883847549909 0.5848653270628473 0.24863883847549909 UO
7 0.5917058572039333 0.2238354506957048 0.5972637879435656 0.2238354506957048 0.5972637879435656 0.24863883847549909 0.5917058572039333 0.24863883847549909 Gc:
7 0.5985463873450192 0.2383545069570478 0.6036767849508337 0.2383545069570478 0.6036767849508337 0.24863883847549909 0.5985463873450192 0.24863883847549909 wD
7 0.6049593843522874 0.2383545069570478 0.6147926464300983 0.2383545069570478 0.6147926464300983 0.24863883847549909 0.6049593843522874 0.24863883847549909 m
7 0.5604959384352287 0.10768300060496068 0.6105173150919196 0.10768300060496068 0.6105173150919196 0.17846339987900786 0.5604959384352287 0.17846339987900786 Yo
7 0.6344591705857204 0.20084694494857835 0.6896109448482257 0.20084694494857835 0.6896109448482257 0.2734422262552934 0.6344591705857204 0.2734422262552934 My,
7 0.5592133390337751 0.2637628554143981 0.5647712697734074 0.2637628554143981 0.5647712697734074 0.27041742286751363 0.5592133390337751 0.27041742286751363 yo
7 0.5724668661821292 0.2601330913490623 0.6271911073108166 0.2601330913490623 0.6271911073108166 0.27465214761040535 0.5724668661821292 0.27465214761040535 AT
7 0.6143651132962804 0.2577132486388385 0.6353142368533561 0.2577132486388385 0.6353142368533561 0.2813067150635209 0.6143651132962804 0.2813067150635209 ey
7 0.6408721675929885 0.26799758015728975 0.6579734929457033 0.26799758015728975 0.6579734929457033 0.278886872353297 0.6408721675929885 0.278886872353297 LR
7 0.5788798631893972 0.26799758015728975 0.6323215049166311 0.26799758015728975 0.6323215049166311 0.29219600725952816 0.5788798631893972 0.29219600725952816 prt,
7 0.6468576314664386 0.2752571082879613 0.6502778965369816 0.2752571082879613 0.6502778965369816 0.2764670296430732 0.6468576314664386 0.2764670296430732 CA
7 0.6776400171013254 0.27828191167574107 0.6810602821718683 0.27828191167574107 0.6810602821718683 0.2813067150635209 0.6776400171013254 0.2813067150635209 Sb
7 0.5681915348439504 0.29522081064730793 0.5716117999144934 0.29522081064730793 0.5716117999144934 0.29764065335753176 0.5681915348439504 0.29764065335753176 -
7 0.5775972637879435 0.2825166364186328 0.6032492518170158 0.2825166364186328 0.6032492518170158 0.30490018148820325 0.5775972637879435 0.30490018148820325 Loman
7 0.6237708422402736 0.29159104658197216 0.6340316374519025 0.29159104658197216 0.6340316374519025 0.3024803387779794 0.6237708422402736 0.3024803387779794 cid
7 0.5848653270628473 0.30913490623109496 0.6156477126977341 0.30913490623109496 0.6156477126977341 0.3218390804597701 0.5848653270628473 0.3218390804597701 GEMAB
7 0.6194955109020949 0.3115547489413188 0.6494228302693459 0.3115547489413188 0.6494228302693459 0.3218390804597701 0.6194955109020949 0.3218390804597701 STATIK
7 0.6541256947413424 0.30671506352087113 0.6592560923471569 0.30671506352087113 0.6592560923471569 0.3278886872353297 0.6541256947413424 0.3278886872353297 -
7 0.5771697306541257 0.32425892316999394 0.6216331765711842 0.32425892316999394 0.6216331765711842 0.3545069570477919 0.5771697306541257 0.3545069570477919 Cf
7 0.6336041043180847 0.3290986085904416 0.6502778965369816 0.3290986085904416 0.6502778965369816 0.3545069570477919 0.6336041043180847 0.3545069570477919 /
7 0.5823001282599402 0.36539624924379915 0.6135100470286448 0.36539624924379915 0.6135100470286448 0.37507562008469447 0.5823001282599402 0.37507562008469447 THERM
7 0.5818725951261223 0.38294010889292196 0.6370243693886276 0.38294010889292196 0.6370243693886276 0.3932244404113733 0.5818725951261223 0.3932244404113733 TRENNELEM'!
7 0.6383069687900812 0.38294010889292196 0.6549807610089782 0.38294010889292196 0.6549807610089782 0.3932244404113733 0.6383069687900812 0.3932244404113733 ENT
7 0.8687473279179136 0.0822746521476104 0.8751603249251817 0.0822746521476104 0.8751603249251817 0.09134906231094979 0.8687473279179136 0.09134906231094979 ®
7 0.7956391620350577 0.09376890502117362 0.8678922616502779 0.09376890502117362 0.8678922616502779 0.10949788263762855 0.7956391620350577 0.10949788263762855 ALPHATON
7 0.8734501923899102 0.102843315184513 0.8755878580589995 0.102843315184513 0.8755878580589995 0.10405323653962492 0.8734501923899102 0.10405323653962492 -
7 0.8751603249251817 0.09437386569872959 0.9692176143651133 0.09437386569872959 0.9692176143651133 0.11312764670296431 0.8751603249251817 0.11312764670296431 Ziegelfassade
7 0.7960666951688756 0.12583182093163944 0.854211201368106 0.12583182093163944 0.854211201368106 0.1385359951603146 0.7960666951688756 0.1385359951603146 Querformat-
7 0.857631466438649 0.12583182093163944 0.9127832407011544 0.12583182093163944 0.9127832407011544 0.14095583787053842 0.857631466438649 0.14095583787053842 Ausfthrung
7 0.7960666951688756 0.1482153660012099 0.8255664814023087 0.1482153660012099 0.8255664814023087 0.15970961887477314 0.7960666951688756 0.15970961887477314 26.1a
7 0.8358272766139376 0.14761040532365396 0.8777255237280889 0.14761040532365396 0.8777255237280889 0.16273442226255294 0.8358272766139376 0.16273442226255294 M1:1(V)
7 0.7960666951688756 0.16878402903811252 0.827704147071398 0.16878402903811252 0.827704147071398 0.1808832425892317 0.7960666951688756 0.1808832425892317 Sockel
7 0.7964942283026935 0.191167574107683 0.8097477554510475 0.191167574107683 0.8097477554510475 0.20205686630369027 0.7964942283026935 0.20205686630369027 mit
7 0.8140230867892262 0.19056261343012704 0.840957674219752 0.19056261343012704 0.840957674219752 0.20205686630369027 0.8140230867892262 0.20205686630369027 Beton
7 0.7956391620350577 0.22020568663036902 0.8995297135528003 0.22020568663036902 0.8995297135528003 0.2323049001814882 0.7956391620350577 0.2323049001814882 Alu-Unterkonstruktion
7 0.5275758871312527 0.9709618874773139 0.5681915348439504 0.9709618874773139 0.5681915348439504 0.9824561403508771 0.5275758871312527 0.9824561403508771 elfaltigung,
7 0.5716117999144934 0.9709618874773139 0.6331765711842667 0.9709618874773139 0.6331765711842667 0.9824561403508771 0.5716117999144934 0.9824561403508771 Verdffentlichung
7 0.6365968362548098 0.9709618874773139 0.6502778965369816 0.9709618874773139 0.6502778965369816 0.9800362976406534 0.6365968362548098 0.9800362976406534 und
7 0.6532706284737068 0.9709618874773139 0.7336468576314664 0.9709618874773139 0.7336468576314664 0.9824561403508771 0.6532706284737068 0.9824561403508771 Zurverfligungstellung
7 0.7374946558358273 0.9709618874773139 0.7614365113296281 0.9709618874773139 0.7614365113296281 0.9800362976406534 0.7374946558358273 0.9800362976406534 bedarf
7 0.7640017101325353 0.9733817301875378 0.7922188969645148 0.9733817301875378 0.7922188969645148 0.9800362976406534 0.7640017101325353 0.9800362976406534 unserer
7 0.7952116289012399 0.9709618874773139 0.8525010688328345 0.9709618874773139 0.8525010688328345 0.9800362976406534 0.7952116289012399 0.9800362976406534 ausdricklichen
7 0.8554938007695596 0.9709618874773139 0.9050876442924327 0.9709618874773139 0.9050876442924327 0.9824561403508771 0.8554938007695596 0.9824561403508771 Zustimmung.
