7 0.40386940749697703 0.12526720820863618 0.45163240628778717 0.12526720820863618 0.45163240628778717 0.12954253954681488 0.40386940749697703 0.12954253954681488 Gias
7 0.4183796856106409 0.12056434373663959 0.42986698911729143 0.12056434373663959 0.42986698911729143 0.13253527148353997 0.4183796856106409 0.13253527148353997 8.2:
7 0.42926239419588874 0.12526720820863618 0.44256348246674726 0.12526720820863618 0.44256348246674726 0.12954253954681488 0.42926239419588874 0.12954253954681488 364
7 0.4419588875453446 0.12056434373663959 0.4540507859733978 0.12056434373663959 0.4540507859733978 0.13253527148353997 0.4419588875453446 0.13253527148353997 Ko
7 0.3984280532043531 0.13296280461735785 0.4117291414752116 0.13296280461735785 0.4117291414752116 0.13638306968790082 0.3984280532043531 0.13638306968790082 Glas
7 0.41414752116082226 0.13296280461735785 0.42986698911729143 0.13296280461735785 0.42986698911729143 0.13638306968790082 0.41414752116082226 0.13638306968790082 6mm:
7 0.4322853688029021 0.13296280461735785 0.44256348246674726 0.13296280461735785 0.44256348246674726 0.13638306968790082 0.4322853688029021 0.13638306968790082 136
7 0.4443772672309553 0.13296280461735785 0.45163240628778717 0.13296280461735785 0.45163240628778717 0.13723813595553655 0.4443772672309553 0.13723813595553655 Kg
7 0.5399032648125756 0.12997007268063274 0.5683192261185006 0.12997007268063274 0.5683192261185006 0.13381787088499358 0.5399032648125756 0.13381787088499358 |__Gias
7 0.5550181378476421 0.1351004702864472 0.5749697702539298 0.1351004702864472 0.5749697702539298 0.13852073535699017 0.5550181378476421 0.13852073535699017 UWert:
7 0.5767835550181378 0.13039760581445062 0.5822249093107618 0.13039760581445062 0.5822249093107618 0.142368533561351 0.5767835550181378 0.142368533561351 0.8
7 0.5822249093107618 0.1351004702864472 0.6076178960096735 0.1351004702864472 0.6076178960096735 0.13852073535699017 0.5822249093107618 0.13852073535699017 WimaK
7 0.6299879081015719 0.12569474134245404 0.6505441354292624 0.12569474134245404 0.6505441354292624 0.13253527148353997 0.6299879081015719 0.13253527148353997 250
7 0.7660217654171705 0.3116716545532279 0.781136638452237 0.3116716545532279 0.781136638452237 0.32920051303976056 0.7660217654171705 0.32920051303976056 260
7 0.7702539298669892 0.5540829414279607 0.7805320435308344 0.5540829414279607 0.7805320435308344 0.5587858058999573 0.7702539298669892 0.5587858058999573 5
7 0.7702539298669892 0.5250106883283454 0.7805320435308344 0.5250106883283454 0.7805320435308344 0.5446772124839675 0.7702539298669892 0.5446772124839675 2760
7 0.7702539298669892 0.5917058572039333 0.7805320435308344 0.5917058572039333 0.7805320435308344 0.6011115861479265 0.7702539298669892 0.6011115861479265 85
7 0.3996372430471584 0.1351004702864472 0.4117291414752116 0.1351004702864472 0.4117291414752116 0.14878153056861906 0.3996372430471584 0.14878153056861906 Glas
7 0.4147521160822249 0.1351004702864472 0.43047158403869407 0.1351004702864472 0.43047158403869407 0.14878153056861906 0.4147521160822249 0.14878153056861906 em:
7 0.4328899637243047 0.1351004702864472 0.44256348246674726 0.1351004702864472 0.44256348246674726 0.14878153056861906 0.4328899637243047 0.14878153056861906 182
7 0.532043530834341 0.13467293715262932 0.5453446191051995 0.13467293715262932 0.5453446191051995 0.1526293287729799 0.532043530834341 0.1526293287729799 |
7 0.23458282950423218 0.14450619923044036 0.24667472793228537 0.14450619923044036 0.24667472793228537 0.16374519025224454 0.23458282950423218 0.16374519025224454 od
7 0.41777509068923824 0.14621633176571183 0.4322853688029021 0.14621633176571183 0.4322853688029021 0.15818725951261223 0.41777509068923824 0.15818725951261223 —_
7 0.5532043530834341 0.14792646430098333 0.6003627569528416 0.14792646430098333 0.6003627569528416 0.15775972637879435 0.5532043530834341 0.15775972637879435 Sra
7 0.2370012091898428 0.15006412997007268 0.2503022974607013 0.15006412997007268 0.2503022974607013 0.1658828559213339 0.2370012091898428 0.1658828559213339 a
7 0.40931076178960096 0.15946985891406584 0.4207980652962515 0.15946985891406584 0.4207980652962515 0.16673792218896966 0.40931076178960096 0.16673792218896966 wo
7 0.5550181378476421 0.15904232578024796 0.5810157194679565 0.15904232578024796 0.5810157194679565 0.1675929884566054 0.5550181378476421 0.1675929884566054 Sa
7 0.6058041112454655 0.155622060709705 0.6154776299879081 0.155622060709705 0.6154776299879081 0.16545532278751604 0.6058041112454655 0.16545532278751604 3
7 0.6408706166868199 0.15904232578024796 0.662031438935913 0.15904232578024796 0.662031438935913 0.16460025651988028 0.6408706166868199 0.16460025651988028 Pour
7 0.6650544135429263 0.15904232578024796 0.6723095525997581 0.15904232578024796 0.6723095525997581 0.16460025651988028 0.6650544135429263 0.16460025651988028 le
7 0.6753325272067715 0.15904232578024796 0.6989117291414753 0.15904232578024796 0.6989117291414753 0.16631038905515177 0.6753325272067715 0.16631038905515177 tapis:
7 0.7025392986698912 0.15904232578024796 0.7243047158403869 0.15904232578024796 0.7243047158403869 0.16460025651988028 0.7025392986698912 0.16460025651988028 5mm
7 0.2545344619105199 0.16631038905515177 0.2666263603385732 0.16631038905515177 0.2666263603385732 0.1774262505344164 0.2545344619105199 0.1774262505344164 “|
7 0.38210399032648124 0.1675929884566054 0.3827085852478839 0.1675929884566054 0.3827085852478839 0.1735784523300556 0.38210399032648124 0.1735784523300556 I
7 0.40931076178960096 0.1675929884566054 0.40991535671100365 0.1675929884566054 0.40991535671100365 0.1731509191962377 0.40931076178960096 0.1731509191962377 |
7 0.23639661426844014 0.1791363830696879 0.2460701330108827 0.1791363830696879 0.2460701330108827 0.1834117144078666 0.23639661426844014 0.1834117144078666 al
7 0.2545344619105199 0.17443351859769132 0.2642079806529625 0.17443351859769132 0.2642079806529625 0.17870884993587002 0.2545344619105199 0.17870884993587002 9
7 0.38210399032648124 0.1774262505344164 0.3827085852478839 0.1774262505344164 0.3827085852478839 0.18084651560495937 0.38210399032648124 0.18084651560495937 4
7 0.40931076178960096 0.1774262505344164 0.40991535671100365 0.1774262505344164 0.40991535671100365 0.18084651560495937 0.40931076178960096 0.18084651560495937 q
7 0.5900846432889963 0.18041898247114152 0.599758162031439 0.18041898247114152 0.599758162031439 0.1851218469431381 0.5900846432889963 0.1851218469431381 eI
7 0.2370012091898428 0.1838392475416845 0.24667472793228537 0.1838392475416845 0.24667472793228537 0.18854211201368107 0.2370012091898428 0.18854211201368107 a
7 0.5749697702539298 0.18170158187259514 0.5991535671100363 0.18170158187259514 0.5991535671100363 0.19837537409149208 0.5749697702539298 0.19837537409149208 oS
7 0.7164449818621523 0.1834117144078666 0.7442563482466747 0.1834117144078666 0.7442563482466747 0.18982471141513468 0.7164449818621523 0.18982471141513468 it
7 0.5683192261185006 0.18982471141513468 0.5822249093107618 0.18982471141513468 0.5822249093107618 0.19324497648567765 0.5683192261185006 0.19324497648567765 aus
7 0.5985489721886336 0.1893971782813168 0.6154776299879081 0.1893971782813168 0.6154776299879081 0.20008550662676358 0.5985489721886336 0.20008550662676358 ge
7 0.6469165659008465 0.18854211201368107 0.6789600967351874 0.18854211201368107 0.6789600967351874 0.195382642154767 0.6469165659008465 0.195382642154767 Canal
7 0.6837968561064087 0.18854211201368107 0.7218863361547763 0.18854211201368107 0.7218863361547763 0.195382642154767 0.6837968561064087 0.195382642154767 Tehalit
7 0.22430471584038694 0.19623770842240273 0.24909310761789602 0.19623770842240273 0.24909310761789602 0.20906370243693886 0.22430471584038694 0.20906370243693886 aro
7 0.6475211608222491 0.19880290722530997 0.6638452237001209 0.19880290722530997 0.6638452237001209 0.2056434373663959 0.6475211608222491 0.2056434373663959 BK
7 0.6680773881499396 0.19880290722530997 0.717049576783555 0.19880290722530997 0.717049576783555 0.20778110303548525 0.6680773881499396 0.20778110303548525 Brodway
7 0.23639661426844014 0.20735356990166737 0.2503022974607013 0.20735356990166737 0.2503022974607013 0.21462163317657118 0.23639661426844014 0.21462163317657118 &
7 0.3476420798065296 0.20949123557075675 0.36577992744860943 0.20949123557075675 0.36577992744860943 0.221889696451475 0.3476420798065296 0.221889696451475 Feuille
7 0.3681983071342201 0.20949123557075675 0.38814993954050786 0.20949123557075675 0.38814993954050786 0.221889696451475 0.3681983071342201 0.221889696451475 étanche
7 0.5368802902055623 0.21077383497221033 0.5465538089480049 0.21077383497221033 0.5465538089480049 0.2176143651132963 0.5368802902055623 0.2176143651132963 U
7 0.5900846432889963 0.20906370243693886 0.6027811366384522 0.20906370243693886 0.6027811366384522 0.2214621633176571 0.5900846432889963 0.2214621633176571 ©)
7 0.7587666263603385 0.21248396750748183 0.7617896009673518 0.21248396750748183 0.7617896009673518 0.2129115006412997 0.7587666263603385 0.2129115006412997 =
7 0.3385731559854897 0.21333903377511756 0.37061668681983073 0.21333903377511756 0.37061668681983073 0.2274476271911073 0.3385731559854897 0.2274476271911073 50am,
7 0.37182587666263606 0.21333903377511756 0.3996372430471584 0.21333903377511756 0.3996372430471584 0.2274476271911073 0.37182587666263606 0.2274476271911073 colder
7 0.4014510278113664 0.21333903377511756 0.4153567110036276 0.21333903377511756 0.4153567110036276 0.2274476271911073 0.4014510278113664 0.2274476271911073 rol
7 0.41717049576783555 0.21333903377511756 0.4437726723095526 0.21333903377511756 0.4437726723095526 0.2274476271911073 0.41717049576783555 0.2274476271911073 uiniam
7 0.7587666263603385 0.2201795639162035 0.7629987908101572 0.2201795639162035 0.7629987908101572 0.22060709705002138 0.7587666263603385 0.22060709705002138 =
7 0.35792019347037485 0.25224454895254383 0.3585247883917775 0.25224454895254383 0.3585247883917775 0.2612227447627191 0.35792019347037485 0.2612227447627191 |
7 0.7539298669891172 0.2526720820863617 0.7636033857315598 0.2526720820863617 0.7636033857315598 0.2620778110303549 0.7539298669891172 0.2620778110303549 Rg
7 0.23639661426844014 0.2731936725096195 0.24667472793228537 0.2731936725096195 0.24667472793228537 0.2825994014536127 0.23639661426844014 0.2825994014536127 2
7 0.37424425634824665 0.2599401453612655 0.4068923821039903 0.2599401453612655 0.4068923821039903 0.2834544677212484 0.37424425634824665 0.2834544677212484 1@
7 0.5804111245465539 0.2804617357845233 0.5834340991535671 0.2804617357845233 0.5834340991535671 0.2830269345874305 0.5804111245465539 0.2830269345874305 :
7 0.22067714631197097 0.2817443351859769 0.2460701330108827 0.2817443351859769 0.2460701330108827 0.2911500641299701 0.22067714631197097 0.2911500641299701 rN
7 0.22067714631197097 0.29200513039760584 0.23035066505441354 0.29200513039760584 0.23035066505441354 0.29628046173578454 0.22067714631197097 0.29628046173578454 a
7 0.35368802902055624 0.2890123984608807 0.37001209189842804 0.2890123984608807 0.37001209189842804 0.3069687900812313 0.35368802902055624 0.3069687900812313 te
7 0.5719467956469165 0.29286019666524155 0.6021765417170496 0.29286019666524155 0.6021765417170496 0.2997007268063275 0.5719467956469165 0.2997007268063275 Goujon
7 0.6058041112454655 0.29286019666524155 0.6432889963724304 0.29286019666524155 0.6432889963724304 0.2984181274048739 0.6058041112454655 0.2984181274048739 M12"100
7 0.6463119709794438 0.29286019666524155 0.6632406287787183 0.29286019666524155 0.6632406287787183 0.2984181274048739 0.6463119709794438 0.2984181274048739 Inox
7 0.7539298669891172 0.30183839247541683 0.7636033857315598 0.30183839247541683 0.7636033857315598 0.30483112441214194 0.7539298669891172 0.30483112441214194 =
7 0.3295042321644498 0.30440359127832406 0.3391777509068924 0.30440359127832406 0.3391777509068924 0.3142368533561351 0.3295042321644498 0.3142368533561351 8
7 0.3603385731559855 0.3052586575459598 0.37001209189842804 0.3052586575459598 0.37001209189842804 0.31509191962377087 0.3603385731559855 0.31509191962377087 8
7 0.36215235792019346 0.3180846515604959 0.3681983071342201 0.3180846515604959 0.3681983071342201 0.3223599828986746 0.36215235792019346 0.3223599828986746 +
7 0.3603385731559855 0.3257802479692176 0.37001209189842804 0.3257802479692176 0.37001209189842804 0.3304831124412142 0.3603385731559855 0.3304831124412142 S|
7 0.36215235792019346 0.32920051303976056 0.36577992744860943 0.32920051303976056 0.36577992744860943 0.3386062419837537 0.36215235792019346 0.3386062419837537 SN
7 0.7261185006045949 0.3420265070542967 0.7357920193470375 0.3420265070542967 0.7357920193470375 0.3463018383924754 0.7261185006045949 0.3463018383924754 N
7 0.23760580411124546 0.3424540401881146 0.2430471584038694 0.3424540401881146 0.2430471584038694 0.35613510047028646 0.23760580411124546 0.35613510047028646 wt
7 0.40447400241837966 0.36212056434373663 0.4207980652962515 0.36212056434373663 0.4207980652962515 0.36468576314664386 0.40447400241837966 0.36468576314664386 2
7 0.7261185006045949 0.3595553655408294 0.7636033857315598 0.3595553655408294 0.7636033857315598 0.3702436938862762 0.7261185006045949 0.3702436938862762 yg
7 0.37061668681983073 0.3655408294142796 0.3857315598548972 0.3655408294142796 0.3857315598548972 0.3792218896964515 0.37061668681983073 0.3792218896964515 ES
7 0.7539298669891172 0.3719538264215477 0.7636033857315598 0.3719538264215477 0.7636033857315598 0.3749465583582728 0.7539298669891172 0.3749465583582728 =
7 0.22853688029020555 0.3762291577597264 0.23458282950423218 0.3762291577597264 0.23458282950423218 0.37964942283026937 0.22853688029020555 0.37964942283026937 +
7 0.37182587666263606 0.37964942283026937 0.3827085852478839 0.37964942283026937 0.3827085852478839 0.38135955536554084 0.37182587666263606 0.38135955536554084 =
7 0.37182587666263606 0.3817870884993587 0.3875453446191052 0.3817870884993587 0.3875453446191052 0.3920478837109876 0.37182587666263606 0.3920478837109876 =
7 0.7261185006045949 0.38563488670371954 0.7357920193470375 0.38563488670371954 0.7357920193470375 0.3903377511757161 0.7261185006045949 0.3903377511757161 3
7 0.23639661426844014 0.3920478837109876 0.2460701330108827 0.3920478837109876 0.2460701330108827 0.39675074818298417 0.23639661426844014 0.39675074818298417 2
7 0.37182587666263606 0.39247541684480547 0.3875453446191052 0.39247541684480547 0.3875453446191052 0.3997434801197093 0.37182587666263606 0.3997434801197093 =
7 0.5205562273276905 0.38862761864044465 0.5211608222490931 0.38862761864044465 0.5211608222490931 0.39675074818298417 0.5205562273276905 0.39675074818298417 |
7 0.7261185006045949 0.390765284309534 0.7357920193470375 0.390765284309534 0.7357920193470375 0.3954681487815306 0.7261185006045949 0.3954681487815306 0
7 0.3542926239419589 0.40017101325352716 0.3875453446191052 0.40017101325352716 0.3875453446191052 0.4078666096622488 0.3542926239419589 0.4078666096622488 ZI
7 0.23155985489721886 0.4065840102607952 0.2503022974607013 0.4065840102607952 0.2503022974607013 0.4194100042753313 0.23155985489721886 0.4194100042753313 ne
7 0.5550181378476421 0.4082941427960667 0.5731559854897219 0.4082941427960667 0.5731559854897219 0.4151346729371526 0.5550181378476421 0.4151346729371526 MS
7 0.5773881499395405 0.4082941427960667 0.6293833131801693 0.4082941427960667 0.6293833131801693 0.41684480547242414 0.5773881499395405 0.41684480547242414 polymére
7 0.6336154776299879 0.4082941427960667 0.6747279322853688 0.4082941427960667 0.6747279322853688 0.41684480547242414 0.6336154776299879 0.41684480547242414 hybride
7 0.6789600967351874 0.4082941427960667 0.7085852478839177 0.4082941427960667 0.7085852478839177 0.4151346729371526 0.6789600967351874 0.4151346729371526 blanc
7 0.7539298669891172 0.4108593415989739 0.7636033857315598 0.4108593415989739 0.7636033857315598 0.4202650705429671 0.7539298669891172 0.4202650705429671 Q
7 0.3954050785973398 0.4228302693458743 0.39600967351874244 0.4228302693458743 0.39600967351874244 0.4279606669516888 0.3954050785973398 0.4279606669516888 1
7 0.5314389359129383 0.4275331338178709 0.5392986698911729 0.4275331338178709 0.5392986698911729 0.4279606669516888 0.5314389359129383 0.4279606669516888 4
7 0.23639661426844014 0.43394613082513894 0.281136638452237 0.43394613082513894 0.281136638452237 0.4433518597691321 0.23639661426844014 0.4433518597691321 glo
7 0.35066505441354295 0.4318084651560496 0.3730350665054414 0.4318084651560496 0.3730350665054414 0.4476271911073108 0.35066505441354295 0.4476271911073108 65
7 0.4183796856106409 0.4352287302265926 0.4322853688029021 0.4352287302265926 0.4322853688029021 0.44249679350149634 0.4183796856106409 0.44249679350149634 65
7 0.4528415961305925 0.44164172723386064 0.4588875453446191 0.44164172723386064 0.4588875453446191 0.4450619923044036 0.4528415961305925 0.4450619923044036 |
7 0.5205562273276905 0.43693886276186406 0.5211608222490931 0.43693886276186406 0.5211608222490931 0.4450619923044036 0.5205562273276905 0.4450619923044036 \
7 0.22067714631197097 0.44377939290295 0.2460701330108827 0.44377939290295 0.2460701330108827 0.45019238991021804 0.22067714631197097 0.45019238991021804 lS)
7 0.25574365175332525 0.4463445917058572 0.26541717049576785 0.4463445917058572 0.26541717049576785 0.4510474561778538 0.25574365175332525 0.4510474561778538 «
7 0.38814993954050786 0.43993159469858917 0.4014510278113664 0.43993159469858917 0.4014510278113664 0.44976485677640016 0.38814993954050786 0.44976485677640016 rt}
7 0.40931076178960096 0.44377939290295 0.40991535671100365 0.44377939290295 0.40991535671100365 0.4493373236425823 0.40931076178960096 0.4493373236425823 I
7 0.5229746070133011 0.4446344591705857 0.5241837968561064 0.4446344591705857 0.5241837968561064 0.44548952543822146 0.5229746070133011 0.44548952543822146 |
7 0.22067714631197097 0.44890979050876445 0.26541717049576785 0.44890979050876445 0.26541717049576785 0.4600256519880291 0.22067714631197097 0.4600256519880291 332
7 0.3186215235792019 0.4476271911073108 0.33252720677146314 0.4476271911073108 0.33252720677146314 0.45446772124839674 0.3186215235792019 0.45446772124839674 23
7 0.3603385731559855 0.44591705857203934 0.37908101571946795 0.44591705857203934 0.37908101571946795 0.45874305258657544 0.3603385731559855 0.45874305258657544 130
7 0.4909310761789601 0.4476271911073108 0.4969770253929867 0.4476271911073108 0.4969770253929867 0.45446772124839674 0.4909310761789601 0.45446772124839674 7
7 0.22067714631197097 0.4608807182556648 0.23035066505441354 0.4608807182556648 0.23035066505441354 0.46558358272766137 0.22067714631197097 0.46558358272766137 N
7 0.23881499395405079 0.4561778537836682 0.24667472793228537 0.4561778537836682 0.24667472793228537 0.466866182129115 0.23881499395405079 0.466866182129115 £
7 0.25574365175332525 0.4561778537836682 0.26541717049576785 0.4561778537836682 0.26541717049576785 0.46601111586147925 0.25574365175332525 0.46601111586147925 a
7 0.5205562273276905 0.46130825138948267 0.5211608222490931 0.46130825138948267 0.5211608222490931 0.46943138093202225 0.5205562273276905 0.46943138093202225 |
7 0.23881499395405079 0.4677212483967507 0.24667472793228537 0.4677212483967507 0.24667472793228537 0.4719965797349295 0.23881499395405079 0.4719965797349295 D
7 0.23639661426844014 0.4724241128687473 0.2460701330108827 0.4724241128687473 0.2460701330108827 0.47840957674219753 0.23639661426844014 0.47840957674219753 >
7 0.5205562273276905 0.47370671227020095 0.5241837968561064 0.47370671227020095 0.5241837968561064 0.48182984181274047 0.5205562273276905 0.48182984181274047 |
7 0.6299879081015719 0.5207353569901667 0.6505441354292624 0.5207353569901667 0.6505441354292624 0.5280034202650705 0.6299879081015719 0.5280034202650705 250
7 0.6711003627569528 0.5493800769559641 0.6989117291414753 0.5493800769559641 0.6989117291414753 0.5634886703719538 0.6711003627569528 0.5634886703719538 tapis:
7 0.7025392986698912 0.5545104745617785 0.7243047158403869 0.5545104745617785 0.7243047158403869 0.5600684053014109 0.7025392986698912 0.5600684053014109 5mm
7 0.25574365175332525 0.5647712697734074 0.26541717049576785 0.5647712697734074 0.26541717049576785 0.5690466011115861 0.25574365175332525 0.5690466011115861 N
7 0.25574365175332525 0.5699016673792219 0.26541717049576785 0.5699016673792219 0.26541717049576785 0.5741769987174006 0.25574365175332525 0.5741769987174006 N
7 0.23639661426844014 0.5746045318512185 0.24667472793228537 0.5746045318512185 0.24667472793228537 0.5840102607952117 0.23639661426844014 0.5840102607952117 g
7 0.5900846432889963 0.5758871312526721 0.599758162031439 0.5758871312526721 0.599758162031439 0.5801624625908508 0.5900846432889963 0.5801624625908508 5
7 0.7079806529625151 0.5775972637879435 0.722490931076179 0.5775972637879435 0.722490931076179 0.5788798631893972 0.7079806529625151 0.5788798631893972 —
7 0.25574365175332525 0.5814450619923044 0.28174123337363965 0.5814450619923044 0.28174123337363965 0.5951261222744763 0.25574365175332525 0.5951261222744763 BR
7 0.3784764207980653 0.5882855921333904 0.42140266021765416 0.5882855921333904 0.42140266021765416 0.5921333903377511 0.3784764207980653 0.5921333903377511 ——
7 0.6469165659008465 0.5840102607952117 0.6789600967351874 0.5840102607952117 0.6789600967351874 0.5908507909362976 0.6469165659008465 0.5908507909362976 Canal
7 0.6837968561064087 0.5840102607952117 0.7218863361547763 0.5840102607952117 0.7218863361547763 0.5908507909362976 0.6837968561064087 0.5908507909362976 Tehalit
7 0.22309552599758162 0.5921333903377511 0.25332527206771466 0.5921333903377511 0.25332527206771466 0.6041043180846516 0.22309552599758162 0.6041043180846516 ary
7 0.6033857315598549 0.5925609234715691 0.6136638452237001 0.5925609234715691 0.6136638452237001 0.6066695168875588 0.6033857315598549 0.6066695168875588 Ss
7 0.6475211608222491 0.5942710560068405 0.6638452237001209 0.5942710560068405 0.6638452237001209 0.6011115861479265 0.6475211608222491 0.6011115861479265 BK
7 0.6680773881499396 0.5942710560068405 0.717049576783555 0.5942710560068405 0.717049576783555 0.6028217186831979 0.6680773881499396 0.6028217186831979 Brodway
7 0.5900846432889963 0.6083796494228303 0.599758162031439 0.6083796494228303 0.599758162031439 0.612654980761009 0.5900846432889963 0.612654980761009 oO)
7 0.3252720677146312 0.6135100470286448 0.3403869407496977 0.6135100470286448 0.3403869407496977 0.6276186404446344 0.3252720677146312 0.6276186404446344 pial
7 0.3857315598548972 0.6194955109020949 0.4244256348246675 0.6194955109020949 0.4244256348246675 0.6276186404446344 0.3857315598548972 0.6276186404446344 et
7 0.4147521160822249 0.6135100470286448 0.42623941958887546 0.6135100470286448 0.42623941958887546 0.629328772979906 0.4147521160822249 0.629328772979906 en
7 0.7539298669891172 0.6481402308678923 0.7636033857315598 0.6481402308678923 0.7636033857315598 0.6528430953398888 0.7539298669891172 0.6528430953398888 So
7 0.35792019347037485 0.6519880290722531 0.3585247883917775 0.6519880290722531 0.3585247883917775 0.6566908935442497 0.35792019347037485 0.6566908935442497 i
7 0.7539298669891172 0.6532706284737068 0.7636033857315598 0.6532706284737068 0.7636033857315598 0.6575459598118855 0.7539298669891172 0.6575459598118855 Ss
7 0.23639661426844014 0.66866182129115 0.24667472793228537 0.66866182129115 0.24667472793228537 0.6780675502351432 0.23639661426844014 0.6780675502351432 8
7 0.373639661426844 0.6554082941427961 0.4062877871825877 0.6554082941427961 0.4062877871825877 0.678922616502779 0.373639661426844 0.678922616502779 ie
7 0.42503022974607013 0.6819153484395041 0.42563482466747277 0.6819153484395041 0.42563482466747277 0.6874732791791364 0.42503022974607013 0.6874732791791364 }
7 0.22067714631197097 0.6874732791791364 0.23035066505441354 0.6874732791791364 0.23035066505441354 0.692176143651133 0.22067714631197097 0.692176143651133 N
7 0.3295042321644498 0.6964514749893117 0.3391777509068924 0.6964514749893117 0.3391777509068924 0.6990166737922189 0.3295042321644498 0.6990166737922189 =
7 0.6166868198307134 0.6900384779820437 0.6257557436517533 0.6900384779820437 0.6257557436517533 0.7037195382642155 0.6166868198307134 0.7037195382642155 ni
7 0.6293833131801693 0.6960239418554938 0.6438935912938332 0.6960239418554938 0.6438935912938332 0.6994442069260368 0.6293833131801693 0.6994442069260368 dy
7 0.7539298669891172 0.6977340743907653 0.7636033857315598 0.6977340743907653 0.7636033857315598 0.7002992731936725 0.7539298669891172 0.7002992731936725 =
7 0.3295042321644498 0.7002992731936725 0.3391777509068924 0.7002992731936725 0.3391777509068924 0.7097050021376656 0.3295042321644498 0.7097050021376656 8
7 0.5816203143893591 0.6990166737922189 0.5858524788391778 0.6990166737922189 0.5858524788391778 0.7126977340743907 0.5816203143893591 0.7126977340743907 er
7 0.7702539298669892 0.7071398033347585 0.7805320435308344 0.7071398033347585 0.7805320435308344 0.7165455322787516 0.7702539298669892 0.7165455322787516 8
7 0.3603385731559855 0.7148353997434801 0.37001209189842804 0.7148353997434801 0.37001209189842804 0.7242411286874733 0.3603385731559855 0.7242411286874733 2
7 0.7660217654171705 0.7135528003420265 0.781136638452237 0.7135528003420265 0.781136638452237 0.7246686618212912 0.7660217654171705 0.7246686618212912 is
7 0.3591293833131802 0.7229585292860197 0.37001209189842804 0.7229585292860197 0.37001209189842804 0.7345019238991022 0.3591293833131802 0.7345019238991022 NI
7 0.5157194679564692 0.7336468576314664 0.5187424425634825 0.7336468576314664 0.5187424425634825 0.7370671227020094 0.5157194679564692 0.7370671227020094 a
7 0.7261185006045949 0.7370671227020094 0.7357920193470375 0.7370671227020094 0.7357920193470375 0.741769987174006 0.7261185006045949 0.741769987174006 N
7 0.68863361547763 0.7263787943565626 0.7412333736396615 0.7263787943565626 0.7412333736396615 0.7511757161179992 0.68863361547763 0.7511757161179992 Za
7 0.5229746070133011 0.7567336468576314 0.5241837968561064 0.7567336468576314 0.5241837968561064 0.7588713125267208 0.5229746070133011 0.7588713125267208 r
7 0.7261185006045949 0.7554510474561779 0.7357920193470375 0.7554510474561779 0.7357920193470375 0.7597263787943566 0.7261185006045949 0.7597263787943566 So
7 0.2370012091898428 0.7597263787943566 0.24667472793228537 0.7597263787943566 0.24667472793228537 0.764856776400171 0.2370012091898428 0.764856776400171 +
7 0.4848851269649335 0.75502351432236 0.5157194679564692 0.75502351432236 0.5157194679564692 0.7674219752030782 0.4848851269649335 0.7674219752030782 [+
7 0.5120918984280532 0.7567336468576314 0.5229746070133011 0.7567336468576314 0.5229746070133011 0.7712697734074391 0.5120918984280532 0.7712697734074391 qT
7 0.7249093107617895 0.7575887131252672 0.7351874244256348 0.7575887131252672 0.7351874244256348 0.7708422402736212 0.7249093107617895 0.7708422402736212 yx
7 0.7539298669891172 0.7563061137238136 0.7636033857315598 0.7563061137238136 0.7636033857315598 0.7704147071398033 0.7539298669891172 0.7704147071398033 3
7 0.22853688029020555 0.7716973065412569 0.250906892382104 0.7716973065412569 0.250906892382104 0.7751175716118 0.22853688029020555 0.7751175716118 +
7 0.7261185006045949 0.7811030354852501 0.7357920193470375 0.7811030354852501 0.7357920193470375 0.7858058999572467 0.7261185006045949 0.7858058999572467 2
7 0.23639661426844014 0.7875160324925182 0.2460701330108827 0.7875160324925182 0.2460701330108827 0.7922188969645148 0.23639661426844014 0.7922188969645148 2
7 0.5205562273276905 0.7840957674219752 0.5211608222490931 0.7840957674219752 0.5211608222490931 0.7917913638306969 0.5205562273276905 0.7917913638306969 |
7 0.7261185006045949 0.7862334330910645 0.7357920193470375 0.7862334330910645 0.7357920193470375 0.7909362975630612 0.7261185006045949 0.7909362975630612 7
7 0.23639661426844014 0.7926464300983326 0.2460701330108827 0.7926464300983326 0.2460701330108827 0.7973492945703292 0.23639661426844014 0.7973492945703292 wo
7 0.25574365175332525 0.817870884993587 0.26541717049576785 0.817870884993587 0.26541717049576785 0.8208636169303121 0.25574365175332525 0.8208636169303121 2
7 0.2545344619105199 0.8306968790081232 0.2629987908101572 0.8306968790081232 0.2629987908101572 0.8422402736212057 0.2545344619105199 0.8422402736212057 oO
7 0.3349455864570738 0.8251389482684908 0.3373639661426844 0.8251389482684908 0.3373639661426844 0.8388200085506626 0.3349455864570738 0.8388200085506626 |
7 0.5205562273276905 0.8324070115433946 0.5211608222490931 0.8324070115433946 0.5211608222490931 0.8405301410859342 0.5205562273276905 0.8405301410859342 l
7 0.3192261185006046 0.8388200085506626 0.3385731559854897 0.8388200085506626 0.3385731559854897 0.8554938007695596 0.3192261185006046 0.8554938007695596 23)
7 0.5205562273276905 0.8567764001710133 0.5211608222490931 0.8567764001710133 0.5211608222490931 0.8648995297135528 0.5205562273276905 0.8648995297135528 |
7 0.5205562273276905 0.8687473279179136 0.5241837968561064 0.8687473279179136 0.5241837968561064 0.8768704574604532 0.5205562273276905 0.8768704574604532 i
7 0.3603385731559855 0.8777255237280889 0.37001209189842804 0.8777255237280889 0.37001209189842804 0.8824283882000855 0.3603385731559855 0.8824283882000855 NI
7 0.3603385731559855 0.8828559213339033 0.37001209189842804 0.8828559213339033 0.37001209189842804 0.8875587858059 0.3603385731559855 0.8875587858059 +
7 0.3603385731559855 0.8879863189397178 0.37001209189842804 0.8879863189397178 0.37001209189842804 0.8922616502778965 0.3603385731559855 0.8922616502778965 NI
7 0.3603385731559855 0.8931167165455323 0.37001209189842804 0.8931167165455323 0.37001209189842804 0.897392047883711 0.3603385731559855 0.897392047883711 N
