7 0.5662031438935913 0.2056434373663959 0.5837363966142685 0.2056434373663959 0.5837363966142685 0.21120136810602821 0.5662031438935913 0.21120136810602821 Faleyruml
7 0.5662031438935913 0.21333903377511756 0.5746674727932285 0.21333903377511756 0.5746674727932285 0.21804189824711415 0.5662031438935913 0.21804189824711415 Pope
7 0.5767835550181378 0.2419837537409149 0.5825272067714631 0.2419837537409149 0.5825272067714631 0.2466866182129115 0.5767835550181378 0.2466866182129115 22h
7 0.5837363966142685 0.2419837537409149 0.5894800483675937 0.2419837537409149 0.5894800483675937 0.2466866182129115 0.5837363966142685 0.2466866182129115 662
7 0.4229141475211608 0.25138948268490807 0.4289600967351874 0.25138948268490807 0.4289600967351874 0.25609234715690465 0.4229141475211608 0.25609234715690465 244
7 0.43047158403869407 0.25138948268490807 0.43440145102781136 0.25138948268490807 0.43440145102781136 0.25609234715690465 0.43047158403869407 0.25609234715690465 101
7 0.6142684401451027 0.2787516032492518 0.6269649334945586 0.2787516032492518 0.6269649334945586 0.2830269345874305 0.6142684401451027 0.2830269345874305 322430
7 0.5655985489721886 0.3155194527575887 0.5734582829504232 0.3155194527575887 0.5734582829504232 0.32107738349722104 0.5655985489721886 0.32107738349722104 #061
7 0.6003627569528416 0.3394613082513895 0.6148730350665055 0.3394613082513895 0.6148730350665055 0.34416417272338606 0.6003627569528416 0.34416417272338606 erbinder
7 0.6169891172914147 0.3394613082513895 0.623639661426844 0.3394613082513895 0.623639661426844 0.34416417272338606 0.6169891172914147 0.34416417272338606 net}
7 0.6085247883917775 0.3471569046601112 0.6103385731559855 0.3471569046601112 0.6103385731559855 0.35185976913210776 0.6085247883917775 0.35185976913210776 /
7 0.6124546553808948 0.3471569046601112 0.6203143893591294 0.3471569046601112 0.6203143893591294 0.35185976913210776 0.6124546553808948 0.35185976913210776 Cewit
7 0.3996372430471584 0.3548525010688328 0.4165659008464329 0.3548525010688328 0.4165659008464329 0.3595553655408294 0.3996372430471584 0.3595553655408294 Falabelii”
7 0.4186819830713422 0.35656263360410434 0.4247279322853688 0.35656263360410434 0.4247279322853688 0.36083796494228304 0.4186819830713422 0.36083796494228304 uny
7 0.4268440145102781 0.35656263360410434 0.4286577992744861 0.35656263360410434 0.4286577992744861 0.3591278324070115 0.4268440145102781 0.3591278324070115 +
7 0.4307738814993954 0.3548525010688328 0.43500604594921405 0.3548525010688328 0.43500604594921405 0.3595553655408294 0.4307738814993954 0.3595553655408294 Eu
7 0.4371221281741233 0.35656263360410434 0.43923821039903266 0.35656263360410434 0.43923821039903266 0.3595553655408294 0.4371221281741233 0.3595553655408294 w
7 0.3996372430471584 0.3629756306113724 0.407496977025393 0.3629756306113724 0.407496977025393 0.3672509619495511 0.3996372430471584 0.3672509619495511 ber
7 0.4096130592503023 0.3625480974775545 0.41747279322853686 0.3625480974775545 0.41747279322853686 0.3672509619495511 0.4096130592503023 0.3672509619495511 Pps
7 0.4198911729141475 0.3629756306113724 0.43107617896009676 0.3629756306113724 0.43107617896009676 0.3672509619495511 0.4198911729141475 0.3672509619495511 ewlich
7 0.43319226118500603 0.364258230012826 0.4347037484885127 0.364258230012826 0.4347037484885127 0.3672509619495511 0.43319226118500603 0.3672509619495511 >
7 0.4371221281741233 0.3629756306113724 0.44226118500604594 0.3629756306113724 0.44226118500604594 0.3672509619495511 0.4371221281741233 0.3672509619495511 ith
7 0.7524183796856106 0.36340316374519027 0.7557436517533253 0.36340316374519027 0.7557436517533253 0.3685335613510047 0.7524183796856106 0.3685335613510047 2
7 0.4135429262394196 0.38093202223172296 0.41414752116082226 0.38093202223172296 0.41414752116082226 0.3817870884993587 0.4135429262394196 0.3817870884993587 .
7 0.6834945586457074 0.3762291577597264 0.6983071342200725 0.3762291577597264 0.6983071342200725 0.3817870884993587 0.6834945586457074 0.3817870884993587 Fuyelew.
7 0.7016324062877872 0.3762291577597264 0.7119105199516325 0.3762291577597264 0.7119105199516325 0.3817870884993587 0.7016324062877872 0.3817870884993587 Rieyel
7 0.7146311970979444 0.3762291577597264 0.7200725513905684 0.3762291577597264 0.7200725513905684 0.3805044890979051 0.7146311970979444 0.3805044890979051 und
7 0.3996372430471584 0.37665669089354425 0.4156590084643289 0.37665669089354425 0.4156590084643289 0.38991021804189824 0.3996372430471584 0.38991021804189824 Sehuuular
7 0.6834945586457074 0.38392475416844807 0.6919588875453446 0.38392475416844807 0.6919588875453446 0.38862761864044465 0.6834945586457074 0.38862761864044465 Pros
7 0.694074969770254 0.38563488670371954 0.6977025392986699 0.38563488670371954 0.6977025392986699 0.38862761864044465 0.694074969770254 0.38862761864044465 fen
7 0.7128174123337364 0.38563488670371954 0.7167472793228536 0.38563488670371954 0.7167472793228536 0.38862761864044465 0.7128174123337364 0.38862761864044465 en
7 0.3996372430471584 0.3963232150491663 0.40477629987908104 0.3963232150491663 0.40477629987908104 0.40102607952116287 0.3996372430471584 0.40102607952116287 Car”
7 0.4096130592503023 0.39675074818298417 0.4159613059250302 0.39675074818298417 0.4159613059250302 0.40102607952116287 0.4096130592503023 0.40102607952116287 nich
7 0.4319830713422007 0.39675074818298417 0.4356106408706167 0.39675074818298417 0.4356106408706167 0.40102607952116287 0.4319830713422007 0.40102607952116287 be
7 0.4356106408706167 0.40572894399315945 0.4371221281741233 0.40572894399315945 0.4371221281741233 0.41000427533133815 0.4356106408706167 0.41000427533133815 uiy
7 0.6834945586457074 0.40487387772552375 0.6907496977025392 0.40487387772552375 0.6907496977025392 0.4095767421975203 0.6834945586457074 0.4095767421975203 Tie
7 0.689540507859734 0.4031637451902522 0.694074969770254 0.4031637451902522 0.694074969770254 0.41299700726806327 0.689540507859734 0.41299700726806327 2]
7 0.6949818621523579 0.40487387772552375 0.7034461910519951 0.40487387772552375 0.7034461910519951 0.4095767421975203 0.6949818621523579 0.4095767421975203 Pos
7 0.7055622732769045 0.40487387772552375 0.7243047158403869 0.40487387772552375 0.7243047158403869 0.41043180846515603 0.7055622732769045 0.41043180846515603 enblivkuny
7 0.7267230955259976 0.40487387772552375 0.7327690447400241 0.40487387772552375 0.7327690447400241 0.41043180846515603 0.7267230955259976 0.41043180846515603 yy
7 0.3996372430471584 0.4112868747327918 0.41384522370012095 0.4112868747327918 0.41384522370012095 0.4159897392047884 0.3996372430471584 0.4159897392047884 Uloukier
7 0.41747279322853686 0.4117144078666097 0.43107617896009676 0.4117144078666097 0.43107617896009676 0.4159897392047884 0.41747279322853686 0.4159897392047884 werden!
7 0.6834945586457074 0.4142796066695169 0.687726723095526 0.4142796066695169 0.687726723095526 0.41727233860624197 0.6834945586457074 0.41727233860624197 eu
7 0.6898428053204353 0.4125694741342454 0.7079806529625151 0.4125694741342454 0.7079806529625151 0.41727233860624197 0.6898428053204353 0.41727233860624197 eyreciend
7 0.7100967351874244 0.4125694741342454 0.716142684401451 0.4125694741342454 0.716142684401451 0.41727233860624197 0.7100967351874244 0.41727233860624197 den
7 0.7185610640870617 0.4125694741342454 0.7448609431680774 0.4125694741342454 0.7448609431680774 0.41812740487387773 0.7185610640870617 0.41812740487387773 Auorderunyen
7 0.7723700120918985 0.4185549380076956 0.7732769044740024 0.4185549380076956 0.7732769044740024 0.4202650705429671 0.7723700120918985 0.4202650705429671 .
7 0.41233373639661425 0.4236853356135101 0.41293833131801694 0.4236853356135101 0.41293833131801694 0.4245404018811458 0.41233373639661425 0.4245404018811458 5
7 0.6989117291414753 0.4202650705429671 0.7100967351874244 0.4202650705429671 0.7100967351874244 0.42496793501496366 0.6989117291414753 0.42496793501496366 Abuih
7 0.7122128174123338 0.42197520307823855 0.7182587666263603 0.42197520307823855 0.7182587666263603 0.42625053441641725 0.7122128174123338 0.42625053441641725 uny
7 0.7306529625151149 0.4202650705429671 0.7403264812575574 0.4202650705429671 0.7403264812575574 0.42496793501496366 0.7306529625151149 0.42496793501496366 ert
7 0.7681378476420798 0.4185549380076956 0.7772067714631197 0.4185549380076956 0.7772067714631197 0.42539546814878154 0.7681378476420798 0.42539546814878154 20.400
7 0.39993954050785974 0.4236853356135101 0.4062877871825877 0.4236853356135101 0.4062877871825877 0.42838820008550665 0.39993954050785974 0.42838820008550665 Kau
7 0.4105199516324063 0.4236853356135101 0.4153567110036276 0.4236853356135101 0.4153567110036276 0.4288157332193245 0.4105199516324063 0.4288157332193245 ail,
7 0.41747279322853686 0.42539546814878154 0.42110036275695284 0.42539546814878154 0.42110036275695284 0.42838820008550665 0.41747279322853686 0.42838820008550665 ru
7 0.39993954050785974 0.4313809320222317 0.40326481257557434 0.4313809320222317 0.40326481257557434 0.4360837964942283 0.39993954050785974 0.4360837964942283 wi
7 0.4207980652962515 0.4313809320222317 0.4283555018137848 0.4313809320222317 0.4283555018137848 0.4360837964942283 0.4207980652962515 0.4360837964942283 er
7 0.4319830713422007 0.4330910645575032 0.4419588875453446 0.4330910645575032 0.4419588875453446 0.43693886276186406 0.4319830713422007 0.43693886276186406 erumy
7 0.531136638452237 0.5156049593843522 0.5344619105199516 0.5156049593843522 0.5344619105199516 0.5211628901239846 0.531136638452237 0.5211628901239846 206
7 0.531136638452237 0.5070542967079948 0.5341596130592503 0.5070542967079948 0.5341596130592503 0.5096194955109021 0.531136638452237 0.5096194955109021 P
7 0.532043530834341 0.49807610089781956 0.5341596130592503 0.49807610089781956 0.5341596130592503 0.5036340316374519 0.532043530834341 0.5036340316374519 fos
7 0.532043530834341 0.48952543822146216 0.5341596130592503 0.48952543822146216 0.5341596130592503 0.4946558358272766 0.532043530834341 0.4946558358272766 enh
7 0.42623941958887546 0.5211628901239846 0.43016928657799275 0.5211628901239846 0.43016928657799275 0.5258657545959812 0.42623941958887546 0.5258657545959812 Tu
7 0.4307738814993954 0.5211628901239846 0.43923821039903266 0.5211628901239846 0.43923821039903266 0.5284309533988885 0.4307738814993954 0.5284309533988885 ghal
7 0.4416565900846433 0.5228730226592561 0.4446795646916566 0.5228730226592561 0.4446795646916566 0.5258657545959812 0.4416565900846433 0.5258657545959812 er
7 0.4477025392986699 0.5211628901239846 0.45949214026602175 0.5211628901239846 0.45949214026602175 0.5284309533988885 0.4477025392986699 0.5284309533988885 266460
7 0.42140266021765416 0.5288584865327063 0.43833131801692865 0.5288584865327063 0.43833131801692865 0.5361265498076101 0.42140266021765416 0.5361265498076101 suklinkungy
7 0.4407496977025393 0.5305686190679778 0.4446795646916566 0.5305686190679778 0.4446795646916566 0.5335613510047028 0.4407496977025393 0.5335613510047028 unt
7 0.44649334945586455 0.5305686190679778 0.4492140266021765 0.5305686190679778 0.4492140266021765 0.5361265498076101 0.44649334945586455 0.5361265498076101 er
7 0.4570737605804111 0.5305686190679778 0.46311970979443773 0.5305686190679778 0.46311970979443773 0.5361265498076101 0.4570737605804111 0.5361265498076101 er
7 0.4316807738814994 0.5382642154766994 0.437726723095526 0.5382642154766994 0.437726723095526 0.5425395468148781 0.4316807738814994 0.5425395468148781 nny
7 0.439540507859734 0.5382642154766994 0.4437726723095526 0.5382642154766994 0.4437726723095526 0.5412569474134246 0.439540507859734 0.5412569474134246 mr
7 0.44649334945586455 0.5365540829414279 0.4540507859733978 0.5365540829414279 0.4540507859733978 0.5412569474134246 0.44649334945586455 0.5412569474134246 be
7 0.6834945586457074 0.5211628901239846 0.6901451027811366 0.5211628901239846 0.6901451027811366 0.5258657545959812 0.6834945586457074 0.5258657545959812 Fan
7 0.694074969770254 0.5211628901239846 0.6977025392986699 0.5211628901239846 0.6977025392986699 0.5258657545959812 0.694074969770254 0.5258657545959812 foil
7 0.6834945586457074 0.5288584865327063 0.7034461910519951 0.5288584865327063 0.7034461910519951 0.5335613510047028 0.6834945586457074 0.5335613510047028 Cherfidulw
7 0.7055622732769045 0.5305686190679778 0.7107013301088271 0.5305686190679778 0.7107013301088271 0.5335613510047028 0.7055622732769045 0.5335613510047028 wie
7 0.7128174123337364 0.5288584865327063 0.7243047158403869 0.5288584865327063 0.7243047158403869 0.5335613510047028 0.7128174123337364 0.5335613510047028 Pro‘te
7 0.6834945586457074 0.546387345019239 0.6907496977025392 0.546387345019239 0.6907496977025392 0.5510902094912355 0.6834945586457074 0.5510902094912355 Camp
7 0.7122128174123338 0.546387345019239 0.719770253929867 0.546387345019239 0.719770253929867 0.5510902094912355 0.7122128174123338 0.5510902094912355 Folie
7 0.721584038694075 0.5480974775545104 0.7246070133010882 0.5480974775545104 0.7246070133010882 0.5510902094912355 0.721584038694075 0.5510902094912355 wi
7 0.4268440145102781 0.5489525438221462 0.4356106408706167 0.5489525438221462 0.4356106408706167 0.5609234715690466 0.4268440145102781 0.5609234715690466 Hye
7 0.43833131801692865 0.5515177426250535 0.4419588875453446 0.5515177426250535 0.4419588875453446 0.55622060709705 0.43833131801692865 0.55622060709705 80
7 0.4437726723095526 0.5532278751603249 0.44830713422007257 0.5532278751603249 0.44830713422007257 0.55622060709705 0.4437726723095526 0.55622060709705 am
7 0.7107013301088271 0.5758871312526721 0.7164449818621523 0.5758871312526721 0.7164449818621523 0.5805899957246686 0.7107013301088271 0.5805899957246686 Fes
7 0.718863361547763 0.5758871312526721 0.7264207980652962 0.5758871312526721 0.7264207980652962 0.5818725951261223 0.718863361547763 0.5818725951261223 punk
7 0.7079806529625151 0.5831551945275759 0.7128174123337364 0.5831551945275759 0.7128174123337364 0.5878580589995724 0.7079806529625151 0.5878580589995724 2B.
7 0.727932285368803 0.5848653270628473 0.7303506650544136 0.5848653270628473 0.7303506650544136 0.5887131252672082 0.727932285368803 0.5887131252672082 iy
7 0.694074969770254 0.5908507909362976 0.7016324062877872 0.5908507909362976 0.7016324062877872 0.5955536554082942 0.694074969770254 0.5955536554082942 [2274
7 0.7031438935912938 0.5908507909362976 0.7049576783555018 0.5908507909362976 0.7049576783555018 0.5955536554082942 0.7031438935912938 0.5955536554082942 0
7 0.6955864570737605 0.5985463873450192 0.7067714631197098 0.5985463873450192 0.7067714631197098 0.6041043180846516 0.6955864570737605 0.6041043180846516 alilpla
7 0.7100967351874244 0.6002565198802907 0.7119105199516325 0.6002565198802907 0.7119105199516325 0.6032492518170158 0.7100967351874244 0.6032492518170158 e
7 0.5725513905683193 0.5976913210773835 0.5931076178960096 0.5976913210773835 0.5931076178960096 0.6028217186831979 0.5725513905683193 0.6028217186831979 Hohiraum
7 0.5946191051995163 0.5976913210773835 0.6000604594921403 0.5976913210773835 0.6000604594921403 0.6028217186831979 0.5946191051995163 0.6028217186831979 mit
7 0.5725513905683193 0.6062419837537409 0.601571946795647 0.6062419837537409 0.601571946795647 0.6113723813595554 0.5725513905683193 0.6113723813595554 wasserfester
7 0.6033857315598549 0.6062419837537409 0.6227327690447401 0.6062419837537409 0.6227327690447401 0.6113723813595554 0.6033857315598549 0.6113723813595554 Minerals
7 0.5725513905683193 0.6147926464300983 0.5828295042321644 0.6147926464300983 0.5828295042321644 0.6199230440359128 0.5725513905683193 0.6199230440359128 nicht
7 0.5849455864570737 0.6147926464300983 0.6042926239419589 0.6147926464300983 0.6042926239419589 0.6199230440359128 0.5849455864570737 0.6199230440359128 brennbar,
7 0.6064087061668681 0.6165027789653699 0.6133615477629988 0.6165027789653699 0.6133615477629988 0.6199230440359128 0.6064087061668681 0.6199230440359128 aus:
7 0.6834945586457074 0.5985463873450192 0.6892382103990327 0.5985463873450192 0.6892382103990327 0.6032492518170158 0.6834945586457074 0.6032492518170158 au
7 0.4407496977025393 0.6117999144933732 0.4489117291414752 0.6117999144933732 0.4489117291414752 0.6165027789653699 0.4407496977025393 0.6165027789653699 Fee,
7 0.4265417170495768 0.6284737067122702 0.43047158403869407 0.6284737067122702 0.43047158403869407 0.6314664386489953 0.4265417170495768 0.6314664386489953 eH
7 0.4328899637243047 0.6267635741769987 0.43923821039903266 0.6267635741769987 0.43923821039903266 0.6314664386489953 0.4328899637243047 0.6314664386489953 ayy
7 0.42623941958887546 0.6361693031209918 0.4277509068923821 0.6361693031209918 0.4277509068923821 0.639162035057717 0.42623941958887546 0.639162035057717 a
7 0.40931076178960096 0.6233433091064557 0.4189842805320435 0.6233433091064557 0.4189842805320435 0.6353142368533561 0.40931076178960096 0.6353142368533561 Sekuy
7 0.4455864570737606 0.6284737067122702 0.45133010882708585 0.6284737067122702 0.45133010882708585 0.6323215049166311 0.4455864570737606 0.6323215049166311 uy
7 0.437726723095526 0.6421547669944421 0.439540507859734 0.6421547669944421 0.439540507859734 0.6468576314664386 0.437726723095526 0.6468576314664386 Jy
7 0.4416565900846433 0.6425823001282599 0.4492140266021765 0.6425823001282599 0.4492140266021765 0.6468576314664386 0.4416565900846433 0.6468576314664386 bauy
7 0.4195888754534462 0.6438648995297136 0.4198911729141475 0.6438648995297136 0.4198911729141475 0.6468576314664386 0.4195888754534462 0.6468576314664386 '
7 0.4579806529625151 0.6438648995297136 0.45949214026602175 0.6438648995297136 0.45949214026602175 0.6468576314664386 0.4579806529625151 0.6468576314664386 2
7 0.40931076178960096 0.6502778965369816 0.41807738814993956 0.6502778965369816 0.41807738814993956 0.6545532278751603 0.40931076178960096 0.6545532278751603 Baukt
7 0.40931076178960096 0.6579734929457033 0.4165659008464329 0.6579734929457033 0.4165659008464329 0.6626763574176999 0.40931076178960096 0.6626763574176999 blow
7 0.4135429262394196 0.6678067550235143 0.4207980652962515 0.6678067550235143 0.4207980652962515 0.6725096194955109 0.4135429262394196 0.6725096194955109 Gee
7 0.4229141475211608 0.6695168875587858 0.4274486094316808 0.6695168875587858 0.4274486094316808 0.6733646857631467 0.4229141475211608 0.6733646857631467 iye
7 0.40931076178960096 0.675502351432236 0.4105199516324063 0.675502351432236 0.4105199516324063 0.6802052159042326 0.40931076178960096 0.6802052159042326 8
7 0.4265417170495768 0.6498503634031637 0.4371221281741233 0.6498503634031637 0.4371221281741233 0.6545532278751603 0.4265417170495768 0.6545532278751603 Falsui
7 0.42230955259975816 0.6579734929457033 0.4356106408706167 0.6579734929457033 0.4356106408706167 0.6626763574176999 0.42230955259975816 0.6626763574176999 Peer
7 0.19135429262394196 0.6434373663958957 0.19619105199516323 0.6434373663958957 0.19619105199516323 0.6656690893544249 0.19135429262394196 0.6656690893544249 =
7 0.19558645707376057 0.6306113723813596 0.21523579201934703 0.6306113723813596 0.21523579201934703 0.6729371526293287 0.19558645707376057 0.6729371526293287 Ons
7 0.218863361547763 0.6417272338606242 0.2279322853688029 0.6417272338606242 0.2279322853688029 0.6712270200940573 0.218863361547763 0.6712270200940573 Oo
7 0.2974607013301088 0.6596836254809748 0.30683192261185005 0.6596836254809748 0.30683192261185005 0.6729371526293287 0.2974607013301088 0.6729371526293287 O
7 0.3482466747279323 0.6596836254809748 0.3639661426844015 0.6596836254809748 0.3639661426844015 0.6746472851646003 0.3482466747279323 0.6746472851646003 =
7 0.20858524788391777 0.6699444206926036 0.21160822249093109 0.6699444206926036 0.21160822249093109 0.6746472851646003 0.20858524788391777 0.6746472851646003 a
7 0.2593712212817412 0.6699444206926036 0.2623941958887545 0.6699444206926036 0.2623941958887545 0.6746472851646003 0.2593712212817412 0.6746472851646003 a
7 0.22218863361547764 0.675502351432236 0.22551390568319227 0.675502351432236 0.22551390568319227 0.6802052159042326 0.22218863361547764 0.6802052159042326 a
7 0.23246674727932284 0.7126977340743907 0.2469770253929867 0.7126977340743907 0.2469770253929867 0.7379221889696451 0.23246674727932284 0.7379221889696451 or
7 0.24667472793228537 0.7315091919623771 0.2560459492140266 0.7315091919623771 0.2560459492140266 0.7447627191107311 0.24667472793228537 0.7447627191107311 O
7 0.2430471584038694 0.6810602821718683 0.2545344619105199 0.6810602821718683 0.2545344619105199 0.7161179991449337 0.2430471584038694 0.7161179991449337 o()O0
7 0.2542321644498186 0.6772124839675074 0.27237001209189843 0.6772124839675074 0.27237001209189843 0.7306541256947413 0.2542321644498186 0.7306541256947413 ory
7 0.27327690447400244 0.675502351432236 0.2762998790810157 0.675502351432236 0.2762998790810157 0.6802052159042326 0.27327690447400244 0.6802052159042326 a
7 0.2832527206771463 0.7126977340743907 0.2980652962515115 0.7126977340743907 0.2980652962515115 0.7379221889696451 0.2832527206771463 0.7379221889696451 cr
7 0.29383313180169285 0.7315091919623771 0.3080411124546554 0.7315091919623771 0.3080411124546554 0.751603249251817 0.29383313180169285 0.751603249251817 ie
7 0.29383313180169285 0.6772124839675074 0.3053204353083434 0.6772124839675074 0.3053204353083434 0.7161179991449337 0.29383313180169285 0.7161179991449337 o{>O
7 0.3053204353083434 0.6772124839675074 0.3234582829504232 0.6772124839675074 0.3234582829504232 0.7306541256947413 0.3053204353083434 0.7306541256947413 OCD)
7 0.3192261185006046 0.7255237280889268 0.3334340991535671 0.7255237280889268 0.3334340991535671 0.7426250534416418 0.3192261185006046 0.7426250534416418 CY
7 0.3192261185006046 0.6955964087216759 0.3334340991535671 0.6955964087216759 0.3334340991535671 0.7212483967507481 0.3192261185006046 0.7212483967507481 O.5
7 0.32406287787182586 0.675502351432236 0.3273881499395405 0.675502351432236 0.3273881499395405 0.6802052159042326 0.32406287787182586 0.6802052159042326 o
7 0.3340386940749698 0.7126977340743907 0.34885126964933494 0.7126977340743907 0.34885126964933494 0.7379221889696451 0.3340386940749698 0.7379221889696451 or
7 0.3307134220072551 0.6665241556220607 0.342503022974607 0.6665241556220607 0.342503022974607 0.6947413424540402 0.3307134220072551 0.6947413424540402 0°
7 0.3482466747279323 0.7315091919623771 0.35792019347037485 0.7315091919623771 0.35792019347037485 0.7451902522445489 0.3482466747279323 0.7451902522445489 O
7 0.34461910519951633 0.6772124839675074 0.3564087061668682 0.6772124839675074 0.3564087061668682 0.7161179991449337 0.34461910519951633 0.7161179991449337 o()0
7 0.3561064087061669 0.6772124839675074 0.37424425634824665 0.6772124839675074 0.37424425634824665 0.7306541256947413 0.3561064087061669 0.7306541256947413 OC)
7 0.37122128174123337 0.7131252672082087 0.3805925030229746 0.7131252672082087 0.3805925030229746 0.7426250534416418 0.37122128174123337 0.7426250534416418 CS
7 0.373639661426844 0.6665241556220607 0.3932889963724305 0.6665241556220607 0.3932889963724305 0.70884993587003 0.373639661426844 0.70884993587003 ONS
7 0.6296856106408706 0.672082086361693 0.6348246674727932 0.672082086361693 0.6348246674727932 0.6767849508336896 0.6296856106408706 0.6767849508336896 170
7 0.44135429262394194 0.6772124839675074 0.4449818621523579 0.6772124839675074 0.4449818621523579 0.6802052159042326 0.44135429262394194 0.6802052159042326 wy
7 0.5619709794437727 0.6823428815733219 0.5674123337363967 0.6823428815733219 0.5674123337363967 0.6870457460453185 0.5619709794437727 0.6870457460453185 Fas
7 0.5755743651753326 0.6917486105173151 0.5792019347037485 0.6917486105173151 0.5792019347037485 0.6947413424540402 0.5755743651753326 0.6947413424540402 uni
7 0.5831318016928658 0.6823428815733219 0.5967351874244257 0.6823428815733219 0.5967351874244257 0.6879008123129543 0.5831318016928658 0.6879008123129543 lie,
7 0.5849455864570737 0.6917486105173151 0.5885731559854898 0.6917486105173151 0.5885731559854898 0.6947413424540402 0.5849455864570737 0.6947413424540402 ur
7 0.591596130592503 0.6917486105173151 0.6018742442563483 0.6917486105173151 0.6018742442563483 0.6955964087216759 0.591596130592503 0.6955964087216759 yeyen
7 0.626360338573156 0.6917486105173151 0.628174123337364 0.6917486105173151 0.628174123337364 0.6947413424540402 0.626360338573156 0.6947413424540402 ©
7 0.40931076178960096 0.7007268063274904 0.4207980652962515 0.7007268063274904 0.4207980652962515 0.7050021376656691 0.40931076178960096 0.7050021376656691 bauzei
7 0.4229141475211608 0.702009405728944 0.4274486094316808 0.702009405728944 0.4274486094316808 0.7062847370671227 0.4229141475211608 0.7062847370671227 iye
7 0.40931076178960096 0.7079948696023942 0.42200725513905685 0.7079948696023942 0.42200725513905685 0.7126977340743907 0.40931076178960096 0.7126977340743907 Proving
7 0.5120918984280532 0.7126977340743907 0.5281136638452237 0.7126977340743907 0.5281136638452237 0.7178281316802052 0.5120918984280532 0.7178281316802052 IINWCIS
7 0.5308343409915357 0.70884993587003 0.5900846432889963 0.70884993587003 0.5900846432889963 0.7178281316802052 0.5308343409915357 0.7178281316802052 GAUKORPCR-DARSTCLLUNG:
7 0.5120918984280532 0.7208208636169303 0.5193470374848851 0.7208208636169303 0.5193470374848851 0.7259512612227448 0.5120918984280532 0.7259512612227448 Der
7 0.522067714631197 0.7208208636169303 0.5299274486094316 0.7208208636169303 0.5299274486094316 0.7280889268918341 0.522067714631197 0.7280889268918341 tier
7 0.5326481257557436 0.7208208636169303 0.558645707376058 0.7208208636169303 0.558645707376058 0.7276613937580162 0.5326481257557436 0.7276613937580162 cercestellte
7 0.5861547762998791 0.7225309961522018 0.592503022974607 0.7225309961522018 0.592503022974607 0.7259512612227448 0.5861547762998791 0.7259512612227448 urc
7 0.595223700120919 0.7208208636169303 0.6033857315598549 0.7208208636169303 0.6033857315598549 0.7259512612227448 0.595223700120919 0.7259512612227448 uct
7 0.6061064087061668 0.7225309961522018 0.6124546553808948 0.7225309961522018 0.6124546553808948 0.7259512612227448 0.6061064087061668 0.7259512612227448 cer
7 0.5423216444981862 0.7315091919623771 0.5574365175332527 0.7315091919623771 0.5574365175332527 0.73492945703292 0.5423216444981862 0.73492945703292 wurcer
7 0.560459492140266 0.7315091919623771 0.5671100362756953 0.7315091919623771 0.5671100362756953 0.7370671227020094 0.560459492140266 0.7370671227020094 evs
7 0.5701330108827086 0.7315091919623771 0.5767835550181378 0.7315091919623771 0.5767835550181378 0.73492945703292 0.5701330108827086 0.73492945703292 cer
7 0.5798065296251511 0.7297990594271055 0.5964328899637243 0.7297990594271055 0.5964328899637243 0.73492945703292 0.5798065296251511 0.73492945703292 Arctitet
7 0.5982466747279322 0.7297990594271055 0.6203143893591294 0.7297990594271055 0.6203143893591294 0.735356990166738 0.5982466747279322 0.735356990166738 ter-Plérer
7 0.6230350665054414 0.7297990594271055 0.6375453446191052 0.7297990594271055 0.6375453446191052 0.7366395895681915 0.6230350665054414 0.7366395895681915 bcpiert.
7 0.5120918984280532 0.7379221889696451 0.5465538089480049 0.7379221889696451 0.5465538089480049 0.7434801197092775 0.5120918984280532 0.7434801197092775 Dietatséctlicte
7 0.5492744860943168 0.7374946558358273 0.5737605804111245 0.7374946558358273 0.5737605804111245 0.7447627191107311 0.5492744860943168 0.7447627191107311 Austitrure
7 0.5767835550181378 0.7383497221034631 0.5813180169286578 0.7383497221034631 0.5813180169286578 0.7434801197092775 0.5767835550181378 0.7434801197092775 Farr
7 0.5891777509068924 0.7383497221034631 0.6094316807738815 0.7383497221034631 0.6094316807738815 0.7434801197092775 0.5891777509068924 0.7434801197092775 etweicter
7 0.6118500604594922 0.7396323215049166 0.6185006045949214 0.7396323215049166 0.6185006045949214 0.7434801197092775 0.6118500604594922 0.7434801197092775 urc
7 0.620918984280532 0.7383497221034631 0.625453446191052 0.7383497221034631 0.625453446191052 0.7434801197092775 0.620918984280532 0.7434801197092775 ist
7 0.628174123337364 0.7396323215049166 0.6311970979443773 0.7396323215049166 0.6311970979443773 0.7434801197092775 0.628174123337364 0.7434801197092775 im
7 0.5120918984280532 0.7464728516460025 0.527509068923821 0.7464728516460025 0.527509068923821 0.751603249251817 0.5120918984280532 0.751603249251817 Retmer
7 0.5305320435308344 0.748182984181274 0.5368802902055623 0.748182984181274 0.5368802902055623 0.751603249251817 0.5305320435308344 0.751603249251817 ces
7 0.5399032648125756 0.7464728516460025 0.560459492140266 0.7464728516460025 0.560459492140266 0.7541684480547243 0.5399032648125756 0.7541684480547243 ALimefies
7 0.5634824667472793 0.748182984181274 0.5674123337363967 0.748182984181274 0.5674123337363967 0.751603249251817 0.5634824667472793 0.751603249251817 2
7 0.5704353083434099 0.7464728516460025 0.5900846432889963 0.7464728516460025 0.5900846432889963 0.7541684480547243 0.5704353083434099 0.7541684480547243 iterprife
7 0.186819830713422 0.8388200085506626 0.20858524788391777 0.8388200085506626 0.20858524788391777 0.8482257374946558 0.186819830713422 0.8482257374946558 Detail
7 0.21221281741233375 0.8388200085506626 0.24969770253929868 0.8388200085506626 0.24969770253929868 0.8507909362975631 0.21221281741233375 0.8507909362975631 FuRpunkt
7 0.25272067714631197 0.8388200085506626 0.2642079806529625 0.8388200085506626 0.2642079806529625 0.8482257374946558 0.25272067714631197 0.8482257374946558 mit
7 0.26753325272067713 0.8388200085506626 0.28990326481257556 0.8388200085506626 0.28990326481257556 0.8482257374946558 0.26753325272067713 0.8482257374946558 Rinne
