0 0.0120 0.2656 0.3151 0.2656 0.3151 0.4568 0.0120 0.4568
0 0.2974 0.8120 0.6211 0.8120 0.6211 0.8920 0.2974 0.8920
0 0.5877 0.3880 0.8909 0.3880 0.8909 0.5792 0.5877 0.5792
0 0.1646 0.5296 0.2480 0.5296 0.2480 0.7040 0.1646 0.7040
1 0.8446 0.1496 0.8529 0.1496 0.8529 0.2316 0.8446 0.2316
1 0.6840 0.6244 0.6860 0.6244 0.6860 0.6600 0.6840 0.6600
1 0.4223 0.5980 0.4294 0.5980 0.4294 0.6240 0.4223 0.6240
1 0.1294 0.7404 0.1357 0.7404 0.1357 0.8216 0.1294 0.8216
2 0.6843 0.3356 0.7089 0.3356 0.7089 0.3608 0.6843 0.3608
2 0.2357 0.7196 0.2794 0.7196 0.2794 0.8196 0.2357 0.8196
2 0.4446 0.0832 0.5203 0.0832 0.5203 0.1380 0.4446 0.1380
2 0.3006 0.7528 0.3314 0.7528 0.3314 0.7764 0.3006 0.7764
3 0.5943 0.7008 0.6006 0.7008 0.6006 0.8028 0.5943 0.8028
3 0.1203 0.0100 0.1306 0.0100 0.1306 0.0828 0.1203 0.0828
3 0.8443 0.7296 0.8937 0.7296 0.8937 0.7464 0.8443 0.7464
3 0.0097 0.8636 0.0649 0.8636 0.0649 0.8828 0.0097 0.8828
4 0.1497 0.9472 0.1700 0.9472 0.1700 0.9608 0.1497 0.9608
4 0.0426 0.4900 0.0711 0.4900 0.0711 0.4972 0.0426 0.4972
4 0.8580 0.7068 0.9869 0.7068 0.9869 0.7192 0.8580 0.7192
4 0.4689 0.2504 0.4746 0.2504 0.4746 0.2568 0.4689 0.2568
6 0.7003 0.8072 0.7589 0.8072 0.7589 0.8896 0.7003 0.8896
6 0.9269 0.3440 0.9854 0.3440 0.9854 0.4264 0.9269 0.4264
6 0.5077 0.4556 0.5254 0.4556 0.5254 0.4808 0.5077 0.4808
6 0.2171 0.0260 0.4083 0.0260 0.4083 0.1608 0.2171 0.1608
7 0.8103 0.8660 0.8171 0.8660 0.8171 0.8844 0.8103 0.8844
7 0.3897 0.3436 0.4017 0.3436 0.4017 0.3784 0.3897 0.3784
7 0.9414 0.8472 0.9829 0.8472 0.9829 0.9240 0.9414 0.9240
7 0.5557 0.0604 0.5957 0.0604 0.5957 0.1748 0.5557 0.1748
9 0.2614 0.4628 0.3237 0.4628 0.3237 0.6684 0.2614 0.6684
9 0.4546 0.6260 0.6749 0.6260 0.6749 0.6984 0.4546 0.6984
9 0.5626 0.1812 0.6003 0.1812 0.6003 0.3128 0.5626 0.3128
9 0.7940 0.8128 0.9169 0.8128 0.9169 0.8604 0.7940 0.8604
12 0.6857 0.6604 0.7900 0.6604 0.7900 0.7020 0.6857 0.7020
12 0.9749 0.7204 0.9980 0.7204 0.9980 0.8352 0.9749 0.8352
12 0.8020 0.6476 0.8251 0.6476 0.8251 0.7624 0.8020 0.7624
12 0.5160 0.2624 0.5506 0.2624 0.5506 0.4168 0.5160 0.4168
13 0.5171 0.5768 0.5220 0.5768 0.5220 0.5948 0.5171 0.5948
13 0.6746 0.9576 0.6846 0.9576 0.6846 0.9728 0.6746 0.9728
13 0.1263 0.9424 0.1363 0.9424 0.1363 0.9624 0.1263 0.9624
13 0.9271 0.7344 0.9371 0.7344 0.9371 0.7496 0.9271 0.7496
15 0.6200 0.0300 0.6931 0.0300 0.6931 0.1020 0.6200 0.1020
15 0.8420 0.5848 0.9014 0.5848 0.9014 0.6540 0.8420 0.6540
15 0.2754 0.1728 0.3349 0.1728 0.3349 0.2352 0.2754 0.2352
15 0.4017 0.2196 0.4611 0.2196 0.4611 0.2888 0.4017 0.2888
