0 0.4411 0.1124 0.4754 0.1124 0.4754 0.5684 0.4411 0.5684
0 0.5526 0.6276 0.6857 0.6276 0.6857 0.9940 0.5526 0.9940
0 0.4046 0.6236 0.5057 0.6236 0.5057 0.7736 0.4046 0.7736
0 0.2243 0.7792 0.5274 0.7792 0.5274 0.9704 0.2243 0.9704
1 0.5429 0.5956 0.5629 0.5956 0.5629 0.6040 0.5429 0.6040
1 0.3580 0.4272 0.3611 0.4272 0.3611 0.4524 0.3580 0.4524
1 0.2560 0.3380 0.2634 0.3380 0.2634 0.3652 0.2560 0.3652
1 0.3551 0.6052 0.3900 0.6052 0.3900 0.6932 0.3551 0.6932
2 0.8849 0.7664 0.9200 0.7664 0.9200 0.8228 0.8849 0.8228
2 0.1169 0.1316 0.1349 0.1316 0.1349 0.1672 0.1169 0.1672
2 0.3397 0.4892 0.3723 0.4892 0.3723 0.5052 0.3397 0.5052
2 0.8511 0.2168 0.8757 0.2168 0.8757 0.2420 0.8511 0.2420
3 0.3460 0.0304 0.4254 0.0304 0.4254 0.0552 0.3460 0.0552
3 0.4774 0.3368 0.5714 0.3368 0.5714 0.3592 0.4774 0.3592
3 0.0551 0.2972 0.1503 0.2972 0.1503 0.3196 0.0551 0.3196
3 0.2077 0.7184 0.2240 0.7184 0.2240 0.8432 0.2077 0.8432
4 0.5111 0.5244 0.5337 0.5244 0.5337 0.5376 0.5111 0.5376
4 0.4849 0.3596 0.5051 0.3596 0.5051 0.3664 0.4849 0.3664
4 0.4074 0.4424 0.4189 0.4424 0.4189 0.4576 0.4074 0.4576
4 0.0157 0.0668 0.0271 0.0668 0.0271 0.0728 0.0157 0.0728
6 0.8634 0.0832 0.9220 0.0832 0.9220 0.1656 0.8634 0.1656
6 0.7260 0.3976 0.9171 0.3976 0.9171 0.5324 0.7260 0.5324
6 0.8726 0.2788 0.9311 0.2788 0.9311 0.3612 0.8726 0.3612
6 0.8851 0.6712 0.9437 0.6712 0.9437 0.7536 0.8851 0.7536
7 0.7837 0.0772 0.7989 0.0772 0.7989 0.1612 0.7837 0.1612
7 0.7226 0.6480 0.7349 0.6480 0.7349 0.7176 0.7226 0.7176
7 0.3714 0.1752 0.3934 0.1752 0.3934 0.2328 0.3714 0.2328
7 0.1594 0.1736 0.1894 0.1736 0.1894 0.2848 0.1594 0.2848
9 0.5903 0.0984 0.6474 0.0984 0.6474 0.1528 0.5903 0.1528
9 0.7180 0.5336 0.9383 0.5336 0.9383 0.6060 0.7180 0.6060
9 0.1303 0.4468 0.1817 0.4468 0.1817 0.6164 0.1303 0.6164
9 0.7480 0.6852 0.8200 0.6852 0.8200 0.9176 0.7480 0.9176
12 0.1823 0.0480 0.2134 0.0480 0.2134 0.0752 0.1823 0.0752
12 0.0409 0.4120 0.0849 0.4120 0.0849 0.8368 0.0409 0.8368
12 0.3146 0.3932 0.3231 0.3932 0.3231 0.6904 0.3146 0.6904
12 0.2443 0.4572 0.2623 0.4572 0.2623 0.5484 0.2443 0.5484
13 0.0266 0.8116 0.0314 0.8116 0.0314 0.8296 0.0266 0.8296
13 0.8774 0.6068 0.8843 0.6068 0.8843 0.6536 0.8774 0.6536
13 0.8349 0.0296 0.8520 0.0296 0.8520 0.0608 0.8349 0.0608
13 0.3420 0.5792 0.3514 0.5792 0.3514 0.6112 0.3420 0.6112
15 0.2277 0.5644 0.2871 0.5644 0.2871 0.6336 0.2277 0.6336
15 0.2134 0.1436 0.3383 0.1436 0.3383 0.2468 0.2134 0.2468
15 0.0446 0.8812 0.0726 0.8812 0.0726 0.9340 0.0446 0.9340
15 0.0266 0.3312 0.0800 0.3312 0.0800 0.3952 0.0266 0.3952
