0 0.0917 0.7408 0.1751 0.7408 0.1751 0.9152 0.0917 0.9152
0 0.5603 0.4684 0.7080 0.4684 0.7080 0.9608 0.5603 0.9608
0 0.1511 0.0272 0.4543 0.0272 0.4543 0.2184 0.1511 0.2184
0 0.5729 0.1896 0.8966 0.1896 0.8966 0.2696 0.5729 0.2696
1 0.3240 0.8528 0.3314 0.8528 0.3314 0.8800 0.3240 0.8800
1 0.0740 0.4972 0.1089 0.4972 0.1089 0.5852 0.0740 0.5852
1 0.4357 0.4892 0.4571 0.4892 0.4571 0.5008 0.4357 0.5008
1 0.4960 0.8748 0.5131 0.8748 0.5131 0.8792 0.4960 0.8792
2 0.4111 0.8100 0.4460 0.8100 0.4460 0.9300 0.4111 0.9300
2 0.8080 0.6268 0.9197 0.6268 0.9197 0.6804 0.8080 0.6804
2 0.7480 0.4336 0.7829 0.4336 0.7829 0.5536 0.7480 0.5536
2 0.5086 0.8208 0.5577 0.8208 0.5577 0.8636 0.5086 0.8636
3 0.4100 0.6500 0.4263 0.6500 0.4263 0.7748 0.4100 0.7748
3 0.0811 0.6140 0.1363 0.6140 0.1363 0.6332 0.0811 0.6332
3 0.2100 0.5592 0.2237 0.5592 0.2237 0.6616 0.2100 0.6616
3 0.9051 0.5756 0.9846 0.5756 0.9846 0.6004 0.9051 0.6004
4 0.4397 0.3560 0.4529 0.3560 0.4529 0.3772 0.4397 0.3772
4 0.9320 0.1836 0.9531 0.1836 0.9531 0.2312 0.9320 0.2312
4 0.4423 0.9728 0.4529 0.9728 0.4529 0.9780 0.4423 0.9780
4 0.4871 0.5996 0.4994 0.5996 0.4994 0.6068 0.4871 0.6068
6 0.6540 0.1076 0.7037 0.1076 0.7037 0.1544 0.6540 0.1544
6 0.2423 0.3416 0.3097 0.3416 0.3097 0.5316 0.2423 0.5316
6 0.9123 0.2588 0.9620 0.2588 0.9620 0.3056 0.9123 0.3056
6 0.3417 0.4836 0.4071 0.4836 0.4071 0.5144 0.3417 0.5144
7 0.2423 0.7684 0.2689 0.7684 0.2689 0.9008 0.2423 0.9008
7 0.4954 0.1472 0.5154 0.1472 0.5154 0.2716 0.4954 0.2716
7 0.4380 0.2660 0.4517 0.2660 0.4517 0.3140 0.4380 0.3140
7 0.7486 0.0972 0.8234 0.0972 0.8234 0.1588 0.7486 0.1588
9 0.0531 0.2704 0.1046 0.2704 0.1046 0.4400 0.0531 0.4400
9 0.5243 0.0456 0.6397 0.0456 0.6397 0.0832 0.5243 0.0832
9 0.8694 0.7028 0.9406 0.7028 0.9406 0.9056 0.8694 0.9056
9 0.7171 0.6844 0.7491 0.6844 0.7491 0.8424 0.7171 0.8424
12 0.8586 0.0428 0.8791 0.0428 0.8791 0.1876 0.8586 0.1876
12 0.8203 0.7800 0.8377 0.7800 0.8377 0.9024 0.8203 0.9024
12 0.7380 0.3776 0.8326 0.3776 0.8326 0.4136 0.7380 0.4136
12 0.3031 0.2624 0.4074 0.2624 0.4074 0.3040 0.3031 0.3040
13 0.0577 0.8444 0.0674 0.8444 0.0674 0.8536 0.0577 0.8536
13 0.0126 0.9428 0.0183 0.9428 0.0183 0.9632 0.0126 0.9632
13 0.3763 0.3424 0.3974 0.3424 0.3974 0.3624 0.3763 0.3624
13 0.5686 0.2920 0.5811 0.2920 0.5811 0.3064 0.5686 0.3064
15 0.5423 0.3340 0.6154 0.3340 0.6154 0.4060 0.5423 0.4060
15 0.8877 0.3968 0.9306 0.3968 0.9306 0.4592 0.8877 0.4592
15 0.2614 0.5548 0.3229 0.5548 0.3229 0.6672 0.2614 0.6672
15 0.4766 0.7392 0.5357 0.7392 0.5357 0.8072 0.4766 0.8072
