0 0.0137 0.5956 0.1206 0.5956 0.1206 0.9996 0.0137 0.9996
0 0.6300 0.3316 0.8186 0.3316 0.8186 0.4344 0.6300 0.4344
0 0.3137 0.0480 0.4469 0.0480 0.4469 0.4144 0.3137 0.4144
0 0.3366 0.4880 0.4746 0.4880 0.4746 0.6476 0.3366 0.6476
1 0.1817 0.5896 0.1900 0.5896 0.1900 0.6716 0.1817 0.6716
1 0.2440 0.2428 0.2551 0.2428 0.2551 0.2796 0.2440 0.2796
1 0.6743 0.4356 0.6771 0.4356 0.6771 0.4608 0.6743 0.4608
1 0.5563 0.1568 0.5634 0.1568 0.5634 0.1828 0.5563 0.1828
2 0.9514 0.4016 0.9866 0.4016 0.9866 0.4580 0.9514 0.4580
2 0.6660 0.7296 0.7366 0.7296 0.7366 0.8408 0.6660 0.8408
2 0.2349 0.4324 0.3334 0.4324 0.3334 0.9060 0.2349 0.9060
2 0.6054 0.5328 0.6363 0.5328 0.6363 0.6652 0.6054 0.6652
3 0.1909 0.8612 0.2071 0.8612 0.2071 0.9860 0.1909 0.9860
3 0.1389 0.3424 0.1526 0.3424 0.1526 0.4448 0.1389 0.4448
3 0.5631 0.7704 0.5734 0.7704 0.5734 0.8432 0.5631 0.8432
3 0.6931 0.2912 0.7871 0.2912 0.7871 0.3136 0.6931 0.3136
4 0.8523 0.4296 0.8946 0.4296 0.8946 0.4408 0.8523 0.4408
4 0.4989 0.7568 0.5114 0.7568 0.5114 0.8392 0.4989 0.8392
4 0.9134 0.0996 0.9291 0.0996 0.9291 0.1224 0.9134 0.1224
4 0.1037 0.5280 0.1263 0.5280 0.1263 0.5412 0.1037 0.5412
6 0.9157 0.5784 0.9654 0.5784 0.9654 0.6252 0.9157 0.6252
6 0.4709 0.0048 0.6620 0.0048 0.6620 0.1396 0.4709 0.1396
6 0.1103 0.0260 0.3014 0.0260 0.3014 0.1608 0.1103 0.1608
6 0.8169 0.1028 0.8823 0.1028 0.8823 0.1336 0.8169 0.1336
7 0.9543 0.6576 0.9737 0.6576 0.9737 0.7028 0.9543 0.7028
7 0.8814 0.6588 0.9303 0.6588 0.9303 0.7552 0.8814 0.7552
7 0.9166 0.3900 0.9274 0.3900 0.9274 0.4200 0.9166 0.4200
7 0.1214 0.5492 0.1366 0.5492 0.1366 0.5568 0.1214 0.5568
9 0.7014 0.4392 0.7457 0.4392 0.7457 0.6676 0.7014 0.6676
9 0.7871 0.6768 0.8386 0.6768 0.8386 0.8464 0.7871 0.8464
9 0.3709 0.9248 0.4983 0.9248 0.4983 0.9660 0.3709 0.9660
9 0.6343 0.8560 0.8060 0.8560 0.8060 0.9600 0.6343 0.9600
12 0.7800 0.1416 0.8774 0.1416 0.8774 0.1672 0.7800 0.1672
12 0.4189 0.7200 0.4420 0.7200 0.4420 0.9036 0.4189 0.9036
12 0.9109 0.8392 0.9903 0.8392 0.9903 0.8824 0.9109 0.8824
12 0.5286 0.2132 0.5491 0.2132 0.5491 0.4516 0.5286 0.4516
13 0.7771 0.8188 0.7866 0.8188 0.7866 0.8508 0.7771 0.8508
13 0.0437 0.0780 0.0903 0.0780 0.0903 0.1196 0.0437 0.1196
13 0.1363 0.2392 0.1671 0.2392 0.1671 0.2704 0.1363 0.2704
13 0.9089 0.1280 0.9306 0.1280 0.9306 0.1836 0.9089 0.1836
15 0.9066 0.2212 0.9766 0.2212 0.9766 0.3400 0.9066 0.3400
15 0.4589 0.6724 0.5154 0.6724 0.5154 0.7556 0.4589 0.7556
15 0.6429 0.1816 0.6971 0.1816 0.6971 0.2544 0.6429 0.2544
15 0.0134 0.4028 0.1383 0.4028 0.1383 0.5060 0.0134 0.5060
