0 0.7291 0.0208 0.8420 0.0208 0.8420 0.2132 0.7291 0.2132
0 0.6217 0.8500 0.8103 0.8500 0.8103 0.9528 0.6217 0.9528
0 0.7323 0.7276 0.9609 0.7276 0.9609 0.8124 0.7323 0.8124
0 0.5740 0.5404 0.7120 0.5404 0.7120 0.7000 0.5740 0.7000
1 0.2291 0.0652 0.2320 0.0652 0.2320 0.1208 0.2291 0.1208
1 0.1800 0.2716 0.2000 0.2716 0.2000 0.2800 0.1800 0.2800
1 0.2606 0.8820 0.2634 0.8820 0.2634 0.9072 0.2606 0.9072
1 0.8600 0.0996 0.8700 0.0996 0.8700 0.2064 0.8600 0.2064
2 0.1491 0.1008 0.2129 0.1008 0.2129 0.1220 0.1491 0.1220
2 0.0251 0.3696 0.0451 0.3696 0.0451 0.4144 0.0251 0.4144
2 0.5823 0.1864 0.6374 0.1864 0.6374 0.2244 0.5823 0.2244
2 0.4037 0.4568 0.5023 0.4568 0.5023 0.9304 0.4037 0.9304
3 0.0191 0.3244 0.0934 0.3244 0.0934 0.3472 0.0191 0.3472
3 0.3271 0.1292 0.4211 0.1292 0.4211 0.1516 0.3271 0.1516
3 0.5171 0.2904 0.5274 0.2904 0.5274 0.3632 0.5171 0.3632
3 0.1220 0.2812 0.2160 0.2812 0.2160 0.3036 0.1220 0.3036
4 0.4443 0.1524 0.4511 0.1524 0.4511 0.2276 0.4443 0.2276
4 0.8117 0.8356 0.8306 0.8356 0.8306 0.8484 0.8117 0.8484
4 0.5660 0.0076 0.5780 0.0076 0.5780 0.0252 0.5660 0.0252
4 0.5443 0.0316 0.5723 0.0316 0.5723 0.0388 0.5443 0.0388
6 0.6277 0.2448 0.6623 0.2448 0.6623 0.2560 0.6277 0.2560
6 0.8014 0.3288 0.8191 0.3288 0.8191 0.3540 0.8014 0.3540
6 0.2514 0.0696 0.3100 0.0696 0.3100 0.1520 0.2514 0.1520
6 0.0820 0.7680 0.1474 0.7680 0.1474 0.7988 0.0820 0.7988
7 0.0620 0.2076 0.0689 0.2076 0.0689 0.2380 0.0620 0.2380
7 0.8303 0.4844 0.8734 0.4844 0.8734 0.6232 0.8303 0.6232
7 0.0423 0.8688 0.0466 0.8688 0.0466 0.8920 0.0423 0.8920
7 0.5811 0.9656 0.6466 0.9656 0.6466 0.9936 0.5811 0.9936
9 0.9009 0.3736 0.9720 0.3736 0.9720 0.5764 0.9009 0.5764
9 0.1803 0.3892 0.2180 0.3892 0.2180 0.5208 0.1803 0.5208
9 0.3489 0.5156 0.3891 0.5156 0.3891 0.7120 0.3489 0.7120
9 0.5231 0.7780 0.5609 0.7780 0.5609 0.9096 0.5231 0.9096
12 0.1714 0.1512 0.2006 0.1512 0.2006 0.1756 0.1714 0.1756
12 0.9766 0.3072 0.9851 0.3072 0.9851 0.6044 0.9766 0.6044
12 0.4283 0.3380 0.4557 0.3380 0.4557 0.4504 0.4283 0.4504
12 0.2614 0.7364 0.3409 0.7364 0.3409 0.7796 0.2614 0.7796
13 0.4751 0.9516 0.5146 0.9516 0.5146 0.9764 0.4751 0.9764
13 0.2289 0.8632 0.2346 0.8632 0.2346 0.8836 0.2289 0.8836
13 0.1803 0.1760 0.2106 0.1760 0.2106 0.1944 0.1803 0.1944
13 0.9514 0.2464 0.9680 0.2464 0.9680 0.2532 0.9514 0.2532
15 0.2297 0.4796 0.3031 0.4796 0.3031 0.5500 0.2297 0.5500
15 0.4691 0.1332 0.5391 0.1332 0.5391 0.2520 0.4691 0.2520
15 0.7054 0.4720 0.7366 0.4720 0.7366 0.5312 0.7054 0.5312
15 0.0277 0.1232 0.0871 0.1232 0.0871 0.1924 0.0277 0.1924
