0 0.1274 0.2380 0.2320 0.2380 0.2320 0.6688 0.1274 0.6688
0 0.4594 0.1952 0.5823 0.1952 0.5823 0.6324 0.4594 0.6324
0 0.6851 0.4648 0.8231 0.4648 0.8231 0.6244 0.6851 0.6244
0 0.3897 0.6444 0.6929 0.6444 0.6929 0.8356 0.3897 0.8356
1 0.7666 0.1932 0.7743 0.1932 0.7743 0.2764 0.7666 0.2764
1 0.0349 0.2816 0.0480 0.2816 0.0480 0.3080 0.0349 0.3080
1 0.8974 0.5496 0.9117 0.5496 0.9117 0.5804 0.8974 0.5804
1 0.3083 0.8000 0.3166 0.8000 0.3166 0.8820 0.3083 0.8820
2 0.3697 0.0256 0.3894 0.0256 0.3894 0.0532 0.3697 0.0532
2 0.8183 0.7216 0.8626 0.7216 0.8626 0.7348 0.8183 0.7348
2 0.5023 0.8396 0.6146 0.8396 0.6146 0.9144 0.5023 0.9144
2 0.5834 0.1700 0.7331 0.1700 0.7331 0.1924 0.5834 0.1924
3 0.4091 0.0648 0.4891 0.0648 0.4891 0.0844 0.4091 0.0844
3 0.0520 0.6904 0.1314 0.6904 0.1314 0.7152 0.0520 0.7152
3 0.8769 0.2060 0.9714 0.2060 0.9714 0.2292 0.8769 0.2292
3 0.8003 0.8220 0.8066 0.8220 0.8066 0.9240 0.8003 0.9240
4 0.7374 0.0292 0.7414 0.0292 0.7414 0.0344 0.7374 0.0344
4 0.6489 0.3100 0.6631 0.3100 0.6631 0.4280 0.6489 0.4280
4 0.0374 0.3944 0.0669 0.3944 0.0669 0.4048 0.0374 0.4048
4 0.8009 0.9596 0.8071 0.9596 0.8071 0.9856 0.8009 0.9856
6 0.3486 0.2632 0.4071 0.2632 0.4071 0.3456 0.3486 0.3456
6 0.6989 0.2844 0.8900 0.2844 0.8900 0.4192 0.6989 0.4192
6 0.0157 0.0768 0.2069 0.0768 0.2069 0.2116 0.0157 0.2116
6 0.2494 0.3544 0.4406 0.3544 0.4406 0.4892 0.2494 0.4892
7 0.8200 0.6344 0.8423 0.6344 0.8423 0.7192 0.8200 0.7192
7 0.7017 0.8124 0.7411 0.8124 0.7411 0.9516 0.7017 0.9516
7 0.4529 0.0088 0.4717 0.0088 0.4717 0.0472 0.4529 0.0472
7 0.7780 0.8288 0.7934 0.8288 0.7934 0.8392 0.7780 0.8392
9 0.1823 0.7640 0.2534 0.7640 0.2534 0.9668 0.1823 0.9668
9 0.9129 0.8076 0.9449 0.8076 0.9449 0.9656 0.9129 0.9656
9 0.1380 0.6816 0.2434 0.6816 0.2434 0.7420 0.1380 0.7420
9 0.7863 0.0764 0.8574 0.0764 0.8574 0.2792 0.7863 0.2792
12 0.2520 0.0884 0.6931 0.0884 0.6931 0.1696 0.2520 0.1696
12 0.7146 0.4244 0.9191 0.4244 0.9191 0.4600 0.7146 0.4600
12 0.6971 0.0512 0.7206 0.0512 0.7206 0.1412 0.6971 0.1412
12 0.4157 0.9516 0.5103 0.9516 0.5103 0.9876 0.4157 0.9876
13 0.8097 0.6460 0.8131 0.6460 0.8131 0.7552 0.8097 0.7552
13 0.3606 0.7856 0.3663 0.7856 0.3663 0.8060 0.3606 0.8060
13 0.2954 0.6940 0.3083 0.6940 0.3083 0.7048 0.2954 0.7048
13 0.0203 0.5560 0.0271 0.5560 0.0271 0.6028 0.0203 0.6028
15 0.6023 0.9156 0.6234 0.9156 0.6234 0.9988 0.6023 0.9988
15 0.7457 0.7296 0.8051 0.7296 0.8051 0.7920 0.7457 0.7920
15 0.0120 0.7688 0.1163 0.7688 0.1163 0.8812 0.0120 0.8812
15 0.0511 0.2180 0.1234 0.2180 0.1234 0.2988 0.0511 0.2988
