0 0.2863 0.3560 0.3529 0.3560 0.3529 0.8716 0.2863 0.8716
0 0.1294 0.4124 0.2626 0.4124 0.2626 0.7788 0.1294 0.7788
0 0.7117 0.5664 0.8129 0.5664 0.8129 0.7164 0.7117 0.7164
0 0.4834 0.0588 0.5880 0.0588 0.5880 0.4896 0.4834 0.4896
1 0.6851 0.1228 0.6994 0.1228 0.6994 0.1536 0.6851 0.1536
1 0.0834 0.9120 0.0966 0.9120 0.0966 0.9384 0.0834 0.9384
1 0.2074 0.1840 0.2200 0.1840 0.2200 0.1948 0.2074 0.1948
1 0.6640 0.2764 0.6811 0.2764 0.6811 0.2808 0.6640 0.2808
2 0.1051 0.2732 0.1517 0.2732 0.1517 0.3860 0.1051 0.3860
2 0.0443 0.0316 0.2011 0.0316 0.2011 0.0592 0.0443 0.0592
2 0.4383 0.7020 0.6829 0.7020 0.6829 0.7616 0.4383 0.7616
2 0.8651 0.1328 0.9637 0.1328 0.9637 0.6064 0.8651 0.6064
3 0.8206 0.8356 0.9157 0.8356 0.9157 0.8580 0.8206 0.8580
3 0.0680 0.8292 0.0783 0.8292 0.0783 0.9024 0.0680 0.9024
3 0.5334 0.5376 0.5471 0.5376 0.5471 0.6400 0.5334 0.6400
3 0.7071 0.2288 0.7623 0.2288 0.7623 0.2480 0.7071 0.2480
4 0.7929 0.5276 0.8160 0.5276 0.8160 0.5444 0.7929 0.5444
4 0.6520 0.5164 0.6671 0.5164 0.6671 0.5568 0.6520 0.5568
4 0.4634 0.8928 0.4734 0.8928 0.4734 0.9232 0.4634 0.9232
4 0.7000 0.4984 0.7054 0.4984 0.7054 0.5196 0.7000 0.5196
6 0.2766 0.1468 0.4677 0.1468 0.4677 0.2816 0.2766 0.2816
6 0.5917 0.3036 0.7829 0.3036 0.7829 0.4384 0.5917 0.4384
6 0.5489 0.8008 0.6163 0.8008 0.6163 0.9908 0.5489 0.9908
6 0.6414 0.7948 0.6911 0.7948 0.6911 0.8416 0.6414 0.8416
7 0.1846 0.2896 0.2540 0.2896 0.2540 0.3248 0.1846 0.3248
7 0.9231 0.8384 0.9291 0.8384 0.9291 0.8900 0.9231 0.8900
7 0.1189 0.6544 0.1286 0.6544 0.1286 0.6924 0.1189 0.6924
7 0.9451 0.7504 0.9866 0.7504 0.9866 0.8272 0.9451 0.8272
9 0.6897 0.1624 0.8171 0.1624 0.8171 0.2036 0.6897 0.2036
9 0.6466 0.1176 0.6786 0.1176 0.6786 0.2756 0.6466 0.2756
9 0.0754 0.6180 0.1131 0.6180 0.1131 0.7496 0.0754 0.7496
9 0.0123 0.4892 0.0526 0.4892 0.0526 0.6856 0.0123 0.6856
12 0.8411 0.4812 0.8586 0.4812 0.8586 0.6036 0.8411 0.6036
12 0.8174 0.1772 0.8397 0.1772 0.8397 0.4372 0.8174 0.4372
12 0.9317 0.8364 0.9663 0.8364 0.9663 0.9908 0.9317 0.9908
12 0.0251 0.1508 0.0971 0.1508 0.0971 0.1828 0.0251 0.1828
13 0.1349 0.9404 0.1743 0.9404 0.1743 0.9652 0.1349 0.9652
13 0.2386 0.0372 0.2440 0.0372 0.2440 0.2552 0.2386 0.2552
13 0.7297 0.9424 0.7354 0.9424 0.7354 0.9628 0.7297 0.9628
13 0.8397 0.0368 0.8863 0.0368 0.8863 0.0788 0.8397 0.0788
15 0.0797 0.8008 0.1529 0.8008 0.1529 0.8856 0.0797 0.8856
15 0.3594 0.7212 0.4126 0.7212 0.4126 0.7832 0.3594 0.7832
15 0.4126 0.5808 0.4974 0.5808 0.4974 0.6896 0.4126 0.6896
15 0.3700 0.3212 0.3951 0.3212 0.3951 0.3744 0.3700 0.3744
