0 0.1571 0.3476 0.2237 0.3476 0.2237 0.8632 0.1571 0.8632
0 0.8514 0.0776 0.9060 0.0776 0.9060 0.3156 0.8514 0.3156
0 0.5146 0.1096 0.5811 0.1096 0.5811 0.6252 0.5146 0.6252
0 0.0457 0.4492 0.1503 0.4492 0.1503 0.8800 0.0457 0.8800
1 0.9174 0.0968 0.9203 0.0968 0.9203 0.1524 0.9174 0.1524
1 0.6903 0.1556 0.7166 0.1556 0.7166 0.1676 0.6903 0.1676
1 0.4149 0.0596 0.4226 0.0596 0.4226 0.1428 0.4149 0.1428
1 0.3646 0.8464 0.3746 0.8464 0.3746 0.9532 0.3646 0.9532
2 0.7711 0.4800 0.8700 0.4800 0.8700 0.5604 0.7711 0.5604
2 0.0743 0.9264 0.0826 0.9264 0.0826 0.9740 0.0743 0.9740
2 0.4340 0.6708 0.6726 0.6708 0.6726 0.8264 0.4340 0.8264
2 0.6069 0.8608 0.7057 0.8608 0.7057 0.9412 0.6069 0.9412
3 0.5897 0.4524 0.6060 0.4524 0.6060 0.5772 0.5897 0.5772
3 0.9269 0.0604 0.9371 0.0604 0.9371 0.1336 0.9269 0.1336
3 0.6197 0.6180 0.6891 0.6180 0.6891 0.6364 0.6197 0.6364
3 0.5729 0.9244 0.5831 0.9244 0.5831 0.9972 0.5729 0.9972
4 0.2074 0.2024 0.2277 0.2024 0.2277 0.2160 0.2074 0.2160
4 0.3569 0.5816 0.3854 0.5816 0.3854 0.5888 0.3569 0.5888
4 0.4340 0.1880 0.4471 0.1880 0.4471 0.1980 0.4340 0.1980
4 0.6034 0.2520 0.6114 0.2520 0.6114 0.2776 0.6034 0.2776
6 0.9263 0.3116 0.9440 0.3116 0.9440 0.3368 0.9263 0.3368
6 0.2497 0.6940 0.2674 0.6940 0.2674 0.7192 0.2497 0.7192
6 0.9046 0.8576 0.9391 0.8576 0.9391 0.8688 0.9046 0.8688
6 0.2700 0.2492 0.3286 0.2492 0.3286 0.3316 0.2700 0.3316
7 0.3757 0.2488 0.3966 0.2488 0.3966 0.3272 0.3757 0.3272
7 0.0011 0.7708 0.0123 0.7708 0.0123 0.8048 0.0011 0.8048
7 0.7857 0.2664 0.8203 0.2664 0.8203 0.3716 0.7857 0.3716
7 0.9646 0.1188 0.9777 0.1188 0.9777 0.1604 0.9646 0.1604
9 0.2371 0.3480 0.2886 0.3480 0.2886 0.5176 0.2371 0.5176
9 0.6177 0.2788 0.6620 0.2788 0.6620 0.5072 0.6177 0.5072
9 0.7977 0.6776 0.9131 0.6776 0.9131 0.7152 0.7977 0.7152
9 0.2994 0.5400 0.3437 0.5400 0.3437 0.7684 0.2994 0.7684
12 0.5074 0.8964 0.5366 0.8964 0.5366 0.9208 0.5074 0.9208
12 0.9194 0.6576 0.9426 0.6576 0.9426 0.8412 0.9194 0.8412
12 0.3154 0.4088 0.3429 0.4088 0.3429 0.5212 0.3154 0.5212
13 0.3891 0.5440 0.4063 0.5440 0.4063 0.5752 0.3891 0.5752
13 0.3143 0.8528 0.3451 0.8528 0.3451 0.8840 0.3143 0.8840
13 0.7294 0.0512 0.7343 0.0512 0.7343 0.0692 0.7294 0.0692
13 0.3897 0.8664 0.4051 0.8664 0.4051 0.9316 0.3897 0.9316
15 0.4983 0.0020 0.5549 0.0020 0.5549 0.0852 0.4983 0.0852
15 0.7609 0.1452 0.7949 0.1452 0.7949 0.1932 0.7609 0.1932
15 0.6637 0.3596 0.6917 0.3596 0.6917 0.4124 0.6637 0.4124
15 0.9426 0.9264 0.9760 0.9264 0.9760 0.9744 0.9426 0.9744
