0 0.5243 0.0920 0.6537 0.0920 0.6537 0.4732 0.5243 0.4732
0 0.2454 0.4152 0.4131 0.4152 0.4131 0.7084 0.2454 0.7084
0 0.3389 0.0128 0.5066 0.0128 0.5066 0.3060 0.3389 0.3060
0 0.6786 0.2904 0.8014 0.2904 0.8014 0.7276 0.6786 0.7276
1 0.8143 0.2668 0.8191 0.2668 0.8191 0.3088 0.8143 0.3088
1 0.1029 0.9040 0.1091 0.9040 0.1091 0.9852 0.1029 0.9852
1 0.9257 0.3976 0.9286 0.3976 0.9286 0.4532 0.9257 0.4532
1 0.6634 0.3544 0.6663 0.3544 0.6663 0.4100 0.6634 0.4100
2 0.2794 0.7968 0.3783 0.7968 0.3783 0.8772 0.2794 0.8772
2 0.0343 0.8116 0.0426 0.8116 0.0426 0.8592 0.0343 0.8592
2 0.1397 0.2092 0.1577 0.2092 0.1577 0.2448 0.1397 0.2448
2 0.7531 0.0488 0.8109 0.0488 0.8109 0.1072 0.7531 0.1072
3 0.8577 0.6352 0.8680 0.6352 0.8680 0.7080 0.8577 0.7080
3 0.3251 0.8996 0.4191 0.8996 0.4191 0.9220 0.3251 0.9220
3 0.8311 0.5456 0.9263 0.5456 0.9263 0.5680 0.8311 0.5680
3 0.1754 0.6908 0.2306 0.6908 0.2306 0.7124 0.1754 0.7124
4 0.6063 0.4788 0.6143 0.4788 0.6143 0.4888 0.6063 0.4888
4 0.2217 0.3116 0.2451 0.3116 0.2451 0.3436 0.2217 0.3436
4 0.8989 0.8152 0.9100 0.8152 0.9100 0.8256 0.8989 0.8256
4 0.2526 0.1160 0.2623 0.1160 0.2623 0.1944 0.2526 0.1944
6 0.8494 0.0056 0.9080 0.0056 0.9080 0.0880 0.8494 0.0880
6 0.5351 0.6424 0.5529 0.6424 0.5529 0.6676 0.5351 0.6676
6 0.1440 0.1820 0.1617 0.1820 0.1617 0.2072 0.1440 0.2072
6 0.0209 0.5336 0.2120 0.5336 0.2120 0.6684 0.0209 0.6684
7 0.0554 0.2008 0.0697 0.2008 0.0697 0.3152 0.0554 0.3152
7 0.9037 0.3760 0.9157 0.3760 0.9157 0.4152 0.9037 0.4152
7 0.4363 0.8852 0.4477 0.8852 0.4477 0.9268 0.4363 0.9268
7 0.0989 0.6748 0.1054 0.6748 0.1054 0.6932 0.0989 0.6932
9 0.2249 0.7652 0.2626 0.7652 0.2626 0.8968 0.2249 0.8968
9 0.2797 0.1604 0.3171 0.1604 0.3171 0.3476 0.2797 0.3476
9 0.8543 0.1960 0.8986 0.1960 0.8986 0.4244 0.8543 0.4244
9 0.5126 0.7440 0.5500 0.7440 0.5500 0.9312 0.5126 0.9312
12 0.7563 0.1340 0.7737 0.1340 0.7737 0.2564 0.7563 0.2564
12 0.1266 0.7596 0.1471 0.7596 0.1471 0.9980 0.1266 0.9980
12 0.5894 0.7800 0.7940 0.7800 0.7940 0.8156 0.5894 0.8156
12 0.9029 0.8344 0.9303 0.8344 0.9303 0.9468 0.9029 0.9468
13 0.4409 0.6268 0.5269 0.6268 0.5269 0.6344 0.4409 0.6344
13 0.0823 0.8480 0.1131 0.8480 0.1131 0.8792 0.0823 0.8792
13 0.9609 0.6544 0.9751 0.6544 0.9751 0.7744 0.9609 0.7744
13 0.0811 0.1552 0.0983 0.1552 0.0983 0.1712 0.0811 0.1712
15 0.6714 0.0028 0.7054 0.0028 0.7054 0.0508 0.6714 0.0508
15 0.4240 0.8036 0.4574 0.8036 0.4574 0.8516 0.4240 0.8516
15 0.8080 0.5700 0.8331 0.5700 0.8331 0.6232 0.8080 0.6232
15 0.5806 0.5076 0.6654 0.5076 0.6654 0.6164 0.5806 0.6164
