0 0.3209 0.2668 0.4337 0.2668 0.4337 0.4592 0.3209 0.4592
0 0.4657 0.7856 0.5786 0.7856 0.5786 0.9780 0.4657 0.9780
0 0.6969 0.7192 0.8854 0.7192 0.8854 0.8220 0.6969 0.8220
0 0.0834 0.4408 0.1963 0.4408 0.1963 0.6332 0.0834 0.6332
1 0.1297 0.7308 0.1397 0.7308 0.1397 0.8376 0.1297 0.8376
1 0.4897 0.3808 0.4929 0.3808 0.4929 0.4060 0.4897 0.4060
1 0.2529 0.2280 0.2729 0.2280 0.2729 0.2364 0.2529 0.2364
1 0.8131 0.9868 0.8331 0.9868 0.8331 0.9952 0.8131 0.9952
2 0.6054 0.6592 0.6657 0.6592 0.6657 0.6944 0.6054 0.6944
2 0.2611 0.9004 0.3169 0.9004 0.3169 0.9412 0.2611 0.9412
2 0.5717 0.4364 0.6160 0.4364 0.6160 0.4496 0.5717 0.4496
2 0.6523 0.2268 0.7777 0.2268 0.7777 0.5316 0.6523 0.5316
3 0.1989 0.0132 0.2160 0.0132 0.2160 0.1352 0.1989 0.1352
3 0.2291 0.7440 0.3034 0.7440 0.3034 0.7668 0.2291 0.7668
3 0.0849 0.6360 0.0986 0.6360 0.0986 0.7384 0.0849 0.7384
3 0.7209 0.6520 0.7903 0.6520 0.7903 0.6704 0.7209 0.6704
4 0.3971 0.8248 0.4057 0.8248 0.4057 0.8380 0.3971 0.8380
4 0.9514 0.5224 0.9554 0.5224 0.9554 0.5276 0.9514 0.5276
4 0.6251 0.2796 0.6460 0.2796 0.6460 0.2940 0.6251 0.2940
4 0.8129 0.9764 0.8414 0.9764 0.8414 0.9836 0.8129 0.9836
6 0.4669 0.1860 0.5323 0.1860 0.5323 0.2168 0.4669 0.2168
6 0.3723 0.0096 0.4397 0.0096 0.4397 0.1996 0.3723 0.1996
6 0.3851 0.6108 0.5763 0.6108 0.5763 0.7456 0.3851 0.7456
6 0.5483 0.0520 0.7394 0.0520 0.7394 0.1868 0.5483 0.1868
7 0.0326 0.0844 0.0791 0.0844 0.0791 0.2188 0.0326 0.2188
7 0.9806 0.3356 0.9957 0.3356 0.9957 0.3432 0.9806 0.3432
7 0.0943 0.2148 0.1094 0.2148 0.1094 0.2224 0.0943 0.2224
7 0.9394 0.2680 0.9526 0.2680 0.9526 0.3376 0.9394 0.3376
9 0.1874 0.3432 0.2929 0.3432 0.2929 0.4036 0.1874 0.4036
9 0.8466 0.4384 0.9186 0.4384 0.9186 0.6708 0.8466 0.6708
9 0.3743 0.5036 0.4900 0.5036 0.4900 0.5416 0.3743 0.5416
9 0.7360 0.9340 0.8634 0.9340 0.8634 0.9752 0.7360 0.9752
12 0.0323 0.3584 0.0409 0.3584 0.0409 0.6556 0.0323 0.6556
12 0.1669 0.2316 0.1874 0.2316 0.1874 0.3764 0.1669 0.3764
12 0.9689 0.3712 0.9980 0.3712 0.9980 0.3956 0.9689 0.3956
12 0.6509 0.8268 0.9163 0.8268 0.9163 0.8860 0.6509 0.8860
13 0.2823 0.4372 0.2920 0.4372 0.2920 0.4464 0.2823 0.4464
13 0.2934 0.3232 0.2986 0.3232 0.2986 0.3424 0.2934 0.3424
13 0.3477 0.5268 0.3689 0.5268 0.3689 0.5468 0.3477 0.5468
13 0.0040 0.2772 0.0349 0.2772 0.0349 0.3084 0.0040 0.3084
15 0.0569 0.7488 0.0880 0.7488 0.0880 0.8080 0.0569 0.8080
15 0.5683 0.3328 0.6483 0.3328 0.6483 0.4156 0.5683 0.4156
15 0.7369 0.5508 0.7649 0.5508 0.7649 0.6036 0.7369 0.6036
15 0.8723 0.2584 0.9314 0.2584 0.9314 0.3264 0.8723 0.3264
