0 0.5263 0.0196 0.6097 0.0196 0.6097 0.1940 0.5263 0.1940
0 0.1703 0.2296 0.2046 0.2296 0.2046 0.6856 0.1703 0.6856
0 0.6791 0.0868 0.7797 0.0868 0.7797 0.2900 0.6791 0.2900
0 0.8446 0.0332 0.9923 0.0332 0.9923 0.5256 0.8446 0.5256
1 0.1529 0.8108 0.1700 0.8108 0.1700 0.8152 0.1529 0.8152
1 0.4963 0.9904 0.5211 0.9904 0.5211 0.9952 0.4963 0.9952
1 0.3957 0.2492 0.4020 0.2492 0.4020 0.3304 0.3957 0.3304
1 0.4366 0.2612 0.4477 0.2612 0.4477 0.2980 0.4366 0.2980
2 0.7797 0.3444 0.8363 0.3444 0.8363 0.3796 0.7797 0.3796
2 0.7814 0.0764 0.8391 0.0764 0.8391 0.1348 0.7814 0.1348
2 0.2183 0.3772 0.4166 0.3772 0.4166 0.4940 0.2183 0.4940
2 0.3734 0.8288 0.4491 0.8288 0.4491 0.8836 0.3734 0.8836
3 0.4180 0.0096 0.4923 0.0096 0.4923 0.0324 0.4180 0.0324
3 0.9697 0.5536 0.9869 0.5536 0.9869 0.6204 0.9697 0.6204
3 0.2149 0.9600 0.2843 0.9600 0.2843 0.9784 0.2149 0.9784
3 0.1703 0.7944 0.1874 0.7944 0.1874 0.9164 0.1703 0.9164
4 0.6997 0.6292 0.7043 0.6292 0.7043 0.6572 0.6997 0.6572
4 0.8211 0.2264 0.8443 0.2264 0.8443 0.2580 0.8211 0.2580
4 0.4577 0.6204 0.4620 0.6204 0.4620 0.6656 0.4577 0.6656
4 0.8389 0.6236 0.8466 0.6236 0.8466 0.6576 0.8389 0.6576
6 0.3897 0.5712 0.4571 0.5712 0.4571 0.7612 0.3897 0.7612
6 0.4940 0.2636 0.5614 0.2636 0.5614 0.4536 0.4940 0.4536
6 0.5934 0.8904 0.6111 0.8904 0.6111 0.9156 0.5934 0.9156
6 0.2323 0.1696 0.2977 0.1696 0.2977 0.2004 0.2323 0.2004
7 0.0671 0.0684 0.0734 0.0684 0.0734 0.0924 0.0671 0.0924
7 0.6111 0.3268 0.6243 0.3268 0.6243 0.3992 0.6111 0.3992
7 0.3223 0.8676 0.3377 0.8676 0.3377 0.8824 0.3223 0.8824
7 0.1183 0.4136 0.1446 0.4136 0.1446 0.5756 0.1183 0.5756
9 0.4583 0.0760 0.4903 0.0760 0.4903 0.2340 0.4583 0.2340
9 0.4700 0.5932 0.5143 0.5932 0.5143 0.8216 0.4700 0.8216
9 0.7291 0.6108 0.7669 0.6108 0.7669 0.7424 0.7291 0.7424
9 0.4843 0.5288 0.6071 0.5288 0.6071 0.5764 0.4843 0.5764
12 0.3560 0.4972 0.3823 0.4972 0.3823 0.7796 0.3560 0.7796
12 0.2583 0.2888 0.3626 0.2888 0.3626 0.3304 0.2583 0.3304
12 0.6686 0.7788 0.6917 0.7788 0.6917 0.8936 0.6686 0.8936
13 0.0600 0.2112 0.0994 0.2112 0.0994 0.2360 0.0600 0.2360
13 0.0303 0.2948 0.0769 0.2948 0.0769 0.3364 0.0303 0.3364
13 0.7043 0.5724 0.7351 0.5724 0.7351 0.6036 0.7043 0.6036
13 0.0526 0.8912 0.0680 0.8912 0.0680 0.9564 0.0526 0.9564
15 0.0883 0.4852 0.1174 0.4852 0.1174 0.5392 0.0883 0.5392
15 0.7823 0.6752 0.9071 0.6752 0.9071 0.7784 0.7823 0.7784
15 0.0017 0.1212 0.0609 0.1212 0.0609 0.1892 0.0017 0.1892
15 0.2269 0.5312 0.3314 0.5312 0.3314 0.6460 0.2269 0.6460
