0 0.6974 0.2512 0.8020 0.2512 0.8020 0.6820 0.6974 0.6820
0 0.1289 0.7956 0.3574 0.7956 0.3574 0.8804 0.1289 0.8804
0 0.1466 0.3800 0.3751 0.3800 0.3751 0.4648 0.1466 0.4648
0 0.5551 0.0968 0.6931 0.0968 0.6931 0.2564 0.5551 0.2564
1 0.9846 0.0868 0.9957 0.0868 0.9957 0.1236 0.9846 0.1236
1 0.2863 0.1144 0.2894 0.1144 0.2894 0.1396 0.2863 0.1396
1 0.3706 0.2456 0.3789 0.2456 0.3789 0.3276 0.3706 0.3276
1 0.6814 0.7216 0.6914 0.7216 0.6914 0.8284 0.6814 0.8284
2 0.5426 0.5672 0.6260 0.5672 0.6260 0.6688 0.5426 0.6688
2 0.4957 0.3104 0.5560 0.3104 0.5560 0.3420 0.4957 0.3420
2 0.4694 0.1616 0.4871 0.1616 0.4871 0.1980 0.4694 0.1980
2 0.6989 0.7164 0.7160 0.7164 0.7160 0.7596 0.6989 0.7596
3 0.3734 0.8652 0.4286 0.8652 0.4286 0.8868 0.3734 0.8868
3 0.3269 0.6056 0.3371 0.6056 0.3371 0.6788 0.3269 0.6788
3 0.2417 0.6704 0.2554 0.6704 0.2554 0.7728 0.2417 0.7728
3 0.3163 0.1272 0.3334 0.1272 0.3334 0.1940 0.3163 0.1940
4 0.7686 0.7116 0.7917 0.7116 0.7917 0.7276 0.7686 0.7276
4 0.7820 0.0600 0.7863 0.0600 0.7863 0.0652 0.7820 0.0652
4 0.1537 0.3044 0.1709 0.3044 0.1709 0.3444 0.1537 0.3444
4 0.5011 0.0356 0.5411 0.0356 0.5411 0.0440 0.5011 0.0440
6 0.5209 0.3692 0.5883 0.3692 0.5883 0.5592 0.5209 0.5592
6 0.5383 0.7248 0.6037 0.7248 0.6037 0.7556 0.5383 0.7556
6 0.8437 0.3012 0.8783 0.3012 0.8783 0.3124 0.8437 0.3124
6 0.6520 0.0360 0.6866 0.0360 0.6866 0.0472 0.6520 0.0472
7 0.6486 0.7580 0.6760 0.7580 0.6760 0.8596 0.6486 0.8596
7 0.7283 0.9048 0.7991 0.9048 0.7991 0.9500 0.7283 0.9500
7 0.5006 0.5944 0.5191 0.5944 0.5191 0.6100 0.5006 0.6100
7 0.1080 0.4808 0.1143 0.4808 0.1143 0.5012 0.1080 0.5012
9 0.8643 0.0796 0.9017 0.0796 0.9017 0.2668 0.8643 0.2668
9 0.1726 0.9120 0.2297 0.9120 0.2297 0.9664 0.1726 0.9664
9 0.3826 0.2792 0.4200 0.2792 0.4200 0.4664 0.3826 0.4664
9 0.2289 0.0244 0.4491 0.0244 0.4491 0.0968 0.2289 0.0968
12 0.8986 0.3904 0.9071 0.3904 0.9071 0.6876 0.8986 0.6876
12 0.5906 0.8760 0.6949 0.8760 0.6949 0.9176 0.5906 0.9176
12 0.0377 0.2976 0.1420 0.2976 0.1420 0.3392 0.0377 0.3392
12 0.2143 0.5612 0.3117 0.5612 0.3117 0.5868 0.2143 0.5868
13 0.4274 0.9316 0.5997 0.9316 0.5997 0.9772 0.4274 0.9772
13 0.0209 0.1264 0.0531 0.1264 0.0531 0.1412 0.0209 0.1412
13 0.3386 0.1804 0.3597 0.1804 0.3597 0.2004 0.3386 0.2004
13 0.6997 0.1988 0.7260 0.1988 0.7260 0.2444 0.6997 0.2444
15 0.2554 0.2340 0.3354 0.2340 0.3354 0.3168 0.2554 0.3168
15 0.4200 0.5920 0.4743 0.5920 0.4743 0.6648 0.4200 0.6648
15 0.4411 0.3948 0.5166 0.3948 0.5166 0.4572 0.4411 0.4572
15 0.9014 0.8432 0.9960 0.8432 0.9960 0.9244 0.9014 0.9244
