0 0.2860 0.6856 0.3989 0.6856 0.3989 0.8780 0.2860 0.8780
0 0.0977 0.2012 0.2357 0.2012 0.2357 0.3608 0.0977 0.3608
0 0.2766 0.5020 0.4651 0.5020 0.4651 0.6048 0.2766 0.6048
0 0.7674 0.8340 0.8349 0.8340 0.8349 0.8880 0.7674 0.8880
1 0.6640 0.6844 0.6669 0.6844 0.6669 0.7096 0.6640 0.7096
1 0.1871 0.7560 0.1943 0.7560 0.1943 0.7820 0.1871 0.7820
1 0.6854 0.3824 0.6931 0.3824 0.6931 0.4656 0.6854 0.4656
1 0.3623 0.9604 0.3654 0.9604 0.3654 0.9856 0.3623 0.9856
2 0.4343 0.7928 0.4394 0.7928 0.4394 0.8676 0.4343 0.8676
2 0.0771 0.9200 0.1900 0.9200 0.1900 0.9400 0.0771 0.9400
2 0.2440 0.1964 0.2997 0.1964 0.2997 0.2372 0.2440 0.2372
2 0.6631 0.8032 0.7466 0.8032 0.7466 0.9048 0.6631 0.9048
3 0.1471 0.4868 0.1574 0.4868 0.1574 0.5596 0.1471 0.5596
3 0.6297 0.1228 0.7249 0.1228 0.7249 0.1452 0.6297 0.1452
3 0.7911 0.3744 0.8014 0.3744 0.8014 0.4472 0.7911 0.4472
3 0.0231 0.1136 0.0403 0.1136 0.0403 0.2356 0.0231 0.2356
4 0.2097 0.6752 0.2197 0.6752 0.2197 0.7056 0.2097 0.7056
4 0.0166 0.2980 0.0343 0.2980 0.0343 0.3108 0.0166 0.3108
4 0.0946 0.9052 0.1057 0.9052 0.1057 0.9132 0.0946 0.9132
4 0.3737 0.9176 0.4260 0.9176 0.4260 0.9496 0.3737 0.9496
6 0.8520 0.5860 0.9017 0.5860 0.9017 0.6328 0.8520 0.6328
6 0.0420 0.5960 0.1094 0.5960 0.1094 0.7860 0.0420 0.7860
6 0.7517 0.1436 0.9429 0.1436 0.9429 0.2784 0.7517 0.2784
6 0.8620 0.3100 0.8966 0.3100 0.8966 0.3212 0.8620 0.3212
7 0.8900 0.4372 0.9209 0.4372 0.9209 0.5648 0.8900 0.5648
7 0.9274 0.3016 0.9340 0.3016 0.9340 0.3196 0.9274 0.3196
7 0.1217 0.5300 0.1311 0.5300 0.1311 0.5776 0.1217 0.5776
7 0.4200 0.0152 0.4466 0.0152 0.4466 0.1476 0.4200 0.1476
9 0.6177 0.7420 0.7334 0.7420 0.7334 0.7800 0.6177 0.7800
9 0.4723 0.1136 0.5043 0.1136 0.5043 0.2716 0.4723 0.2716
9 0.3254 0.3100 0.4411 0.3100 0.4411 0.3480 0.3254 0.3480
9 0.7063 0.4124 0.7783 0.4124 0.7783 0.6448 0.7063 0.6448
12 0.1903 0.4368 0.4557 0.4368 0.4557 0.4960 0.1903 0.4960
12 0.5420 0.5944 0.5683 0.5944 0.5683 0.8768 0.5420 0.8768
12 0.8251 0.4540 0.8514 0.4540 0.8514 0.7364 0.8251 0.7364
12 0.6271 0.2436 0.7217 0.2436 0.7217 0.2796 0.6271 0.2796
13 0.0669 0.5416 0.0931 0.5416 0.0931 0.5872 0.0669 0.5872
13 0.0283 0.6264 0.0377 0.6264 0.0377 0.6584 0.0283 0.6584
13 0.9429 0.2720 0.9894 0.2720 0.9894 0.3140 0.9429 0.3140
13 0.9543 0.1096 0.9697 0.1096 0.9697 0.1748 0.9543 0.1748
15 0.5220 0.1320 0.5951 0.1320 0.5951 0.2040 0.5220 0.2040
15 0.9203 0.8712 0.9631 0.8712 0.9631 0.9336 0.9203 0.9336
15 0.0194 0.3328 0.0760 0.3328 0.0760 0.4160 0.0194 0.4160
15 0.1831 0.0132 0.2171 0.0132 0.2171 0.0612 0.1831 0.0612
