0 0.1706 0.1312 0.3086 0.1312 0.3086 0.2908 0.1706 0.2908
0 0.6069 0.8668 0.6734 0.8668 0.6734 0.9372 0.6069 0.9372
0 0.0403 0.3112 0.1880 0.3112 0.1880 0.8036 0.0403 0.8036
0 0.7094 0.5356 0.8771 0.5356 0.8771 0.8288 0.7094 0.8288
1 0.2197 0.4696 0.2446 0.4696 0.2446 0.4744 0.2197 0.4744
1 0.5180 0.3456 0.5257 0.3456 0.5257 0.4288 0.5180 0.4288
1 0.6854 0.6256 0.7026 0.6256 0.7026 0.6300 0.6854 0.6300
1 0.3149 0.6712 0.3249 0.6712 0.3249 0.7780 0.3149 0.7780
2 0.4883 0.6896 0.6520 0.6896 0.6520 0.7484 0.4883 0.7484
2 0.2531 0.3744 0.3326 0.3744 0.3326 0.4328 0.2531 0.4328
2 0.5774 0.5432 0.6266 0.5432 0.6266 0.5860 0.5774 0.5860
2 0.2034 0.6088 0.2386 0.6088 0.2386 0.6652 0.2034 0.6652
3 0.6251 0.4440 0.6354 0.4440 0.6354 0.5168 0.6251 0.5168
3 0.9251 0.2712 0.9354 0.2712 0.9354 0.3444 0.9251 0.3444
3 0.5637 0.2420 0.6131 0.2420 0.6131 0.2588 0.5637 0.2588
3 0.0589 0.8380 0.1140 0.8380 0.1140 0.8596 0.0589 0.8596
4 0.5854 0.0720 0.5946 0.0720 0.5946 0.0988 0.5854 0.0988
4 0.7466 0.4940 0.7577 0.4940 0.7577 0.5020 0.7466 0.5020
4 0.4811 0.3312 0.4951 0.3312 0.4951 0.3408 0.4811 0.3408
4 0.0360 0.8380 0.0531 0.8380 0.0531 0.8612 0.0360 0.8612
6 0.5629 0.3224 0.6214 0.3224 0.6214 0.4048 0.5629 0.4048
6 0.2183 0.9288 0.2529 0.9288 0.2529 0.9400 0.2183 0.9400
6 0.7383 0.0972 0.9294 0.0972 0.9294 0.2320 0.7383 0.2320
6 0.6297 0.0164 0.6643 0.0164 0.6643 0.0276 0.6297 0.0276
7 0.2623 0.4880 0.2703 0.4880 0.2703 0.5072 0.2623 0.5072
7 0.9829 0.6452 0.9991 0.6452 0.9991 0.7356 0.9829 0.7356
7 0.2426 0.8144 0.2574 0.8144 0.2574 0.8560 0.2426 0.8560
7 0.6909 0.2488 0.7034 0.2488 0.7034 0.2956 0.6909 0.2956
9 0.4077 0.5220 0.4789 0.5220 0.4789 0.7248 0.4077 0.7248
9 0.2046 0.6848 0.2420 0.6848 0.2420 0.8720 0.2046 0.8720
9 0.2520 0.6220 0.3677 0.6220 0.3677 0.6600 0.2520 0.6600
9 0.3469 0.3348 0.3871 0.3348 0.3871 0.5312 0.3469 0.5312
12 0.3929 0.1232 0.4191 0.1232 0.4191 0.4056 0.3929 0.4056
12 0.8346 0.4604 0.9291 0.4604 0.9291 0.4964 0.8346 0.4964
12 0.1063 0.8616 0.1294 0.8616 0.1294 0.9764 0.1063 0.9764
12 0.8591 0.0292 0.9634 0.0292 0.9634 0.0708 0.8591 0.0708
13 0.4520 0.9644 0.4751 0.9644 0.4751 0.9824 0.4520 0.9824
13 0.3794 0.7384 0.4260 0.7384 0.4260 0.7800 0.3794 0.7800
13 0.2763 0.4720 0.2860 0.4720 0.2860 0.4812 0.2763 0.4812
13 0.2614 0.3128 0.2740 0.3128 0.2740 0.3272 0.2614 0.3272
15 0.6980 0.3316 0.7574 0.3316 0.7574 0.4008 0.6980 0.4008
15 0.2789 0.4936 0.3320 0.4936 0.3320 0.5556 0.2789 0.5556
15 0.3749 0.8896 0.4340 0.8896 0.4340 0.9576 0.3749 0.9576
15 0.5020 0.7608 0.5634 0.7608 0.5634 0.8732 0.5020 0.8732
