0 0.7234 0.1968 0.8566 0.1968 0.8566 0.5632 0.7234 0.5632
0 0.5711 0.4732 0.7231 0.4732 0.7231 0.8608 0.5711 0.8608
0 0.1237 0.2376 0.4269 0.2376 0.4269 0.4288 0.1237 0.4288
0 0.2789 0.7304 0.4897 0.7304 0.4897 0.9368 0.2789 0.9368
1 0.1514 0.1340 0.1543 0.1340 0.1543 0.1592 0.1514 0.1592
1 0.3617 0.6648 0.3649 0.6648 0.3649 0.6900 0.3617 0.6900
1 0.0331 0.4856 0.0474 0.4856 0.0474 0.5164 0.0331 0.5164
1 0.0089 0.2600 0.0200 0.2600 0.0200 0.2968 0.0089 0.2968
2 0.8869 0.5400 0.9171 0.5400 0.9171 0.5512 0.8869 0.5512
2 0.6474 0.3100 0.6589 0.3100 0.6589 0.4620 0.6474 0.4620
2 0.5163 0.1540 0.6417 0.1540 0.6417 0.4588 0.5163 0.4588
2 0.9211 0.7260 0.9903 0.7260 0.9903 0.7816 0.9211 0.7816
3 0.9189 0.1540 0.9360 0.1540 0.9360 0.2760 0.9189 0.2760
3 0.6160 0.9476 0.7111 0.9476 0.7111 0.9700 0.6160 0.9700
3 0.0386 0.5968 0.0880 0.5968 0.0880 0.6136 0.0386 0.6136
3 0.3549 0.6388 0.4489 0.6388 0.4489 0.6612 0.3549 0.6612
4 0.9480 0.2836 0.9537 0.2836 0.9537 0.2904 0.9480 0.2904
4 0.1369 0.9280 0.2351 0.9280 0.2351 0.9588 0.1369 0.9588
4 0.2960 0.2064 0.3071 0.2064 0.3071 0.2144 0.2960 0.2144
4 0.4777 0.0844 0.5371 0.0844 0.5371 0.1044 0.4777 0.1044
6 0.1034 0.6348 0.1531 0.6348 0.1531 0.6816 0.1034 0.6816
6 0.9009 0.0124 0.9663 0.0124 0.9663 0.0432 0.9009 0.0432
6 0.3503 0.0364 0.4000 0.0364 0.4000 0.0832 0.3503 0.0832
6 0.0826 0.1380 0.1003 0.1380 0.1003 0.1632 0.0826 0.1632
7 0.1146 0.7828 0.1243 0.7828 0.1243 0.8212 0.1146 0.8212
7 0.0871 0.7624 0.1131 0.7624 0.1131 0.7740 0.0871 0.7740
7 0.2940 0.4296 0.3049 0.4296 0.3049 0.4884 0.2940 0.4884
7 0.0094 0.5872 0.0294 0.5872 0.0294 0.6896 0.0094 0.6896
9 0.1349 0.0452 0.2623 0.0452 0.2623 0.0864 0.1349 0.0864
9 0.6769 0.1288 0.7186 0.1288 0.7186 0.3380 0.6769 0.3380
9 0.0306 0.7932 0.0929 0.7932 0.0929 0.9988 0.0306 0.9988
9 0.4434 0.3672 0.5006 0.3672 0.5006 0.4216 0.4434 0.4216
12 0.3114 0.5500 0.3349 0.5500 0.3349 0.6400 0.3114 0.6400
12 0.8880 0.2372 0.9126 0.2372 0.9126 0.3624 0.8880 0.3624
12 0.5391 0.4668 0.5597 0.4668 0.5597 0.7052 0.5391 0.7052
13 0.0451 0.3096 0.0774 0.3096 0.0774 0.3244 0.0451 0.3244
13 0.2763 0.4768 0.2843 0.4768 0.2843 0.4980 0.2763 0.4980
13 0.7409 0.0240 0.7460 0.0240 0.7460 0.0432 0.7409 0.0432
13 0.3711 0.6204 0.3817 0.6204 0.3817 0.6292 0.3711 0.6292
15 0.1440 0.4732 0.2006 0.4732 0.2006 0.5564 0.1440 0.5564
15 0.8540 0.6532 0.8791 0.6532 0.8791 0.7064 0.8540 0.7064
15 0.3466 0.4756 0.4714 0.4756 0.4714 0.5788 0.3466 0.5788
15 0.8226 0.1020 0.8957 0.1020 0.8957 0.1868 0.8226 0.1868
