0 0.3574 0.2932 0.3574 0.1468 0.6651 0.1468 0.6651 0.2932
0 0.2219 0.7940 0.2830 0.8339 0.2667 0.8828 0.2056 0.8429
0 0.9721 0.8564 0.9157 0.9057 0.8890 0.8460 0.9455 0.7967
0 0.1718 0.7689 0.1328 0.5906 0.3831 0.4835 0.4220 0.6618
1 0.9725 0.6802 0.9741 0.6818 0.9595 0.7110 0.9579 0.7094
1 0.3225 0.0578 0.3260 0.0504 0.3746 0.0946 0.3712 0.1020
1 0.8282 0.9105 0.8292 0.9006 0.8475 0.9043 0.8466 0.9142
1 0.6812 0.1036 0.6728 0.1197 0.6550 0.1016 0.6634 0.0855
2 0.5645 0.5282 0.5676 0.4660 0.6069 0.4698 0.6038 0.5320
2 0.0268 0.2848 0.0529 0.2912 0.0466 0.3412 0.0205 0.3348
2 0.1093 0.2704 0.0874 0.2741 0.0793 0.1816 0.1011 0.1779
2 0.6228 0.5107 0.7484 0.3468 0.8164 0.4489 0.6908 0.6128
3 0.8907 0.5020 0.9267 0.5930 0.9125 0.6040 0.8764 0.5130
3 0.7247 0.0868 0.7298 0.0919 0.6870 0.1744 0.6819 0.1693
3 0.8316 0.7112 0.8843 0.7338 0.8798 0.7544 0.8271 0.7318
3 0.1081 0.0289 0.0425 0.0605 0.0382 0.0431 0.1038 0.0115
4 0.1785 0.1770 0.2046 0.1889 0.2012 0.2034 0.1751 0.1915
4 0.1910 0.3247 0.1949 0.3414 0.1390 0.3669 0.1351 0.3502
4 0.4298 0.9857 0.4190 0.9816 0.4205 0.9739 0.4313 0.9780
4 0.4706 0.0664 0.4661 0.0713 0.4563 0.0536 0.4608 0.0487
6 0.8690 0.2704 0.8544 0.2562 0.8648 0.2356 0.8793 0.2498
6 0.5398 0.9518 0.5265 0.6848 0.6225 0.6754 0.6358 0.9424
6 0.4051 0.9176 0.3745 0.8628 0.4009 0.8340 0.4315 0.8888
7 0.0056 0.4858 0.0022 0.3963 0.0738 0.3910 0.0772 0.4805
7 0.0042 0.8254 0.0103 0.8119 0.0372 0.8354 0.0311 0.8489
7 0.7762 0.1000 0.7923 0.0092 0.8373 0.0248 0.8211 0.1156
7 0.8318 0.6242 0.8313 0.6334 0.8182 0.6318 0.8187 0.6226
9 0.9164 0.0390 0.9484 0.0382 0.9504 0.1962 0.9184 0.1970
9 0.0790 0.9286 0.1941 0.9456 0.1913 0.9834 0.0762 0.9664
9 0.3376 0.4449 0.3419 0.3579 0.4884 0.3723 0.4841 0.4593
9 0.9195 0.2516 0.9284 0.4295 0.8991 0.4324 0.8902 0.2545
12 0.0994 0.8854 0.0880 0.9229 0.0720 0.9134 0.0834 0.8759
12 0.7825 0.8255 0.7887 0.8027 0.8704 0.8465 0.8641 0.8693
12 0.9900 0.9486 0.9889 0.9798 0.8034 0.9662 0.8046 0.9350
12 0.6987 0.6855 0.7178 0.7072 0.6616 0.8045 0.6425 0.7828
13 0.4918 0.6864 0.4624 0.7836 0.4347 0.7672 0.4642 0.6700
13 0.2787 0.3992 0.2984 0.3996 0.2982 0.4196 0.2784 0.4192
13 0.0334 0.6304 0.0401 0.6391 0.0360 0.6452 0.0293 0.6365
13 0.7660 0.2789 0.6842 0.1957 0.6874 0.1895 0.7692 0.2727
15 0.0536 0.7717 0.0451 0.7302 0.0858 0.7139 0.0943 0.7554
15 0.3378 0.2468 0.3049 0.3334 0.2300 0.2776 0.2628 0.1910
15 0.7428 0.7341 0.7310 0.7096 0.7803 0.6631 0.7921 0.6876
