0 0.5948 0.7768 0.7134 0.6107 0.8615 0.8180 0.7429 0.9841
0 0.5252 0.0972 0.2368 0.3029 0.2108 0.2316 0.4992 0.0259
0 0.9657 0.4131 0.8165 0.4537 0.7637 0.0733 0.9129 0.0327
0 0.2176 0.8321 0.3152 0.6955 0.3958 0.8083 0.2982 0.9449
1 0.5425 0.5659 0.5429 0.5555 0.5623 0.5569 0.5619 0.5673
1 0.1312 0.5871 0.1049 0.5877 0.1048 0.5757 0.1311 0.5751
1 0.8694 0.9705 0.8631 0.9702 0.8652 0.8891 0.8714 0.8894
1 0.6876 0.5687 0.6892 0.5826 0.6138 0.5993 0.6123 0.5854
2 0.1511 0.5342 0.0888 0.4438 0.1521 0.3582 0.2144 0.4486
2 0.5013 0.4651 0.5253 0.6375 0.3115 0.6957 0.2876 0.5233
2 0.1001 0.1536 0.1758 0.2123 0.1330 0.3204 0.0573 0.2617
2 0.4810 0.8565 0.4225 0.8450 0.4232 0.8375 0.4818 0.8490
3 0.2764 0.4394 0.2396 0.3931 0.2476 0.3806 0.2844 0.4269
3 0.1875 0.7938 0.1293 0.8981 0.1162 0.8838 0.1744 0.7795
3 0.1653 0.7637 0.1113 0.6559 0.1245 0.6431 0.1784 0.7509
3 0.9272 0.5769 0.9241 0.5993 0.8366 0.5755 0.8397 0.5531
4 0.7271 0.1058 0.7319 0.0926 0.7352 0.0950 0.7304 0.1082
4 0.4549 0.9274 0.4612 0.9435 0.4480 0.9538 0.4416 0.9377
4 0.9847 0.9936 0.9716 0.9719 0.9791 0.9632 0.9921 0.9849
4 0.2477 0.5012 0.2411 0.4973 0.2435 0.4896 0.2500 0.4935
6 0.6677 0.2955 0.6809 0.3121 0.6688 0.3309 0.6557 0.3143
6 0.4974 0.3931 0.5249 0.3207 0.5769 0.3593 0.5494 0.4317
6 0.2203 0.6559 0.2289 0.6342 0.2446 0.6465 0.2360 0.6682
7 0.9429 0.5781 0.9280 0.5818 0.9271 0.5743 0.9420 0.5706
7 0.9048 0.9420 0.9143 0.9160 0.9492 0.9408 0.9397 0.9668
7 0.9059 0.7042 0.9329 0.6858 0.9764 0.8106 0.9494 0.8290
7 0.6010 0.2189 0.5739 0.2129 0.5896 0.0739 0.6167 0.0799
9 0.7495 0.2043 0.7209 0.3781 0.6922 0.3689 0.7209 0.1951
9 0.5076 0.8813 0.4853 0.8532 0.5692 0.7227 0.5915 0.7508
12 0.0562 0.7748 0.0792 0.7714 0.0929 0.9540 0.0699 0.9574
13 0.0506 0.6878 0.0411 0.7069 0.0371 0.7030 0.0466 0.6839
13 0.0091 0.0546 0.0009 0.0413 0.0086 0.0318 0.0169 0.0451
13 0.2035 0.9873 0.1956 0.9972 0.1914 0.9907 0.1993 0.9808
13 0.4390 0.3234 0.4528 0.3183 0.4750 0.4342 0.4612 0.4393
15 0.6281 0.5501 0.5830 0.4694 0.6308 0.4171 0.6758 0.4978
15 0.0235 0.5885 0.0025 0.4925 0.0599 0.4679 0.0809 0.5639
15 0.7433 0.4701 0.8024 0.4672 0.8041 0.5351 0.7450 0.5380
15 0.4261 0.8296 0.4097 0.8110 0.4471 0.7464 0.4635 0.7650
