0 0.4119 0.3918 0.5063 0.3215 0.6418 0.6782 0.5474 0.7485
0 0.3090 0.2040 0.1526 0.3516 0.1116 0.2664 0.2679 0.1188
0 0.6487 0.6333 0.6417 0.4929 0.7865 0.4787 0.7935 0.6191
0 0.9148 0.3773 0.7111 0.3009 0.7492 0.1015 0.9529 0.1779
1 0.3190 0.5034 0.3204 0.5014 0.3387 0.5262 0.3373 0.5282
1 0.3103 0.7374 0.3040 0.7380 0.3000 0.6570 0.3063 0.6564
1 0.3693 0.3695 0.3657 0.3741 0.3456 0.3429 0.3492 0.3383
1 0.3985 0.4645 0.4050 0.4380 0.4107 0.4407 0.4042 0.4672
2 0.9049 0.6855 0.9167 0.5284 0.9309 0.5305 0.9191 0.6876
2 0.1962 0.8734 0.2000 0.9761 0.1110 0.9826 0.1071 0.8799
2 0.6743 0.9192 0.6693 0.8528 0.7480 0.8412 0.7530 0.9076
2 0.0583 0.6667 0.0683 0.6258 0.1577 0.6689 0.1477 0.7098
3 0.3733 0.8470 0.3761 0.8609 0.3261 0.8810 0.3233 0.8671
3 0.0344 0.4431 0.0495 0.4516 0.0161 0.5673 0.0010 0.5588
3 0.5772 0.0170 0.5592 0.0900 0.5463 0.0838 0.5642 0.0108
3 0.2996 0.0663 0.3946 0.0733 0.3938 0.0957 0.2988 0.0887
4 0.7592 0.0776 0.7432 0.0880 0.7393 0.0764 0.7554 0.0660
4 0.4242 0.0226 0.4301 0.0581 0.4198 0.0614 0.4139 0.0259
4 0.6875 0.2594 0.6811 0.2816 0.6517 0.2650 0.6581 0.2428
4 0.8105 0.7032 0.8177 0.7097 0.8126 0.7208 0.8054 0.7143
6 0.8549 0.7387 0.9058 0.8007 0.8168 0.9441 0.7659 0.8821
6 0.8292 0.6538 0.8116 0.6568 0.8094 0.6318 0.8270 0.6288
6 0.3255 0.6651 0.3487 0.7010 0.3427 0.7085 0.3196 0.6726
6 0.4679 0.1402 0.5153 0.0920 0.5498 0.1586 0.5025 0.2068
7 0.2668 0.6145 0.2587 0.6043 0.3109 0.5231 0.3190 0.5333
7 0.7358 0.6523 0.7541 0.6637 0.7205 0.7693 0.7022 0.7579
7 0.4029 0.7223 0.3991 0.7432 0.3628 0.7305 0.3666 0.7096
7 0.2230 0.6947 0.2318 0.7152 0.1713 0.7661 0.1625 0.7456
9 0.1983 0.5392 0.1517 0.5697 0.1005 0.4160 0.1471 0.3855
9 0.4016 0.8295 0.4306 0.7875 0.5381 0.9329 0.5091 0.9749
9 0.0887 0.8402 0.0462 0.7866 0.0722 0.7462 0.1147 0.7998
9 0.8714 0.4461 0.9787 0.3854 0.9889 0.4207 0.8816 0.4814
12 0.0689 0.9337 0.0091 0.9500 0.0043 0.9151 0.0640 0.8988
12 0.2419 0.9250 0.2569 0.8264 0.2792 0.8330 0.2643 0.9316
13 0.0076 0.1350 0.0170 0.1302 0.0219 0.1490 0.0125 0.1538
13 0.6586 0.0566 0.6565 0.0470 0.6882 0.0334 0.6903 0.0430
13 0.6450 0.0808 0.6428 0.0953 0.6333 0.0924 0.6355 0.0779
13 0.2243 0.9925 0.2193 0.9803 0.2317 0.9703 0.2367 0.9825
15 0.1013 0.0288 0.1603 0.0346 0.1569 0.1024 0.0979 0.0966
15 0.9505 0.7755 0.9735 0.8045 0.9452 0.8485 0.9222 0.8195
15 0.8402 0.6232 0.8068 0.6216 0.8080 0.5736 0.8414 0.5752
