0 0.5036 0.5578 0.3379 0.5210 0.3707 0.2314 0.5363 0.2682
0 0.5677 0.8818 0.5473 0.7349 0.8306 0.6578 0.8510 0.8047
0 0.9365 0.2215 0.9703 0.2298 0.9137 0.6789 0.8800 0.6706
0 0.1862 0.1007 0.5060 0.0298 0.5149 0.1089 0.1952 0.1798
1 0.2613 0.8499 0.2515 0.8766 0.2442 0.8713 0.2539 0.8446
1 0.7389 0.3279 0.7264 0.3297 0.7256 0.3189 0.7381 0.3171
1 0.7251 0.5092 0.7334 0.5092 0.7334 0.5912 0.7251 0.5912
1 0.3136 0.4882 0.3212 0.4926 0.2993 0.5686 0.2916 0.5642
2 0.0871 0.4144 0.1317 0.4144 0.1317 0.4696 0.0871 0.4696
2 0.3978 0.5760 0.4209 0.5777 0.4199 0.6032 0.3968 0.6015
2 0.5334 0.8346 0.4660 0.8128 0.4749 0.7586 0.5423 0.7804
2 0.7832 0.1550 0.7308 0.2525 0.5845 0.0982 0.6369 0.0007
3 0.1717 0.1559 0.1849 0.1608 0.1660 0.2597 0.1528 0.2548
3 0.2648 0.7599 0.2652 0.7743 0.2129 0.7769 0.2126 0.7625
3 0.1836 0.7317 0.2375 0.6239 0.2507 0.6367 0.1967 0.7445
3 0.2039 0.2994 0.2622 0.1951 0.2752 0.2094 0.2170 0.3137
4 0.8346 0.3637 0.8275 0.3757 0.8222 0.3695 0.8294 0.3575
4 0.2420 0.4768 0.2267 0.4582 0.2331 0.4480 0.2484 0.4666
4 0.3904 0.7078 0.3960 0.6948 0.4058 0.7030 0.4002 0.7160
4 0.8664 0.0270 0.8236 0.1306 0.8162 0.1246 0.8589 0.0210
6 0.8594 0.9189 0.8954 0.8543 0.9418 0.9051 0.9057 0.9697
6 0.4388 0.9689 0.4317 0.8875 0.4901 0.8775 0.4972 0.9589
6 0.8024 0.2935 0.8072 0.3414 0.7993 0.3429 0.7945 0.2950
6 0.0542 0.8974 0.0379 0.8058 0.1695 0.7598 0.1859 0.8514
7 0.0174 0.0939 0.0185 0.0659 0.1363 0.0745 0.1353 0.1025
7 0.9298 0.7314 0.9193 0.7377 0.9076 0.6990 0.9181 0.6927
7 0.4456 0.6614 0.4737 0.6339 0.5193 0.7250 0.4912 0.7525
7 0.6184 0.6113 0.6056 0.6225 0.5582 0.5163 0.5710 0.5051
9 0.3240 0.8848 0.3077 0.8496 0.4129 0.7540 0.4292 0.7892
9 0.7054 0.6078 0.6659 0.6186 0.6391 0.4258 0.6787 0.4150
9 0.7047 0.4101 0.6493 0.3907 0.6587 0.3379 0.7141 0.3573
12 0.2774 0.4243 0.2858 0.5087 0.2606 0.5137 0.2522 0.4293
12 0.1440 0.5978 0.0912 0.6621 0.0880 0.6570 0.1408 0.5927
12 0.0910 0.5740 0.0891 0.5669 0.2244 0.4980 0.2263 0.5051
12 0.4443 0.6388 0.4403 0.6633 0.3768 0.6428 0.3809 0.6183
13 0.6882 0.8900 0.7244 0.8892 0.7253 0.9544 0.6890 0.9552
13 0.0025 0.4981 0.0117 0.4939 0.0138 0.5027 0.0045 0.5069
13 0.8368 0.5482 0.8427 0.5559 0.8323 0.5714 0.8265 0.5637
15 0.8341 0.6349 0.8264 0.5882 0.8596 0.5775 0.8673 0.6242
15 0.0605 0.2595 0.0961 0.1696 0.1401 0.2037 0.1045 0.2936
15 0.1942 0.4517 0.1416 0.3782 0.1721 0.3355 0.2247 0.4090
