0 0.4062 0.6513 0.3585 0.5845 0.3858 0.5463 0.4335 0.6131
0 0.7112 0.4108 0.8321 0.4757 0.7345 0.8316 0.6137 0.7667
0 0.5800 0.1421 0.5222 0.0934 0.5420 0.0471 0.5998 0.0958
0 0.1019 0.7280 0.0246 0.5943 0.2673 0.3192 0.3446 0.4529
1 0.6653 0.1846 0.6690 0.1678 0.6764 0.1710 0.6727 0.1878
1 0.4997 0.3088 0.4897 0.3076 0.4963 0.2012 0.5063 0.2024
1 0.0074 0.9463 0.0086 0.9426 0.0446 0.9661 0.0434 0.9698
1 0.9690 0.4380 0.9659 0.4290 0.9828 0.4180 0.9858 0.4270
2 0.5105 0.3258 0.7225 0.2059 0.7403 0.2678 0.5284 0.3877
2 0.5039 0.5619 0.5218 0.6037 0.4633 0.6529 0.4453 0.6111
2 0.9698 0.1069 0.9148 0.3757 0.8316 0.3423 0.8866 0.0735
2 0.4940 0.7721 0.4402 0.8881 0.3920 0.8443 0.4458 0.7283
3 0.9454 0.7645 0.9529 0.7547 0.9884 0.8079 0.9808 0.8177
3 0.3388 0.0069 0.4338 -0.0001 0.4346 0.0223 0.3396 0.0293
3 0.2736 0.9269 0.2730 0.9509 0.1859 0.9467 0.1865 0.9227
3 0.7860 0.1399 0.8090 0.2691 0.7935 0.2745 0.7704 0.1453
4 0.8770 0.8657 0.8830 0.8603 0.9004 0.8979 0.8944 0.9033
4 0.4248 0.6684 0.4312 0.6962 0.4192 0.7016 0.4128 0.6738
4 0.7227 0.0266 0.7178 0.0308 0.7093 0.0118 0.7142 0.0076
4 0.3790 0.2435 0.3646 0.3242 0.3507 0.3193 0.3651 0.2386
6 0.3664 0.4265 0.4051 0.3827 0.4261 0.4191 0.3875 0.4629
6 0.4820 0.0712 0.4751 0.1401 0.4420 0.1336 0.4489 0.0647
6 0.9252 0.5203 0.9783 0.5784 0.8948 0.7281 0.8417 0.6700
6 0.0355 0.8692 0.0426 0.9165 0.0348 0.9188 0.0276 0.8715
7 0.6055 0.1270 0.6204 0.1662 0.6151 0.1702 0.6002 0.1310
7 0.2085 0.7781 0.2171 0.7751 0.2260 0.8251 0.2174 0.8281
7 0.3218 0.2196 0.3104 0.2288 0.2934 0.1876 0.3048 0.1784
7 0.5483 0.8117 0.5408 0.8208 0.5119 0.7743 0.5195 0.7652
9 0.2372 0.2595 0.1714 0.3005 0.1039 0.0881 0.1697 0.0471
9 0.6061 0.6139 0.5774 0.7877 0.5488 0.7785 0.5774 0.6047
9 0.5543 0.9238 0.5601 0.8659 0.7080 0.8950 0.7022 0.9529
9 0.4000 0.1755 0.3454 0.1989 0.3340 0.1469 0.3886 0.1235
12 0.1081 0.9953 0.0794 0.9683 0.1411 0.8403 0.1697 0.8673
12 0.4036 0.3299 0.4359 0.2054 0.4601 0.2177 0.4278 0.3422
12 0.7959 0.9736 0.8464 0.8459 0.8724 0.8660 0.8219 0.9937
13 0.9083 0.0688 0.8071 0.0688 0.8071 0.0612 0.9083 0.0612
13 0.0051 0.1018 0.0192 0.0984 0.0340 0.2166 0.0200 0.2200
13 0.1542 0.8208 0.1663 0.8266 0.1638 0.8368 0.1517 0.8310
13 0.5359 0.8624 0.5327 0.8470 0.5613 0.8356 0.5644 0.8510
15 0.3150 0.7881 0.2429 0.8133 0.2325 0.7547 0.3045 0.7295
15 0.3940 0.9161 0.3847 0.9898 0.3397 0.9787 0.3490 0.9050
15 0.4428 0.4756 0.5051 0.4211 0.5317 0.4808 0.4695 0.5353
15 0.3347 0.0576 0.2928 0.1161 0.2585 0.0680 0.3003 0.0095
