0 0.1595 0.9617 0.1468 0.8164 0.4522 0.7639 0.4649 0.9092
0 0.8774 0.4631 0.9306 0.4070 0.9609 0.4633 0.9077 0.5194
0 0.5300 0.4021 0.4200 0.3666 0.4509 0.1791 0.5609 0.2146
0 0.0580 0.1673 0.0791 0.1295 0.3357 0.4103 0.3146 0.4481
1 0.8393 0.0708 0.8224 0.0523 0.8275 0.0432 0.8444 0.0617
1 0.1744 0.0786 0.1713 0.0885 0.1170 0.0546 0.1201 0.0447
1 0.2580 0.0772 0.2580 0.1140 0.2494 0.1140 0.2494 0.0772
1 0.6685 0.6265 0.6782 0.6231 0.6967 0.7267 0.6869 0.7301
2 0.1173 0.6123 0.1447 0.6670 0.0798 0.7305 0.0525 0.6758
2 0.1911 0.7273 0.2331 0.5815 0.2827 0.6095 0.2406 0.7553
2 0.0559 0.8885 0.0251 0.8870 0.0284 0.7547 0.0592 0.7562
2 0.8152 0.5422 0.7244 0.5961 0.5923 0.1602 0.6830 0.1063
3 0.8711 0.7773 0.8116 0.7273 0.8183 0.7115 0.8779 0.7615
3 0.7040 0.6756 0.7823 0.6989 0.7794 0.7180 0.7011 0.6947
3 0.6122 0.9752 0.6759 0.8762 0.6878 0.8912 0.6241 0.9902
3 0.4917 0.0736 0.5462 0.0615 0.5483 0.0804 0.4938 0.0925
4 0.7999 0.6502 0.8003 0.6443 0.8324 0.6490 0.8320 0.6549
4 0.4038 0.6249 0.3993 0.6176 0.4399 0.5683 0.4444 0.5756
4 0.8132 0.7913 0.8094 0.8077 0.8045 0.8055 0.8083 0.7891
4 0.7198 0.6645 0.7002 0.6473 0.7065 0.6331 0.7261 0.6503
6 0.9747 0.9611 0.7840 0.9798 0.7773 0.8453 0.9680 0.8266
6 0.2876 0.6458 0.3105 0.5704 0.3647 0.6026 0.3418 0.6780
6 0.0597 0.8999 0.1175 0.9429 0.1071 0.9701 0.0494 0.9271
7 0.1744 0.5468 0.1728 0.5400 0.1834 0.5352 0.1850 0.5420
7 0.9063 0.5579 0.8587 0.5890 0.8511 0.5661 0.8987 0.5350
7 0.9732 0.0689 0.9160 0.0398 0.9263 0.0003 0.9834 0.0294
7 0.2327 0.4719 0.2592 0.5230 0.2490 0.5333 0.2225 0.4822
9 0.6162 0.0603 0.7286 0.0239 0.7347 0.0605 0.6222 0.0969
9 0.9732 0.3428 0.9569 0.3965 0.8194 0.3148 0.8357 0.2611
9 0.5554 0.8297 0.6392 0.7039 0.6640 0.7363 0.5803 0.8621
9 0.4152 0.7621 0.2893 0.7342 0.2939 0.6935 0.4198 0.7214
12 0.9354 0.7215 0.9720 0.6535 0.9923 0.6749 0.9557 0.7429
12 0.7498 0.7699 0.7229 0.9109 0.6942 0.9001 0.7211 0.7591
12 0.5743 0.5286 0.5687 0.5600 0.4891 0.5322 0.4947 0.5008
13 0.8801 0.6064 0.8826 0.6571 0.8362 0.6616 0.8336 0.6109
13 0.4783 0.6069 0.4763 0.6156 0.4611 0.6087 0.4631 0.6000
13 0.5085 0.4765 0.4943 0.4646 0.4987 0.4543 0.5129 0.4662
13 0.4374 0.0934 0.4299 0.0718 0.4340 0.0690 0.4415 0.0906
15 0.3159 0.0757 0.2885 0.0488 0.3081 0.0095 0.3355 0.0364
15 0.4851 0.8613 0.4785 0.7292 0.5363 0.7235 0.5429 0.8556
15 0.8968 0.1104 0.9595 0.1513 0.9283 0.2448 0.8657 0.2039
15 0.3883 0.3119 0.4015 0.3514 0.3631 0.3765 0.3500 0.3370
