0 0.5751 0.2489 0.5883 0.1747 0.7532 0.2323 0.7400 0.3065
0 0.2104 0.2927 0.1738 0.3977 0.0619 0.3213 0.0984 0.2163
0 0.3115 0.8457 0.1573 0.6444 0.2579 0.4935 0.4121 0.6948
0 0.6429 0.9108 0.5605 0.8207 0.7500 0.4812 0.8324 0.5713
1 0.8617 0.7332 0.8590 0.7316 0.8752 0.6808 0.8778 0.6824
1 0.7312 0.0676 0.7453 0.0714 0.7411 0.1016 0.7270 0.0978
1 0.9380 0.1864 0.9380 0.2040 0.9303 0.2040 0.9303 0.1864
1 0.5291 0.6247 0.5296 0.6290 0.5117 0.6325 0.5113 0.6282
2 0.8935 0.5170 0.8791 0.4960 0.9165 0.4454 0.9309 0.4664
2 0.0747 0.7510 0.0231 0.6836 0.0773 0.6022 0.1289 0.6696
2 0.8760 0.1948 0.8269 0.1948 0.8269 0.1520 0.8760 0.1520
2 0.4885 0.3239 0.8189 0.3807 0.8118 0.4617 0.4814 0.4049
3 0.2399 0.1562 0.2881 0.2262 0.2787 0.2390 0.2304 0.1690
3 0.4064 0.3147 0.3959 0.3905 0.3824 0.3869 0.3930 0.3111
3 0.3556 0.0227 0.3675 0.0131 0.4041 0.1017 0.3922 0.1113
3 0.3415 0.3865 0.2676 0.3974 0.2659 0.3747 0.3398 0.3638
4 0.5607 0.2525 0.5476 0.2519 0.5478 0.2419 0.5610 0.2425
4 0.0344 0.1013 0.0265 0.1262 0.0171 0.1203 0.0250 0.0954
4 0.9688 0.9029 0.9600 0.8823 0.9872 0.8595 0.9960 0.8801
4 0.1276 0.1026 0.1350 0.0854 0.2072 0.1462 0.1999 0.1634
6 0.9390 0.0417 0.8738 0.0497 0.8719 0.0191 0.9371 0.0111
6 0.9261 0.5456 0.9778 0.5841 0.9502 0.6568 0.8985 0.6183
6 0.5129 0.6837 0.4791 0.6736 0.4808 0.6627 0.5146 0.6728
7 0.5395 0.5102 0.5250 0.5441 0.4956 0.5194 0.5102 0.4855
7 0.3394 0.1993 0.3687 0.1188 0.4746 0.1943 0.4453 0.2748
7 0.5137 0.5560 0.5235 0.5487 0.5372 0.5848 0.5274 0.5921
7 0.9452 0.7566 0.9375 0.7754 0.8994 0.7446 0.9071 0.7258
9 0.4222 0.9841 0.4581 0.8196 0.4906 0.8335 0.4547 0.9980
9 0.0769 0.4004 0.1078 0.4306 0.0539 0.5384 0.0230 0.5082
12 0.5908 0.0641 0.5336 0.0350 0.5423 0.0015 0.5995 0.0306
12 0.9967 0.3300 0.9997 0.3782 0.8899 0.3916 0.8868 0.3434
13 0.1394 0.8400 0.1537 0.8400 0.1537 0.9600 0.1394 0.9600
13 0.8521 0.3047 0.8509 0.3073 0.7767 0.2373 0.7780 0.2347
13 0.9845 0.6596 0.9890 0.6559 0.9960 0.6724 0.9916 0.6761
13 0.4576 0.4284 0.4713 0.4140 0.4781 0.4268 0.4645 0.4412
15 0.8576 0.9309 0.8353 0.8537 0.8767 0.8303 0.8989 0.9075
15 0.6500 0.0582 0.6515 0.0171 0.6940 0.0202 0.6925 0.0613
15 0.0675 0.0070 0.1026 0.0414 0.0771 0.0926 0.0419 0.0582
