0 0.4121 0.5957 0.2393 0.7650 0.1548 0.5959 0.3275 0.4266
0 0.7554 0.4376 0.7738 0.7316 0.6269 0.7496 0.6085 0.4556
0 0.9030 0.3035 0.9998 0.3667 0.8779 0.7329 0.7810 0.6697
0 0.7571 0.0760 0.8951 0.0760 0.8951 0.2356 0.7571 0.2356
1 0.3258 0.2802 0.3264 0.2958 0.3002 0.2978 0.2996 0.2822
1 0.2505 0.9080 0.2543 0.8995 0.2701 0.9132 0.2663 0.9217
1 0.9415 0.1242 0.9345 0.1086 0.9505 0.0946 0.9575 0.1102
1 0.0689 0.0749 0.0662 0.0692 0.0914 0.0463 0.0940 0.0520
2 0.2580 0.8016 0.2640 0.8312 0.2000 0.8568 0.1940 0.8272
2 0.1495 0.0802 0.2206 0.1580 0.1654 0.2570 0.0942 0.1792
2 0.4178 0.1781 0.3633 0.1358 0.3859 0.0787 0.4404 0.1210
2 0.5835 0.2273 0.5261 0.3301 0.4854 0.2855 0.5427 0.1827
3 0.4745 0.0573 0.4859 0.0395 0.5507 0.1211 0.5392 0.1389
3 0.4552 0.9466 0.4502 0.9592 0.4045 0.9238 0.4095 0.9112
3 0.9008 0.2008 0.9810 0.1307 0.9898 0.1504 0.9096 0.2205
3 0.1272 0.5304 0.0383 0.5732 0.0331 0.5520 0.1220 0.5092
4 0.3201 0.0806 0.3341 0.1146 0.3296 0.1182 0.3156 0.0842
4 0.8878 0.8512 0.9240 0.8816 0.9199 0.8912 0.8837 0.8608
4 0.2332 0.3489 0.2159 0.3180 0.2200 0.3135 0.2372 0.3444
4 0.4506 0.3371 0.4666 0.3457 0.4634 0.3573 0.4474 0.3487
6 0.2646 0.0861 0.2551 0.1544 0.2223 0.1455 0.2318 0.0772
6 0.4729 0.6155 0.4995 0.6992 0.4794 0.7117 0.4528 0.6280
6 0.1777 0.9926 0.1248 0.9387 0.1377 0.9138 0.1906 0.9677
6 0.1500 0.3338 0.1612 0.4016 0.1286 0.4122 0.1174 0.3444
7 0.4155 0.3799 0.4041 0.3805 0.4031 0.3385 0.4145 0.3379
7 0.8904 0.8041 0.8845 0.8236 0.8022 0.7747 0.8081 0.7552
7 0.3987 0.9381 0.3899 0.9379 0.3901 0.9183 0.3990 0.9185
7 0.8908 0.7633 0.9016 0.7447 0.9489 0.7983 0.9381 0.8169
9 0.6584 0.8687 0.6683 0.9291 0.5094 0.9805 0.4994 0.9201
9 0.5617 0.0974 0.5734 0.0588 0.6889 0.1274 0.6772 0.1660
9 0.6883 0.9362 0.6760 0.8863 0.7649 0.8434 0.7772 0.8933
9 0.1400 0.6740 0.0532 0.7956 0.0291 0.7620 0.1160 0.6404
12 0.2587 0.4217 0.2562 0.4150 0.3845 0.3235 0.3870 0.3302
12 0.1313 0.8521 0.1673 0.8327 0.1767 0.8667 0.1407 0.8861
12 0.3818 0.7787 0.4270 0.8357 0.4100 0.8621 0.3647 0.8051
13 0.7474 0.2197 0.7456 0.2217 0.6906 0.1231 0.6924 0.1211
13 0.3412 0.9852 0.3319 0.9977 0.3266 0.9900 0.3358 0.9775
13 0.5660 0.6726 0.5812 0.6764 0.5731 0.7406 0.5579 0.7368
13 0.6388 0.3933 0.6334 0.3923 0.6524 0.1759 0.6578 0.1769
15 0.4028 0.2817 0.3636 0.2573 0.3818 0.2003 0.4209 0.2247
15 0.7155 0.3397 0.6767 0.3044 0.7033 0.2471 0.7421 0.2824
15 0.4814 0.5025 0.5657 0.4424 0.5920 0.5147 0.5077 0.5748
