0 0.8215 0.8635 0.6942 0.9180 0.6176 0.5677 0.7450 0.5132
0 0.2324 0.9597 0.1888 0.8894 0.4667 0.5511 0.5104 0.6214
0 0.4255 0.1576 0.4412 0.3140 0.3051 0.3408 0.2894 0.1844
0 0.4673 0.2284 0.7769 0.0959 0.7936 0.1724 0.4840 0.3049
1 0.5302 0.9559 0.5457 0.9661 0.5444 0.9701 0.5289 0.9599
1 0.6610 0.5033 0.6531 0.4948 0.6990 0.4095 0.7069 0.4180
1 0.6050 0.4060 0.6110 0.4088 0.5921 0.4856 0.5862 0.4828
1 0.6198 0.9498 0.6167 0.9605 0.5624 0.9298 0.5655 0.9191
2 0.4912 0.4285 0.4807 0.5488 0.2822 0.5147 0.2927 0.3944
2 0.9777 0.0637 0.9745 0.0925 0.9231 0.0811 0.9264 0.0523
2 0.0512 0.8049 0.0086 0.6877 0.1002 0.6223 0.1429 0.7395
2 0.9162 0.5776 0.9378 0.4648 0.9452 0.4676 0.9236 0.5804
3 0.1498 0.0378 0.0878 0.1378 0.0753 0.1226 0.1373 0.0226
3 0.1048 0.4376 0.0660 0.3571 0.0769 0.3468 0.1157 0.4273
3 0.8695 0.5047 0.9116 0.5990 0.8965 0.6121 0.8544 0.5178
3 0.0618 0.2474 0.0605 0.3514 0.0442 0.3510 0.0455 0.2470
4 0.3098 0.0349 0.3010 0.0045 0.3085 0.0003 0.3172 0.0307
4 0.4649 0.1070 0.4575 0.1265 0.4431 0.1158 0.4505 0.0963
4 0.8218 0.3143 0.8192 0.3249 0.8019 0.3165 0.8045 0.3059
4 0.8641 0.9150 0.8471 0.8989 0.8530 0.8866 0.8701 0.9027
6 0.9378 0.4205 0.9046 0.4071 0.9068 0.3963 0.9400 0.4097
6 0.5839 0.4938 0.6092 0.5268 0.6038 0.5350 0.5785 0.5020
6 0.5793 0.0714 0.5976 0.0303 0.6044 0.0362 0.5861 0.0773
6 0.7444 0.3900 0.7900 0.3384 0.8270 0.4024 0.7815 0.4540
7 0.1492 0.2834 0.1442 0.2436 0.2551 0.2162 0.2601 0.2560
7 0.0433 0.5372 0.0548 0.5143 0.0981 0.5568 0.0866 0.5797
7 0.8726 0.0648 0.8893 0.0772 0.8528 0.1732 0.8361 0.1608
7 0.0737 0.1670 0.0869 0.1567 0.1160 0.2302 0.1028 0.2405
9 0.5513 0.8729 0.5214 0.7168 0.5473 0.7071 0.5772 0.8632
9 0.8604 0.6531 0.9021 0.6319 0.9578 0.8465 0.9162 0.8677
9 0.1679 0.4749 0.1484 0.4297 0.2290 0.3619 0.2484 0.4071
9 0.9715 0.3182 0.9392 0.3741 0.8450 0.2674 0.8774 0.2115
12 0.0980 0.5097 0.1019 0.4814 0.2034 0.5091 0.1995 0.5373
13 0.0672 0.8763 0.0735 0.8865 0.0686 0.8925 0.0622 0.8823
13 0.0185 0.1114 0.0480 0.1019 0.0509 0.1198 0.0214 0.1293
13 0.1177 0.8075 0.1215 0.8581 0.0752 0.8649 0.0714 0.8143
13 0.1522 0.7331 0.1529 0.7183 0.1592 0.7189 0.1585 0.7337
15 0.6952 0.3117 0.6940 0.3592 0.6597 0.3575 0.6609 0.3100
15 0.5131 0.4663 0.5285 0.3650 0.5723 0.3781 0.5570 0.4794
