0 0.6212 0.3393 0.3328 0.1336 0.3588 0.0623 0.6472 0.2680
0 0.8455 0.2341 0.7897 0.3209 0.6971 0.2043 0.7529 0.1175
0 0.1898 0.4650 0.0911 0.5416 0.0245 0.3734 0.1232 0.2968
0 0.5834 0.5519 0.3842 0.9090 0.3391 0.8597 0.5384 0.5026
1 0.7574 0.4364 0.7673 0.4255 0.7720 0.4340 0.7621 0.4449
1 0.6716 0.4563 0.6693 0.4761 0.6476 0.4713 0.6498 0.4515
1 0.0074 0.3268 0.0094 0.3269 0.0086 0.3624 0.0066 0.3623
1 0.9346 0.7359 0.9478 0.7365 0.9471 0.7629 0.9340 0.7623
2 0.7216 0.8298 0.7308 0.7819 0.7435 0.7866 0.7343 0.8345
2 0.0433 0.0895 0.0598 0.0715 0.0918 0.1289 0.0754 0.1469
2 0.6861 0.8977 0.6842 0.9284 0.6179 0.9203 0.6198 0.8896
2 0.8342 0.3943 0.9099 0.4111 0.8863 0.6189 0.8107 0.6021
3 0.8452 0.6670 0.7759 0.6602 0.7768 0.6418 0.8461 0.6486
3 0.6639 0.6972 0.6956 0.7604 0.6829 0.7728 0.6513 0.7096
3 0.6786 0.2842 0.6649 0.2852 0.6611 0.1830 0.6748 0.1820
3 0.1740 0.1822 0.2250 0.0970 0.2386 0.1130 0.1875 0.1982
4 0.2652 0.3955 0.2666 0.4033 0.2619 0.4049 0.2605 0.3971
4 0.1713 0.2243 0.1763 0.2526 0.1641 0.2569 0.1591 0.2286
4 0.8833 0.0891 0.8846 0.0981 0.8787 0.0997 0.8774 0.0907
4 0.7368 0.6221 0.7560 0.6211 0.7563 0.6339 0.7372 0.6349
6 0.2545 0.8384 0.1911 0.8061 0.2375 0.6276 0.3009 0.6599
6 0.8651 0.1984 0.9326 0.1984 0.9326 0.3884 0.8651 0.3884
6 0.9486 0.8031 0.9964 0.8656 0.9814 0.8881 0.9336 0.8256
6 0.1109 0.2256 0.0990 0.2440 0.0857 0.2272 0.0975 0.2088
7 0.6696 0.0690 0.6731 0.0438 0.6835 0.0466 0.6800 0.0718
7 0.6121 0.6471 0.6161 0.6492 0.6073 0.6813 0.6033 0.6792
7 0.1272 0.8928 0.1321 0.9098 0.1006 0.9276 0.0956 0.9106
7 0.9589 0.4531 0.9419 0.4560 0.9414 0.4497 0.9584 0.4468
9 0.4200 0.4482 0.4077 0.3983 0.4966 0.3554 0.5089 0.4053
9 0.2848 0.0601 0.2831 0.0154 0.3958 0.0071 0.3975 0.0518
9 0.8737 0.9014 0.8219 0.8675 0.8383 0.8182 0.8901 0.8521
9 0.2264 0.5381 0.1956 0.5258 0.2267 0.3739 0.2575 0.3862
12 0.3490 0.4982 0.2814 0.4728 0.2827 0.4662 0.3503 0.4916
12 0.0199 0.5985 0.0386 0.5815 0.1398 0.7995 0.1211 0.8165
12 0.8170 0.8909 0.7377 0.8851 0.7393 0.8419 0.8186 0.8477
13 0.2415 0.5491 0.2318 0.5505 0.2311 0.5413 0.2408 0.5399
13 0.8825 0.0094 0.8846 0.0517 0.8715 0.0530 0.8694 0.0107
13 0.5994 0.3847 0.6161 0.4043 0.5906 0.4469 0.5739 0.4273
13 0.6365 0.8375 0.6437 0.8231 0.6521 0.8313 0.6449 0.8457
15 0.2168 0.9986 0.1894 0.9036 0.2455 0.8718 0.2729 0.9668
15 0.6192 0.4826 0.6626 0.5394 0.6322 0.5850 0.5888 0.5282
