3 0.2262040467369621 0.4921523205266274 0.2262040467369621 0.47474807560900345 0.27542889155564265 0.47474807560900345 0.27542889155564265 0.4921523205266274 "O-HALTER"
3 0.2889655290692238 0.5696009890007809 0.2889655290692238 0.5513260644176995 0.32218867443538046 0.5513260644176995 0.32218867443538046 0.5696009890007809 "TRAG-"
3 0.28896551167533485 0.5852680075605855 0.28896551167533485 0.5678597280739873 0.32403534883513824 0.5678597280739873 0.32403534883513824 0.5852680075605855 "PROFIL"
3 0.16098317287354838 0.5678597280739873 0.16098317287354838 0.5530673253444931 0.1935936185021997 0.5530673253444931 0.1935936185021997 0.5678597280739873 "ACHSE"
3 0.38740953090490526 0.5260903275046604 0.38740953090490526 0.5104272451097088 0.3997776991419386 0.5104272451097088 0.3997776991419386 0.5260903275046604 "X"
3 0.4329409921362924 0.6479242241031842 0.4329409921362924 0.6287787182587666 0.4901624338753918 0.6287787182587666 0.4901624338753918 0.6479242241031842 "FESTPUNKT"
3 0.5473838756144913 0.7375574384856157 0.5473838756144913 0.7149295091917321 0.6175291855541108 0.7149295091917321 0.6175291855541108 0.7375574384856157 "GEMÄẞ STATIK"
3 0.536925069352914 0.7967311823766878 0.536925069352914 0.7758484501744508 0.5744571158538757 0.7758484501744508 0.5744571158538757 0.7967311823766878 "THERM."
3 0.5387717437526717 0.8202297421339682 0.5387717437526717 0.8010842362895506 0.6132203018131946 0.8010842362895506 0.6132203018131946 0.8202297421339682 "TRENNELEMENT"
3 0.4267882518056248 0.8881055592817916 0.4267882518056248 0.8715718956255039 0.4956996392646587 0.8715718956255039 0.4956996392646587 0.8881055592817916 "WANDHALTER"
3 0.08591906247773583 0.6679363258420243 0.08591906247773583 0.648794854566581 0.16529210879613138 0.648794854566581 0.16529210879613138 0.6679363258420243 "UK TRAGPROFIL"
3 0.19544029290195747 0.7932527442941354 0.19544029290195747 0.7775856273302096 0.2089769130216497 0.7775856273302096 0.2089769130216497 0.7932527442941354 "30"
3 0.241587358650301 0.7949939560188684 0.241587358650301 0.7775856765322703 0.25518381374790716 0.7775856765322703 0.25518381374790716 0.7949939560188684 "10"
3 0.2877344070047556 0.7941233255554716 0.2877344070047556 0.7775856273302096 0.3031148489264213 0.7775856273302096 0.3031148489264213 0.7941233255554716 "30"
3 0.2766571610223265 0.8785328063595829 0.2766571610223265 0.8628698223687525 0.2932716123940225 0.8628698223687525 0.2932716123940225 0.8785328063595829 "40"
3 0.0822285314882267 0.9829625072425433 0.0822285314882267 0.9664288435862556 0.9085579603341408 0.9664288435862556 0.9085579603341408 0.9829625072425433 "Der Inhalt dieser Zeichnung bleibt unser geistiges Eigentum. Jede Verwendung, insbesondere die Weitergabe, Vervielfältigung, Veröffentlichung und Zurverfügungstellung bedarf unserer ausdrücklichen Zustimmung."
3 0.16267883352962917 0.10388150382359054 0.16267883352962917 0.08978234582829504 0.17158165206322135 0.08978234582829504 0.17158165206322135 0.10388150382359054 "8"
3 0.1900968902231316 0.10237403878854293 0.1900968902231316 0.08927851672712615 0.20398403199251033 0.08927851672712615 0.20398403199251033 0.10237403878854293 "18"
1 0.4157138758148689 0.5704715702621171 0.4157138758148689 0.5530673253444931 0.5037617415707822 0.5530673253444931 0.5037617415707822 0.5704715702621171 "WÄRMEDÄMMUNG"
0 0.3394186433545882 0.6044094788360288 0.3394186433545882 0.5870052339184049 0.39664008509368764 0.5870052339184049 0.39664008509368764 0.6044094788360288 "BOHRSCHR."
3 0.4511151709220932 0.270072152853877 0.4495138895073383 0.25188938373041364 0.5515721849173554 0.23391011432984432 0.5531734663321103 0.25209288345330766 "FENSTERBANKPLATTE"
3 0.4056548159086456 0.2788892851294841 0.4040535344938907 0.26070651600602074 0.41978832472080724 0.2579345703125 0.42138960613556214 0.27611733943596334 "A"
3 0.07614001809242751 0.8368776529751109 0.06260471990829385 0.8366103873816002 0.0640708681999635 0.6881042013049173 0.07760616638409715 0.6883714668984281 "ACHSMAẞ = MAX. 400"
3 0.15289094435180073 0.9026848186845022 0.13757468588028107 0.9023823244155582 0.13955988521146517 0.7013014732277811 0.15487614368298483 0.7016039674967252 "ALPHATON - ZIEGELPLATTE"
3 0.10440066955340285 0.42648429824478534 0.0890844110818832 0.4261818039758414 0.08931263629851365 0.4030643141783807 0.1046288947700333 0.40336680844732464 "48"
3 0.10352828775113992 0.5228547507935308 0.08821202927962027 0.5225522565245868 0.08842668726288651 0.5008090786855098 0.10374294573440616 0.5011115729544539 "12"
3 0.1460676869968296 0.5730361292699516 0.13075427242614973 0.572733733405129 0.13095711126188908 0.5521875432978134 0.14627053452951339 0.552489939162636 "6"
3 0.21249474008798802 0.2509260319837011 0.19717848161646837 0.25062353771475715 0.19740550665476275 0.22762698658240124 0.2127217651262824 0.22792948085134523 "9"
3 0.3011454432463843 0.21843936279001663 0.28582914998708675 0.21813686852107264 0.28600761128749286 0.20005722691675484 0.3013239045467904 0.2003597211856988 "8"
3 0.3001987634475634 0.25091993092817916 0.28488248758215484 0.2506174366592352 0.28512181009992166 0.2263755321694881 0.30043810335921917 0.22667802643843207 "10"
3 0.6875900307690938 0.6143425384484583 0.6722765901075805 0.6140401425836356 0.6731965181052294 0.5208609848914248 0.6885099587667427 0.5211633807562475 "NACH STATIK"
3 0.1256799010273805 0.6050071362668783 0.11036364255586083 0.6047046419979343 0.11057830053912707 0.5829614641588573 0.12589455901064672 0.5832639584278013 "25"
0 0.5473838756144913 0.6583676074887898 0.5473838756144913 0.6374808407175786 0.5818409608551225 0.6374808407175786 0.5818409608551225 0.6583676074887898 "DÜBEL"
3 0.9380934099146837 0.050943167831377846 0.9380934099146837 0.030060460230171174 0.9854687973113779 0.030060460230171174 0.9854687973113779 0.050943167831377846 ""
3 0.9356312005735252 0.07008867367579542 0.9356312005735252 0.0483353479117071 0.9842376578530208 0.0483353479117071 0.9842376578530208 0.07008867367579542 "17.05.2012"
3 0.7941151464314976 0.11446997178557033 0.7941151464314976 0.08836356750758892 0.9725477817086421 0.08836356750758892 0.9725477817086421 0.11446997178557033 "ALPHTON - Ziegelfassade"
3 0.7947306813728983 0.1431882305521967 0.7947306813728983 0.12056428662522672 0.9165574794278997 0.12056428662522672 0.9165574794278997 0.1431882305521967 "Querformat- Ausführung"
3 0.7928840069731405 0.16407497272237756 0.7928840069731405 0.1431882305521967 0.8827159291286691 0.1431882305521967 0.8827159291286691 0.16407497272237756 "2.7.3b M 1:1 (V)"
3 0.7934995419145412 0.1840910967296768 0.7934995419145412 0.16494559088525923 0.8624109293735751 0.16494559088525923 0.8624109293735751 0.1840910967296768 "Fensterbank"
3 0.7954061208677686 0.20584441019324995 0.7954061208677686 0.1858282984864659 0.8821003246117127 0.1858282984864659 0.8821003246117127 0.20584441019324995 "aus Ziegelplatten"
3 0.7934996114900968 0.23891575977428456 0.7934996114900968 0.21541715081494356 0.9030834773083499 0.21541715081494356 0.9030834773083499 0.23891575977428456 "Alu-Unterkonstruktion"
3 0.44831753782683814 0.25273098497802043 0.44686841815242945 0.23627609382085096 0.5489267135624466 0.21829682442028164 0.5503758332368552 0.23475171557745114 "MOEDING-"
3 0.3026053471319286 0.4014975237586911 0.3011765435197884 0.38503909005315395 0.3843082700845148 0.370602418222239 0.38573707369665505 0.3870608519277761 "KRALLENHALTER"
3 0.4166750621170561 0.4252095220551189 0.4150737807023012 0.4070267775326859 0.43081142352700197 0.4042543644195889 0.43241270494175693 0.42243708434099153 "A"
3 0.045924771847837706 0.11012091554013628 0.045924771847837706 0.08749294934470728 0.11545454684605656 0.08749294934470728 0.11545454684605656 0.11012091554013628 "SCHNITT A-A"
3 0.06377030614775177 0.17625958013323131 0.06377030614775177 0.15363160163728712 0.14560273095188267 0.15363160163728712 0.14560273095188267 0.17625958013323131 "KRALLENHALTER"
3 0.14437160888741452 0.5173881558437878 0.14437160888741452 0.4991132312607064 0.1806725507177971 0.4991132312607064 0.1806725507177971 0.5173881558437878 "BLECH"
