13 0.364229112583268 0.43466340279877064 0.364229112583268 0.4018621356292196 0.401367918043335 0.4018621602302499 0.401367918043335 0.43466340279877064 ""
13 0.5040980350193253 0.16984280728851772 0.5040980350193253 0.14921806609135682 0.567723002179663 0.14921806609135682 0.567723002179663 0.16984280728851772 ""
13 0.32612425053211386 0.3278153960332905 0.32612425053211386 0.3081217300310485 0.37782842027865843 0.3081217300310485 0.37782842027865843 0.3278153960332905 ""
13 0.5044115076855942 0.3475009928975841 0.5044115076855942 0.3278073268953421 0.5760045457885081 0.3278073268953421 0.5760045457885081 0.3475009928975841 ""
13 0.5017611660417854 0.44405484612744356 0.5017611660417854 0.4243611309231409 0.5899116557423767 0.4243611309231409 0.5899116557423767 0.44405484612744356 ""
13 0.5269450124902038 0.41499394421037383 0.5269450124902038 0.3953002782081318 0.546822470455436 0.3953002782081318 0.546822470455436 0.41499394421037383 ""
13 0.22935877637191865 0.6718420346193571 0.22935877637191865 0.6521483194150545 0.27044742091764035 0.6521483194150545 0.27044742091764035 0.6718420346193571 ""
13 0.27641778632289293 0.6287223326972491 0.27641778632289293 0.6090286174929463 0.3652322877333286 0.6090286174929463 0.3652322877333286 0.6287223326972491 ""
13 0.37251921398546595 0.618407907912636 0.37251921398546595 0.5987141927083334 0.44542604730692503 0.5987141927083334 0.44542604730692503 0.618407907912636 ""
13 0.14187233316894948 0.46936320528201836 0.14187233316894948 0.4496694900777156 0.22074666190398795 0.4496694900777156 0.22074666190398795 0.46936320528201836 ""
13 0.34335707204910587 0.5462313386424325 0.34335707204910587 0.5068520757758969 0.38178970454322814 0.5068520757758969 0.38178970454322814 0.5462313386424325 ""
13 0.6150955021907951 0.4000000098404121 0.6150955021907951 0.3493672024574264 0.6959532908681249 0.3493672024574264 0.6959532908681249 0.4000000098404121 ""
13 0.6200655624376603 0.1989117291414752 0.6200655624376603 0.1773559127493954 0.6571672841265318 0.1773559127493954 0.6571672841265318 0.1989117291414752 ""
13 0.6193958281383585 0.2734461841637067 0.6193958281383585 0.25375251816146466 0.6909889358168282 0.25375251816146466 0.6909889358168282 0.2734461841637067 ""
13 0.41658593583018666 0.4984240579970274 0.41658593583018666 0.4787303427927247 0.47426615878366346 0.4787303427927247 0.47426615878366346 0.4984240579970274 ""
13 0.7937076424016813 0.24627166465135025 0.7937076424016813 0.08689641741099544 0.9773154466639355 0.08689642356125302 0.9773154466639355 0.24627166465135025 ""
13 0.9328897149517312 0.07472792982526577 0.9328897149517312 0.028778715798663593 0.9874038326668922 0.028778715798663593 0.9874038326668922 0.07472792982526577 ""
13 0.2694499857509262 0.2340790004030633 0.2694499857509262 0.21438129983184703 0.285380457228288 0.21438129983184703 0.285380457228288 0.2340790004030633 ""
13 0.3151781370783165 0.23595322989879333 0.3151781370783165 0.2162595638965513 0.3311057211701161 0.2162595638965513 0.3311057211701161 0.23595322989879333 ""
13 0.36422344217547736 0.23501411016695636 0.36422344217547736 0.21532044416471433 0.380151026267277 0.21532044416471433 0.380151026267277 0.23501411016695636 ""
13 0.3529552634742804 0.18345828442648504 0.3529552634742804 0.163764618424243 0.36888570016386435 0.163764618424243 0.36888570016386435 0.18345828442648504 ""
13 0.12398118774379274 0.37562275048178656 0.11005699699099637 0.37562275048178656 0.11005699699099637 0.21534059240855502 0.12398118774379274 0.21534059240855502 ""
13 0.2260487367027198 0.37186418046686065 0.21212454594992342 0.37186418046686065 0.21212454594992342 0.1712797288690926 0.2260487367027198 0.1712797288690926 ""
13 0.17700198791277785 0.5809028499408001 0.16307779715998147 0.5809028499408001 0.16307779715998147 0.5499637085600564 0.17700198791277785 0.5499637085600564 ""
13 0.20285123758215481 0.6483937593680723 0.18892704682935843 0.6483937593680723 0.18892704682935843 0.629671489649461 0.20285123758215481 0.629671489649461 ""
13 0.3496523031178755 0.7843208482120365 0.3496523031178755 0.7383877724613311 0.4245368911860573 0.7383877724613311 0.4245368911860573 0.7843208482120365 ""
13 0.47525221834701836 0.7609028814301189 0.47525221834701836 0.7383917578282446 0.5819606655987283 0.7383917578282446 0.5819606655987283 0.7609028814301189 ""
13 0.0809005428563159 0.9831116878904675 0.0809005428563159 0.9614913183948005 0.9040466813016529 0.9614913183948005 0.9040466813016529 0.9831116878904675 ""
