13 0.7422956204135793 0.4746870650537838 0.7277131405403962 0.474615033236976 0.7279608295187375 0.37428917782963017 0.7425433093919208 0.37436120964643793 ""
13 0.4548218782283058 0.5575937181170647 0.4548218782283058 0.5369690015209341 0.46942147368819465 0.5369690015209341 0.46942147368819465 0.5575937181170647 ""
13 0.15507412092676867 0.615297944062374 0.1404945632269254 0.6152259122455663 0.1405571116515122 0.5898854733474406 0.15513666935135545 0.5899575051642483 ""
13 0.4906440358720433 0.19946392386827388 0.4906440358720433 0.17883918267111296 0.5589085098140496 0.17883918267111296 0.5589085098140496 0.19946392386827388 ""
13 0.6049472812099245 0.24543732070769095 0.6049472812099245 0.2248165894784739 0.6427187371980978 0.2248165894784739 0.6427187371980978 0.24543732070769095 ""
13 0.6056084577158735 0.3260540114636865 0.6056084577158735 0.3054332802344695 0.6738757146801083 0.3054332802344695 0.6738757146801083 0.3260540114636865 ""
13 0.5969934036807139 0.4047964481229217 0.5969934036807139 0.3616767462008137 0.6811627105078014 0.3616767462008137 0.6811627105078014 0.4047964481229217 ""
13 0.49094898553273725 0.3710479674825549 0.49094898553273725 0.3504272362533379 0.5592134594747435 0.3504272362533379 0.5592134594747435 0.3710479674825549 ""
13 0.48299517757908234 0.5210318144460399 0.48299517757908234 0.5004111324188835 0.5718153320034198 0.5004111324188835 0.5718153320034198 0.5210318144460399 ""
13 0.3994841946601596 0.491974996300005 0.3994841946601596 0.47135027970387444 0.48033627814192076 0.47135027970387444 0.48033627814192076 0.491974996300005 ""
13 0.31531203523528784 0.36917373798682485 0.31531203523528784 0.3485530067576078 0.36634368766030206 0.3485530067576078 0.36634368766030206 0.36917373798682485 ""
13 0.3491137187410943 0.47509066955738616 0.3491137187410943 0.4357315795357215 0.3862354086144557 0.4357315795357215 0.3862354086144557 0.47509066955738616 ""
13 0.13636363636363635 0.5079080996038644 0.13636363636363635 0.48728741757670796 0.21789682974805857 0.48728741757670796 0.21789682974805857 0.5079080996038644 ""
13 0.3285693790743445 0.588512735854998 0.3285693790743445 0.5435308343409916 0.3669991589706825 0.5435308343409916 0.3669991589706825 0.588512735854998 ""
13 0.42003131734913796 0.6728738018314188 0.42003131734913796 0.6335227809477025 0.4955827871188373 0.6335227809477025 0.4955827871188373 0.6728738018314188 ""
13 0.7918495576107866 0.24639257871542472 0.7918495576107866 0.0879564758079372 0.9760900819767028 0.08795648195819478 0.9760900819767028 0.24639257871542472 ""
13 0.9290424650229766 0.06735187670435938 0.9290424650229766 0.02983877419560535 0.9866913789763821 0.02983877419560535 0.9866913789763821 0.06735187670435938 ""
13 0.30802222159758835 0.7628818867140266 0.30802222159758835 0.742257170117896 0.4034482967347357 0.742257170117896 0.4034482967347357 0.7628818867140266 ""
13 0.21324592996914185 0.6860137041515518 0.21324592996914185 0.6653930221243954 0.2530065510951749 0.6653930221243954 0.2530065510951749 0.6860137041515518 ""
13 0.4750413348376496 0.7619427669821897 0.4750413348376496 0.7413220849550333 0.5333713239059383 0.7413220849550333 0.5333713239059383 0.7619427669821897 ""
13 0.0853291661286157 0.9822329390870617 0.0853291661286157 0.961608222490931 0.9131377017134511 0.961608222490931 0.9131377017134511 0.9822329390870617 ""
13 0.2556625805406633 0.2791858259490881 0.2556625805406633 0.2585610601508968 0.27355372596582006 0.2585610601508968 0.27355372596582006 0.2791858259490881 ""
13 0.3020603965917997 0.2763724275194604 0.3020603965917997 0.25575169629024336 0.3199515420169564 0.25575169629024336 0.3199515420169564 0.2763724275194604 ""
13 0.3477914005169742 0.2773115718523277 0.3477914005169742 0.25668680605413646 0.36568254594213095 0.25668680605413646 0.36568254594213095 0.2773115718523277 ""
13 0.33652322181577726 0.2154413582287888 0.33652322181577726 0.19482063930008692 0.354414367240934 0.19482062699957176 0.354414367240934 0.2154413582287888 ""
13 0.10341367941699024 0.4381169446386286 0.0888312691193627 0.4380449620238815 0.08918535651627957 0.2945835616308948 0.10376776681390709 0.2946555442456419 ""
13 0.2114116574121901 0.396885420996448 0.19683209971234683 0.3968134383817009 0.19734581082796024 0.18867686408895104 0.2119253685278035 0.1887488467036981 ""
13 0.32010676508175406 0.18222034827973851 0.30552435478412654 0.1821483410639611 0.30573252484682245 0.09779979701197854 0.32031493514445 0.09787180422775595 ""
13 0.19683211710623574 0.6968517372657195 0.18224970680860822 0.6967797054489118 0.18232147399432708 0.6676988274952136 0.19690388429195463 0.6677708593120214 ""
