13 0.12193253550579759 0.7871570025947199 0.10668889652055429 0.7871194122203748 0.10671665716728412 0.7646245252985188 0.12196029615252743 0.7646621156728638 ""
13 0.12065011886287938 0.7191924741315245 0.10540647987763607 0.7191548837571796 0.10543424052436591 0.6966599968353234 0.12067787950960922 0.6966975872096685 ""
13 0.12065011886287938 0.6310788161905482 0.10540647987763607 0.6310412258162031 0.10543424052436591 0.6085463388943471 0.12067787950960922 0.6085839292686921 ""
13 0.07756946527845807 0.43141336068180675 0.062325826293214766 0.4313757703074617 0.062353586939944604 0.4088808833856056 0.0775972259251879 0.4089184737599506 ""
13 0.6508697918522015 0.6695107917831772 0.635626205048625 0.6694732014088322 0.6358528822091408 0.4858016137488664 0.6510964690127173 0.4858392041232114 ""
13 0.750287416620654 0.6329510038007607 0.7350438298170775 0.6329134134264157 0.7351271813328227 0.5654246196877519 0.7503707681363992 0.565462210062097 ""
13 0.5998460710405387 0.871503504761185 0.5998460710405387 0.8499435553960096 0.6164149330293531 0.8499435553960096 0.6164149330293531 0.871503504761185 ""
13 0.6051496069259404 0.9202459197715135 0.6051496069259404 0.8986859704063381 0.6157594617189727 0.8986859704063381 0.6157594617189727 0.9202459197715135 ""
13 0.27310343296923983 0.5171705351294841 0.27310343296923983 0.47873437736169894 0.3479908736352059 0.47873437736169894 0.3479908736352059 0.5171705351294841 ""
13 0.2830435882507481 0.40280531453106105 0.2830435882507481 0.38124546357000705 0.3486605731467298 0.38124546357000705 0.3486605731467298 0.40280531453106105 ""
13 0.24062695507311557 0.9221201246662132 0.24062695507311557 0.9005601753010379 0.2956397903716337 0.9005601753010379 0.2956397903716337 0.9221201246662132 ""
13 0.08752636217806 0.9821161333950524 0.08752636217806 0.9605561840298771 0.9153319755895555 0.9605561840298771 0.9153319755895555 0.9821161333950524 ""
13 0.6290139529602451 0.7824667669601472 0.6290139529602451 0.7393309267621423 0.7343972641778285 0.7393309267621423 0.7343972641778285 0.7824667669601472 ""
13 0.5706896690875249 0.46279723948886536 0.5706896690875249 0.44123738852781136 0.5852664437651396 0.44123738852781136 0.5852664437651396 0.46279723948886536 ""
13 0.8576717208205685 0.5021684824195133 0.8576717208205685 0.4806086314584593 0.9590767017624323 0.4806086314584593 0.9590767017624323 0.5021684824195133 ""
13 0.3075662581932174 0.5752921913574416 0.3075662581932174 0.5359129284909059 0.38178966975545026 0.5359129284909059 0.38178966975545026 0.5752921913574416 ""
13 0.3768452481008656 0.14453042586548392 0.3768452481008656 0.12297057490442992 0.44245938039906313 0.12297057490442992 0.44245938039906313 0.14453042586548392 ""
13 0.08951268341507997 0.5134179923669892 0.08951268341507997 0.4918581414059351 0.17965232955658664 0.4918581414059351 0.17965232955658664 0.5134179923669892 ""
13 0.24924195692660836 0.2434461871158303 0.24924195692660836 0.2218863361547763 0.28634938381104835 0.2218863361547763 0.28634938381104835 0.2434461871158303 ""
13 0.7920547359245868 0.23688029512576833 0.7920547359245868 0.08690043967945447 0.9749786124741735 0.0869004335291969 0.9749786124741735 0.23688029512576833 ""
13 0.2996124154517847 0.8621282489104696 0.2996124154517847 0.8405682995452942 0.44212026914051367 0.8405682995452942 0.44212026914051367 0.8621282489104696 ""
13 0.44277288785310986 0.7618298974550333 0.44277288785310986 0.7252680429860692 0.48586492573783485 0.7252680429860692 0.48586492573783485 0.7618298974550333 ""
13 0.3539612564343474 0.7252680429860692 0.3539612564343474 0.7037081920250151 0.3990310490657951 0.7037081920250151 0.3990310490657951 0.7252680429860692 ""
13 0.1591051546859415 0.718706160963951 0.1591051546859415 0.6971463100028971 0.224719286984139 0.6971463100028971 0.224719286984139 0.718706160963951 ""
13 0.3055799456531419 0.6343410112164953 0.3055799456531419 0.6127811602554414 0.38908522337649615 0.6127811602554414 0.38908522337649615 0.6343410112164953 ""
13 0.15247648276641315 0.6343410112164953 0.15247648276641315 0.6127811602554414 0.2180934676623949 0.6127811602554414 0.2180934676623949 0.6343410112164953 ""
13 0.6879994133389142 0.25376863183633114 0.6879994133389142 0.20970174104443773 0.7748361078209604 0.20970174104443773 0.7748361078209604 0.25376863183633114 ""
13 0.3711940779513394 0.3137444677202993 0.3711940779513394 0.2734421741957628 0.44742091764035335 0.2734421741957628 0.44742091764035335 0.3137444677202993 ""
13 0.33540326409545096 0.2593712212817412 0.33540326409545096 0.2218863361547763 0.37714449256599103 0.2218863361547763 0.37714449256599103 0.2593712212817412 ""
13 0.934554031819963 0.07001209066837653 0.934554031819963 0.030656992163883012 0.9880593039772727 0.030656992163883012 0.9880593039772727 0.07001209066837653 ""
