13 0.08454260577432585 0.4909189724720375 0.06863493768534928 0.4909189724720375 0.06863493768534928 0.3175130995566304 0.08454260577432585 0.3175130995566304 ""
13 0.4497492288245405 0.17359129088100816 0.4497492288245405 0.15109229558708687 0.5127130194789292 0.15109229558708687 0.5127130194789292 0.17359129088100816 ""
13 0.45006270149080935 0.3282829386147219 0.45006270149080935 0.30578396792183093 0.5209746644788401 0.30578396792183093 0.5209746644788401 0.3282829386147219 ""
13 0.5580963195644236 0.21298265745446646 0.5580963195644236 0.19048367446106032 0.593217468696566 0.19048368676157548 0.593217468696566 0.21298268205549678 ""
13 0.5580963195644236 0.2898468546500277 0.5580963195644236 0.2673518693240503 0.6290111699380165 0.2673518693240503 0.6290111699380165 0.2898468546500277 ""
13 0.5567711487425192 0.38170092704554615 0.5567711487425192 0.33577990579970274 0.6356511826731263 0.33577990579970274 0.6356511826731263 0.38170092704554615 ""
13 0.44343688216906524 0.4848246576323811 0.44343688216906524 0.46232967230640365 0.5322598891911869 0.46232967230640365 0.5322598891911869 0.4848246576323811 ""
13 0.3367284349173554 0.4848246576323811 0.3367284349173554 0.46232967230640365 0.3996922255717441 0.46232967230640365 0.3996922255717441 0.4848246576323811 ""
13 0.24195212589501994 0.36015315519038443 0.24195212589501994 0.33765418449749346 0.291650049704777 0.33765418449749346 0.291650049704777 0.36015315519038443 ""
13 0.28436875907265247 0.4660620914260883 0.28436875907265247 0.42764610650317414 0.32214306765861 0.42764610650317414 0.32214306765861 0.4660620914260883 ""
13 0.2644856133057406 0.5635631089247027 0.2644856133057406 0.5223216464662687 0.3002849675610929 0.5223216464662687 0.3002849675610929 0.5635631089247027 ""
13 0.2684639609753491 0.6076178960096735 0.2684639609753491 0.5701289763137344 0.3082359577047414 0.5701289763137344 0.3082359577047414 0.6076178960096735 ""
13 0.24261326761319107 0.6404353260561517 0.24261326761319107 0.6179363061612001 0.30557709305535763 0.6179363061612001 0.30557709305535763 0.6404353260561517 ""
13 0.14121116535994496 0.8288512224153567 0.14121116535994496 0.8063522517224657 0.1842975067460459 0.8063523009245264 0.1842975067460459 0.8288512224153567 ""
13 0.35263608561244303 0.6957275193816758 0.35263608561244303 0.6648045162768289 0.43747505716327656 0.6648045162768289 0.43747505716327656 0.6957275193816758 ""
13 0.49778283576606586 0.658246668823685 0.49778283576606586 0.6357476489287334 0.5992020796968509 0.6357476489287334 0.5992020796968509 0.658246668823685 ""
13 0.6714306209256554 0.5645062632255139 0.6714306209256554 0.5420072433305623 0.7343944115800441 0.5420072433305623 0.7343944115800441 0.5645062632255139 ""
13 0.7754858739357723 0.5757557731729898 0.7754858739357723 0.5532567532780381 0.838449664590161 0.5532567532780381 0.838449664590161 0.5757557731729898 ""
13 0.8503790197973069 0.6629302621800686 0.8503790197973069 0.6404352768540911 0.9000854666126389 0.6404352768540911 0.9000854666126389 0.6629302621800686 ""
13 0.3387176000552152 0.8522853766752317 0.3387176000552152 0.8297903913492544 0.4871758335708179 0.8297903913492544 0.4871758335708179 0.8522853766752317 ""
13 0.8205557361427758 0.8354131044374749 0.8205557361427758 0.8129141337445839 0.835138216015959 0.8129141829466445 0.835138216015959 0.8354132028415961 ""
13 0.8589968568546951 0.8738452276362858 0.8589968568546951 0.8513502423103083 0.8782274013028997 0.8513502423103083 0.8782274013028997 0.8738452276362858 ""
13 0.06300372702336848 0.9835227219052297 0.06300372702336848 0.9610238004143994 0.896124251923625 0.9610238004143994 0.896124251923625 0.9835227219052297 ""
13 0.7920547359245868 0.24296654082747632 0.7920547359245868 0.08643289094776552 0.9749786124741735 0.08643289094776552 0.9749786124741735 0.24296654082747632 ""
13 0.9338900027162297 0.07239016771604821 0.9338900027162297 0.027376057303081545 0.9875747798072813 0.027376057303081545 0.9875747798072813 0.07239016771604821 ""
13 0.1415431799118116 0.5340326717427448 0.12563551182283503 0.5340326717427448 0.12563551182283503 0.3174869240603587 0.1415431799118116 0.3174869240603587 ""
13 0.7022513397469008 0.4356066063016425 0.6863437238395911 0.4356066063016425 0.6863437238395911 0.339064881379736 0.7022513397469008 0.339064881379736 ""
13 0.4934753435362639 0.7636941143314188 0.4775676580533984 0.7636941143314188 0.4775676580533984 0.7346291778453748 0.4934753435362639 0.7346291778453748 ""
13 0.4921516338010295 0.6999516638956066 0.476243948318164 0.6999516638956066 0.476243948318164 0.6699798350274587 0.4921516338010295 0.6699798350274587 ""
13 0.12563551182283503 0.8396232263641172 0.10972784373385847 0.8396232263641172 0.10972784373385847 0.8152499031703446 0.12563551182283503 0.8152499031703446 ""
13 0.35031633222160874 0.2940588462549753 0.3344086467387432 0.2940588462549753 0.3344086467387432 0.1459492287872204 0.35031633222160874 0.1459492287872204 ""
13 0.18893417832381912 0.24579201836299627 0.18893417832381912 0.2232930476701053 0.20880593109348283 0.2232930476701053 0.20880593109348283 0.24579201836299627 ""
13 0.2721145729897674 0.24672712812688935 0.2721145729897674 0.22423214280091194 0.29198634315332006 0.22423214280091194 0.29198634315332006 0.24672712812688935 ""
13 0.28205756347517097 0.29828296616787586 0.28205756347517097 0.27578798084189843 0.30192646364705045 0.27578798084189843 0.30192646364705045 0.29828296616787586 ""
13 0.47624965351373255 0.41827085065245867 0.47624965351373255 0.3957718799595677 0.4961214062833963 0.3957718799595677 0.4961214062833963 0.41827085065245867 ""
13 0.33375321021614063 0.4145223916609986 0.33375321021614063 0.3920233963670773 0.35362496298580437 0.39202337176604696 0.35362496298580437 0.41452234245893793 ""
