13 0.12111627508616236 0.759018540910923 0.10675640220348567 0.758876740572098 0.10690595486049266 0.728579194062374 0.12126582774316935 0.7287209944011991 ""
13 0.16420709539866238 0.181692877588422 0.14984722251598567 0.18155107724959693 0.14998498211629915 0.15364366844266425 0.16434485499897586 0.15378546878148933 ""
13 0.07775960657527964 0.487900524454605 0.06339974238954742 0.4877587241157799 0.06415831597655136 0.3340784985420445 0.0785181801622836 0.3342202988808696 ""
13 0.6087461065519022 0.7183836906583787 0.6087461065519022 0.698073375229872 0.6341407669341337 0.698073375229872 0.6341407669341337 0.7183836906583787 ""
13 0.5816813893180928 0.7488512302876864 0.5816813893180928 0.7285409148591797 0.6728127393399117 0.7285409148591797 0.6728127393399117 0.7488512302876864 ""
13 0.16336792722730836 0.8347380521652056 0.14900805434463166 0.8345962518263805 0.1491228192237817 0.8113441451909512 0.16348269210645838 0.8114859455297763 ""
13 0.08294383777652109 0.9832003500037787 0.08294383777652109 0.9628899361711507 0.9119692498307922 0.9628899361711507 0.9119692498307922 0.9832003500037787 ""
13 0.9301909487211456 0.071584041154178 0.9301909487211456 0.03252317712269498 0.9892846686645056 0.03252317712269498 0.9892846686645056 0.071584041154178 ""
13 0.7926645656704189 0.24187826504874546 0.7926645656704189 0.08876663078852404 0.9771444299479909 0.0887666430890392 0.9771444299479909 0.24187826504874546 ""
13 0.18140154599667818 0.5110539809584089 0.1670416731140015 0.5109121806195839 0.1680199402151165 0.3127227377286125 0.18237981309779316 0.3128645380674375 ""
13 0.18871473702109753 0.16770254225079353 0.18871473702109753 0.14739217762022622 0.22571957474863744 0.14739217762022622 0.22571957474863744 0.16770254225079353 ""
13 0.27680535695599706 0.24031036758269095 0.27680535695599706 0.22000000295212363 0.331490439205436 0.22000000295212363 0.331490439205436 0.24031036758269095 ""
13 0.3176745428051083 0.12237001455200146 0.3176745428051083 0.08407900286316632 0.3530350666366842 0.08407900286316632 0.3530350666366842 0.12237001455200146 ""
13 0.383402674651343 0.24031036758269095 0.383402674651343 0.22000000295212363 0.4745226490698026 0.22000000295212363 0.4745226490698026 0.24031036758269095 ""
13 0.37898264396017384 0.39028617000925786 0.37898264396017384 0.34967350988607165 0.4535480193787404 0.34967350988607165 0.4535480193787404 0.39028617000925786 ""
13 0.3662810000846039 0.49887543770153164 0.3662810000846039 0.478565122273025 0.44913080649757764 0.478565122273025 0.44913080649757764 0.49887543770153164 ""
13 0.50270161882837 0.18719467661256803 0.50270161882837 0.1668843119820007 0.5203761755485894 0.1668843119820007 0.5203761755485894 0.18719467661256803 ""
13 0.30442005156383584 0.3340507977818924 0.30442005156383584 0.31374043315132505 0.32265601344311057 0.31374043315132505 0.32265601344311057 0.3340507977818924 ""
13 0.22488743370841052 0.4168560946002116 0.22488743370841052 0.39654575457067465 0.2403533839880486 0.39654577917170497 0.2403533839880486 0.4168560946002116 ""
13 0.27017668503646874 0.41529220710210096 0.27017668503646874 0.394981867072564 0.28620689307294633 0.3949818916735943 0.28620689307294633 0.4152922563041616 ""
13 0.3154659711523048 0.41763806295029726 0.3154659711523048 0.39732769831972997 0.3320319109677793 0.39732769831972997 0.3320319109677793 0.41763806295029726 ""
13 0.2745938805237425 0.5066868060541364 0.2745938805237425 0.486380525194604 0.3276146980866166 0.486380525194604 0.3276146980866166 0.5066868060541364 ""
13 0.2977942670298696 0.7261991427820184 0.2977942670298696 0.6855743789519095 0.334254780397282 0.6855743789519095 0.334254780397282 0.7261991427820184 ""
13 0.09951268237144664 0.648859309266047 0.09951268237144664 0.6285489938375403 0.17794244069936235 0.6285489938375403 0.17794244069936235 0.648859309266047 ""
13 0.18456826002110643 0.8277468329617593 0.18456826002110643 0.8074365175332527 0.22157309774864634 0.8074365175332527 0.22157309774864634 0.8277468329617593 ""
13 0.2773582217155885 0.9043007127607315 0.2773582217155885 0.8839902989281035 0.37013395520892706 0.8839902989281035 0.37013395520892706 0.9043007127607315 ""
