13 0.2825534284607438 0.4095929110064616 0.2825534284607438 0.38409915848731613 0.35371899434935167 0.38409915848731613 0.35371899434935167 0.4095929110064616 ""
13 0.10758050726702764 0.5187061806447752 0.10758050726702764 0.4932083935566556 0.20102594027189014 0.4932083935566556 0.20102594027189014 0.5187061806447752 ""
13 0.27937302544572884 0.5063280738298569 0.27937302544572884 0.4673397705373337 0.3505557069210423 0.4673397705373337 0.3505557069210423 0.5063280738298569 ""
13 0.30164151695862423 0.5794437628318975 0.30164151695862423 0.5348327464511538 0.3720148259943182 0.5348327464511538 0.3720148259943182 0.5794437628318975 ""
13 0.17597891415378314 0.3038693927363588 0.17597891415378314 0.25923820351074417 0.25671132767971644 0.25923820351074417 0.25671132767971644 0.3038693927363588 ""
13 0.3286833786223817 0.2633615576034109 0.3286833786223817 0.2176179097862505 0.3704474278751959 0.2176179097862505 0.3704474278751959 0.2633615576034109 ""
13 0.603072080832324 0.39384522566820335 0.603072080832324 0.36835147314905786 0.6623254071004916 0.36835147314905786 0.6623254071004916 0.39384522566820335 ""
13 0.6929438697812768 0.4793349377141274 0.6929438697812768 0.45384118519498184 0.7609290674426474 0.45384118519498184 0.7609290674426474 0.4793349377141274 ""
13 0.8711000813755699 0.48608221310081623 0.8711000813755699 0.4605884605816707 0.9223995301145269 0.4605884605816707 0.9223995301145269 0.48608221310081623 ""
13 0.8162211790218011 0.5693228497518642 0.8162211790218011 0.5438290972327187 0.8484183806372898 0.5438290972327187 0.8484183806372898 0.5693228497518642 ""
13 0.6030721504078798 0.6851672811020002 0.6030721504078798 0.6349455569358373 0.6758335708178969 0.6349455569358373 0.6758335708178969 0.6851672811020002 ""
13 0.8750754894779496 0.7650544037025141 0.8750754894779496 0.7395566166143944 0.9581932313559774 0.7395566166143944 0.9581932313559774 0.7650544037025141 ""
13 0.17836420771809988 0.6334421387702791 0.17836420771809988 0.6079483862511336 0.2392134580832324 0.6079483862511336 0.2392134580832324 0.6334421387702791 ""
13 0.1863180330656437 0.7178073377197954 0.1863180330656437 0.6923135852006499 0.24716443083299194 0.6923135852006499 0.24716443083299194 0.7178073377197954 ""
13 0.43525792771712024 0.7673115482353385 0.43525792771712024 0.7226843935786981 0.48654888823828013 0.7226843935786981 0.48654888823828013 0.7673115482353385 ""
13 0.18790823457315117 0.8617935764938532 0.18790823457315117 0.8362958878098549 0.33225991006385364 0.8362958878098549 0.33225991006385364 0.8617935764938532 ""
13 0.5879595048001567 0.8741675995377368 0.5879595048001567 0.8486699108537384 0.664719293245939 0.8486699108537384 0.664719293245939 0.8741675995377368 ""
13 0.2976660044929111 0.9112857325045345 0.2976660044929111 0.8857919799853889 0.35691077296772583 0.8857919799853889 0.35691077296772583 0.9112857325045345 ""
13 0.08212879492911086 0.9832769084101672 0.08212879492911086 0.9577831558910218 0.9096608720433171 0.9577831558910218 0.9096608720433171 0.9832769084101672 ""
13 0.10061074988255646 0.7912551898333585 0.08259664705656437 0.7903655181724859 0.08339608758560577 0.7579870197091646 0.10141019041159785 0.7588766913700373 ""
13 0.10127338747517545 0.7284438391934955 0.08325928464918335 0.7275541675326229 0.08405862081489117 0.6951797036382759 0.10207272364088327 0.6960693752991485 ""
13 0.10127338747517545 0.6407009679816607 0.08325928464918335 0.639811296320788 0.08405862081489117 0.607436832426441 0.10207272364088327 0.6083265040873136 ""
13 0.6683451537564121 0.5079702418064792 0.6503310683243089 0.5070805701456066 0.6511304914594613 0.47470207168228534 0.6691445768915646 0.475591743343158 ""
13 0.5203505369563087 0.7234340853769902 0.5203505369563087 0.6979362982888704 0.5796238314089662 0.6979362982888704 0.5796238314089662 0.7234340853769902 ""
13 0.852798509747257 0.7358081576229343 0.852798509747257 0.7103103705348146 0.877856981044279 0.7103103705348146 0.877856981044279 0.7358081576229343 ""
13 0.24516670790177936 0.2431076277364218 0.24516670790177936 0.2176138752172763 0.2869193467634565 0.2176138752172763 0.2869193467634565 0.2431076277364218 ""
13 0.3688401281748718 0.1497380088673922 0.3688401281748718 0.1197500909254081 0.4360501845700342 0.1197500909254081 0.4360501845700342 0.1497380088673922 ""
13 0.9343202579527643 0.0743651753325272 0.9343202579527643 0.023006852813806808 0.9904531205471644 0.023006852813806808 0.9904531205471644 0.0743651753325272 ""
13 0.7903648152518524 0.23974203457999546 0.7903648152518524 0.08600161028504132 0.9792675976061556 0.08600161028504132 0.9792675976061556 0.23974203457999546 ""
