13 0.28903144724160956 0.19459533256559028 0.2819280426388329 0.19459533256559028 0.2819280426388329 0.17161727474774688 0.28903144724160956 0.17161727474774688 ""
13 0.6089558615796966 0.37225420069375176 0.6018504392858043 0.37225420069375176 0.6018504392858043 0.3594841640469151 0.6089558615796966 0.3594841640469151 ""
13 0.608974020799738 0.7118438607642847 0.6018685985058456 0.7118438607642847 0.6018685985058456 0.699073824117448 0.608974020799738 0.699073824117448 ""
13 0.21154201994305583 0.5475890539282915 0.1983108259069177 0.5475890539282915 0.19831083820991233 0.436058742363387 0.21154201994305583 0.436058742363387 ""
13 0.26334710054833954 0.546923633313444 0.24980548965524843 0.546923633313444 0.24980548965524843 0.4367241629782345 0.26334710054833954 0.4367241629782345 ""
13 0.29365552776500453 0.5486990623441508 0.28104919052200916 0.5486990623441508 0.28104919052200916 0.4358207243872898 0.29365552776500453 0.4358207243872898 ""
13 0.295649055799297 0.8936434659090909 0.28854565119652037 0.8936434659090909 0.28854565119652037 0.8774821775256484 0.295649055799297 0.8774821775256484 ""
13 0.5649707858011238 0.3879680834661763 0.5578673319863687 0.3879680834661763 0.5578673319863687 0.37844972999118337 0.5649707858011238 0.37844972999118337 ""
13 0.4016992453244684 0.28821602639529603 0.4016992453244684 0.2792219943081629 0.42100384955780085 0.2792219943081629 0.42100384955780085 0.28821602639529603 ""
13 0.25891957266680105 0.12485038646438176 0.25891957266680105 0.09188087878658005 0.3011892665131778 0.09188087878658005 0.3011892665131778 0.12485038646438176 ""
13 0.523668648662694 0.24217725499942114 0.523668648662694 0.21475634570813443 0.558617224113712 0.21475634570813443 0.558617224113712 0.24217725499942114 ""
13 0.44543031347636564 0.29176403185892524 0.44543031347636564 0.2727871250990756 0.4947591211449305 0.2727871250990756 0.4947591211449305 0.29176403185892524 ""
13 0.5902398572143973 0.3402678825876318 0.5902398572143973 0.32265886604089483 0.6221729194750303 0.32265886604089483 0.6221729194750303 0.3402678825876318 ""
13 0.3192038033379107 0.4179823172333642 0.3192038033379107 0.40573096635437444 0.37254584784758615 0.40573096635437444 0.37254584784758615 0.4179823172333642 ""
13 0.3188772326490375 0.45297805642633227 0.3188772326490375 0.4356483161602308 0.381979439629107 0.4356483161602308 0.381979439629107 0.45297805642633227 ""
13 0.3185527042572692 0.483813038236499 0.3185527042572692 0.4729296123583998 0.35952428453657276 0.4729296123583998 0.35952428453657276 0.483813038236499 ""
13 0.42138883486507256 0.5575377322153747 0.42138883486507256 0.4788515357829866 0.4971175067873161 0.4788515357829866 0.4971175067873161 0.5575377322153747 ""
13 0.4391130702290365 0.6055286545534696 0.4391130702290365 0.5684867678425121 0.49957667856152993 0.5684867678425121 0.49957667856152993 0.6055286545534696 ""
13 0.42156417714422495 0.7476489028213166 0.42156417714422495 0.6693901786032346 0.50042332143847 0.6693901786032346 0.50042332143847 0.7476489028213166 ""
13 0.1644285386955755 0.8252778291090767 0.1644285386955755 0.6902849703441152 0.28429750097636564 0.6902849703441152 0.28429750097636564 0.8252778291090767 ""
13 0.13947590030361823 0.9101453266377529 0.13947590030361823 0.8845312249527999 0.27851238685181917 0.8845312249527999 0.27851238685181917 0.9101453266377529 ""
13 0.26424711381588895 0.16805357999630416 0.26424711381588895 0.15906240050695533 0.2707115500907075 0.15906240050695533 0.2707115500907075 0.16805357999630416 ""
13 0.3784398188684237 0.1741607309440902 0.3784398188684237 0.16516955145474138 0.3877242491433179 0.16516955145474138 0.3877242491433179 0.1741607309440902 ""
13 0.19501714200844714 0.3211399272963273 0.19501714200844714 0.3121487478069785 0.20148155367727652 0.3121487478069785 0.20148155367727652 0.3211399272963273 ""
13 0.252453143306856 0.32058422733284053 0.252453143306856 0.31159304784349173 0.26075387534487754 0.31159304784349173 0.26075387534487754 0.32058422733284053 ""
13 0.34560976987691494 0.3209376015803113 0.34560976987691494 0.31194356949317825 0.3539125196060522 0.31194356949317825 0.3539125196060522 0.3209376015803113 ""
13 0.45339852017612375 0.32100028915600953 0.45339852017612375 0.31200625706887647 0.46170126990526106 0.31200625706887647 0.46170126990526106 0.32100028915600953 ""
13 0.5448336871346503 0.3202051797053113 0.5448336871346503 0.31121114761817825 0.5531344683846503 0.31121114761817825 0.5531344683846503 0.3202051797053113 ""
13 0.4667708418634096 0.45432034283494227 0.4667708418634096 0.44532916334559347 0.47507359159254686 0.44532916334559347 0.47507359159254686 0.45432034283494227 ""
13 0.5231102895554072 0.4466742675642099 0.5231102895554072 0.43768308807486106 0.5314130392845444 0.43768308807486106 0.5314130392845444 0.4466742675642099 ""
13 0.4449667366395384 0.15697920400554824 0.4449667366395384 0.13744657119137843 0.49175167871900827 0.13744656249443396 0.49175167871900827 0.1569791866116593 ""
13 0.5614876111797017 0.44621259896427046 0.5614876111797017 0.43721856687713734 0.5697903609088389 0.43721856687713734 0.5697903609088389 0.44621259896427046 ""
13 0.6124471069655816 0.3642946875445284 0.6124471069655816 0.3553035080551795 0.6314251159040516 0.3553035080551795 0.6314251159040516 0.3642946875445284 ""
13 0.26758314462180005 0.8634083645402892 0.26758314462180005 0.853143326201375 0.28861117694580224 0.853143326201375 0.28861117694580224 0.8634083645402892 ""
13 0.31935294023854816 0.8336876352548803 0.31935294023854816 0.8234225969159661 0.35982664293205757 0.8234225969159661 0.35982664293205757 0.8336876352548803 ""
13 0.31935294023854816 0.8634083645402892 0.31935294023854816 0.843878645202515 0.3817577150602827 0.843878645202515 0.3817577150602827 0.8634083645402892 ""
13 0.31980446014065966 0.896654348082609 0.31980446014065966 0.8863893097436948 0.3715783157456284 0.8863893097436948 0.3715783157456284 0.896654348082609 ""
13 0.45431971920038805 0.8576603104294315 0.45431971920038805 0.8473952720905172 0.49592825011653396 0.8473952720905172 0.49592825011653396 0.8576603104294315 ""
13 0.17659846411383795 0.2813379956840891 0.16793287446772323 0.2813379956840891 0.16793287446772323 0.2685708116350367 0.17659846411383795 0.2685708116350367 ""
13 0.5983773531199607 0.24677971279767205 0.5912738993052056 0.24677971279767205 0.5912738993052056 0.2340125287486196 0.5983773531199607 0.2340125287486196 ""
13 0.6087109335630417 0.27619123091959963 0.6016055112691494 0.27619123091959963 0.6016055112691494 0.26342404687054716 0.6087109335630417 0.26342404687054716 ""
