13 0.36306289645169826 0.4362168528137468 0.3544758983351391 0.4362168528137468 0.3544758983351391 0.41649900117332217 0.36306289645169826 0.41649900117332217 ""
13 0.5460955314736192 0.8671302393176474 0.5375106002601542 0.8671302393176474 0.5375106002601542 0.8006297840152109 0.5460955314736192 0.8006297840152109 ""
13 0.6055432077233672 0.8693673021605158 0.5888288513688017 0.8693673021605158 0.5888288513688017 0.7936021658592192 0.6055432077233672 0.7936021658592192 ""
13 0.47277563825967545 0.48794812223924194 0.46419070704621046 0.48794812223924194 0.46419070704621046 0.3674323363805571 0.47277563825967545 0.3674323363805571 ""
13 0.4982785649944568 0.48756625680170634 0.4896915668778976 0.48756625680170634 0.4896915668778976 0.37511824365693575 0.4982785649944568 0.37511824365693575 ""
13 0.598963910690889 0.5571387859789114 0.598963910690889 0.5272812711509689 0.7284015516339951 0.5272812711509689 0.7284015516339951 0.5571387859789114 ""
13 0.49975408774377644 0.3830863493872898 0.49975408774377644 0.357836962765389 0.5940274079224199 0.357836962765389 0.5940274079224199 0.3830863493872898 ""
13 0.6463817680249697 0.7485266680322029 0.6377947699084106 0.7485266680322029 0.6377947699084106 0.7315759753936306 0.6463817680249697 0.7315759753936306 ""
13 0.6475680227650675 0.6643131807272371 0.6389830915516025 0.6643131807272371 0.6389830915516025 0.6473624880886648 0.6475680227650675 0.6473624880886648 ""
13 0.517238463924864 0.548275869026521 0.517238463924864 0.5361384829077906 0.5292279782301955 0.5361384829077906 0.5292279782301955 0.548275869026521 ""
13 0.6620792080572213 0.6917056336162368 0.6534942768437563 0.6917056336162368 0.6534942768437563 0.6567782871945355 0.6620792080572213 0.6567782871945355 ""
13 0.6620842768909998 0.8869706135116843 0.6534972787744406 0.8869706135116843 0.6534972787744406 0.851650026049088 0.6620842768909998 0.851650026049088 ""
13 0.36295605724652286 0.9329082220495512 0.35437107682107943 0.9329082220495512 0.35437107682107943 0.915957529410979 0.36295605724652286 0.915957529410979 ""
13 0.3638611147418615 0.8856127073908164 0.35527411662530234 0.8856127073908164 0.35527411662530234 0.8724893660720647 0.3638611147418615 0.8724893660720647 ""
13 0.3635527278790188 0.7335038444669065 0.35496572976245966 0.7335038444669065 0.35496572976245966 0.7110045012601525 0.3635527278790188 0.7110045012601525 ""
