13 0.7266384187796 0.7966087343482829 0.7266384187796 0.7608976888670205 0.8066908603039349 0.7608976888670205 0.8066908603039349 0.7966087343482829 ""
13 0.7260338238581973 0.8142319443083855 0.7260338238581973 0.7997435305865275 0.7638411792907346 0.7997435305865275 0.7638411792907346 0.8142319443083855 ""
13 0.7834743759604242 0.8140780431791464 0.7834743759604242 0.7995896294572884 0.8308746079579806 0.7995896294572884 0.8308746079579806 0.8140780431791464 ""
13 0.7276662498268087 0.832884037586385 0.7276662498268087 0.8183927016911869 0.7715840091728385 0.8183927016911869 0.7715840091728385 0.832884037586385 ""
13 0.800479641368148 0.8325733827301225 0.800479641368148 0.8180849690082644 0.8374043118324265 0.8180849690082644 0.8374043118324265 0.8325733827301225 ""
13 0.4116888449875302 0.3404673557058635 0.4116888449875302 0.32474494992786407 0.4828456523484734 0.32474494992786407 0.4828456523484734 0.3404673557058635 ""
13 0.4159089057304262 0.4052151331843118 0.4159089057304262 0.38949272740631236 0.4870657130913694 0.38949272740631236 0.4870657130913694 0.4052151331843118 ""
13 0.6865820371542473 0.34296379622043316 0.6865820371542473 0.3272413904424337 0.7281741134969518 0.3272413904424337 0.7281741134969518 0.34296379622043316 ""
13 0.6871059898982266 0.3766286593959283 0.6871059898982266 0.3609062536179289 0.7341797662232971 0.3609062536179289 0.7341797662232971 0.3766286593959283 ""
13 0.7658484757595224 0.376717020351685 0.7658484757595224 0.36830436160809704 0.8182990532736296 0.36830436160809704 0.8182990532736296 0.376717020351685 ""
13 0.6439096803676693 0.3959817611855229 0.6439096803676693 0.38734110334586064 0.663603395571972 0.38734110334586064 0.663603395571972 0.3959817611855229 ""
13 0.25854091190705614 0.48238816564325665 0.25854091190705614 0.47480192535043814 0.30866585561989873 0.47480192535043814 0.30866585561989873 0.48238816564325665 ""
13 0.3794881135693773 0.48446565694909516 0.3794881135693773 0.4687432511710958 0.44478033051189036 0.4687432511710958 0.44478033051189036 0.48446565694909516 ""
13 0.41415155572979645 0.5100541200417676 0.41415155572979645 0.49433171426376815 0.4802902449239218 0.49433171426376815 0.4802902449239218 0.5100541200417676 ""
13 0.21993953361957125 0.6730778222071815 0.21993953361957125 0.657355416429182 0.2673518693240503 0.657355416429182 0.2673518693240503 0.6730778222071815 ""
13 0.2968964028963875 0.6729239210779424 0.2968964028963875 0.657201515299943 0.3386134524731711 0.657201515299943 0.3386134524731711 0.6729239210779424 ""
13 0.4829746109494659 0.6963237111267455 0.4829746109494659 0.687623287884725 0.5269246468472893 0.687623287884725 0.5269246468472893 0.6963237111267455 ""
13 0.3934260241113714 0.7838415502992305 0.3934260241113714 0.7642917932014106 0.5508262698855049 0.7642917932014106 0.5508262698855049 0.7838415502992305 ""
13 0.3934260487124018 0.8206611431096823 0.3934260487124018 0.7884554532763964 0.6474002221571443 0.7884554532763964 0.6474002221571443 0.8206611431096823 ""
