13 0.810440527914609 0.3837036237175834 0.7998075910067275 0.38367739373307924 0.7998295395491081 0.36589172485038474 0.8104624764569895 0.36591795483488887 ""
13 0.33362429095381474 0.252732962616219 0.33362429095381474 0.23834995586126745 0.34982664588477624 0.23834995586126745 0.34982664588477624 0.252732962616219 ""
13 0.2774521147765068 0.27463948730051296 0.2774521147765068 0.2602564805455614 0.2883894277709887 0.2602564805455614 0.2883894277709887 0.27463948730051296 ""
13 0.31324733310446484 0.274904535380005 0.31324733310446484 0.26052152862505346 0.32529732893128904 0.26052152862505346 0.32529732893128904 0.274904535380005 ""
13 0.3731586354030185 0.27517240126950343 0.3731586354030185 0.26078939451455185 0.3852247727587684 0.26078939451455185 0.3852247727587684 0.27517240126950343 ""
13 0.6995122010273886 0.2530122562907434 0.6995122010273886 0.2386292495357919 0.7157145559583501 0.2386292495357919 0.7157145559583501 0.2530122562907434 ""
13 0.642469268103709 0.2741008855298429 0.642469268103709 0.25971787877489133 0.6541019955654102 0.25971787877489133 0.6541019955654102 0.2741008855298429 ""
13 0.679556546925393 0.27539469517000925 0.679556546925393 0.26101168841505773 0.6911892743870943 0.26101168841505773 0.6911892743870943 0.27539469517000925 ""
13 0.7394759199884096 0.2746537502894343 0.7394759199884096 0.26027074353448276 0.7511086474501109 0.26027074353448276 0.7511086474501109 0.2746537502894343 ""
13 0.15886514913985336 0.4527500573302579 0.15886514913985336 0.43771728446049446 0.19627090327995866 0.43771728446049446 0.19627090327995866 0.4527500573302579 ""
13 0.15845796923030891 0.5290624053772442 0.15845796923030891 0.5140296325074808 0.19586374797640344 0.5140296325074808 0.19586374797640344 0.5290624053772442 ""
13 0.5239488124559061 0.45354231418317187 0.5239488124559061 0.43850954131340836 0.5613545419900222 0.43850954131340836 0.5613545419900222 0.45354231418317187 ""
13 0.5230800241886716 0.5297777116655387 0.5230800241886716 0.5147477913935594 0.5604857537227877 0.5147477913935594 0.5604857537227877 0.5297777116655387 ""
13 0.20952228653024843 0.4953833140006056 0.20952228653024843 0.47342832994175693 0.26313243789842017 0.47342832994175693 0.26313243789842017 0.4953833140006056 ""
13 0.42564808238636365 0.4951040377199701 0.42564808238636365 0.4731490536611214 0.46603507357387625 0.4731490536611214 0.46603507357387625 0.4951040377199701 ""
13 0.5760028318540868 0.4953804614028213 0.5760028318540868 0.47342547734397267 0.6296129832222587 0.47342547734397267 0.6296129832222587 0.4953804614028213 ""
13 0.792070139273836 0.4948731860261114 0.792070139273836 0.47291820196726275 0.8327353749874017 0.47291820196726275 0.8327353749874017 0.4948731860261114 ""
13 0.22970340531142916 0.40243395470798304 0.21907046840354769 0.4024077247234789 0.2191818843227172 0.3121428338847428 0.22981482123059868 0.3121690638692469 ""
13 0.24504243450476215 0.38461840312410944 0.23440949759688068 0.3845921731396053 0.23443144613926123 0.3668065042569108 0.2450643830471427 0.36683273424141494 ""
13 0.24497995989814303 0.3163339957853911 0.23434702299026153 0.316307765800887 0.2343689715326421 0.2985220969181925 0.24500190844052358 0.2985483269026966 ""
13 0.259900342790957 0.39074265226471216 0.2492674058830755 0.39071642228020803 0.24928935442545605 0.3729307533975135 0.25992229133333755 0.37295698338201766 ""
13 0.26017145158013755 0.3397295417252957 0.2495405323633718 0.33970331174079155 0.24956248090575237 0.32191764285809704 0.2601934001225181 0.3219438728426012 ""
13 0.4291857346679097 0.36964689153115204 0.41855486466312236 0.3696206615466479 0.41857681320550294 0.3518349926639534 0.4292076832102903 0.35186122264845754 ""
13 0.42945891036018446 0.42142662033120193 0.41882597345230294 0.4214003903466978 0.4188479219946835 0.4036147214640033 0.429480858902565 0.4036409514485074 ""
13 0.4443792932529984 0.38422227469765247 0.43374635634511693 0.38419604471314833 0.43376830488749746 0.3664103758304538 0.44440124179537893 0.36643660581495796 ""
13 0.4449215108313596 0.31710057925824664 0.43428857392347814 0.3170743492737425 0.4343105224658587 0.299288680391048 0.4449434593737402 0.29931491037555213 ""
13 0.46011497099249143 0.40685116758914575 0.44948203408460996 0.4068249376046416 0.44959679641831285 0.3138641331331042 0.4602297333261943 0.3138903631176083 ""
13 0.610993828030513 0.3833830195568538 0.6003629580257257 0.3833567895723497 0.6003849065681063 0.3655711206896552 0.6110157765728935 0.3655973506741593 ""
13 0.6264574619532353 0.39105327233319676 0.6158245250453538 0.3910270423486926 0.6158464735877344 0.37324137346599817 0.6264794104956158 0.3732676034505023 ""
13 0.6264574619532353 0.3408082063533058 0.6158245250453538 0.34078197636880164 0.6158464735877344 0.32299630748610714 0.6264794104956158 0.32302253747061127 ""
13 0.6115370790604213 0.31664461585387577 0.6009041421525398 0.31661838586937163 0.6009260906949204 0.2988327169866771 0.6115590276028019 0.29885894697118126 ""
13 0.5955308830754888 0.40371070094311057 0.5848979461676074 0.40368447095860643 0.5850093620867769 0.3134024645331647 0.5956422989946584 0.31342869451766886 ""
13 0.7957448961272929 0.42205784456041606 0.7851140261225056 0.42203161457591193 0.7851359746648862 0.4042459456932174 0.7957668446696734 0.40427217567772156 ""
13 0.79480356940385 0.37091793257071104 0.7841726993990626 0.3708917025862069 0.7841946479414432 0.3531060337035124 0.7948255179462306 0.35313226368801653 ""
13 0.8114242261514816 0.3167643205974815 0.8007912892436001 0.31673809061297736 0.8008132377859807 0.29895242173028286 0.8114461746938622 0.298978651714787 ""
13 0.8266590735864745 0.4038004534099815 0.816026136678593 0.40377422342547736 0.8161367652061077 0.31418470250605585 0.8267697021139891 0.31421093249056 ""
13 0.24447199385677032 0.6025380188666642 0.23383905694888885 0.6025117193066044 0.2338610054912694 0.5847261199994657 0.24449394239915087 0.5847524195595255 ""
13 0.260674373393721 0.5932162859121188 0.25004143648583954 0.593189986352059 0.2500633850282201 0.5754043870449203 0.2606963219361016 0.5754306866049801 ""
13 0.26029642539936504 0.6446226722802081 0.24966550618259928 0.6445963727201481 0.24968745472497983 0.6268107734130094 0.2603183739417456 0.6268370729730692 ""
13 0.23034074964409898 0.651814140869906 0.2197098304273332 0.6517878413098461 0.21982252585794196 0.5605084692932459 0.23045344507470772 0.5605347688533058 ""
13 0.43814462770547774 0.6089302034723212 0.42751169079759627 0.6089039039122613 0.42753363933997685 0.5911183046051225 0.4381665762478583 0.5911446041651824 ""
13 0.4374512309293741 0.5630681192001816 0.42681829402149263 0.5630418892156775 0.4268402425638732 0.545256220332983 0.4374731794717547 0.5452824503174871 ""
13 0.4374512309293741 0.67333886969222 0.42681829402149263 0.6733125701321602 0.4268402425638732 0.6555269708250214 0.4374731794717547 0.6555532703850813 ""
13 0.45214479581359607 0.6832462200992092 0.4415139258088087 0.6832199205391494 0.4415358743511893 0.6654343212320105 0.4521667443559766 0.6654606207920704 ""
13 0.45304886906936603 0.648727838793994 0.44241593216148456 0.6487015392339341 0.44243788070386514 0.6309159399267954 0.4530708176117466 0.6309422394868552 ""
13 0.45237161382218805 0.5956700070354802 0.44173867691430657 0.5956437074754204 0.44176062545668715 0.5778581081682815 0.4523935623645686 0.5778844077283414 ""
13 0.4679700393538349 0.6666260809258335 0.45733710244595344 0.6665997813657737 0.4574482230932524 0.5765685948186805 0.46808116000113387 0.5765948943787403 ""
13 0.43757052076509273 0.7576192191062269 0.42693758385721126 0.757592919546167 0.4269950634480196 0.7110470119246937 0.43762800035590105 0.7110733114847535 ""
13 0.611391952936026 0.6030310312544528 0.6007590160281445 0.603004731694393 0.6007809645705251 0.5852191323872542 0.6114139014784066 0.585245431947314 ""
13 0.6263062827554928 0.594153886100919 0.6156733458476114 0.5941275865408592 0.6156952943899919 0.5763419872337204 0.6263282312978734 0.5763682867937803 ""
13 0.6264624815750353 0.6456486334247649 0.6158316115702479 0.645622333864705 0.6158535601126285 0.6278367345575663 0.6264844301174158 0.6278630341176261 ""
13 0.5953776861866307 0.6500872060015318 0.5847447492787492 0.650060906441472 0.5848540982948246 0.5614745258843331 0.5954870352027061 0.561500825444393 ""
13 0.8028432811082695 0.6095542962070747 0.792210344200388 0.6095279966470148 0.7922322927427686 0.591742397339876 0.8028652296506501 0.5917686968999358 ""
13 0.8036263913210542 0.6741467810451696 0.7929955213162668 0.6741204814851097 0.7930174698586474 0.656334882177971 0.8036483398634348 0.6563611817380308 ""
13 0.8182282742894578 0.5957939211002066 0.8075974042846704 0.5957676215401467 0.807619352827051 0.577982022233008 0.8182502228318383 0.5780083217930678 ""
13 0.8185437722831839 0.6841339346145625 0.8079108353753024 0.6841076350545027 0.807932783917683 0.6663220357473639 0.8185657208255644 0.6663483353074238 ""
13 0.8186989376511792 0.6481778440260758 0.8080680676463918 0.648151544466016 0.8080900161887724 0.6303630229855371 0.8187208861935598 0.630389322545597 ""
13 0.802730388829747 0.5623784515041679 0.7920974519218655 0.5623522215196637 0.7921194004642461 0.5445665526369692 0.8027523373721276 0.5445927826214734 ""
13 0.8342253168464019 0.6664208330364776 0.8235943484176578 0.6663945334764177 0.8237045832493449 0.5770444916197635 0.8343355516780891 0.5770707911798233 ""
13 0.8029695590449254 0.7575523569971858 0.792338689040138 0.757526057437126 0.7923962670549033 0.7108774562954189 0.8030271370596905 0.7109037558554787 ""
