13 0.6971840315397602 0.5247221430607011 0.6971840315397602 0.5160216502431249 0.7107236247417356 0.5160216502431249 0.7107236247417356 0.5247221430607011 ""
13 0.5641695163682977 0.2287190117432406 0.5580175269445424 0.2287190117432406 0.5580175269445424 0.22232686192536158 0.5641695163682977 0.22232686192536158 ""
13 0.08584862316695223 0.43984184362977347 0.07969663374319694 0.43984184362977347 0.07969663374319694 0.41993015449112997 0.08584862316695223 0.41993015449112997 ""
13 0.2410179281205906 0.4488173338313088 0.2410179281205906 0.4401196936115168 0.24960694392826546 0.4401196936115168 0.24960694392826546 0.4488173338313088 ""
13 0.33704998598442854 0.30492875323943786 0.33089799656067326 0.30492875323943786 0.33089799656067326 0.2935152312023547 0.33704998598442854 0.2935152312023547 ""
13 0.9658223794030941 0.6805343040885936 0.9596704884032957 0.6805343040885936 0.9596704884032957 0.6636662672102095 0.9658223794030941 0.6636662672102095 ""
13 0.9730174659216891 0.5413223140495868 0.9668655749218907 0.5413223140495868 0.9668655749218907 0.5244514245734183 0.9730174659216891 0.5244514245734183 ""
13 0.9659402913034166 0.4722171586678897 0.9597884003036182 0.4722171586678897 0.9597884003036182 0.4553462691917213 0.9659402913034166 0.4553462691917213 ""
13 0.9733713000466135 0.2639512556439691 0.9672172437197641 0.2639512556439691 0.9672172437197641 0.24708036616780066 0.9733713000466135 0.24708036616780066 ""
13 0.6598044827781697 0.2666429251678719 0.6598044827781697 0.25794528494807994 0.673392500566922 0.25794528494807994 0.673392500566922 0.2666429251678719 ""
13 0.5576415966413022 0.6001339746900827 0.5514896072175469 0.6001339746900827 0.5514896072175469 0.5825962035123967 0.5576415966413022 0.5825962035123967 ""
13 0.5645121793741181 0.6061969277661015 0.5583601899503629 0.6061969277661015 0.5583601899503629 0.5882629933741806 0.5645121793741181 0.5882629933741806 ""
13 0.5648044493140244 0.7435636349164648 0.5586504914111319 0.7435636349164648 0.5586504914111319 0.7363479540333785 0.5648044493140244 0.7363479540333785 ""
13 0.5577897246963818 0.7650171183697279 0.5516357667934892 0.7650171183697279 0.5516357667934892 0.753760350059668 0.5577897246963818 0.753760350059668 ""
13 0.6766780890949405 0.7309319144743873 0.670524131192048 0.7309319144743873 0.670524131192048 0.719677929186556 0.6766780890949405 0.719677929186556 ""
13 0.7394607626990526 0.6809874496829581 0.7333068047961601 0.6809874496829581 0.7333068047961601 0.6631361710512255 0.7394607626990526 0.6631361710512255 ""
13 0.7463928604049083 0.7004631088139427 0.740240870981153 0.7004631088139427 0.740240870981153 0.6842904100393631 0.7463928604049083 0.6842904100393631 ""
13 0.7463928604049083 0.765253675259155 0.740240870981153 0.765253675259155 0.740240870981153 0.7539996899713237 0.7463928604049083 0.7539996899713237 ""
13 0.7393337957946986 0.7309618319633443 0.7331818063709433 0.7309618319633443 0.7331818063709433 0.719707846675513 0.7393337957946986 0.719707846675513 ""
13 0.7871114419030941 0.697822716474601 0.7809574840002016 0.697822716474601 0.7809574840002016 0.6803676010571031 0.7871114419030941 0.6803676010571031 ""
13 0.7799042492378049 0.700750942887931 0.7737502913349124 0.700750942887931 0.7737502913349124 0.6836520543156882 0.7799042492378049 0.6836520543156882 ""
13 0.7736061494500857 0.7083642480719222 0.7674541600263304 0.7083642480719222 0.7674541600263304 0.691481878629061 0.7736061494500857 0.691481878629061 ""
13 0.7802912522361923 0.6476389813470718 0.7741392628124371 0.6476389813470718 0.7741392628124371 0.6363849960592405 0.7802912522361923 0.6363849960592405 ""
13 0.7733874022059565 0.6576931361766173 0.7672354127822012 0.6576931361766173 0.7672354127822012 0.646439150888786 0.7733874022059565 0.646439150888786 ""
13 0.7876386006160553 0.630112620560523 0.7814866111922999 0.630112620560523 0.7814866111922999 0.6188586352726917 0.7876386006160553 0.6188586352726917 ""
13 0.6894688728330982 0.4528085007970576 0.6833168834093428 0.4528085007970576 0.6833168834093428 0.441554585084782 0.6894688728330982 0.441554585084782 ""
13 0.6953779027193359 0.47375606559694716 0.6892239448164432 0.47375606559694716 0.6892239448164432 0.46250214988467153 0.6953779027193359 0.46250214988467153 ""
13 0.6893307348096402 0.4775035441788081 0.6831767769067476 0.4775035441788081 0.6831767769067476 0.4662496284665325 0.6893307348096402 0.4662496284665325 ""
13 0.6897026789426275 0.4976873781036264 0.6835506895188722 0.4976873781036264 0.6835506895188722 0.4864334623913508 0.6897026789426275 0.4864334623913508 ""
13 0.7633611997801603 0.5031504507382801 0.757209210356405 0.5031504507382801 0.757209210356405 0.4435408976248575 0.7633611997801603 0.4435408976248575 ""
13 0.7701491556011892 0.45245370025069465 0.763997166177434 0.45245370025069465 0.763997166177434 0.39200910131759403 0.7701491556011892 0.39200910131759403 ""
13 0.7355825635267588 0.41866200083713306 0.7294305741030034 0.41866200083713306 0.7294305741030034 0.4074080851248575 0.7355825635267588 0.4074080851248575 ""
13 0.7424551639506903 0.3855742321085067 0.7363031745269351 0.3855742321085067 0.7363031745269351 0.367654630281063 0.7424551639506903 0.367654630281063 ""
13 0.7353104212860311 0.3682288373423696 0.7291584318622758 0.3682288373423696 0.7291584318622758 0.3509219178585423 0.7353104212860311 0.3509219178585423 ""
13 0.7632956986368675 0.2811114228869069 0.7571437092131122 0.2811114228869069 0.7571437092131122 0.26424053341073844 0.7632956986368675 0.26424053341073844 ""
13 0.7428381315668464 0.3251524539576803 0.7366861421430911 0.3251524539576803 0.7366861421430911 0.3138956856476204 0.7428381315668464 0.3138956856476204 ""
13 0.7423472912939679 0.21030351014244622 0.7361933333910754 0.21030351014244622 0.7361933333910754 0.19904674183238635 0.7423472912939679 0.19904674183238635 ""
13 0.7428038800298579 0.268686237481966 0.7366518906061026 0.268686237481966 0.7366518906061026 0.2574294691719062 0.7428038800298579 0.2574294691719062 ""
13 0.6571679018217094 0.2726788307466069 0.6510159123979541 0.2726788307466069 0.6510159123979541 0.2614220624365471 0.6571679018217094 0.2614220624365471 ""
13 0.6502086391037594 0.2723211776024598 0.644056649680004 0.2723211776024598 0.644056649680004 0.26106726189018414 0.6502086391037594 0.26106726189018414 ""
13 0.5645051420612024 0.2914619521899045 0.5583531526374471 0.2914619521899045 0.5583531526374471 0.266349385898315 0.5645051420612024 0.266349385898315 ""
13 0.5643257643998186 0.25177542903070677 0.5581737749760632 0.25177542903070677 0.5581737749760632 0.2406554462631804 0.5643257643998186 0.2406554462631804 ""
13 0.5576657597227122 0.26372470024067574 0.5515118018198196 0.26372470024067574 0.5515118018198196 0.24641778075684845 0.5576657597227122 0.24641778075684845 ""
13 0.5577635439238561 0.21073952275621616 0.5516115545001008 0.21073952275621616 0.5516115545001008 0.19835138633469293 0.5577635439238561 0.19835138633469293 ""
13 0.5509040338861872 0.2465787959866593 0.544752044462432 0.2465787959866593 0.544752044462432 0.229271876502832 0.5509040338861872 0.229271876502832 ""
13 0.31540111994652037 0.4489099388959639 0.3092491305227651 0.4489099388959639 0.3092491305227651 0.4375078272500178 0.31540111994652037 0.4375078272500178 ""
13 0.5486293086071357 0.5420119817456006 0.5424773191833804 0.5420119817456006 0.5424773191833804 0.5247022096639891 0.5486293086071357 0.5247022096639891 ""
13 0.5438560911831032 0.4894927343638679 0.5377041017593479 0.4894927343638679 0.5377041017593479 0.4731234150688408 0.5438560911831032 0.4731234150688408 ""
13 0.5644345720841312 0.4579566744665503 0.5582825826603759 0.4579566744665503 0.5582825826603759 0.43757479372239244 0.5644345720841312 0.43757479372239244 ""
13 0.5575488812739368 0.37382730400844255 0.5513968918501814 0.37382730400844255 0.5513968918501814 0.3574579847134155 0.5575488812739368 0.3574579847134155 ""
13 0.4935607602581385 0.31417642301492593 0.48740877083438316 0.31417642301492593 0.48740877083438316 0.30226133079670137 0.4935607602581385 0.30226133079670137 ""
13 0.49314152341387824 0.38893560114393344 0.48698953399012296 0.38893560114393344 0.48698953399012296 0.3725634292511221 0.49314152341387824 0.3725634292511221 ""
13 0.3256168130952681 0.372968080683154 0.3194648236715128 0.372968080683154 0.3194648236715128 0.3565959087903427 0.3256168130952681 0.3565959087903427 ""
13 0.28359605804178845 0.36685948604258695 0.27744406861803317 0.36685948604258695 0.27744406861803317 0.35049016674755984 0.28359605804178845 0.35049016674755984 ""
13 0.2748256468816141 0.37185807226729484 0.2686716397667431 0.37185807226729484 0.2686716397667431 0.35548590037448347 0.2748256468816141 0.35548590037448347 ""
13 0.26723241085151683 0.3727814094671737 0.26108042142776156 0.3727814094671737 0.26108042142776156 0.35641209017214665 0.26723241085151683 0.35641209017214665 ""
13 0.27485084341457117 0.4349429939641814 0.2686988539908159 0.4349429939641814 0.2686988539908159 0.42455543307165505 0.27485084341457117 0.42455543307165505 ""
13 0.1986293135283335 0.4502308308211919 0.1924773241045782 0.4502308308211919 0.1924773241045782 0.4381248232780885 0.1986293135283335 0.4381248232780885 ""
13 0.187131623735449 0.4566286858346395 0.180977616620578 0.4566286858346395 0.180977616620578 0.43439157289737107 0.187131623735449 0.43439157289737107 ""
13 0.03787441826520296 0.4193516685331469 0.03172243499294497 0.4193516685331469 0.03172243499294497 0.40671271223327515 0.03787441826520296 0.40671271223327515 ""
13 0.029958677685950414 0.3772399502284305 0.023804676722576724 0.3772399502284305 0.023804676722576724 0.3608706309334034 0.029958677685950414 0.3608706309334034 ""
13 0.3192057964230372 0.23765460036357403 0.3192057964230372 0.22895696014378206 0.3273896500122833 0.22895696014378206 0.3273896500122833 0.23765460036357403 ""
13 0.06707518842282302 0.4038244569767028 0.06707518842282302 0.3951268167569108 0.07525901740607992 0.3951268167569108 0.07525901740607992 0.4038244569767028 ""
13 0.051386818773346166 0.4804673584888857 0.051386818773346166 0.4717668656713095 0.05957065698384902 0.4717668656713095 0.05957065698384902 0.4804673584888857 ""
13 0.06458375819674712 0.48068965238939154 0.06458375819674712 0.4719891595718153 0.07276758718000403 0.4719891595718153 0.07276758718000403 0.48068965238939154 ""
13 0.3010562219294875 0.4718153250458642 0.3010562219294875 0.46311768482607224 0.3090909140121069 0.46311768482607224 0.3090909140121069 0.4718153250458642 ""
13 0.18633944621563822 0.4805500142490738 0.18633944621563822 0.4718523740292819 0.19923401801630847 0.4718523740292819 0.19923401801630847 0.4805500142490738 ""
13 0.793628338146921 0.7567626048642776 0.793628338146921 0.748062181622257 0.8180326566751915 0.748062181622257 0.8180326566751915 0.7567626048642776 ""
13 0.7958959769010784 0.8162467828263038 0.7958959769010784 0.8075491426065118 0.8083853864833199 0.8075491426065118 0.8083853864833199 0.8162467828263038 ""
13 0.720423305690637 0.8166599920516885 0.720423305690637 0.807959568809668 0.7276758718000403 0.807959568809668 0.7276758718000403 0.8166599920516885 ""
13 0.6623986922212004 0.8168195983764962 0.6623986922212004 0.8081219581567042 0.6753275647708376 0.8081219581567042 0.6753275647708376 0.8168195983764962 ""
13 0.6935013515577757 0.7988287511800014 0.6935013515577757 0.7901311109602095 0.7179056700860461 0.7901311109602095 0.7179056700860461 0.7988287511800014 ""
13 0.6697802921380518 0.8063807602994086 0.6697802921380518 0.7976831200796167 0.6941846106663223 0.7976831200796167 0.6941846106663223 0.8063807602994086 ""
13 0.6678975894791876 0.7963864404477772 0.6678975894791876 0.7876888002279852 0.6922999395283209 0.7876888002279852 0.6922999395283209 0.7963864404477772 ""
13 0.5944406409053115 0.7994870055126104 0.5944406409053115 0.7907893652928185 0.6194719200388027 0.7907893652928185 0.6194719200388027 0.7994870055126104 ""
13 0.5944406409053115 0.7717697043539826 0.5944406409053115 0.7630720641341906 0.6187058863825338 0.7630720641341906 0.6187058863825338 0.7717697043539826 ""
13 0.5947208046985235 0.7568452606244657 0.5947208046985235 0.7481476204046736 0.6150372810263808 0.7481476204046736 0.6150372810263808 0.7568452606244657 ""
13 0.567010671519099 0.7560444459781989 0.567010671519099 0.747346805758407 0.5895988711953235 0.747346805758407 0.5895988711953235 0.7560444459781989 ""
13 0.6596573389626588 0.7323938360510474 0.6596573389626588 0.7236934128090268 0.6684780939767688 0.7236934128090268 0.6684780939767688 0.7323938360510474 ""
13 0.7079137191972384 0.7313251555152821 0.7079137191972384 0.7226275152954902 0.7167365411144426 0.7226275152954902 0.7167365411144426 0.7313251555152821 ""
13 0.6839729775057952 0.731860887294279 0.6839729775057952 0.7231604640522585 0.6927957994229994 0.7231604640522585 0.6927957994229994 0.731860887294279 ""
13 0.687393652914609 0.6838301677383157 0.687393652914609 0.6751325275185238 0.6996774548509626 0.6751325275185238 0.6996774548509626 0.6838301677383157 ""
13 0.7950998255140093 0.5997805308670562 0.7950998255140093 0.5910801076250356 0.816569240072566 0.5910801076250356 0.816569240072566 0.5997805308670562 ""
13 0.602088280777565 0.6107124509074879 0.602088280777565 0.6020148106876959 0.6109111026947692 0.6020148106876959 0.6109111026947692 0.6107124509074879 ""
13 0.5656440056660703 0.6107124509074879 0.5656440056660703 0.6020148106876959 0.5774440538544396 0.6020148106876959 0.5774440538544396 0.6107124509074879 ""
13 0.6232896869015824 0.5249871911401931 0.6232896869015824 0.5162895509204011 0.6321104419156924 0.5162895509204011 0.6321104419156924 0.5249871911401931 ""
13 0.6553356414407377 0.5249871911401931 0.6553356414407377 0.5162895509204011 0.6641563964548478 0.5162895509204011 0.6641563964548478 0.5249871911401931 ""
13 0.6532332565101542 0.45402680356538544 0.6532332565101542 0.44532916334559347 0.6672646742245767 0.44532916334559347 0.6672646742245767 0.45402680356538544 ""
13 0.6170409467282302 0.4553063676105194 0.6170409467282302 0.44660872739072743 0.6258617017423402 0.44660872739072743 0.6258617017423402 0.4553063676105194 ""
13 0.6984801274157176 0.37159305897558065 0.6984801274157176 0.3628954187557887 0.7102801756040868 0.3628954187557887 0.7102801756040868 0.37159305897558065 ""
13 0.658264443125126 0.4033542305834105 0.658264443125126 0.3946537377658343 0.6670872650423302 0.3946537377658343 0.6670872650423302 0.4033542305834105 ""
13 0.6318746673270258 0.4031319366829047 0.6318746673270258 0.39443144386532847 0.6406954223411359 0.39443144386532847 0.6406954223411359 0.4031319366829047 ""
13 0.618208058008718 0.4031319366829047 0.618208058008718 0.39443144386532847 0.6270288130228281 0.39443144386532847 0.6270288130228281 0.4031319366829047 ""
13 0.6147510641598216 0.37825592728074237 0.6147510641598216 0.3695582870609504 0.6235738860770258 0.3695582870609504 0.6235738860770258 0.37825592728074237 ""
13 0.6507256601491634 0.37314904670356586 0.6507256601491634 0.3644485538859896 0.6595464151632735 0.3644485538859896 0.6595464151632735 0.37314904670356586 ""
13 0.7062547834043036 0.36137648001122114 0.7062547834043036 0.35267883979142917 0.7150776053215078 0.35267883979142917 0.7150776053215078 0.36137648001122114 ""
13 0.6817496295322264 0.3611541861107153 0.6817496295322264 0.35245654589092335 0.6901027723272778 0.35245654589092335 0.6901027723272778 0.3611541861107153 ""
13 0.7943620395333603 0.3218751669813337 0.7943620395333603 0.31317752676154176 0.8168514215568937 0.31317752676154176 0.8168514215568937 0.3218751669813337 ""
13 0.694603896722561 0.30293245660711743 0.694603896722561 0.29423481638732546 0.7030235741124521 0.29423481638732546 0.7030235741124521 0.30293245660711743 ""
13 0.6557408036591665 0.3032544870667391 0.6557408036591665 0.29455684684694716 0.6643216994904001 0.29455684684694716 0.6643216994904001 0.3032544870667391 ""
13 0.7090687243310321 0.2766999152013127 0.7090687243310321 0.26800227498152074 0.7176778678378855 0.26800227498152074 0.7176778678378855 0.2766999152013127 ""
13 0.6920499426778876 0.27716443639903643 0.6920499426778876 0.2684639435814602 0.7005644023382382 0.2684639435814602 0.7005644023382382 0.27716443639903643 ""
13 0.6744869749672445 0.27731832013438656 0.6744869749672445 0.26861782731681033 0.683430759927434 0.26861782731681033 0.683430759927434 0.27731832013438656 ""
13 0.6907981867944971 0.26689371025844255 0.6907981867944971 0.25819607003865064 0.7032352348316872 0.25819607003865064 0.7032352348316872 0.26689371025844255 ""
13 0.794265239571785 0.18343118671407452 0.794265239571785 0.17473069389649828 0.8169119030783865 0.17473069389649828 0.8169119030783865 0.18343118671407452 ""
13 0.7084438798408839 0.16576517039331898 0.7084438798408839 0.157067530173527 0.718040707754863 0.157067530173527 0.718040707754863 0.16576517039331898 ""
13 0.6942632514078563 0.1790310720257285 0.6942632514078563 0.17033057920815226 0.7190283921619885 0.17033057920815226 0.7190283921619885 0.1790310720257285 ""
13 0.6705885988837936 0.18381019955382588 0.6705885988837936 0.1751125593340339 0.6910905059463818 0.1751125593340339 0.6910905059463818 0.18381019955382588 ""
13 0.6687361615916649 0.17039328417773938 0.6687361615916649 0.16169564395794742 0.6938319084169018 0.16169564395794742 0.6938319084169018 0.17039328417773938 ""
13 0.6047046848228683 0.23799658161379666 0.6047046848228683 0.2292989413940047 0.6135859705704495 0.2292989413940047 0.6135859705704495 0.23799658161379666 ""
13 0.594652252412568 0.21757196408454155 0.594652252412568 0.20887147126696531 0.6197339246119734 0.20887147126696531 0.6197339246119734 0.21757196408454155 ""
13 0.5667244546525398 0.20091479332163723 0.5667244546525398 0.192214300504061 0.5791615026897299 0.192214300504061 0.5791615026897299 0.20091479332163723 ""
13 0.591735556874874 0.18473638935148903 0.591735556874874 0.1760358965339128 0.6149767995048881 0.1760358965339128 0.6149767995048881 0.18473638935148903 ""
13 0.5926083313123615 0.17579083403279958 0.5926083313123615 0.16709034121522334 0.6175972881444013 0.16709034121522334 0.6175972881444013 0.17579083403279958 ""
13 0.5943539786112931 0.16591907152255805 0.5943539786112931 0.1572214313027661 0.6194516939156672 0.1572214313027661 0.6194516939156672 0.16591907152255805 ""
13 0.3029207653683103 0.28658877590437093 0.3029207653683103 0.27789113568457896 0.31896795493127644 0.27789113568457896 0.31896795493127644 0.28658877590437093 ""
13 0.3103849921969487 0.26036477489803006 0.3103849921969487 0.2516642820804538 0.31896795493127644 0.2516642820804538 0.31896795493127644 0.26036477489803006 ""
13 0.2301451320298327 0.23770589494202407 0.2301451320298327 0.22900540212444784 0.23598063922029328 0.22900540212444784 0.23598063922029328 0.23770589494202407 ""
13 0.45996172489165493 0.23812482675686628 0.45996172489165493 0.22942433393929004 0.47239670602575085 0.22942433393929004 0.47239670602575085 0.23812482675686628 ""
