13 0.7526184709483975 0.28842976250244906 0.7526184709483975 0.23128241873018487 0.8431767788752268 0.23128241873018487 0.8431767788752268 0.28842976250244906 ""
13 0.3604515366341841 0.21427187371980977 0.3604515366341841 0.17284697051332287 0.43234425786761743 0.17284697051332287 0.43234425786761743 0.21427187371980977 ""
13 0.36624671460831987 0.2589341623214413 0.36624671460831987 0.22057851517971644 0.43704897221767286 0.22057851517971644 0.43704897221767286 0.2589341623214413 ""
13 0.5308063048024592 0.41490450337524937 0.5308063048024592 0.38728982616129953 0.6412215476025499 0.38728982616129953 0.6412215476025499 0.41490450337524937 ""
13 0.5313948800645031 0.43907094647246364 0.5313948800645031 0.42525219747435167 0.5908083047772626 0.42525219747435167 0.5908083047772626 0.43907094647246364 ""
13 0.5421568015678543 0.5182957968571886 0.5421568015678543 0.49417499532452264 0.5739165392404505 0.49417499532452264 0.5739165392404505 0.5182957968571886 ""
13 0.46606533894061175 0.6171844386755486 0.46606533894061175 0.5923339982901111 0.5408788649119382 0.5923339982901111 0.5408788649119382 0.6171844386755486 ""
13 0.46569039287694014 0.6624394414363066 0.46569039287694014 0.6371188094453548 0.4979842773634348 0.6371188094453548 0.4979842773634348 0.6624394414363066 ""
13 0.6642531964164231 0.3248218657047058 0.6642531964164231 0.31101167449994654 0.7377141803725308 0.31101167449994654 0.7377141803725308 0.3248218657047058 ""
13 0.8139246375636212 0.49028213861899755 0.8139246375636212 0.4653462594511435 0.8513607308884298 0.4653462594511435 0.8513607308884298 0.49028213861899755 ""
13 0.19656319782585416 0.44288973999893133 0.19656319782585416 0.4294699372372827 0.22207217763398257 0.4294699372372827 0.22207217763398257 0.44288973999893133 ""
13 0.22653698358918312 0.4423197422587454 0.22653698358918312 0.4334995794853413 0.24255189009429803 0.4334995794853413 0.24255189009429803 0.4423197422587454 ""
13 0.394952627565322 0.6576232127431249 0.394952627565322 0.6468822776031277 0.4047167762059691 0.6468822776031277 0.4047167762059691 0.6576232127431249 ""
13 0.6481877492094588 0.6383879371571317 0.6535957519432826 0.6308481733355301 0.6604516695065259 0.6406773903934525 0.6550436667727021 0.6482171542150541 ""
13 0.7029894702113989 0.7164604771881234 0.7083974729452227 0.7089207133665218 0.715254866867819 0.7187518785400043 0.7098468641339951 0.7262916423616058 ""
13 0.5597740008787291 0.4838987553211385 0.5651834799719059 0.4763569738084212 0.5753116988289911 0.4908775314370191 0.5699022197358143 0.4984193129497364 ""
13 0.48098665686101594 0.4013434274477237 0.48639465959483974 0.3938036636261221 0.4966771087923302 0.40854540194633443 0.4912691060585063 0.416085165767936 ""
13 0.4444219108263203 0.37298610075208394 0.44983138991949706 0.36544431923936666 0.4566887838420933 0.3752754844128491 0.45127930474891653 0.3828172659255664 ""
13 0.4329299788349123 0.3570053609357189 0.4383394579280891 0.34946357942300155 0.44519537549133237 0.35929272690536834 0.43978589639815563 0.3668345084180856 ""
13 0.5531275294956914 0.31272493777162297 0.5585370085888681 0.3051831562589057 0.5653929261521115 0.3150123037412724 0.5599834470589347 0.32255408525398976 ""
13 0.42758885517977724 0.2927972462551653 0.4223400039842018 0.2850318663002725 0.43256438304714273 0.2712181441360608 0.4378132342427182 0.2789835240909536 ""
13 0.5956654286245213 0.6274494770144629 0.5904180537882987 0.6196862365079082 0.5982349828663576 0.6091250846038757 0.6034823577025801 0.6168883251104303 ""
13 0.6481991171764765 0.552881248998112 0.642951742340254 0.5451179389160017 0.6531775977625479 0.5313022512423411 0.6584249725987704 0.5390655613244514 ""
13 0.5642165138077001 0.6709675956023796 0.5589676626121246 0.6632022678291536 0.5691920416750655 0.6493885978466087 0.574440892870641 0.6571539256198347 ""
13 0.5239121495319744 0.7289071962275577 0.5186632983363989 0.7211418684543317 0.5288876773993398 0.7073281984717869 0.5341365285949153 0.7150935262450129 ""
13 0.45562536220016125 0.7589063668869336 0.45037798736393875 0.7511431263803791 0.4934091381525902 0.6930057920258621 0.49865651298881275 0.7007690325324166 ""
13 0.6181048112779681 0.6472769797306925 0.6128559600823926 0.6395116519574665 0.6205869650461097 0.6290666912314762 0.6258358162416852 0.6368320190047022 ""
13 0.3731435027196508 0.5649458590855657 0.3655462559133113 0.5649458590855657 0.3655462559133113 0.5442277196806427 0.3731435027196508 0.5442277196806427 ""
13 0.10982463754393645 0.8893074477014463 0.10982463754393645 0.8758877145153534 0.20070550538339674 0.8758877145153534 0.20070550538339674 0.8893074477014463 ""
13 0.7507196267606078 0.21555997816440758 0.7507196267606078 0.2017497869596484 0.8241806107167153 0.2017497869596484 0.8241806107167153 0.21555997816440758 ""
