13 0.3467909557832342 0.33643771345780493 0.3467909557832342 0.32077514265771945 0.362834109963969 0.32077514265771945 0.362834109963969 0.33643771345780493 ""
13 0.2209715763423453 0.46218293723505627 0.2209715763423453 0.4246480381363102 0.2974803565466892 0.4246480381363102 0.2974803565466892 0.46218293723505627 ""
13 0.25706912845979896 0.7040951615488743 0.25706912845979896 0.6884325907487888 0.27311228264053367 0.6884325907487888 0.27311228264053367 0.7040951615488743 ""
13 0.2992602307766201 0.6709575071468011 0.2992602307766201 0.6552949363467155 0.31108645973751514 0.6552949363467155 0.31108645973751514 0.6709575071468011 ""
13 0.6522737213546916 0.6754060986035908 0.6522737213546916 0.6624166206540325 0.7201370396120994 0.6624166206540325 0.7201370396120994 0.6754060986035908 ""
13 0.6515944484163979 0.7308235853341408 0.6515944484163979 0.7178341073845825 0.7248740370200061 0.7178341073845825 0.7248740370200061 0.7308235853341408 ""
13 0.6513223061756702 0.7749216161789327 0.6513223061756702 0.7512026134805144 0.7378956249370087 0.7512026134805144 0.7378956249370087 0.7749216161789327 ""
13 0.6023229234907277 0.44449098662590836 0.5931353423893873 0.4444230113079759 0.5931981368738661 0.4274668222005023 0.6023857179752066 0.42753479751843476 ""
13 0.26605299657642106 0.5789751785030457 0.25686748237817475 0.5789072031851132 0.2569302768626537 0.5619510140776396 0.2661157910609 0.5620189893955722 ""
13 0.6022352769571407 0.6006593397112782 0.5930476958558002 0.60059129481779 0.5931346042097108 0.5771120494843617 0.6023221853110512 0.5771800943778498 ""
13 0.41574481148269 0.33643771345780493 0.41574481148269 0.32077514265771945 0.4272727174303316 0.32077514265771945 0.4272727174303316 0.33643771345780493 ""
13 0.48458173952139183 0.3354773272745084 0.48458173952139183 0.3198147564744229 0.5006248444901481 0.3198147564744229 0.5006248444901481 0.3354773272745084 ""
13 0.4635799371818938 0.3063750203160623 0.4635799371818938 0.29071530211376106 0.49251766316329876 0.29071530211376106 0.49251766316329876 0.3063750203160623 ""
