0 0.0939 0.5542 0.2167 0.5542 0.2167 0.9158 0.0939 0.9158
0 0.6705 0.1168 0.9757 0.1168 0.9757 0.3092 0.6705 0.3092
0 0.2602 0.4091 0.4155 0.4091 0.4155 0.8665 0.2602 0.8665
0 0.1205 0.2038 0.2661 0.2038 0.2661 0.3722 0.1205 0.3722
1 0.7410 0.7708 0.7538 0.7708 0.7538 0.7740 0.7410 0.7740
1 0.6714 0.4495 0.6977 0.4495 0.6977 0.4545 0.6714 0.4545
1 0.4629 0.1383 0.4654 0.1383 0.4654 0.1885 0.4629 0.1885
1 0.4468 0.2251 0.4804 0.2251 0.4804 0.2405 0.4468 0.2405
2 0.8762 0.4375 0.9573 0.4375 0.9573 0.5489 0.8762 0.5489
2 0.5571 0.2590 0.5878 0.2590 0.5878 0.3890 0.5571 0.3890
2 0.5407 0.6984 0.6258 0.6984 0.6258 0.8020 0.5407 0.8020
2 0.2739 0.1259 0.3647 0.1259 0.3647 0.1801 0.2739 0.1801
3 0.0120 0.5747 0.0186 0.5747 0.0186 0.6217 0.0120 0.6217
3 0.7213 0.6923 0.8544 0.6923 0.8544 0.7249 0.7213 0.7249
3 0.4936 0.5878 0.5815 0.5878 0.5815 0.6094 0.4936 0.6094
3 0.6997 0.4700 0.7115 0.4700 0.7115 0.5540 0.6997 0.5540
4 0.4346 0.3483 0.4720 0.3483 0.4720 0.3577 0.4346 0.3577
4 0.7465 0.8390 0.7684 0.8390 0.7684 0.8742 0.7465 0.8742
4 0.6808 0.0354 0.7238 0.0354 0.7238 0.0506 0.6808 0.0506
4 0.0876 0.2563 0.1135 0.2563 0.1135 0.2749 0.0876 0.2749
6 0.2710 0.9138 0.3181 0.9138 0.3181 0.9582 0.2710 0.9582
6 0.7104 0.9607 0.7721 0.9607 0.7721 0.9897 0.7104 0.9897
6 0.0596 0.0986 0.1038 0.0986 0.1038 0.1130 0.0596 0.1130
6 0.8771 0.5883 0.9514 0.5883 0.9514 0.7977 0.8771 0.7977
7 0.4296 0.2439 0.4398 0.2439 0.4398 0.3153 0.4296 0.3153
7 0.2045 0.0847 0.2618 0.0847 0.2618 0.2001 0.2045 0.2001
7 0.7724 0.4784 0.7881 0.4784 0.7881 0.5212 0.7724 0.5212
7 0.9563 0.3571 0.9720 0.3571 0.9720 0.3985 0.9563 0.3985
9 0.8247 0.8871 0.9535 0.8871 0.9535 0.9609 0.8247 0.9609
9 0.6131 0.4882 0.6703 0.4882 0.6703 0.5210 0.6131 0.5210
9 0.5944 0.2451 0.6247 0.2451 0.6247 0.4013 0.5944 0.4013
9 0.4839 0.6154 0.5158 0.6154 0.5158 0.7754 0.4839 0.7754
12 0.4830 0.9491 0.5190 0.9491 0.5190 0.9805 0.4830 0.9805
12 0.5937 0.6595 0.6478 0.6595 0.6478 0.6889 0.5937 0.6889
12 0.0842 0.4083 0.1721 0.4083 0.1721 0.4597 0.0842 0.4597
12 0.9200 0.0468 0.9857 0.0468 0.9857 0.0852 0.9200 0.0852
13 0.0359 0.5883 0.0432 0.5883 0.0432 0.8793 0.0359 0.8793
13 0.6641 0.0807 0.6767 0.0807 0.6767 0.1129 0.6641 0.1129
13 0.2079 0.4671 0.2433 0.4671 0.2433 0.5285 0.2079 0.5285
13 0.2982 0.2382 0.3112 0.2382 0.3112 0.2822 0.2982 0.2822
15 0.4703 0.0571 0.4935 0.0571 0.4935 0.1041 0.4703 0.1041
15 0.4799 0.3979 0.5784 0.3979 0.5784 0.5449 0.4799 0.5449
15 0.7456 0.9019 0.7741 0.9019 0.7741 0.9401 0.7456 0.9401
15 0.8463 0.4247 0.8732 0.4247 0.8732 0.4645 0.8463 0.4645
