0 0.3054 0.0459 0.4881 0.0459 0.4881 0.5841 0.3054 0.5841
0 0.2119 0.4995 0.2638 0.4995 0.2638 0.9009 0.2119 0.9009
0 0.8159 0.7535 0.9324 0.7535 0.9324 0.9261 0.8159 0.9261
0 0.0062 0.7035 0.1655 0.7035 0.1655 0.8877 0.0062 0.8877
1 0.7031 0.5943 0.7055 0.5943 0.7055 0.6153 0.7031 0.6153
1 0.6807 0.7579 0.6830 0.7579 0.6830 0.7757 0.6807 0.7757
1 0.2708 0.5967 0.2789 0.5967 0.2789 0.6265 0.2708 0.6265
1 0.0556 0.9407 0.0587 0.9407 0.0587 0.9677 0.0556 0.9677
2 0.3611 0.9155 0.4669 0.9155 0.4669 0.9313 0.3611 0.9313
2 0.7380 0.8040 0.7529 0.8040 0.7529 0.8152 0.7380 0.8152
2 0.3586 0.6976 0.5283 0.6976 0.5283 0.7392 0.3586 0.7392
2 0.5599 0.4478 0.6769 0.4478 0.6769 0.5430 0.5599 0.5430
3 0.4696 0.9591 0.5681 0.9591 0.5681 0.9893 0.4696 0.9893
3 0.8754 0.2327 0.9540 0.2327 0.9540 0.2569 0.8754 0.2569
3 0.6062 0.5507 0.6181 0.5507 0.6181 0.6345 0.6062 0.6345
3 0.6042 0.2163 0.7175 0.2163 0.7175 0.2441 0.6042 0.2441
4 0.8865 0.0330 0.8921 0.0330 0.8921 0.0670 0.8865 0.0670
4 0.7102 0.4726 0.8126 0.4726 0.8126 0.4870 0.7102 0.4870
4 0.8359 0.1270 0.8510 0.1270 0.8510 0.1350 0.8359 0.1350
4 0.1211 0.9736 0.1489 0.9736 0.1489 0.9936 0.1211 0.9936
6 0.8542 0.2730 0.9244 0.2730 0.9244 0.3718 0.8542 0.3718
6 0.0948 -0.0002 0.2950 -0.0002 0.2950 0.1410 0.0948 0.1410
6 0.1350 0.1979 0.2244 0.1979 0.2244 0.4497 0.1350 0.4497
6 0.7445 0.3382 0.7763 0.3382 0.7763 0.3682 0.7445 0.3682
7 0.0699 0.6331 0.0750 0.6331 0.0750 0.6517 0.0699 0.6517
7 0.0354 0.3744 0.0503 0.3744 0.0503 0.4216 0.0354 0.4216
7 0.0511 0.5908 0.0583 0.5908 0.0583 0.6348 0.0511 0.6348
7 0.2797 0.5336 0.2858 0.5336 0.2858 0.5496 0.2797 0.5496
9 0.5388 0.6418 0.8612 0.6418 0.8612 0.7478 0.5388 0.7478
9 0.8851 0.4966 0.9306 0.4966 0.9306 0.7246 0.8851 0.7246
9 0.4993 0.0331 0.5904 0.0331 0.5904 0.3337 0.4993 0.3337
9 0.2874 0.7403 0.3600 0.7403 0.3600 0.9797 0.2874 0.9797
12 0.7691 0.1260 0.7989 0.1260 0.7989 0.3352 0.7691 0.3352
12 0.0377 0.4458 0.0632 0.4458 0.0632 0.5758 0.0377 0.5758
12 0.0134 0.1575 0.1175 0.1575 0.1175 0.2141 0.0134 0.2141
12 0.4026 0.8123 0.7380 0.8123 0.7380 0.8741 0.4026 0.8741
13 0.5902 0.0400 0.8292 0.0400 0.8292 0.1032 0.5902 0.1032
13 0.3703 0.7991 0.3849 0.7991 0.3849 0.8213 0.3703 0.8213
13 0.5345 0.4754 0.5364 0.4754 0.5364 0.6114 0.5345 0.6114
13 0.7225 0.3691 0.7341 0.3691 0.7341 0.3801 0.7225 0.3801
15 0.9419 0.5623 0.9546 0.5623 0.9546 0.6121 0.9419 0.6121
15 0.1299 0.5508 0.1793 0.5508 0.1793 0.6084 0.1299 0.6084
15 0.0794 0.2267 0.1209 0.2267 0.1209 0.2881 0.0794 0.2881
15 0.6388 0.2516 0.7397 0.2516 0.7397 0.3560 0.6388 0.3560
