0 0.0551 0.1423 0.1721 0.1423 0.1721 0.2061 0.0551 0.2061
0 0.8668 0.4962 0.8923 0.4962 0.8923 0.8358 0.8668 0.8358
0 0.1642 0.2618 0.3206 0.2618 0.3206 0.7226 0.1642 0.7226
0 0.4056 0.4876 0.5856 0.4876 0.5856 0.9828 0.4056 0.9828
1 0.3951 0.6251 0.3984 0.6251 0.3984 0.6517 0.3951 0.6517
1 0.1068 0.6051 0.1430 0.6051 0.1430 0.6217 0.1068 0.6217
1 0.8042 0.0562 0.8144 0.0562 0.8144 0.0606 0.8042 0.0606
1 0.0625 0.2140 0.0824 0.2140 0.0824 0.2568 0.0625 0.2568
2 0.0234 0.9007 0.2686 0.9007 0.2686 0.9609 0.0234 0.9609
2 0.9248 0.3487 0.9704 0.3487 0.9704 0.5445 0.9248 0.5445
2 0.5311 0.0563 0.6198 0.0563 0.6198 0.0989 0.5311 0.0989
2 0.0076 0.6138 0.0544 0.6138 0.0544 0.6546 0.0076 0.6546
3 0.6905 0.3171 0.7758 0.3171 0.7758 0.3397 0.6905 0.3397
3 0.6888 0.7227 0.7815 0.7227 0.7815 0.7449 0.6888 0.7449
3 0.4768 0.4650 0.5246 0.4650 0.5246 0.4838 0.4768 0.4838
3 0.4060 0.1240 0.4835 0.1240 0.4835 0.1424 0.4060 0.1424
4 0.7404 0.9643 0.7570 0.9643 0.7570 0.9725 0.7404 0.9725
4 0.8602 0.1103 0.8718 0.1103 0.8718 0.1513 0.8602 0.1513
4 0.2208 0.1808 0.2327 0.1808 0.2327 0.1980 0.2208 0.1980
4 0.3379 0.6394 0.3675 0.6394 0.3675 0.6550 0.3379 0.6550
6 0.7290 0.0999 0.7681 0.0999 0.7681 0.1125 0.7290 0.1125
6 0.1653 0.0455 0.1790 0.0455 0.1790 0.0649 0.1653 0.0649
6 0.6202 0.0783 0.6466 0.0783 0.6466 0.0869 0.6202 0.0869
6 0.3374 0.1818 0.4095 0.1818 0.4095 0.3850 0.3374 0.3850
7 0.0336 0.3576 0.0430 0.3576 0.0430 0.3932 0.0336 0.3932
7 0.1053 0.4431 0.1230 0.4431 0.1230 0.5673 0.1053 0.5673
7 0.9129 0.1774 0.9297 0.1774 0.9297 0.1850 0.9129 0.1850
7 0.9745 0.0418 0.9781 0.0418 0.9781 0.0534 0.9745 0.0534
9 0.4257 0.2878 0.4760 0.2878 0.4760 0.3358 0.4257 0.3358
9 0.0057 0.6762 0.1201 0.6762 0.1201 0.7418 0.0057 0.7418
9 0.2685 0.8222 0.3178 0.8222 0.3178 0.9814 0.2685 0.9814
9 0.8042 0.0926 0.8492 0.0926 0.8492 0.3182 0.8042 0.3182
12 0.9027 0.6003 0.9167 0.6003 0.9167 0.7501 0.9027 0.7501
12 0.7179 0.4746 0.7855 0.4746 0.7855 0.5142 0.7179 0.5142
12 0.5402 0.3454 0.6541 0.3454 0.6541 0.4074 0.5402 0.4074
12 0.6730 0.5263 0.6838 0.5263 0.6838 0.6021 0.6730 0.6021
13 0.3440 0.5343 0.3674 0.5343 0.3674 0.5561 0.3440 0.5561
13 0.9844 0.7952 0.9896 0.7952 0.9896 0.8284 0.9844 0.8284
13 0.8050 0.6323 0.8161 0.6323 0.8161 0.6545 0.8050 0.6545
13 0.6399 0.1819 0.6550 0.1819 0.6550 0.2045 0.6399 0.2045
15 0.2270 0.0615 0.3112 0.0615 0.3112 0.1601 0.2270 0.1601
15 0.7845 0.8768 0.8815 0.8768 0.8815 0.9904 0.7845 0.9904
15 0.9143 0.0955 0.9554 0.0955 0.9554 0.1737 0.9143 0.1737
15 0.8839 0.0151 0.9401 0.0151 0.9401 0.0633 0.8839 0.0633
