0 0.3502 0.7023 0.5887 0.7023 0.5887 0.7613 0.3502 0.7613
0 0.8227 0.5464 0.9953 0.5464 0.9953 0.7152 0.8227 0.7152
0 0.0539 0.2335 0.1426 0.2335 0.1426 0.4777 0.0539 0.4777
0 0.7845 0.3935 0.8949 0.3935 0.8949 0.4537 0.7845 0.4537
1 0.7448 0.6128 0.7463 0.6128 0.7463 0.6256 0.7448 0.6256
1 0.2836 0.4226 0.3093 0.4226 0.3093 0.4366 0.2836 0.4366
1 0.4022 0.9163 0.4201 0.9163 0.4201 0.9197 0.4022 0.9197
1 0.7764 0.7615 0.7938 0.7615 0.7938 0.7965 0.7764 0.7965
2 0.1891 0.4096 0.2381 0.4096 0.2381 0.5492 0.1891 0.5492
2 0.3300 0.0075 0.4032 0.0075 0.4032 0.0645 0.3300 0.0645
2 0.6365 0.0467 0.6618 0.0467 0.6618 0.0969 0.6365 0.0969
2 0.2553 0.0895 0.5587 0.0895 0.5587 0.1781 0.2553 0.1781
3 0.5870 0.5146 0.5964 0.5146 0.5964 0.5814 0.5870 0.5814
3 0.3526 0.3270 0.4949 0.3270 0.4949 0.3606 0.3526 0.3606
3 0.2019 0.2814 0.2176 0.2814 0.2176 0.3986 0.2019 0.3986
3 0.4331 0.6215 0.4692 0.6215 0.4692 0.6357 0.4331 0.6357
4 0.5211 0.9463 0.5306 0.9463 0.5306 0.9609 0.5211 0.9609
4 0.0454 0.8898 0.0632 0.8898 0.0632 0.9018 0.0454 0.9018
4 0.3385 0.4479 0.3544 0.4479 0.3544 0.4573 0.3385 0.4573
4 0.4505 0.8083 0.4746 0.8083 0.4746 0.8285 0.4505 0.8285
6 0.9126 0.3523 0.9449 0.3523 0.9449 0.3977 0.9126 0.3977
6 0.7459 0.7536 0.7695 0.7536 0.7695 0.7612 0.7459 0.7612
6 0.2611 0.7803 0.3089 0.7803 0.3089 0.8253 0.2611 0.8253
6 0.7336 0.1138 0.8192 0.1138 0.8192 0.3550 0.7336 0.3550
7 0.8411 0.7616 0.8594 0.7616 0.8594 0.8256 0.8411 0.8256
7 0.2574 0.2651 0.2714 0.2651 0.2714 0.3785 0.2574 0.3785
7 0.1817 0.2139 0.2043 0.2139 0.2043 0.2733 0.1817 0.2733
7 0.6886 0.2527 0.7183 0.2527 0.7183 0.3501 0.6886 0.3501
9 0.0440 0.6154 0.1118 0.6154 0.1118 0.8390 0.0440 0.8390
9 0.2339 0.8650 0.3895 0.8650 0.3895 0.9542 0.2339 0.9542
9 0.6748 0.4107 0.7103 0.4107 0.7103 0.5837 0.6748 0.5837
9 0.6485 0.6803 0.7438 0.6803 0.7438 0.9877 0.6485 0.9877
12 0.1596 0.2538 0.1716 0.2538 0.1716 0.6694 0.1596 0.6694
12 0.4434 0.5759 0.4898 0.5759 0.4898 0.6165 0.4434 0.6165
12 0.3496 0.2160 0.6121 0.2160 0.6121 0.2616 0.3496 0.2616
12 0.7005 0.0124 0.7335 0.0124 0.7335 0.1760 0.7005 0.1760
13 0.6602 0.3455 0.6635 0.3455 0.6635 0.3573 0.6602 0.3573
13 0.4096 0.1810 0.4204 0.1810 0.4204 0.1854 0.4096 0.1854
13 0.5585 0.0792 0.5620 0.0792 0.5620 0.1904 0.5585 0.1904
13 0.7331 0.5391 0.7521 0.5391 0.7521 0.5913 0.7331 0.5913
15 0.6193 0.5935 0.6892 0.5935 0.6892 0.6669 0.6193 0.6669
15 0.0122 0.9079 0.0787 0.9079 0.0787 0.9733 0.0122 0.9733
15 0.6013 0.7666 0.6432 0.7666 0.6432 0.8106 0.6013 0.8106
15 0.3756 0.4735 0.4309 0.4735 0.4309 0.5397 0.3756 0.5397
