0 0.5011 0.0631 0.6078 0.0631 0.6078 0.4189 0.5011 0.4189
0 0.0562 0.2440 0.1406 0.2440 0.1406 0.3916 0.0562 0.3916
0 0.3699 0.5440 0.4969 0.5440 0.4969 0.7604 0.3699 0.7604
0 0.8202 0.7403 0.8392 0.7403 0.8392 0.9925 0.8202 0.9925
1 0.3854 0.5016 0.4041 0.5016 0.4041 0.5064 0.3854 0.5064
1 0.2431 0.4647 0.2549 0.4647 0.2549 0.4697 0.2431 0.4697
1 0.7591 0.3199 0.7929 0.3199 0.7929 0.3265 0.7591 0.3265
1 0.3279 0.2491 0.3321 0.2491 0.3321 0.2825 0.3279 0.2825
2 0.8511 0.3195 0.9844 0.3195 0.9844 0.3673 0.8511 0.3673
2 0.2166 0.1855 0.3326 0.1855 0.3326 0.2061 0.2166 0.2061
2 0.2819 0.0551 0.4158 0.0551 0.4158 0.1349 0.2819 0.1349
2 0.8288 0.5364 0.9761 0.5364 0.9761 0.6528 0.8288 0.6528
3 0.0103 0.3815 0.0215 0.3815 0.0215 0.4613 0.0103 0.4613
3 0.7316 0.6348 0.7404 0.6348 0.7404 0.7016 0.7316 0.7016
3 0.1439 0.4626 0.2207 0.4626 0.2207 0.4830 0.1439 0.4830
3 0.1827 0.7143 0.2716 0.7143 0.2716 0.7421 0.1827 0.7421
4 0.5420 0.4243 0.5666 0.4243 0.5666 0.4881 0.5420 0.4881
4 0.3476 0.8071 0.3564 0.8071 0.3564 0.8153 0.3476 0.8153
4 0.5905 0.4607 0.6120 0.4607 0.6120 0.4721 0.5905 0.4721
4 0.3119 0.4891 0.3321 0.4891 0.3321 0.5341 0.3119 0.5341
6 0.8828 0.1247 0.9597 0.1247 0.9597 0.2329 0.8828 0.2329
6 0.7816 0.2572 0.8327 0.2572 0.8327 0.2812 0.7816 0.2812
6 0.9276 0.8172 0.9990 0.8172 0.9990 0.9176 0.9276 0.9176
6 0.7105 0.4907 0.7303 0.4907 0.7303 0.5189 0.7105 0.5189
7 0.0490 0.1755 0.0661 0.1755 0.0661 0.2105 0.0490 0.2105
7 0.1151 0.0718 0.1264 0.0718 0.1264 0.1134 0.1151 0.1134
7 0.4294 0.2299 0.4449 0.2299 0.4449 0.2377 0.4294 0.2377
7 0.0419 0.8951 0.0541 0.8951 0.0541 0.9701 0.0419 0.9701
9 0.2362 0.7627 0.3293 0.7627 0.3293 0.8161 0.2362 0.8161
9 0.2011 0.9079 0.3223 0.9079 0.3223 0.9477 0.2011 0.9477
9 0.1040 0.8074 0.1640 0.8074 0.1640 0.9786 0.1040 0.9786
9 0.0013 0.5690 0.0481 0.5690 0.0481 0.8002 0.0013 0.8002
12 0.6256 0.0675 0.6513 0.0675 0.6513 0.2481 0.6256 0.2481
12 0.1802 0.9163 0.1941 0.9163 0.1941 0.9733 0.1802 0.9733
12 0.8859 0.7604 0.9001 0.7604 0.9001 0.9252 0.8859 0.9252
12 0.7450 0.0387 0.7521 0.0387 0.7521 0.3005 0.7450 0.3005
13 0.9833 0.4886 0.9932 0.4886 0.9932 0.5046 0.9833 0.5046
13 0.6522 0.1807 0.6647 0.1807 0.6647 0.2261 0.6522 0.2261
13 0.5982 0.6823 0.6118 0.6823 0.6118 0.7401 0.5982 0.7401
13 0.6865 0.2680 0.6998 0.2680 0.6998 0.2800 0.6865 0.2800
15 0.6762 0.7903 0.7807 0.7903 0.7807 0.8985 0.6762 0.8985
15 0.3665 0.3380 0.4461 0.3380 0.4461 0.4836 0.3665 0.4836
15 0.1800 0.3191 0.2034 0.3191 0.2034 0.3533 0.1800 0.3533
15 0.4411 0.0327 0.4809 0.0327 0.4809 0.0881 0.4411 0.0881
