0 0.6388 0.8343 0.7355 0.8343 0.7355 0.9117 0.6388 0.9117
0 0.2925 0.4124 0.4235 0.4124 0.4235 0.6772 0.2925 0.6772
0 0.4740 0.4835 0.5278 0.4835 0.5278 0.5265 0.4740 0.5265
0 0.2519 0.1074 0.3461 0.1074 0.3461 0.2070 0.2519 0.2070
1 0.9310 0.4204 0.9741 0.4204 0.9741 0.5292 0.9310 0.5292
1 0.4793 0.4175 0.4812 0.4175 0.4812 0.4509 0.4793 0.4509
1 0.7739 0.8728 0.8092 0.8728 0.8092 0.8796 0.7739 0.8796
1 0.5794 0.2754 0.5963 0.2754 0.5963 0.2826 0.5794 0.2826
2 0.7057 0.2576 0.8172 0.2576 0.8172 0.6180 0.7057 0.6180
2 0.2913 0.2487 0.3341 0.2487 0.3341 0.3961 0.2913 0.3961
2 0.1917 0.8515 0.2132 0.8515 0.2132 0.8941 0.1917 0.8941
2 0.5608 0.6826 0.9424 0.6826 0.9424 0.7762 0.5608 0.7762
3 0.2331 0.6424 0.2398 0.6424 0.2398 0.6896 0.2331 0.6896
3 0.3905 0.1962 0.4935 0.1962 0.4935 0.2278 0.3905 0.2278
3 0.0344 0.1739 0.0521 0.1739 0.0521 0.3061 0.0344 0.3061
3 0.4114 0.7082 0.4160 0.7082 0.4160 0.7830 0.4114 0.7830
4 0.1773 0.4103 0.2009 0.4103 0.2009 0.4301 0.1773 0.4301
4 0.5759 0.2114 0.6021 0.2114 0.6021 0.2254 0.5759 0.2254
4 0.5616 0.0204 0.5675 0.0204 0.5675 0.0240 0.5616 0.0240
4 0.9571 0.2583 0.9709 0.2583 0.9709 0.2657 0.9571 0.2657
6 0.9622 0.6275 0.9926 0.6275 0.9926 0.6373 0.9622 0.6373
6 0.1099 0.0995 0.2029 0.0995 0.2029 0.3617 0.1099 0.3617
6 0.9228 0.5391 0.9741 0.5391 0.9741 0.5557 0.9228 0.5557
6 0.8541 0.1855 0.9244 0.1855 0.9244 0.2517 0.8541 0.2517
7 0.0959 0.4331 0.1184 0.4331 0.1184 0.5581 0.0959 0.5581
7 0.4977 0.1267 0.5197 0.1267 0.5197 0.1453 0.4977 0.1453
7 0.0408 0.7427 0.0458 0.7427 0.0458 0.7617 0.0408 0.7617
7 0.3380 0.7842 0.4083 0.7842 0.4083 0.8474 0.3380 0.8474
9 0.0277 0.3360 0.0640 0.3360 0.0640 0.4560 0.0277 0.4560
9 0.3517 0.3599 0.4169 0.3599 0.4169 0.3813 0.3517 0.3813
9 0.5624 0.5616 0.5916 0.5616 0.5916 0.6576 0.5624 0.6576
9 0.5774 0.3044 0.6478 0.3044 0.6478 0.5368 0.5774 0.5368
12 0.0267 0.5416 0.0644 0.5416 0.0644 0.5452 0.0267 0.5452
12 0.4254 0.6062 0.4609 0.6062 0.4609 0.9482 0.4254 0.9482
12 0.1154 0.7068 0.2078 0.7068 0.2078 0.7436 0.1154 0.7436
12 0.0768 0.4343 0.0815 0.4343 0.0815 0.6113 0.0768 0.6113
13 0.0079 0.8430 0.0107 0.8430 0.0107 0.9562 0.0079 0.9562
13 0.4673 0.1690 0.4753 0.1690 0.4753 0.1766 0.4673 0.1766
13 0.4745 0.7251 0.4806 0.7251 0.4806 0.9689 0.4745 0.9689
13 0.7062 0.0667 0.7172 0.0667 0.7172 0.1069 0.7062 0.1069
15 0.8325 0.8342 0.9787 0.8342 0.9787 0.9918 0.8325 0.9918
15 0.0974 0.5756 0.1955 0.5756 0.1955 0.6696 0.0974 0.6696
15 0.8269 0.6192 0.8951 0.6192 0.8951 0.6756 0.8269 0.6756
15 0.9187 0.0442 0.9864 0.0442 0.9864 0.1310 0.9187 0.1310
