0 0.3534 0.6258 0.4824 0.6258 0.4824 0.7750 0.3534 0.7750
0 0.2456 0.3315 0.3344 0.3315 0.3344 0.6673 0.2456 0.6673
0 0.8788 0.2187 0.9086 0.2187 0.9086 0.3485 0.8788 0.3485
0 0.4954 0.0330 0.6403 0.0330 0.6403 0.4598 0.4954 0.4598
1 0.1630 0.4544 0.1696 0.4544 0.1696 0.5192 0.1630 0.5192
1 0.6482 0.6011 0.6515 0.6011 0.6515 0.6277 0.6482 0.6277
1 0.3710 0.0796 0.3727 0.0796 0.3727 0.1084 0.3710 0.1084
1 0.4737 0.2970 0.4789 0.2970 0.4789 0.3486 0.4737 0.3486
2 0.4314 0.8843 0.4786 0.8843 0.4786 0.9937 0.4314 0.9937
2 0.7334 0.5979 0.9612 0.5979 0.9612 0.7361 0.7334 0.7361
2 0.0342 0.8239 0.2455 0.8239 0.2455 0.9521 0.0342 0.9521
2 0.0968 0.0014 0.2775 0.0014 0.2775 0.1510 0.0968 0.1510
3 0.4276 0.4799 0.4967 0.4799 0.4967 0.4969 0.4276 0.4969
3 0.8191 0.4999 0.9197 0.4999 0.9197 0.5245 0.8191 0.5245
3 0.0836 0.2448 0.1569 0.2448 0.1569 0.2676 0.0836 0.2676
3 0.5234 0.6219 0.5286 0.6219 0.5286 0.7057 0.5234 0.7057
4 0.3654 0.4875 0.3740 0.4875 0.3740 0.5001 0.3654 0.5001
4 0.1662 0.6526 0.1735 0.6526 0.1735 0.6594 0.1662 0.6594
4 0.8466 0.9062 0.8554 0.9062 0.8554 0.9430 0.8466 0.9430
4 0.0479 0.5042 0.0758 0.5042 0.0758 0.5230 0.0479 0.5230
6 0.6168 0.8431 0.6692 0.8431 0.6692 0.8677 0.6168 0.8677
6 0.9145 0.5251 0.9830 0.5251 0.9830 0.5573 0.9145 0.5573
6 0.6705 0.1612 0.6960 0.1612 0.6960 0.1852 0.6705 0.1852
6 0.6585 0.5124 0.6906 0.5124 0.6906 0.5228 0.6585 0.5228
7 0.7979 0.2355 0.8158 0.2355 0.8158 0.4157 0.7979 0.4157
7 0.0599 0.1344 0.0870 0.1344 0.0870 0.2380 0.0599 0.2380
7 0.7574 0.0114 0.7963 0.0114 0.7963 0.1006 0.7574 0.1006
7 0.0973 0.5815 0.1135 0.5815 0.1135 0.5929 0.0973 0.5929
9 0.3343 0.1287 0.3597 0.1287 0.3597 0.2561 0.3343 0.2561
9 0.6659 0.7386 0.9775 0.7386 0.9775 0.8410 0.6659 0.8410
9 0.0060 0.0179 0.0415 0.0179 0.0415 0.0517 0.0060 0.0517
12 0.3660 0.0214 0.3700 0.0214 0.3700 0.1734 0.3660 0.1734
12 0.2322 0.7560 0.3295 0.7560 0.3295 0.7824 0.2322 0.7824
12 0.1413 0.3867 0.1607 0.3867 0.1607 0.4825 0.1413 0.4825
12 0.7557 0.4815 0.7809 0.4815 0.7809 0.5941 0.7557 0.5941
13 0.1934 0.9682 0.2181 0.9682 0.2181 0.9838 0.1934 0.9838
13 0.3447 0.3763 0.3741 0.3763 0.3741 0.4041 0.3447 0.4041
13 0.4588 0.0807 0.4612 0.0807 0.4612 0.1573 0.4588 0.1573
13 0.6888 0.8571 0.7023 0.8571 0.7023 0.8725 0.6888 0.8725
15 0.3851 0.8990 0.4266 0.8990 0.4266 0.9426 0.3851 0.9426
15 0.1822 0.5931 0.2370 0.5931 0.2370 0.6729 0.1822 0.6729
15 0.8597 0.8698 0.9086 0.8698 0.9086 0.9118 0.8597 0.9118
15 0.0301 0.3586 0.1213 0.3586 0.1213 0.4654 0.0301 0.4654
