0 0.5576 0.0420 0.6635 0.0420 0.6635 0.2224 0.5576 0.2224
0 0.2947 0.0478 0.4187 0.0478 0.4187 0.4610 0.2947 0.4610
0 0.2367 0.0768 0.2550 0.0768 0.2550 0.3196 0.2367 0.3196
0 0.8211 0.0739 0.8675 0.0739 0.8675 0.1229 0.8211 0.1229
1 0.5979 0.7830 0.6075 0.7830 0.6075 0.8182 0.5979 0.8182
1 0.5356 0.2195 0.5396 0.2195 0.5396 0.2513 0.5356 0.2513
1 0.1774 0.7522 0.1811 0.7522 0.1811 0.7850 0.1774 0.7850
1 0.7947 0.2922 0.8093 0.2922 0.8093 0.3214 0.7947 0.3214
2 0.9148 0.3112 0.9820 0.3112 0.9820 0.4744 0.9148 0.4744
2 0.9451 0.7046 0.9752 0.7046 0.9752 0.7194 0.9451 0.7194
2 0.0023 0.9458 0.0109 0.9458 0.0109 0.9950 0.0023 0.9950
2 0.1890 0.4254 0.2098 0.4254 0.2098 0.4982 0.1890 0.4982
3 0.0431 0.9564 0.1009 0.9564 0.1009 0.9700 0.0431 0.9700
3 0.0365 0.5706 0.0418 0.5706 0.0418 0.6086 0.0365 0.6086
3 0.7117 0.0426 0.8092 0.0426 0.8092 0.0666 0.7117 0.0666
3 0.0959 0.0443 0.1190 0.0443 0.1190 0.2085 0.0959 0.2085
4 0.7768 0.2671 0.7863 0.2671 0.7863 0.2949 0.7768 0.2949
4 0.4096 0.7970 0.4307 0.7970 0.4307 0.8258 0.4096 0.8258
4 0.8171 0.0543 0.8424 0.0543 0.8424 0.0717 0.8171 0.0717
4 0.9742 0.7307 0.9953 0.7307 0.9953 0.7381 0.9742 0.7381
6 0.4910 0.8899 0.5044 0.8899 0.5044 0.9089 0.4910 0.9089
6 0.4326 0.0815 0.4683 0.0815 0.4683 0.1821 0.4326 0.1821
6 0.1276 0.2643 0.2198 0.2643 0.2198 0.3077 0.1276 0.3077
6 0.6103 0.2510 0.6649 0.2510 0.6649 0.4050 0.6103 0.4050
7 0.4979 0.2420 0.5124 0.2420 0.5124 0.2944 0.4979 0.2944
7 0.6774 0.6054 0.6857 0.6054 0.6857 0.6382 0.6774 0.6382
7 0.4102 0.6271 0.4567 0.6271 0.4567 0.6557 0.4102 0.6557
7 0.0984 0.6991 0.1267 0.6991 0.1267 0.7169 0.0984 0.7169
9 0.6136 0.8080 0.6496 0.8080 0.6496 0.9884 0.6136 0.9884
9 0.8377 0.6544 0.9012 0.6544 0.9012 0.8352 0.8377 0.8352
9 0.2397 0.5844 0.3454 0.5844 0.3454 0.9256 0.2397 0.9256
9 0.5316 0.4435 0.6378 0.4435 0.6378 0.7465 0.5316 0.7465
12 0.1951 0.8040 0.2075 0.8040 0.2075 0.8908 0.1951 0.8908
12 0.4670 0.3415 0.5490 0.3415 0.5490 0.3861 0.4670 0.3861
12 0.0525 0.3255 0.0895 0.3255 0.0895 0.3577 0.0525 0.3577
12 0.8299 0.4628 0.8438 0.4628 0.8438 0.6232 0.8299 0.6232
13 0.2440 0.4251 0.2897 0.4251 0.2897 0.4581 0.2440 0.4581
13 0.6662 0.7160 0.7146 0.7160 0.7146 0.7460 0.6662 0.7460
13 0.4571 0.2460 0.4686 0.2460 0.4686 0.2516 0.4571 0.2516
13 0.2356 0.9787 0.2558 0.9787 0.2558 0.9977 0.2356 0.9977
15 0.4834 0.5416 0.5306 0.5416 0.5306 0.6280 0.4834 0.6280
15 0.7556 0.8324 0.8167 0.8324 0.8167 0.9236 0.7556 0.9236
15 0.4828 0.1422 0.5238 0.1422 0.5238 0.1770 0.4828 0.1770
15 0.8334 0.8994 0.8729 0.8994 0.8729 0.9458 0.8334 0.9458
