0 0.5831 0.2767 0.7566 0.2767 0.7566 0.8549 0.5831 0.8549
0 0.1014 0.4431 0.3618 0.4431 0.3618 0.6073 0.1014 0.6073
0 0.8817 0.0716 0.9826 0.0716 0.9826 0.4080 0.8817 0.4080
0 0.7265 0.0138 0.8132 0.0138 0.8132 0.1950 0.7265 0.1950
1 0.0776 0.5987 0.0858 0.5987 0.0858 0.6057 0.0776 0.6057
1 0.8382 0.2708 0.8415 0.2708 0.8415 0.2988 0.8382 0.2988
1 0.2771 0.8675 0.2857 0.8675 0.2857 0.9789 0.2771 0.9789
1 0.8625 0.4459 0.8741 0.4459 0.8741 0.5705 0.8625 0.5705
2 0.1371 0.8023 0.1706 0.8023 0.1706 0.8393 0.1371 0.8393
2 0.4690 0.9243 0.6964 0.9243 0.6964 0.9801 0.4690 0.9801
2 0.6651 0.1383 0.6703 0.1383 0.6703 0.2145 0.6651 0.2145
2 0.0543 0.7251 0.0757 0.7251 0.0757 0.7781 0.0543 0.7781
3 0.6903 0.8726 0.7649 0.8726 0.7649 0.8902 0.6903 0.8902
3 0.8308 0.4775 0.8344 0.4775 0.8344 0.5357 0.8308 0.5357
3 0.8836 0.4507 0.9381 0.4507 0.9381 0.4693 0.8836 0.4693
3 0.4867 0.0687 0.5813 0.0687 0.5813 0.0937 0.4867 0.0937
4 0.2253 0.0178 0.2561 0.0178 0.2561 0.0258 0.2253 0.0258
4 0.9467 0.7747 0.9593 0.7747 0.9593 0.7833 0.9467 0.7833
4 0.4308 0.2176 0.4452 0.2176 0.4452 0.2512 0.4308 0.2512
4 0.2022 0.8898 0.2118 0.8898 0.2118 0.9450 0.2022 0.9450
6 0.3757 0.0447 0.4646 0.0447 0.4646 0.0865 0.3757 0.0865
6 0.7617 0.3083 0.8141 0.3083 0.8141 0.3577 0.7617 0.3577
6 0.3428 0.3163 0.4883 0.3163 0.4883 0.4189 0.3428 0.4189
6 0.1094 0.1232 0.1601 0.1232 0.1601 0.1396 0.1094 0.1396
7 0.5534 0.6596 0.5632 0.6596 0.5632 0.6836 0.5534 0.6836
7 0.8784 0.5839 0.8881 0.5839 0.8881 0.7261 0.8784 0.7261
7 0.6873 0.0719 0.7027 0.0719 0.7027 0.1305 0.6873 0.1305
7 0.2633 0.0134 0.2767 0.0134 0.2767 0.0858 0.2633 0.0858
9 0.5608 0.1087 0.6624 0.1087 0.6624 0.1669 0.5608 0.1669
9 0.8370 0.1839 0.8618 0.1839 0.8618 0.2705 0.8370 0.2705
9 0.0022 0.8116 0.0252 0.8116 0.0252 0.9460 0.0022 0.9460
9 0.7650 0.4655 0.8036 0.4655 0.8036 0.6557 0.7650 0.6557
12 0.1724 0.1188 0.5553 0.1188 0.5553 0.1892 0.1724 0.1892
12 0.2365 0.6278 0.2806 0.6278 0.2806 0.6518 0.2365 0.6518
12 0.2848 0.7308 0.3941 0.7308 0.3941 0.7724 0.2848 0.7724
12 0.0468 0.0526 0.1715 0.0526 0.1715 0.0854 0.0468 0.0854
13 0.0270 0.0184 0.0470 0.0184 0.0470 0.0352 0.0270 0.0352
13 0.1782 0.0231 0.1887 0.0231 0.1887 0.0321 0.1782 0.0321
13 0.6374 0.1930 0.6509 0.1930 0.6509 0.2046 0.6374 0.2046
13 0.9739 0.4180 0.9919 0.4180 0.9919 0.4640 0.9739 0.4640
15 0.3099 0.2059 0.3301 0.2059 0.3301 0.2433 0.3099 0.2433
15 0.3779 0.6548 0.4018 0.6548 0.4018 0.7032 0.3779 0.7032
15 0.3765 0.2338 0.4284 0.2338 0.4284 0.2850 0.3765 0.2850
15 0.4317 0.9267 0.4555 0.9267 0.4555 0.9717 0.4317 0.9717
