0 0.7482 0.5767 0.8361 0.5767 0.8361 0.8897 0.7482 0.8897
0 0.4568 0.4798 0.5201 0.4798 0.5201 0.5738 0.4568 0.5738
0 0.6671 0.2274 0.7235 0.2274 0.7235 0.3454 0.6671 0.3454
0 0.2448 0.4980 0.3701 0.4980 0.3701 0.9716 0.2448 0.9716
1 0.1714 0.7578 0.1735 0.7578 0.1735 0.7746 0.1714 0.7746
1 0.5796 0.2482 0.6006 0.2482 0.6006 0.2578 0.5796 0.2578
1 0.0842 0.4538 0.1081 0.4538 0.1081 0.5142 0.0842 0.5142
1 0.1820 0.7988 0.1918 0.7988 0.1918 0.8072 0.1820 0.8072
2 0.5742 0.6818 0.6184 0.6818 0.6184 0.7174 0.5742 0.7174
2 0.5885 0.4098 0.6464 0.4098 0.6464 0.5442 0.5885 0.5442
2 0.1562 0.2467 0.2884 0.2467 0.2884 0.3541 0.1562 0.3541
2 0.3153 0.1123 0.3647 0.1123 0.3647 0.1641 0.3153 0.1641
3 0.4542 0.8014 0.4769 0.8014 0.4769 0.8898 0.4542 0.8898
3 0.4554 0.3400 0.4720 0.3400 0.4720 0.4644 0.4554 0.4644
3 0.5565 0.6963 0.5737 0.6963 0.5737 0.7633 0.5565 0.7633
3 0.6765 0.1178 0.6915 0.1178 0.6915 0.2242 0.6765 0.2242
4 0.4419 0.0128 0.4510 0.0128 0.4510 0.0212 0.4419 0.0212
4 0.8957 0.4686 0.9109 0.4686 0.9109 0.5042 0.8957 0.5042
4 0.5676 0.9467 0.5786 0.9467 0.5786 0.9541 0.5676 0.9541
4 0.6548 0.6655 0.6618 0.6655 0.6618 0.6749 0.6548 0.6749
6 0.5948 0.3771 0.6432 0.3771 0.6432 0.3929 0.5948 0.3929
6 0.0031 0.2374 0.0166 0.2374 0.0166 0.2566 0.0031 0.2566
6 0.4817 0.8020 0.5329 0.8020 0.5329 0.8740 0.4817 0.8740
6 0.5751 0.7888 0.6431 0.7888 0.6431 0.8528 0.5751 0.8528
7 0.7024 0.0982 0.7616 0.0982 0.7616 0.1910 0.7024 0.1910
7 0.0002 0.6243 0.0178 0.6243 0.0178 0.6965 0.0002 0.6965
7 0.0859 0.0782 0.1755 0.0782 0.1755 0.1354 0.0859 0.1354
9 0.3099 0.1702 0.3550 0.1702 0.3550 0.3966 0.3099 0.3966
9 0.4210 0.0351 0.5410 0.0351 0.5410 0.0741 0.4210 0.0741
9 0.5293 0.2547 0.5615 0.2547 0.5615 0.4161 0.5293 0.4161
9 0.1471 0.6435 0.2209 0.6435 0.2209 0.7137 0.1471 0.7137
12 0.0737 0.4204 0.0812 0.4204 0.0812 0.6980 0.0737 0.6980
12 0.4944 0.9578 0.5293 0.9578 0.5293 0.9870 0.4944 0.9870
12 0.5467 0.0384 0.7873 0.0384 0.7873 0.0920 0.5467 0.0920
13 0.2473 0.1266 0.2590 0.1266 0.2590 0.2246 0.2473 0.2246
13 0.1465 0.9119 0.1527 0.9119 0.1527 0.9285 0.1465 0.9285
13 0.9110 0.1524 0.9201 0.1524 0.9201 0.1784 0.9110 0.1784
13 0.5254 0.6447 0.5392 0.6447 0.5392 0.6605 0.5254 0.6605
15 0.1171 0.1588 0.1509 0.1588 0.1509 0.2236 0.1171 0.2236
15 0.4788 0.3568 0.5123 0.3568 0.5123 0.4188 0.4788 0.4188
15 0.9647 0.3187 0.9935 0.3187 0.9935 0.3797 0.9647 0.3797
15 0.0183 0.2650 0.1192 0.2650 0.1192 0.4018 0.0183 0.4018
