0 0.5911 0.4994 0.7529 0.4994 0.7529 0.6866 0.5911 0.6866
0 0.2842 0.4183 0.3418 0.4183 0.3418 0.8649 0.2842 0.8649
0 0.3668 0.4095 0.4689 0.4095 0.4689 0.6157 0.3668 0.6157
0 0.5033 0.2671 0.8324 0.2671 0.8324 0.3893 0.5033 0.3893
1 0.3591 0.6255 0.3735 0.6255 0.3735 0.6321 0.3591 0.6321
1 0.8380 0.0572 0.8434 0.0572 0.8434 0.1112 0.8380 0.1112
1 0.9623 0.6446 0.9635 0.6446 0.9635 0.6658 0.9623 0.6658
1 0.6927 0.4155 0.7287 0.4155 0.7287 0.4225 0.6927 0.4225
2 0.4822 0.2795 0.4998 0.2795 0.4998 0.2989 0.4822 0.2989
2 0.5154 0.4824 0.5286 0.4824 0.5286 0.5284 0.5154 0.5284
2 0.1123 0.2526 0.2012 0.2526 0.2012 0.2642 0.1123 0.2642
2 0.4080 0.8955 0.6729 0.8955 0.6729 0.9605 0.4080 0.9605
3 0.4622 0.6487 0.4718 0.6487 0.4718 0.7169 0.4622 0.7169
3 0.0891 0.2271 0.1389 0.2271 0.1389 0.2441 0.0891 0.2441
3 0.8388 0.6787 0.9032 0.6787 0.9032 0.7005 0.8388 0.7005
3 0.8251 0.5890 0.9086 0.5890 0.9086 0.6090 0.8251 0.6090
4 0.3971 0.7086 0.4257 0.7086 0.4257 0.7278 0.3971 0.7278
4 0.0411 0.9578 0.0604 0.9578 0.0604 0.9690 0.0411 0.9690
4 0.2070 0.4358 0.2298 0.4358 0.2298 0.4926 0.2070 0.4926
4 0.1088 0.1163 0.1280 0.1163 0.1280 0.1301 0.1088 0.1301
6 0.7291 0.8139 0.7518 0.8139 0.7518 0.8213 0.7291 0.8213
6 0.3845 0.6676 0.4169 0.6676 0.4169 0.6780 0.3845 0.6780
6 0.1942 0.0495 0.2193 0.0495 0.2193 0.0577 0.1942 0.0577
6 0.1682 0.3039 0.1889 0.3039 0.1889 0.3333 0.1682 0.3333
7 0.0376 0.2926 0.0478 0.2926 0.0478 0.2978 0.0376 0.2978
7 0.3823 0.8495 0.4032 0.8495 0.4032 0.9113 0.3823 0.9113
7 0.5982 0.7415 0.6169 0.7415 0.6169 0.8109 0.5982 0.8109
7 0.0808 0.3130 0.0932 0.3130 0.0932 0.3822 0.0808 0.3822
9 0.6094 0.0427 0.6392 0.0427 0.6392 0.1901 0.6094 0.1901
9 0.0099 0.5607 0.2189 0.5607 0.2189 0.6873 0.0099 0.6873
9 0.2184 0.3711 0.3433 0.3711 0.3433 0.4117 0.2184 0.4117
9 0.5291 0.3904 0.5937 0.3904 0.5937 0.4116 0.5291 0.4116
12 0.3357 0.0063 0.4112 0.0063 0.4112 0.0365 0.3357 0.0365
12 0.7847 0.4138 0.9110 0.4138 0.9110 0.4358 0.7847 0.4358
12 0.9325 0.6883 0.9401 0.6883 0.9401 0.9501 0.9325 0.9501
12 0.9717 0.4660 0.9900 0.4660 0.9900 0.5480 0.9717 0.5480
13 0.1196 0.7534 0.1276 0.7534 0.1276 0.7806 0.1196 0.7806
13 0.5602 0.4342 0.5726 0.4342 0.5726 0.4710 0.5602 0.4710
13 0.7803 0.1820 0.7997 0.1820 0.7997 0.1960 0.7803 0.1960
13 0.1434 0.6875 0.1489 0.6875 0.1489 0.7073 0.1434 0.7073
15 0.4093 0.1110 0.4967 0.1110 0.4967 0.2414 0.4093 0.2414
15 0.7911 0.4700 0.8283 0.4700 0.8283 0.5488 0.7911 0.5488
15 0.2799 0.1160 0.3941 0.1160 0.3941 0.2132 0.2799 0.2132
15 0.0356 0.0955 0.0616 0.0955 0.0616 0.1449 0.0356 0.1449
