0 0.0540 0.4406 0.0895 0.4406 0.0895 0.4782 0.0540 0.4782
0 0.2330 0.4498 0.3884 0.4498 0.3884 0.7214 0.2330 0.7214
0 0.1919 0.1599 0.2886 0.1599 0.2886 0.2717 0.1919 0.2717
0 0.5448 0.6919 0.6064 0.6919 0.6064 0.9249 0.5448 0.9249
1 0.7977 0.9099 0.8095 0.9099 0.8095 0.9489 0.7977 0.9489
1 0.0556 0.7270 0.0672 0.7270 0.0672 0.7654 0.0556 0.7654
1 0.8682 0.1168 0.8884 0.1168 0.8884 0.1252 0.8682 0.1252
1 0.4159 0.8447 0.4376 0.8447 0.4376 0.8565 0.4159 0.8565
2 0.3123 0.1312 0.4603 0.1312 0.4603 0.2516 0.3123 0.2516
2 0.0986 0.1970 0.1363 0.1970 0.1363 0.2166 0.0986 0.2166
2 0.2985 0.7287 0.3615 0.7287 0.3615 0.7925 0.2985 0.7925
2 0.5963 0.5355 0.6491 0.5355 0.6491 0.6333 0.5963 0.6333
3 0.5307 0.9466 0.5970 0.9466 0.5970 0.9726 0.5307 0.9726
3 0.6568 0.1066 0.7755 0.1066 0.7755 0.1350 0.6568 0.1350
3 0.0048 0.1466 0.0286 0.1466 0.0286 0.3290 0.0048 0.3290
3 0.7031 0.5895 0.8215 0.5895 0.8215 0.6177 0.7031 0.6177
4 0.6214 0.4580 0.6489 0.4580 0.6489 0.4672 0.6214 0.4672
4 0.9096 0.9155 0.9313 0.9155 0.9313 0.9733 0.9096 0.9733
4 0.7673 0.5590 0.7955 0.5590 0.7955 0.5754 0.7673 0.5754
4 0.0199 0.5568 0.0787 0.5568 0.0787 0.5752 0.0199 0.5752
6 0.6259 0.8431 0.7663 0.8431 0.7663 0.9421 0.6259 0.9421
6 0.0476 0.2990 0.0784 0.2990 0.0784 0.3090 0.0476 0.3090
6 0.3982 0.5772 0.4318 0.5772 0.4318 0.5880 0.3982 0.5880
6 0.3842 0.3011 0.4176 0.3011 0.4176 0.3169 0.3842 0.3169
7 0.6566 0.2932 0.6643 0.2932 0.6643 0.3140 0.6566 0.3140
7 0.8688 0.2292 0.9074 0.2292 0.9074 0.2464 0.8688 0.2464
7 0.0305 0.2263 0.0372 0.2263 0.0372 0.2293 0.0305 0.2293
7 0.5162 0.2355 0.5281 0.2355 0.5281 0.2829 0.5162 0.2829
9 0.2479 0.7215 0.2750 0.7215 0.2750 0.8553 0.2479 0.8553
9 0.5926 0.1583 0.6420 0.1583 0.6420 0.3993 0.5926 0.3993
9 0.1428 0.4634 0.1792 0.4634 0.1792 0.6766 0.1428 0.6766
9 0.4647 0.4806 0.5433 0.4806 0.5433 0.5554 0.4647 0.5554
12 0.6914 0.6426 0.7414 0.6426 0.7414 0.6898 0.6914 0.6898
12 0.1313 0.0276 0.1809 0.0276 0.1809 0.0496 0.1313 0.0496
12 0.0336 0.0287 0.0539 0.0287 0.0539 0.1321 0.0336 0.1321
12 0.9087 0.1591 0.9573 0.1591 0.9573 0.6257 0.9087 0.6257
13 0.5453 0.3840 0.5541 0.3840 0.5541 0.4412 0.5453 0.4412
13 0.8522 0.6727 0.8652 0.6727 0.8652 0.6829 0.8522 0.6829
13 0.3010 0.8255 0.3041 0.8255 0.3041 0.9225 0.3010 0.9225
13 0.6054 0.4510 0.6126 0.4510 0.6126 0.4718 0.6054 0.4718
15 0.9008 0.7135 0.9752 0.7135 0.9752 0.8141 0.9008 0.8141
15 0.2645 0.9287 0.3206 0.9287 0.3206 0.9941 0.2645 0.9941
15 0.9425 0.8404 0.9801 0.8404 0.9801 0.8960 0.9425 0.8960
15 0.7540 0.0490 0.7952 0.0490 0.7952 0.1062 0.7540 0.1062
