0 0.1491 0.0560 0.1795 0.0560 0.1795 0.4600 0.1491 0.4600
0 0.5840 0.2378 0.6691 0.2378 0.6691 0.5598 0.5840 0.5598
0 0.3676 0.2411 0.4450 0.2411 0.4450 0.5785 0.3676 0.5785
0 0.1856 0.2655 0.3121 0.2655 0.3121 0.7869 0.1856 0.7869
1 0.0239 0.1942 0.0572 0.1942 0.0572 0.2782 0.0239 0.2782
1 0.8685 0.0975 0.8832 0.0975 0.8832 0.1269 0.8685 0.1269
1 0.8785 0.1523 0.9220 0.1523 0.9220 0.2621 0.8785 0.2621
1 0.6745 0.7895 0.6867 0.7895 0.6867 0.7961 0.6745 0.7961
2 0.8085 0.8902 0.8409 0.8902 0.8409 0.9358 0.8085 0.9358
2 0.5859 0.6238 0.6104 0.6238 0.6104 0.6510 0.5859 0.6510
2 0.3908 0.8847 0.4466 0.8847 0.4466 0.9193 0.3908 0.9193
2 0.1043 0.6371 0.1606 0.6371 0.1606 0.6861 0.1043 0.6861
3 0.8885 0.8319 0.9423 0.8319 0.9423 0.8529 0.8885 0.8529
3 0.2541 0.0352 0.3541 0.0352 0.3541 0.0664 0.2541 0.0664
3 0.2788 0.2143 0.3087 0.2143 0.3087 0.2261 0.2788 0.2261
3 0.3599 0.6286 0.3667 0.6286 0.3667 0.6770 0.3599 0.6770
4 0.5110 0.3180 0.5515 0.3180 0.5515 0.3284 0.5110 0.3284
4 0.2670 0.7951 0.2793 0.7951 0.2793 0.8309 0.2670 0.8309
4 0.8330 0.9595 0.8587 0.9595 0.8587 0.9945 0.8330 0.9945
4 0.2070 0.1854 0.2301 0.1854 0.2301 0.2170 0.2070 0.2170
6 0.8222 0.5267 0.9158 0.5267 0.9158 0.7905 0.8222 0.7905
6 0.6919 0.8895 0.7330 0.8895 0.7330 0.9089 0.6919 0.9089
6 0.4905 0.5583 0.5520 0.5583 0.5520 0.6449 0.4905 0.6449
6 0.3377 0.4778 0.3672 0.4778 0.3672 0.4874 0.3377 0.4874
7 0.5956 0.7343 0.6275 0.7343 0.6275 0.8313 0.5956 0.8313
7 0.2856 0.8724 0.3078 0.8724 0.3078 0.9452 0.2856 0.9452
7 0.4817 0.8102 0.5192 0.8102 0.5192 0.9394 0.4817 0.9394
7 0.8068 0.7079 0.8175 0.7079 0.8175 0.7477 0.8068 0.7477
9 0.8029 0.3483 0.8363 0.3483 0.8363 0.5113 0.8029 0.5113
9 0.7090 0.0722 0.7644 0.0722 0.7644 0.3422 0.7090 0.3422
9 0.7187 0.8030 0.8167 0.8030 0.8167 0.8350 0.7187 0.8350
9 0.1268 0.7883 0.1781 0.7883 0.1781 0.9673 0.1268 0.9673
12 0.7662 0.2346 0.7989 0.2346 0.7989 0.5494 0.7662 0.5494
12 0.4854 0.2783 0.5083 0.2783 0.5083 0.3945 0.4854 0.3945
12 0.7508 0.5563 0.7746 0.5563 0.7746 0.6741 0.7508 0.6741
12 0.9522 0.7811 0.9830 0.7811 0.9830 0.9977 0.9522 0.9977
13 0.8429 0.8527 0.8829 0.8527 0.8829 0.8865 0.8429 0.8865
13 0.8613 0.9447 0.8689 0.9447 0.8689 0.9705 0.8613 0.9705
13 0.6265 0.0499 0.6338 0.0499 0.6338 0.0593 0.6265 0.0593
13 0.9374 0.7166 0.9780 0.7166 0.9780 0.7422 0.9374 0.7422
15 0.5193 0.1030 0.6210 0.1030 0.6210 0.2334 0.5193 0.2334
15 0.3182 0.3087 0.3412 0.3087 0.3412 0.3553 0.3182 0.3553
15 0.0337 0.2886 0.0940 0.2886 0.0940 0.3386 0.0337 0.3386
15 0.5428 0.8630 0.6292 0.8630 0.6292 0.9802 0.5428 0.9802
