0 0.4519 0.2768 0.6432 0.2768 0.6432 0.4640 0.4519 0.4640
0 0.1391 0.1028 0.2086 0.1028 0.2086 0.3076 0.1391 0.3076
0 0.0528 0.3819 0.1566 0.3819 0.1566 0.5917 0.0528 0.5917
0 0.7005 0.0160 0.7761 0.0160 0.7761 0.2240 0.7005 0.2240
1 0.1148 0.6972 0.1312 0.6972 0.1312 0.7516 0.1148 0.7516
1 0.4034 0.7183 0.4109 0.7183 0.4109 0.7457 0.4034 0.7457
1 0.5266 0.5999 0.5300 0.5999 0.5300 0.6669 0.5266 0.6669
1 0.7102 0.7155 0.7147 0.7155 0.7147 0.7549 0.7102 0.7549
2 0.1574 0.5595 0.2629 0.5595 0.2629 0.7257 0.1574 0.7257
2 0.6548 0.7508 0.6626 0.7508 0.6626 0.7956 0.6548 0.7956
2 0.3484 0.2898 0.3838 0.2898 0.3838 0.3166 0.3484 0.3166
2 0.8522 0.8540 0.8741 0.8540 0.8741 0.8620 0.8522 0.8620
3 0.4271 0.9204 0.5040 0.9204 0.5040 0.9440 0.4271 0.9440
3 0.8213 0.9332 0.8593 0.9332 0.8593 0.9480 0.8213 0.9480
3 0.5662 0.6999 0.5781 0.6999 0.5781 0.7845 0.5662 0.7845
3 0.4505 0.6039 0.4583 0.6039 0.4583 0.6593 0.4505 0.6593
4 0.1597 0.8540 0.1766 0.8540 0.1766 0.8636 0.1597 0.8636
4 0.0142 0.3402 0.0258 0.3402 0.0258 0.3590 0.0142 0.3590
4 0.2828 0.5530 0.2932 0.5530 0.2932 0.5574 0.2828 0.5574
4 0.0082 0.1144 0.0364 0.1144 0.0364 0.1308 0.0082 0.1308
6 0.3010 0.0440 0.5564 0.0440 0.5564 0.2240 0.3010 0.2240
6 0.8184 0.3798 0.8673 0.3798 0.8673 0.5174 0.8184 0.5174
6 0.9588 0.7231 0.9778 0.7231 0.9778 0.7501 0.9588 0.7501
6 0.6774 0.1880 0.6946 0.1880 0.6946 0.2124 0.6774 0.2124
7 0.2005 0.3939 0.2058 0.3939 0.2058 0.4081 0.2005 0.4081
7 0.4453 0.7183 0.4607 0.7183 0.4607 0.7261 0.4453 0.7261
7 0.3024 0.6004 0.3184 0.6004 0.3184 0.6768 0.3024 0.6768
7 0.3619 0.8239 0.3696 0.8239 0.3696 0.8533 0.3619 0.8533
9 0.9353 0.7538 0.9687 0.7538 0.9687 0.9186 0.9353 0.9186
9 0.6754 0.2343 0.9161 0.2343 0.9161 0.3801 0.6754 0.3801
9 0.0111 0.7886 0.0489 0.7886 0.0489 0.9750 0.0111 0.9750
9 0.7348 0.4510 0.8006 0.4510 0.8006 0.7902 0.7348 0.7902
12 0.0548 0.6359 0.0769 0.6359 0.0769 0.7481 0.0548 0.7481
12 0.1903 0.7711 0.2277 0.7711 0.2277 0.9385 0.1903 0.9385
12 0.2471 0.0028 0.2774 0.0028 0.2774 0.2952 0.2471 0.2952
12 0.5976 0.8451 0.6147 0.8451 0.6147 0.9109 0.5976 0.9109
13 0.4585 0.0083 0.4692 0.0083 0.4692 0.0193 0.4585 0.0193
13 0.7724 0.8020 0.7961 0.8020 0.7961 0.8128 0.7724 0.8128
13 0.3591 0.0055 0.3681 0.0055 0.3681 0.0157 0.3591 0.0157
13 0.1834 0.7283 0.2160 0.7283 0.2160 0.7577 0.1834 0.7577
15 0.3577 0.4240 0.4038 0.4240 0.4038 0.5116 0.3577 0.5116
15 0.0430 0.2539 0.0870 0.2539 0.0870 0.3185 0.0430 0.3185
15 0.4899 0.4727 0.5615 0.4727 0.5615 0.5645 0.4899 0.5645
15 0.8177 0.0910 0.9146 0.0910 0.9146 0.1994 0.8177 0.1994
