0 0.2345 0.0603 0.2761 0.0603 0.2761 0.6133 0.2345 0.6133
0 0.8764 0.7475 0.9656 0.7475 0.9656 0.8417 0.8764 0.8417
0 0.3930 0.3419 0.5796 0.3419 0.5796 0.8177 0.3930 0.8177
0 0.6413 0.5900 0.8147 0.5900 0.8147 0.7596 0.6413 0.7596
1 0.5848 0.4528 0.5929 0.4528 0.5929 0.5408 0.5848 0.5408
1 0.7379 0.7700 0.7487 0.7700 0.7487 0.7916 0.7379 0.7916
1 0.5534 0.1740 0.5746 0.1740 0.5746 0.1836 0.5534 0.1836
1 0.3411 0.7979 0.3501 0.7979 0.3501 0.9141 0.3411 0.9141
2 0.0785 0.1324 0.1561 0.1324 0.1561 0.1616 0.0785 0.1616
2 0.6022 0.0266 0.9821 0.0266 0.9821 0.1198 0.6022 0.1198
2 0.2503 0.6180 0.2749 0.6180 0.2749 0.6368 0.2503 0.6368
2 0.2682 0.7107 0.3072 0.7107 0.3072 0.7157 0.2682 0.7157
3 0.8443 0.2719 0.9029 0.2719 0.9029 0.2949 0.8443 0.2949
3 0.8391 0.5651 0.8509 0.5651 0.8509 0.6493 0.8391 0.6493
3 0.6279 0.8388 0.6455 0.8388 0.6455 0.9740 0.6279 0.9740
3 0.2360 0.9424 0.2875 0.9424 0.2875 0.9560 0.2360 0.9560
4 0.5088 0.8879 0.5381 0.8879 0.5381 0.9537 0.5088 0.9537
4 0.1625 0.3759 0.1738 0.3759 0.1738 0.3925 0.1625 0.3925
4 0.0493 0.8608 0.0787 0.8608 0.0787 0.9008 0.0493 0.9008
4 0.2868 0.6778 0.3003 0.6778 0.3003 0.6850 0.2868 0.6850
6 0.9433 0.3399 0.9790 0.3399 0.9790 0.3901 0.9433 0.3901
6 0.0231 0.7135 0.2186 0.7135 0.2186 0.8513 0.0231 0.8513
6 0.2937 0.0166 0.5341 0.0166 0.5341 0.1862 0.2937 0.1862
6 0.6302 0.3376 0.8986 0.3376 0.8986 0.5268 0.6302 0.5268
7 0.9365 0.4532 0.9529 0.4532 0.9529 0.5480 0.9365 0.5480
7 0.1565 0.4542 0.1761 0.4542 0.1761 0.5294 0.1565 0.5294
7 0.9336 0.1626 0.9570 0.1626 0.9570 0.1746 0.9336 0.1746
7 0.6676 0.1198 0.6744 0.1198 0.6744 0.1410 0.6676 0.1410
9 0.6317 0.2723 0.7215 0.2723 0.7215 0.3237 0.6317 0.3237
9 0.2916 0.2022 0.3372 0.2022 0.3372 0.3614 0.2916 0.3614
9 0.4644 0.1999 0.4821 0.1999 0.4821 0.2873 0.4644 0.2873
9 0.0185 0.1767 0.2009 0.1767 0.2009 0.2473 0.0185 0.2473
12 0.1860 0.4891 0.2320 0.4891 0.2320 0.6949 0.1860 0.6949
12 0.2780 0.4567 0.3060 0.4567 0.3060 0.5957 0.2780 0.5957
12 0.3865 0.8239 0.4035 0.8239 0.4035 0.8381 0.3865 0.8381
13 0.0928 0.4168 0.0992 0.4168 0.0992 0.4412 0.0928 0.4412
13 0.3376 0.5107 0.3555 0.5107 0.3555 0.5245 0.3376 0.5245
13 0.7337 0.2818 0.7372 0.2818 0.7372 0.2950 0.7337 0.2950
13 0.7499 0.2279 0.7638 0.2279 0.7638 0.2533 0.7499 0.2533
15 0.8230 0.1750 0.8844 0.1750 0.8844 0.2574 0.8230 0.2574
15 0.9082 0.6666 0.9418 0.6666 0.9418 0.7378 0.9082 0.7378
15 0.7320 0.8911 0.7666 0.8911 0.7666 0.9569 0.7320 0.9569
15 0.0471 0.0107 0.1337 0.0107 0.1337 0.1121 0.0471 0.1121
