0 0.6605 0.1666 0.7489 0.1666 0.7489 0.5306 0.6605 0.5306
0 0.6076 0.2919 0.6507 0.2919 0.6507 0.4797 0.6076 0.4797
0 0.6093 0.6031 0.9395 0.6031 0.9395 0.7257 0.6093 0.7257
0 0.1119 0.4844 0.4753 0.4844 0.4753 0.7136 0.1119 0.7136
1 0.8214 0.7542 0.8397 0.7542 0.8397 0.7642 0.8214 0.7642
1 0.6611 0.0799 0.6643 0.0799 0.6643 0.1425 0.6611 0.1425
1 0.5854 0.1692 0.5918 0.1692 0.5918 0.1924 0.5854 0.1924
1 0.0279 0.7674 0.0372 0.7674 0.0372 0.8682 0.0279 0.8682
2 0.1647 0.1615 0.3956 0.1615 0.3956 0.2021 0.1647 0.2021
2 0.9014 0.5146 0.9889 0.5146 0.9889 0.5838 0.9014 0.5838
2 0.4554 0.8367 0.4758 0.8367 0.4758 0.9069 0.4554 0.9069
2 0.5711 0.3807 0.5826 0.3807 0.5826 0.4297 0.5711 0.4297
3 0.6787 0.8507 0.7121 0.8507 0.7121 0.8621 0.6787 0.8621
3 0.4785 0.2419 0.4901 0.2419 0.4901 0.3249 0.4785 0.3249
3 0.9785 0.6863 0.9880 0.6863 0.9880 0.7233 0.9785 0.7233
3 0.7808 0.8651 0.8569 0.8651 0.8569 0.8853 0.7808 0.8853
4 0.2754 0.3432 0.3035 0.3432 0.3035 0.4064 0.2754 0.4064
4 0.5390 0.6698 0.5544 0.6698 0.5544 0.6802 0.5390 0.6802
4 0.2936 0.9727 0.3539 0.9727 0.3539 0.9905 0.2936 0.9905
4 0.5299 0.8247 0.5358 0.8247 0.5358 0.8325 0.5299 0.8325
6 0.0587 0.0610 0.1075 0.0610 0.1075 0.1986 0.0587 0.1986
6 0.4239 0.0043 0.4719 0.0043 0.4719 0.0269 0.4239 0.0269
6 0.5405 0.0976 0.6081 0.0976 0.6081 0.1612 0.5405 0.1612
6 0.8565 0.7627 0.8798 0.7627 0.8798 0.7957 0.8565 0.7957
7 0.4307 0.4604 0.4381 0.4604 0.4381 0.4808 0.4307 0.4808
7 0.5034 0.3490 0.5169 0.3490 0.5169 0.3558 0.5034 0.3558
7 0.1837 0.7295 0.2031 0.7295 0.2031 0.7385 0.1837 0.7385
7 0.5574 0.6839 0.5743 0.6839 0.5743 0.7841 0.5574 0.7841
9 0.8474 0.2747 0.8863 0.2747 0.8863 0.4697 0.8474 0.4697
9 0.2673 0.2579 0.3872 0.2579 0.3872 0.2973 0.2673 0.2973
9 0.2454 0.8282 0.3089 0.8282 0.3089 0.8490 0.2454 0.8490
9 0.5059 0.5039 0.5415 0.5039 0.5415 0.6213 0.5059 0.6213
12 0.9368 0.0915 0.9655 0.0915 0.9655 0.4005 0.9368 0.4005
12 0.0582 0.6356 0.0733 0.6356 0.0733 0.8120 0.0582 0.8120
12 0.6288 0.7835 0.6712 0.7835 0.6712 0.9733 0.6288 0.9733
12 0.7088 0.8874 0.7292 0.8874 0.7292 0.9658 0.7088 0.9658
13 0.5193 0.1555 0.5209 0.1555 0.5209 0.2725 0.5193 0.2725
13 0.8951 0.2008 0.9046 0.2008 0.9046 0.2332 0.8951 0.2332
13 0.5465 0.5742 0.5632 0.5742 0.5632 0.5854 0.5465 0.5854
13 0.1280 0.1747 0.1400 0.1747 0.1400 0.1861 0.1280 0.1861
15 0.2422 0.0091 0.3538 0.0091 0.3538 0.1521 0.2422 0.1521
15 0.3193 0.3419 0.4113 0.3419 0.4113 0.4201 0.3193 0.4201
15 0.6034 0.5282 0.6512 0.5282 0.6512 0.5690 0.6034 0.5690
15 0.7600 0.7427 0.7978 0.7427 0.7978 0.7849 0.7600 0.7849
