0 0.0134 0.5583 0.0738 0.5583 0.0738 0.6221 0.0134 0.6221
0 0.6034 0.7484 0.6903 0.7484 0.6903 0.8772 0.6034 0.8772
0 0.8123 0.0560 0.9600 0.0560 0.9600 0.3544 0.8123 0.3544
0 0.1413 0.3955 0.2204 0.3955 0.2204 0.6589 0.1413 0.6589
1 0.5788 0.3459 0.6132 0.3459 0.6132 0.3525 0.5788 0.3525
1 0.7404 0.4279 0.7476 0.4279 0.7476 0.5045 0.7404 0.5045
1 0.4980 0.7163 0.5000 0.7163 0.5000 0.7341 0.4980 0.7341
1 0.6336 0.8879 0.6390 0.8879 0.6390 0.9569 0.6336 0.9569
2 0.4722 0.5199 0.7498 0.5199 0.7498 0.7009 0.4722 0.7009
2 0.8582 0.5119 0.8692 0.5119 0.8692 0.5273 0.8582 0.5273
2 0.6731 0.0267 0.7083 0.0267 0.7083 0.1269 0.6731 0.1269
2 0.1279 0.6611 0.3421 0.6611 0.3421 0.7237 0.1279 0.7237
3 0.1428 0.0995 0.2355 0.0995 0.2355 0.1213 0.1428 0.1213
3 0.2248 0.4483 0.3044 0.4483 0.3044 0.4761 0.2248 0.4761
3 0.5637 0.7950 0.5757 0.7950 0.5757 0.8850 0.5637 0.8850
3 0.5362 0.3695 0.5466 0.3695 0.5466 0.4429 0.5362 0.4429
4 0.7256 0.1623 0.7598 0.1623 0.7598 0.1709 0.7256 0.1709
4 0.3111 0.6059 0.3149 0.6059 0.3149 0.6153 0.3111 0.6153
4 0.3942 0.3234 0.4100 0.3234 0.4100 0.3382 0.3942 0.3382
4 0.0044 0.9771 0.0147 0.9771 0.0147 0.9929 0.0044 0.9929
6 0.3244 0.4638 0.3647 0.4638 0.3647 0.5018 0.3244 0.5018
6 0.0927 0.1508 0.3304 0.1508 0.3304 0.3184 0.0927 0.3184
6 0.7356 0.7462 0.9181 0.7462 0.9181 0.8750 0.7356 0.8750
6 0.1145 0.7759 0.1792 0.7759 0.1792 0.9581 0.1145 0.9581
7 0.7565 0.4499 0.7606 0.4499 0.7606 0.4693 0.7565 0.4693
7 0.0996 0.6511 0.1173 0.6511 0.1173 0.7437 0.0996 0.7437
7 0.7893 0.3635 0.8050 0.3635 0.8050 0.3761 0.7893 0.3761
7 0.2500 0.0607 0.2632 0.0607 0.2632 0.1085 0.2500 0.1085
9 0.4123 0.1855 0.4640 0.1855 0.4640 0.3661 0.4123 0.3661
9 0.7188 0.8867 0.9906 0.8867 0.9906 0.9761 0.7188 0.9761
9 0.3745 0.6310 0.4681 0.6310 0.4681 0.9330 0.3745 0.9330
9 0.5577 0.1978 0.7980 0.1978 0.7980 0.3434 0.5577 0.3434
12 0.1571 0.3462 0.2641 0.3462 0.2641 0.3754 0.1571 0.3754
12 0.3211 0.5239 0.4272 0.5239 0.4272 0.5817 0.3211 0.5817
12 0.4799 0.1543 0.5107 0.1543 0.5107 0.2921 0.4799 0.2921
12 0.3857 0.9362 0.4186 0.9362 0.4186 0.9674 0.3857 0.9674
13 0.5547 0.7719 0.5570 0.7719 0.5570 0.9365 0.5547 0.9365
13 0.4697 0.9799 0.4746 0.9799 0.4746 0.9845 0.4697 0.9845
13 0.9176 0.5811 0.9232 0.5811 0.9232 0.6177 0.9176 0.6177
13 0.0188 0.8915 0.0377 0.8915 0.0377 0.9061 0.0188 0.9061
15 0.5622 0.3715 0.6558 0.3715 0.6558 0.5113 0.5622 0.5113
15 0.2104 0.7510 0.3021 0.7510 0.3021 0.8298 0.2104 0.8298
15 0.5357 0.8404 0.5500 0.8404 0.5500 0.8708 0.5357 0.8708
15 0.0085 0.4043 0.1281 0.4043 0.1281 0.5061 0.0085 0.5061
