0 0.6513 0.4878 0.7724 0.4878 0.7724 0.6942 0.6513 0.6942
0 0.4202 0.7444 0.8066 0.7444 0.8066 0.9880 0.4202 0.9880
0 0.1619 0.5812 0.3298 0.5812 0.3298 0.7456 0.1619 0.7456
0 0.4457 0.1946 0.6198 0.1946 0.6198 0.7074 0.4457 0.7074
1 0.8868 0.9899 0.9152 0.9899 0.9152 0.9953 0.8868 0.9953
1 0.3667 0.5223 0.3761 0.5223 0.3761 0.5533 0.3667 0.5533
1 0.0688 0.3456 0.0966 0.3456 0.0966 0.3572 0.0688 0.3572
1 0.8145 0.5131 0.8283 0.5131 0.8283 0.5409 0.8145 0.5409
2 0.0945 0.1435 0.1955 0.1435 0.1955 0.3025 0.0945 0.3025
2 0.8079 0.2530 0.8732 0.2530 0.8732 0.2614 0.8079 0.2614
2 0.6642 0.2755 0.7975 0.2755 0.7975 0.4609 0.6642 0.4609
2 0.3191 0.0804 0.3460 0.0804 0.3460 0.1180 0.3191 0.1180
3 0.7808 0.0332 0.7972 0.0332 0.7972 0.1584 0.7808 0.1584
3 0.2336 0.9034 0.2830 0.9034 0.2830 0.9206 0.2336 0.9206
3 0.9143 0.2547 0.9303 0.2547 0.9303 0.3745 0.9143 0.3745
3 0.9548 0.5491 0.9610 0.5491 0.9610 0.5929 0.9548 0.5929
4 0.0159 0.5723 0.0492 0.5723 0.0492 0.5913 0.0159 0.5913
4 0.7228 0.1056 0.7472 0.1056 0.7472 0.1388 0.7228 0.1388
4 0.1256 0.4951 0.1364 0.4951 0.1364 0.5189 0.1256 0.5189
4 0.6208 0.3467 0.6572 0.3467 0.6572 0.3561 0.6208 0.3561
6 0.9516 0.9683 0.9944 0.9683 0.9944 0.9821 0.9516 0.9821
6 0.6051 0.0443 0.6609 0.0443 0.6609 0.0705 0.6051 0.0705
6 0.3779 0.1018 0.4295 0.1018 0.4295 0.1186 0.3779 0.1186
6 0.5147 0.7150 0.5613 0.7150 0.5613 0.7370 0.5147 0.7370
7 0.1493 0.6895 0.1618 0.6895 0.1618 0.7389 0.1493 0.7389
7 0.8377 0.6514 0.8452 0.6514 0.8452 0.6814 0.8377 0.6814
7 0.1388 0.6926 0.1435 0.6926 0.1435 0.7278 0.1388 0.7278
7 0.8697 0.7312 0.8741 0.7312 0.8741 0.7432 0.8697 0.7432
9 0.0545 0.0284 0.1352 0.0284 0.1352 0.1052 0.0545 0.1052
9 0.4051 0.4462 0.4438 0.4462 0.4438 0.6730 0.4051 0.6730
9 0.1308 0.7650 0.1620 0.7650 0.1620 0.8682 0.1308 0.8682
9 0.1762 0.3846 0.2281 0.3846 0.2281 0.5658 0.1762 0.5658
12 0.0634 0.8390 0.0992 0.8390 0.0992 0.8690 0.0634 0.8690
12 0.1653 0.8220 0.2624 0.8220 0.2624 0.8484 0.1653 0.8484
12 0.8509 0.4455 0.9363 0.4455 0.9363 0.4781 0.8509 0.4781
13 0.9508 0.3516 0.9580 0.3516 0.9580 0.3760 0.9508 0.3760
13 0.7231 0.0115 0.7301 0.0115 0.7301 0.0593 0.7231 0.0593
13 0.9009 0.9343 0.9480 0.9343 0.9480 0.9765 0.9009 0.9765
13 0.6768 0.2280 0.6880 0.2280 0.6880 0.2576 0.6768 0.2576
15 0.2322 0.3040 0.3350 0.3040 0.3350 0.4784 0.2322 0.4784
15 0.1380 0.4664 0.1640 0.4664 0.1640 0.5192 0.1380 0.5192
15 0.0305 0.6660 0.1372 0.6660 0.1372 0.7528 0.0305 0.7528
15 0.8482 0.5150 0.9529 0.5150 0.9529 0.6234 0.8482 0.6234
