0 0.5371 0.2103 0.7209 0.2103 0.7209 0.7517 0.5371 0.7517
0 0.1453 0.3814 0.2427 0.3814 0.2427 0.6298 0.1453 0.6298
0 0.3277 0.5339 0.4572 0.5339 0.4572 0.9657 0.3277 0.9657
0 0.0210 0.0775 0.0898 0.0775 0.0898 0.2165 0.0210 0.2165
1 0.0294 0.6295 0.0435 0.6295 0.0435 0.7797 0.0294 0.7797
1 0.1248 0.2071 0.1335 0.2071 0.1335 0.3193 0.1248 0.3193
1 0.5074 0.2874 0.5169 0.2874 0.5169 0.3190 0.5074 0.3190
1 0.5742 0.1790 0.5829 0.1790 0.5829 0.2106 0.5742 0.2106
2 0.7548 0.5143 0.9123 0.5143 0.9123 0.6085 0.7548 0.6085
2 0.8457 0.0875 0.8817 0.0875 0.8817 0.1189 0.8457 0.1189
2 0.1630 0.6723 0.2527 0.6723 0.2527 0.9625 0.1630 0.9625
2 0.0703 0.3510 0.1000 0.3510 0.1000 0.4190 0.0703 0.4190
3 0.0014 0.8290 0.0461 0.8290 0.0461 0.8466 0.0014 0.8466
3 0.4570 0.7395 0.4770 0.7395 0.4770 0.8921 0.4570 0.8921
3 0.8794 0.3304 0.8989 0.3304 0.8989 0.4760 0.8794 0.4760
3 0.7737 0.9915 0.7992 0.9915 0.7992 1.0001 0.7737 1.0001
4 0.4716 0.4452 0.4864 0.4452 0.4864 0.4572 0.4716 0.4572
4 0.7586 0.9232 0.7637 0.9232 0.7637 0.9548 0.7586 0.9548
4 0.2393 0.2627 0.2475 0.2627 0.2475 0.2889 0.2393 0.2889
4 0.5320 0.8499 0.5440 0.8499 0.5440 0.8601 0.5320 0.8601
6 0.1773 0.1798 0.2224 0.1798 0.2224 0.2222 0.1773 0.2222
6 0.8833 0.2543 0.9158 0.2543 0.9158 0.3001 0.8833 0.3001
6 0.7970 0.1572 0.8479 0.1572 0.8479 0.3004 0.7970 0.3004
6 0.7808 0.6695 0.9632 0.6695 0.9632 0.7981 0.7808 0.7981
7 0.1382 0.0551 0.1667 0.0551 0.1667 0.0725 0.1382 0.0725
7 0.0880 0.7238 0.0974 0.7238 0.0974 0.7286 0.0880 0.7286
7 0.5479 0.9304 0.5547 0.9304 0.5547 0.9628 0.5479 0.9628
7 0.4391 0.0855 0.4581 0.0855 0.4581 0.1709 0.4391 0.1709
9 0.1010 0.7858 0.1378 0.7858 0.1378 0.9698 0.1010 0.9698
9 0.7351 0.8043 0.8415 0.8043 0.8415 0.8393 0.7351 0.8393
9 0.4711 0.0187 0.6995 0.0187 0.6995 0.0937 0.4711 0.0937
9 0.9330 0.3191 0.9647 0.3191 0.9647 0.5045 0.9330 0.5045
12 0.0239 0.3734 0.0478 0.3734 0.0478 0.4650 0.0239 0.4650
12 0.4971 0.7878 0.5149 0.7878 0.5149 0.8034 0.4971 0.8034
12 0.2257 0.1043 0.3734 0.1043 0.3734 0.1301 0.2257 0.1301
12 0.4922 0.4299 0.5003 0.4299 0.5003 0.7309 0.4922 0.7309
13 0.0325 0.5143 0.0555 0.5143 0.0555 0.5361 0.0325 0.5361
13 0.2487 0.3923 0.2781 0.3923 0.2781 0.4057 0.2487 0.4057
13 0.4888 0.9118 0.5183 0.9118 0.5183 0.9930 0.4888 0.9930
13 0.2391 0.1728 0.4872 0.1728 0.4872 0.2384 0.2391 0.2384
15 0.5754 0.8391 0.6443 0.8391 0.6443 0.9317 0.5754 0.9317
15 0.7225 0.3484 0.8173 0.3484 0.8173 0.5092 0.7225 0.5092
15 0.6716 0.1220 0.7406 0.1220 0.7406 0.2104 0.6716 0.2104
15 0.3473 0.3419 0.4364 0.3419 0.4364 0.4561 0.3473 0.4561
