0 0.0745 0.0563 0.2115 0.0563 0.2115 0.4333 0.0745 0.4333
0 0.5779 0.2451 0.8066 0.2451 0.8066 0.3697 0.5779 0.3697
0 0.8314 0.3420 0.8980 0.3420 0.8980 0.6164 0.8314 0.6164
0 0.2502 0.4183 0.3549 0.4183 0.3549 0.5969 0.2502 0.5969
1 0.7822 0.6643 0.8124 0.6643 0.8124 0.6701 0.7822 0.6701
1 0.4919 0.0042 0.5047 0.0042 0.5047 0.0466 0.4919 0.0466
1 0.2568 0.2758 0.2675 0.2758 0.2675 0.2850 0.2568 0.2850
1 0.6217 0.4611 0.6357 0.4611 0.6357 0.6109 0.6217 0.6109
2 0.4991 0.0656 0.6232 0.0656 0.6232 0.1636 0.4991 0.1636
2 0.0919 0.4847 0.1487 0.4847 0.1487 0.5289 0.0919 0.5289
2 0.5989 0.7491 0.6991 0.7491 0.6991 0.7669 0.5989 0.7669
2 0.5017 0.8151 0.6683 0.8151 0.6683 0.8401 0.5017 0.8401
3 0.6737 0.5971 0.7174 0.5971 0.7174 0.6105 0.6737 0.6105
3 0.1344 0.7816 0.1784 0.7816 0.1784 0.7932 0.1344 0.7932
3 0.2123 0.2983 0.2586 0.2983 0.2586 0.3105 0.2123 0.3105
3 0.6768 0.0815 0.6849 0.0815 0.6849 0.1385 0.6768 0.1385
4 0.0048 0.5379 0.0312 0.5379 0.0312 0.5501 0.0048 0.5501
4 0.7654 0.3760 0.7906 0.3760 0.7906 0.3896 0.7654 0.3896
4 0.3757 0.4586 0.3906 0.4586 0.3906 0.4726 0.3757 0.4726
4 0.1311 0.8407 0.1646 0.8407 0.1646 0.8865 0.1311 0.8865
6 0.8939 0.9770 0.9406 0.9770 0.9406 0.9990 0.8939 0.9990
6 0.0454 0.6418 0.1301 0.6418 0.1301 0.8806 0.0454 0.8806
6 0.2365 0.1542 0.3135 0.1542 0.3135 0.2626 0.2365 0.2626
6 0.1401 0.7335 0.1739 0.7335 0.1739 0.7445 0.1401 0.7445
7 0.8545 0.1839 0.8755 0.1839 0.8755 0.1945 0.8545 0.1945
7 0.5357 0.6567 0.5549 0.6567 0.5549 0.7197 0.5357 0.7197
7 0.2323 0.6326 0.2686 0.6326 0.2686 0.6410 0.2323 0.6410
7 0.8979 0.2227 0.9172 0.2227 0.9172 0.3281 0.8979 0.3281
9 0.8820 0.0478 0.9015 0.0478 0.9015 0.1158 0.8820 0.1158
9 0.8297 0.6747 0.8829 0.6747 0.8829 0.9493 0.8297 0.9493
9 0.9231 0.5255 0.9461 0.5255 0.9461 0.6601 0.9231 0.6601
9 0.2431 0.7419 0.2812 0.7419 0.2812 0.9385 0.2431 0.9385
12 0.6825 0.7922 0.6969 0.7922 0.6969 0.8930 0.6825 0.8930
12 0.2877 0.8498 0.5886 0.8498 0.5886 0.9022 0.2877 0.9022
12 0.3448 0.1151 0.3666 0.1151 0.3666 0.3497 0.3448 0.3497
12 0.0262 0.3446 0.0441 0.3446 0.0441 0.4870 0.0262 0.4870
13 0.6930 0.0783 0.7267 0.0783 0.7267 0.1045 0.6930 0.1045
13 0.7886 0.4598 0.8086 0.4598 0.8086 0.4690 0.7886 0.4690
13 0.7099 0.4122 0.7346 0.4122 0.7346 0.4802 0.7099 0.4802
13 0.6289 0.0154 0.6694 0.0154 0.6694 0.0406 0.6289 0.0406
15 0.9542 0.8791 0.9950 0.8791 0.9950 0.9573 0.9542 0.9573
15 0.7797 0.0155 0.8603 0.0155 0.8603 0.1089 0.7797 0.1089
15 0.4051 0.5660 0.5178 0.5660 0.5178 0.7104 0.4051 0.7104
15 0.4144 0.1406 0.4830 0.1406 0.4830 0.1974 0.4144 0.1974
