0 0.4825 0.5659 0.5461 0.5659 0.5461 0.7921 0.4825 0.7921
0 0.3148 0.4826 0.3858 0.4826 0.3858 0.7926 0.3148 0.7926
0 0.6513 0.1176 0.9609 0.1176 0.9609 0.3128 0.6513 0.3128
0 0.3931 0.0035 0.5392 0.0035 0.5392 0.2989 0.3931 0.2989
1 0.0328 0.5515 0.0612 0.5515 0.0612 0.5569 0.0328 0.5569
1 0.3205 0.3820 0.3327 0.3820 0.3327 0.3924 0.3205 0.3924
1 0.5605 0.6184 0.5735 0.6184 0.5735 0.6464 0.5605 0.6464
1 0.3381 0.1979 0.3539 0.1979 0.3539 0.2009 0.3381 0.2009
2 0.2782 0.6363 0.3004 0.6363 0.3004 0.6973 0.2782 0.6973
2 0.9010 0.6786 0.9250 0.6786 0.9250 0.7122 0.9010 0.7122
2 0.2663 0.3740 0.3049 0.3740 0.3049 0.4348 0.2663 0.4348
2 0.8154 0.3155 0.8543 0.3155 0.8543 0.3437 0.8154 0.3437
3 0.2606 0.5811 0.2746 0.5811 0.2746 0.6809 0.2606 0.6809
3 0.3919 0.4743 0.5272 0.4743 0.5272 0.5061 0.3919 0.5061
3 0.6520 0.7594 0.7692 0.7594 0.7692 0.7870 0.6520 0.7870
3 0.4756 0.6759 0.4827 0.6759 0.4827 0.7905 0.4756 0.7905
4 0.9831 0.1854 0.9904 0.1854 0.9904 0.2142 0.9831 0.2142
4 0.6019 0.8658 0.6092 0.8658 0.6092 0.9054 0.6019 0.9054
4 0.9831 0.3219 0.9901 0.3219 0.9901 0.3509 0.9831 0.3509
4 0.2894 0.2214 0.2955 0.2214 0.2955 0.2466 0.2894 0.2466
6 0.6144 0.3671 0.8710 0.3671 0.8710 0.5481 0.6144 0.5481
6 0.7099 0.7984 0.9703 0.7984 0.9703 0.9820 0.7099 0.9820
6 0.0837 0.0547 0.1392 0.0547 0.1392 0.2109 0.0837 0.2109
6 0.1565 0.7768 0.2210 0.7768 0.2210 0.9584 0.1565 0.9584
7 0.3428 0.8428 0.3481 0.8428 0.3481 0.8752 0.3428 0.8752
7 0.2456 0.6080 0.2538 0.6080 0.2538 0.6356 0.2456 0.6356
7 0.1776 0.6378 0.1924 0.6378 0.1924 0.7234 0.1776 0.7234
7 0.1562 0.6766 0.1736 0.6766 0.1736 0.7462 0.1562 0.7462
9 0.0351 0.5959 0.1401 0.5959 0.1401 0.6301 0.0351 0.6301
9 0.5794 0.5591 0.6264 0.5591 0.6264 0.7913 0.5794 0.7913
9 0.8788 0.4116 0.9681 0.4116 0.9681 0.6660 0.8788 0.6660
9 0.0903 0.3114 0.1434 0.3114 0.1434 0.4970 0.0903 0.4970
12 0.6808 0.3163 0.7887 0.3163 0.7887 0.3573 0.6808 0.3573
12 0.0010 0.8855 0.0453 0.8855 0.0453 0.9113 0.0010 0.9113
12 0.2366 0.3390 0.2606 0.3390 0.2606 0.5078 0.2366 0.5078
13 0.8431 0.3491 0.8540 0.3491 0.8540 0.3593 0.8431 0.3593
13 0.0487 0.2191 0.0698 0.2191 0.0698 0.2509 0.0487 0.2509
13 0.9122 0.0287 0.9250 0.0287 0.9250 0.0405 0.9122 0.0405
13 0.3143 0.2930 0.3169 0.2930 0.3169 0.4810 0.3143 0.4810
15 0.6837 0.6651 0.7118 0.6651 0.7118 0.7061 0.6837 0.7061
15 0.6083 0.8062 0.6474 0.8062 0.6474 0.8474 0.6083 0.8474
15 0.5371 0.9074 0.6406 0.9074 0.6406 0.9930 0.5371 0.9930
15 0.0170 0.7692 0.0490 0.7692 0.0490 0.8164 0.0170 0.8164
