0 0.6517 0.4618 0.8543 0.4618 0.8543 0.6602 0.6517 0.6602
0 0.3343 0.0312 0.5440 0.0312 0.5440 0.7304 0.3343 0.7304
0 0.4617 0.8584 0.6354 0.8584 0.6354 0.9228 0.4617 0.9228
0 0.7407 0.2219 0.8481 0.2219 0.8481 0.4389 0.7407 0.4389
1 0.2307 0.8372 0.2621 0.8372 0.2621 0.9164 0.2307 0.9164
1 0.3097 0.4011 0.3203 0.4011 0.3203 0.5057 0.3097 0.5057
1 0.9405 0.5346 0.9489 0.5346 0.9489 0.5654 0.9405 0.5654
1 0.9276 0.7067 0.9398 0.7067 0.9398 0.8373 0.9276 0.8373
2 0.7905 0.8890 0.8149 0.8890 0.8149 0.9926 0.7905 0.9926
2 0.0940 0.2440 0.1534 0.2440 0.1534 0.2836 0.0940 0.2836
2 0.1660 0.4687 0.2489 0.4687 0.2489 0.7369 0.1660 0.7369
2 0.0534 0.3891 0.0866 0.3891 0.0866 0.4713 0.0534 0.4713
3 0.3336 0.7342 0.4541 0.7342 0.4541 0.7638 0.3336 0.7638
3 0.6048 0.7455 0.6095 0.7455 0.6095 0.8209 0.6048 0.8209
3 0.6948 0.8156 0.8001 0.8156 0.8001 0.8484 0.6948 0.8484
3 0.1288 0.4115 0.1432 0.4115 0.1432 0.5141 0.1288 0.5141
4 0.4019 0.0084 0.4289 0.0084 0.4289 0.0152 0.4019 0.0152
4 0.6279 0.6143 0.6396 0.6143 0.6396 0.6557 0.6279 0.6557
4 0.6656 0.0886 0.6701 0.0886 0.6701 0.0966 0.6656 0.0966
4 0.5582 0.9755 0.5887 0.9755 0.5887 0.9833 0.5582 0.9833
6 0.0105 0.2906 0.0584 0.2906 0.0584 0.3062 0.0105 0.3062
6 0.8520 0.9612 0.8966 0.9612 0.8966 0.9756 0.8520 0.9756
6 0.8091 0.0335 0.8809 0.0335 0.8809 0.0673 0.8091 0.0673
6 0.2200 0.4246 0.2340 0.4246 0.2340 0.4446 0.2200 0.4446
7 0.0807 0.1964 0.1118 0.1964 0.1118 0.2096 0.0807 0.2096
7 0.0751 0.7790 0.1826 0.7790 0.1826 0.8230 0.0751 0.8230
7 0.8925 0.0576 0.9018 0.0576 0.9018 0.0800 0.8925 0.0800
7 0.9525 0.9283 0.9744 0.9283 0.9744 0.9841 0.9525 0.9841
9 0.9076 0.1478 0.9893 0.1478 0.9893 0.4114 0.9076 0.4114
9 0.9074 0.4152 0.9386 0.4152 0.9386 0.5672 0.9074 0.5672
9 0.5761 0.0846 0.6659 0.0846 0.6659 0.3742 0.5761 0.3742
9 0.0056 0.5023 0.0547 0.5023 0.0547 0.7553 0.0056 0.7553
12 0.2939 0.7704 0.3298 0.7704 0.3298 0.9176 0.2939 0.9176
12 0.7345 0.6715 0.8635 0.6715 0.8635 0.7229 0.7345 0.7229
12 0.2327 0.0015 0.2473 0.0015 0.2473 0.0573 0.2327 0.0573
12 0.0614 0.0299 0.0658 0.0299 0.0658 0.1925 0.0614 0.1925
13 0.6876 0.1326 0.7058 0.1326 0.7058 0.2854 0.6876 0.2854
13 0.1596 0.1223 0.2858 0.1223 0.2858 0.1317 0.1596 0.1317
13 0.5843 0.7920 0.5903 0.7920 0.5903 0.8040 0.5843 0.8040
13 0.0602 0.6546 0.0618 0.6546 0.0618 0.7726 0.0602 0.7726
15 0.5505 0.5855 0.5995 0.5855 0.5995 0.6513 0.5505 0.6513
15 0.0834 0.5838 0.1198 0.5838 0.1198 0.6362 0.0834 0.6362
15 0.6242 0.9475 0.6467 0.9475 0.6467 0.9905 0.6242 0.9905
15 0.9473 0.8418 0.9767 0.8418 0.9767 0.9014 0.9473 0.9014
