0 0.3514 0.0604 0.7141 0.0604 0.7141 0.1500 0.3514 0.1500
0 0.3079 0.5252 0.4241 0.5252 0.4241 0.9644 0.3079 0.9644
0 0.4320 0.3795 0.6634 0.3795 0.6634 0.5057 0.4320 0.5057
0 0.0811 0.2536 0.4666 0.2536 0.4666 0.3488 0.0811 0.3488
1 0.8300 0.0074 0.8586 0.0074 0.8586 0.0230 0.8300 0.0230
1 0.0082 0.6151 0.0270 0.6151 0.0270 0.6313 0.0082 0.6313
1 0.2381 0.6786 0.2524 0.6786 0.2524 0.6846 0.2381 0.6846
1 0.0843 0.1880 0.0977 0.1880 0.0977 0.1952 0.0843 0.1952
2 0.2330 0.6015 0.2436 0.6015 0.2436 0.6621 0.2330 0.6621
2 0.5380 0.5055 0.5932 0.5055 0.5932 0.6393 0.5380 0.6393
2 0.0079 0.8579 0.0321 0.8579 0.0321 0.9077 0.0079 0.9077
2 0.6853 0.5852 0.7209 0.5852 0.7209 0.6828 0.6853 0.6828
3 0.7960 0.0635 0.9123 0.0635 0.9123 0.0921 0.7960 0.0921
3 0.2005 0.1531 0.2141 0.1531 0.2141 0.2501 0.2005 0.2501
3 0.0296 0.4462 0.0401 0.4462 0.0401 0.5206 0.0296 0.5206
3 0.8348 0.1571 0.8418 0.1571 0.8418 0.2069 0.8348 0.2069
4 0.4679 0.0148 0.5016 0.0148 0.5016 0.0392 0.4679 0.0392
4 0.7828 0.3555 0.8009 0.3555 0.8009 0.3637 0.7828 0.3637
4 0.7659 0.3323 0.7932 0.3323 0.7932 0.3453 0.7659 0.3453
4 0.9145 0.7567 0.9332 0.7567 0.9332 0.8033 0.9145 0.8033
6 0.8305 0.2436 0.8455 0.2436 0.8455 0.2648 0.8305 0.2648
6 0.5234 0.7206 0.6158 0.7206 0.6158 0.9810 0.5234 0.9810
6 0.1333 0.0031 0.1424 0.0031 0.1424 0.0161 0.1333 0.0161
6 0.1790 0.7632 0.2633 0.7632 0.2633 0.8028 0.1790 0.8028
7 0.5108 0.6126 0.5169 0.6126 0.5169 0.6414 0.5108 0.6414
7 0.6931 0.2522 0.7218 0.2522 0.7218 0.3734 0.6931 0.3734
7 0.1620 0.6314 0.1800 0.6314 0.1800 0.7206 0.1620 0.7206
7 0.1514 0.3998 0.1641 0.3998 0.1641 0.4402 0.1514 0.4402
9 0.8782 0.3239 0.9533 0.3239 0.9533 0.5717 0.8782 0.5717
9 0.0756 0.6832 0.1298 0.6832 0.1298 0.9544 0.0756 0.9544
9 0.1088 0.5223 0.1537 0.5223 0.1537 0.6789 0.1088 0.6789
9 0.9542 0.3111 0.9896 0.3111 0.9896 0.4937 0.9542 0.4937
12 0.8890 0.0112 0.9693 0.0112 0.9693 0.0548 0.8890 0.0548
12 0.2905 0.4086 0.3198 0.4086 0.3198 0.5210 0.2905 0.5210
12 0.3159 0.2015 0.6155 0.2015 0.6155 0.2537 0.3159 0.2537
12 0.0585 0.1736 0.0789 0.1736 0.0789 0.2768 0.0585 0.2768
13 0.7194 0.8723 0.7546 0.8723 0.7546 0.9333 0.7194 0.9333
13 0.0282 0.0799 0.0489 0.0799 0.0489 0.1329 0.0282 0.1329
13 0.1479 0.4903 0.1875 0.4903 0.1875 0.5085 0.1479 0.5085
13 0.2619 0.5902 0.3072 0.5902 0.3072 0.6286 0.2619 0.6286
15 0.2250 0.8915 0.2727 0.8915 0.2727 0.9385 0.2250 0.9385
15 0.7030 0.0083 0.7570 0.0083 0.7570 0.0601 0.7030 0.0601
15 0.6374 0.2022 0.6635 0.2022 0.6635 0.2518 0.6374 0.2518
15 0.5376 0.2619 0.6307 0.2619 0.6307 0.3709 0.5376 0.3709
