0 0.0808 0.5180 0.1801 0.5180 0.1801 0.6872 0.0808 0.6872
0 0.4399 0.0987 0.6421 0.0987 0.6421 0.2965 0.4399 0.2965
0 0.0179 0.0146 0.1538 0.0146 0.1538 0.2462 0.0179 0.2462
0 0.3083 0.6359 0.3552 0.6359 0.3552 0.9993 0.3083 0.9993
1 0.3450 0.5770 0.3541 0.5770 0.3541 0.6102 0.3450 0.6102
1 0.6948 0.5722 0.7101 0.5722 0.7101 0.5762 0.6948 0.5762
1 0.0863 0.4868 0.1092 0.4868 0.1092 0.4992 0.0863 0.4992
1 0.2248 0.3540 0.2277 0.3540 0.2277 0.3772 0.2248 0.3772
2 0.5259 0.5500 0.6187 0.5500 0.6187 0.8228 0.5259 0.8228
2 0.8817 0.3962 0.9586 0.3962 0.9586 0.4526 0.8817 0.4526
2 0.6328 0.5923 0.6755 0.5923 0.6755 0.6981 0.6328 0.6981
2 0.7499 0.0075 0.8738 0.0075 0.8738 0.6029 0.7499 0.6029
3 0.6525 0.4679 0.7309 0.4679 0.7309 0.4953 0.6525 0.4953
3 0.0505 0.4963 0.0589 0.4963 0.0589 0.5609 0.0505 0.5609
3 0.9697 0.2526 0.9838 0.2526 0.9838 0.3526 0.9697 0.3526
3 0.0771 0.3426 0.0961 0.3426 0.0961 0.4846 0.0771 0.4846
4 0.5308 0.3418 0.5580 0.3418 0.5580 0.3790 0.5308 0.3790
4 0.7930 0.9472 0.7967 0.9472 0.7967 0.9612 0.7930 0.9612
4 0.2693 0.4530 0.3056 0.4530 0.3056 0.4622 0.2693 0.4622
4 0.8276 0.6811 0.8444 0.6811 0.8444 0.6949 0.8276 0.6949
6 0.0282 0.7582 0.1024 0.7582 0.1024 0.8626 0.0282 0.8626
6 0.2599 0.2650 0.3110 0.2650 0.3110 0.3370 0.2599 0.3370
6 0.6416 0.7627 0.8824 0.7627 0.8824 0.9325 0.6416 0.9325
6 0.1959 0.4015 0.2786 0.4015 0.2786 0.4405 0.1959 0.4405
7 0.3662 0.9042 0.3758 0.9042 0.3758 0.9578 0.3662 0.9578
7 0.4776 0.7763 0.4927 0.7763 0.4927 0.8473 0.4776 0.8473
7 0.3048 0.0863 0.3169 0.0863 0.3169 0.0921 0.3048 0.0921
7 0.0277 0.6251 0.0743 0.6251 0.0743 0.7521 0.0277 0.7521
9 0.1834 0.6575 0.2098 0.6575 0.2098 0.7861 0.1834 0.7861
9 0.1550 0.0511 0.2438 0.0511 0.2438 0.3041 0.1550 0.3041
9 0.8665 0.9342 0.9695 0.9342 0.9695 0.9742 0.8665 0.9742
9 0.6885 0.1288 0.7421 0.1288 0.7421 0.3900 0.6885 0.3900
12 0.9116 0.5895 0.9670 0.5895 0.9670 0.6105 0.9116 0.6105
12 0.3147 0.2551 0.4124 0.2551 0.4124 0.2645 0.3147 0.2645
12 0.2191 0.4791 0.2306 0.4791 0.2306 0.8765 0.2191 0.8765
12 0.5191 0.4302 0.5892 0.4302 0.5892 0.4614 0.5191 0.4614
13 0.3257 0.4611 0.3438 0.4611 0.3438 0.4765 0.3257 0.4765
13 0.0870 0.8899 0.0913 0.8899 0.0913 0.9057 0.0870 0.9057
13 0.3760 0.4092 0.3863 0.4092 0.3863 0.4188 0.3760 0.4188
13 0.4264 0.2851 0.4344 0.2851 0.4344 0.6057 0.4264 0.6057
15 0.9063 0.8188 0.9415 0.8188 0.9415 0.8676 0.9063 0.8676
15 0.3763 0.0315 0.4371 0.0315 0.4371 0.1045 0.3763 0.1045
15 0.4500 0.3755 0.4797 0.3755 0.4797 0.4385 0.4500 0.4385
15 0.6214 0.7030 0.6509 0.7030 0.6509 0.7446 0.6214 0.7446
