0 0.6883 0.3667 0.8195 0.3667 0.8195 0.5613 0.6883 0.5613
0 0.5028 0.5471 0.5532 0.5471 0.5532 0.9381 0.5028 0.9381
0 0.5566 0.3967 0.6757 0.3967 0.6757 0.7477 0.5566 0.7477
0 0.1631 0.5375 0.2263 0.5375 0.2263 0.6453 0.1631 0.6453
1 0.5097 0.5258 0.5109 0.5258 0.5109 0.5474 0.5097 0.5474
1 0.0180 0.5327 0.0214 0.5327 0.0214 0.5633 0.0180 0.5633
1 0.4011 0.4058 0.4198 0.4058 0.4198 0.4106 0.4011 0.4106
1 0.8508 0.4611 0.8758 0.4611 0.8758 0.4725 0.8508 0.4725
2 0.4022 0.6075 0.4690 0.6075 0.4690 0.7693 0.4022 0.7693
2 0.7907 0.5736 0.8384 0.5736 0.8384 0.7376 0.7907 0.7376
2 0.1919 0.3875 0.2847 0.3875 0.2847 0.4209 0.1919 0.4209
2 0.2366 0.7202 0.2680 0.7202 0.2680 0.8066 0.2366 0.8066
3 0.1353 0.9231 0.2435 0.9231 0.2435 0.9489 0.1353 0.9489
3 0.8765 0.0623 0.9689 0.0623 0.9689 0.0849 0.8765 0.0849
3 0.6268 0.8378 0.6492 0.8378 0.6492 0.9250 0.6268 0.9250
3 0.8105 0.2743 0.8415 0.2743 0.8415 0.2849 0.8105 0.2849
4 0.4485 0.4270 0.4632 0.4270 0.4632 0.4398 0.4485 0.4398
4 0.4140 0.8950 0.4463 0.8950 0.4463 0.9174 0.4140 0.9174
4 0.2357 0.0978 0.2438 0.0978 0.2438 0.1486 0.2357 0.1486
4 0.8823 0.4023 0.9015 0.4023 0.9015 0.4169 0.8823 0.4169
6 0.5990 0.1751 0.8058 0.1751 0.8058 0.3209 0.5990 0.3209
6 0.1267 0.7171 0.1664 0.7171 0.1664 0.7357 0.1267 0.7357
6 0.8551 0.7464 0.9286 0.7464 0.9286 0.8156 0.8551 0.8156
6 0.3154 0.9303 0.3755 0.9303 0.3755 0.9585 0.3154 0.9585
7 0.2002 0.0339 0.2064 0.0339 0.2064 0.0565 0.2002 0.0565
7 0.6050 0.0666 0.6244 0.0666 0.6244 0.1346 0.6050 0.1346
7 0.2536 0.8779 0.2638 0.8779 0.2638 0.9349 0.2536 0.9349
7 0.9065 0.8655 0.9221 0.8655 0.9221 0.9521 0.9065 0.9521
9 0.6994 0.6463 0.7249 0.6463 0.7249 0.7725 0.6994 0.7725
9 0.0100 0.3244 0.1154 0.3244 0.1154 0.3652 0.0100 0.3652
9 0.0643 0.0866 0.1817 0.0866 0.1817 0.1578 0.0643 0.1578
9 0.0617 0.5218 0.1117 0.5218 0.1117 0.7658 0.0617 0.7658
12 0.3279 0.6132 0.3355 0.6132 0.3355 0.8964 0.3279 0.8964
12 0.1331 0.2051 0.1832 0.2051 0.1832 0.4285 0.1331 0.4285
12 0.0705 0.0375 0.1004 0.0375 0.1004 0.0625 0.0705 0.0625
12 0.3468 0.7996 0.3655 0.7996 0.3655 0.8952 0.3468 0.8952
13 0.4668 0.8915 0.4789 0.8915 0.4789 0.9133 0.4668 0.9133
13 0.7864 0.0323 0.8564 0.0323 0.8564 0.0713 0.7864 0.0713
13 0.2788 0.4392 0.2846 0.4392 0.2846 0.4440 0.2788 0.4440
13 0.5427 0.4195 0.5458 0.4195 0.5458 0.5433 0.5427 0.5433
15 0.7259 0.7319 0.7747 0.7319 0.7747 0.7905 0.7259 0.7905
15 0.8733 0.5482 0.8964 0.5482 0.8964 0.5802 0.8733 0.5802
15 0.6288 0.0100 0.7146 0.0100 0.7146 0.1000 0.6288 0.1000
15 0.3022 0.4779 0.3641 0.4779 0.3641 0.5501 0.3022 0.5501
