0 0.0285 0.4324 0.2012 0.4324 0.2012 0.8728 0.0285 0.8728
0 0.4956 0.4611 0.5575 0.4611 0.5575 0.5861 0.4956 0.5861
0 0.4608 0.7944 0.6835 0.7944 0.6835 0.9348 0.4608 0.9348
0 0.2397 0.1632 0.4040 0.1632 0.4040 0.2668 0.2397 0.2668
1 0.9231 0.2422 0.9458 0.2422 0.9458 0.2466 0.9231 0.2466
1 0.3234 0.0848 0.3306 0.0848 0.3306 0.1084 0.3234 0.1084
1 0.7224 0.5043 0.7256 0.5043 0.7256 0.5293 0.7224 0.5293
1 0.5788 0.9863 0.5878 0.9863 0.5878 0.9941 0.5788 0.9941
2 0.6207 0.5951 0.6410 0.5951 0.6410 0.6657 0.6207 0.6657
2 0.1247 0.0532 0.2227 0.0532 0.2227 0.2032 0.1247 0.2032
2 0.6099 0.7087 0.6992 0.7087 0.6992 0.7813 0.6099 0.7813
2 0.9165 0.1323 0.9529 0.1323 0.9529 0.2205 0.9165 0.2205
3 0.4639 0.2791 0.5284 0.2791 0.5284 0.2961 0.4639 0.2961
3 0.2014 0.4571 0.2743 0.4571 0.2743 0.4749 0.2014 0.4749
3 0.0517 0.8826 0.1506 0.8826 0.1506 0.9130 0.0517 0.9130
3 0.8402 0.0611 0.8472 0.0611 0.8472 0.1109 0.8402 0.1109
4 0.7947 0.9055 0.8187 0.9055 0.8187 0.9233 0.7947 0.9233
4 0.9620 0.5987 0.9689 0.5987 0.9689 0.6361 0.9620 0.6361
4 0.5376 0.6024 0.5424 0.6024 0.5424 0.6176 0.5376 0.6176
4 0.6473 0.0507 0.6787 0.0507 0.6787 0.0613 0.6473 0.0613
6 0.4244 0.2392 0.4993 0.2392 0.4993 0.2744 0.4244 0.2744
6 0.5527 0.2551 0.6521 0.2551 0.6521 0.3253 0.5527 0.3253
6 0.8246 0.5142 0.8363 0.5142 0.8363 0.5310 0.8246 0.5310
6 0.4391 0.1902 0.4514 0.1902 0.4514 0.2078 0.4391 0.2078
7 0.5716 0.5691 0.5944 0.5691 0.5944 0.6313 0.5716 0.6313
7 0.7114 0.6615 0.7414 0.6615 0.7414 0.7877 0.7114 0.7877
7 0.5851 0.6878 0.5964 0.6878 0.5964 0.7330 0.5851 0.7330
7 0.9002 0.6886 0.9184 0.6886 0.9184 0.6978 0.9002 0.6978
9 0.3225 0.6203 0.3460 0.6203 0.3460 0.7365 0.3225 0.7365
9 0.6219 0.3827 0.6536 0.3827 0.6536 0.5413 0.6219 0.5413
9 0.8224 0.3414 0.8967 0.3414 0.8967 0.3658 0.8224 0.3658
9 0.3051 0.8503 0.4409 0.8503 0.4409 0.9029 0.3051 0.9029
12 0.5271 0.0911 0.5537 0.0911 0.5537 0.2101 0.5271 0.2101
12 0.4296 0.3930 0.6084 0.3930 0.6084 0.4242 0.4296 0.4242
12 0.9157 0.7138 0.9929 0.7138 0.9929 0.7482 0.9157 0.7482
12 0.8585 0.1603 0.8792 0.1603 0.8792 0.2397 0.8585 0.2397
13 0.9199 0.3603 0.9278 0.3603 0.9278 0.3693 0.9199 0.3693
13 0.6697 0.1824 0.6895 0.1824 0.6895 0.2184 0.6697 0.2184
13 0.5059 0.6042 0.5072 0.6042 0.5072 0.6762 0.5059 0.6762
13 0.5433 0.9543 0.5535 0.9543 0.5535 0.9833 0.5433 0.9833
15 0.8291 0.4015 0.8661 0.4015 0.8661 0.4693 0.8291 0.4693
15 0.6667 0.1027 0.6935 0.1027 0.6935 0.1537 0.6667 0.1537
15 0.3788 0.4491 0.4069 0.4491 0.4069 0.5021 0.3788 0.5021
15 0.4200 0.5968 0.4980 0.5968 0.4980 0.7292 0.4200 0.7292
