0 0.5580 0.2787 0.6572 0.2787 0.6572 0.4477 0.5580 0.4477
0 0.8865 0.5151 0.9723 0.5151 0.9723 0.8393 0.8865 0.8393
0 0.1899 0.0912 0.3878 0.0912 0.3878 0.4372 0.1899 0.4372
0 0.4071 0.1278 0.5309 0.1278 0.5309 0.2710 0.4071 0.2710
1 0.3884 0.7919 0.4153 0.7919 0.4153 0.8597 0.3884 0.8597
1 0.8711 0.2163 0.8915 0.2163 0.8915 0.2677 0.8711 0.2677
1 0.8014 0.6423 0.8158 0.6423 0.8158 0.7961 0.8014 0.7961
1 0.0545 0.6956 0.0727 0.6956 0.0727 0.7112 0.0545 0.7112
2 0.1208 0.0611 0.1509 0.0611 0.1509 0.0797 0.1208 0.0797
2 0.1194 0.4699 0.2346 0.4699 0.2346 0.6301 0.1194 0.6301
2 0.3985 0.6574 0.4523 0.6574 0.4523 0.6970 0.3985 0.6970
2 0.8028 0.2852 0.8915 0.2852 0.8915 0.4248 0.8028 0.4248
3 0.3617 0.9091 0.3826 0.9091 0.3826 0.9909 0.3617 0.9909
3 0.4413 0.7115 0.4504 0.7115 0.4504 0.7765 0.4413 0.7765
3 0.6579 0.7491 0.7327 0.7491 0.7327 0.7721 0.6579 0.7721
3 0.5477 0.5183 0.5594 0.5183 0.5594 0.6017 0.5477 0.6017
4 0.3502 0.6568 0.3709 0.6568 0.3709 0.6640 0.3502 0.6640
4 0.7782 0.6915 0.8001 0.6915 0.8001 0.7033 0.7782 0.7033
4 0.9071 0.0727 0.9169 0.0727 0.9169 0.1341 0.9071 0.1341
4 0.0286 0.0712 0.0417 0.0712 0.0417 0.0812 0.0286 0.0812
6 0.6087 0.5907 0.6527 0.5907 0.6527 0.6525 0.6087 0.6525
6 0.1510 0.7118 0.2067 0.7118 0.2067 0.7902 0.1510 0.7902
6 0.4671 0.7996 0.6924 0.7996 0.6924 0.9584 0.4671 0.9584
6 0.4349 0.2862 0.5306 0.2862 0.5306 0.3538 0.4349 0.3538
7 0.4154 0.0236 0.4195 0.0236 0.4195 0.0588 0.4154 0.0588
7 0.5371 0.0675 0.5440 0.0675 0.5440 0.1109 0.5371 0.1109
7 0.7268 0.0839 0.7432 0.0839 0.7432 0.1289 0.7268 0.1289
7 0.4025 0.3882 0.4072 0.3882 0.4072 0.4094 0.4025 0.4094
9 0.0022 0.8075 0.1338 0.8075 0.1338 0.8585 0.0022 0.8585
9 0.4599 0.4903 0.5155 0.4903 0.5155 0.7693 0.4599 0.7693
9 0.7131 0.4948 0.8835 0.4948 0.8835 0.5608 0.7131 0.5608
9 0.6673 0.2503 0.6989 0.2503 0.6989 0.3545 0.6673 0.3545
12 0.2511 0.0210 0.4034 0.0210 0.4034 0.0818 0.2511 0.0818
12 0.7110 0.5651 0.8456 0.5651 0.8456 0.6005 0.7110 0.6005
12 0.4368 0.3928 0.5409 0.3928 0.5409 0.4324 0.4368 0.4324
12 0.2465 0.4787 0.2778 0.4787 0.2778 0.7797 0.2465 0.7797
13 0.5528 0.6692 0.5567 0.6692 0.5567 0.6840 0.5528 0.6840
13 0.1925 0.9250 0.2195 0.9250 0.2195 0.9418 0.1925 0.9418
13 0.9099 0.2680 0.9244 0.2680 0.9244 0.3892 0.9099 0.3892
13 0.7570 0.8696 0.7650 0.8696 0.7650 0.9236 0.7570 0.9236
15 0.0219 0.5140 0.0855 0.5140 0.0855 0.5876 0.0219 0.5876
15 0.6160 0.1720 0.6566 0.1720 0.6566 0.2500 0.6160 0.2500
15 0.5779 0.4967 0.6849 0.4967 0.6849 0.5877 0.5779 0.5877
15 0.0459 0.1439 0.0695 0.1439 0.0695 0.1777 0.0459 0.1777
