0 0.0680 0.5983 0.1372 0.5983 0.1372 0.7381 0.0680 0.7381
0 0.5117 0.1318 0.6260 0.1318 0.6260 0.4466 0.5117 0.4466
0 0.5274 0.6071 0.6058 0.6071 0.6058 0.9489 0.5274 0.9489
0 0.1727 0.2902 0.3978 0.2902 0.3978 0.6838 0.1727 0.6838
1 0.8406 0.7242 0.8560 0.7242 0.8560 0.7282 0.8406 0.7282
1 0.7034 0.1979 0.7075 0.1979 0.7075 0.2777 0.7034 0.2777
1 0.9645 0.7571 0.9864 0.7571 0.9864 0.7689 0.9645 0.7689
1 0.0027 0.4908 0.0118 0.4908 0.0118 0.5808 0.0027 0.5808
2 0.7942 0.5836 0.8084 0.5836 0.8084 0.6144 0.7942 0.6144
2 0.7471 0.1243 0.8624 0.1243 0.8624 0.2889 0.7471 0.2889
2 0.8979 0.0327 0.9487 0.0327 0.9487 0.1129 0.8979 0.1129
2 0.6725 0.7179 0.8061 0.7179 0.8061 0.8217 0.6725 0.8217
3 0.1228 0.4906 0.1358 0.4906 0.1358 0.5822 0.1228 0.5822
3 0.9891 0.5439 0.9958 0.5439 0.9958 0.5917 0.9891 0.5917
3 0.8447 0.4587 0.8581 0.4587 0.8581 0.5533 0.8447 0.5533
3 0.6428 0.8415 0.7540 0.8415 0.7540 0.8681 0.6428 0.8681
4 0.3976 0.9830 0.4173 0.9830 0.4173 0.9974 0.3976 0.9974
4 0.8393 0.6082 0.8512 0.6082 0.8512 0.6162 0.8393 0.6162
4 0.0164 0.4423 0.0301 0.4423 0.0301 0.5685 0.0164 0.5685
4 0.9386 0.5434 0.9680 0.5434 0.9680 0.5634 0.9386 0.5634
6 0.1885 0.2122 0.2360 0.2122 0.2360 0.2570 0.1885 0.2570
6 0.6617 0.4963 0.7031 0.4963 0.7031 0.5097 0.6617 0.5097
6 0.7645 0.4019 0.8038 0.4019 0.8038 0.4389 0.7645 0.4389
6 0.2393 0.7014 0.3873 0.7014 0.3873 0.8058 0.2393 0.8058
7 0.6011 0.9763 0.6235 0.9763 0.6235 0.9885 0.6011 0.9885
7 0.5654 0.0106 0.5900 0.0106 0.5900 0.0218 0.5654 0.0218
7 0.1853 -0.0000 0.2076 -0.0000 0.2076 0.0496 0.1853 0.0496
7 0.7763 0.9130 0.8137 0.9130 0.8137 0.9354 0.7763 0.9354
9 0.9542 0.2518 0.9961 0.2518 0.9961 0.3870 0.9542 0.3870
9 0.0033 0.0458 0.0475 0.0458 0.0475 0.3046 0.0033 0.3046
9 0.4360 0.0735 0.4889 0.0735 0.4889 0.2481 0.4360 0.2481
9 0.0482 0.0380 0.1358 0.0380 0.1358 0.3208 0.0482 0.3208
12 0.7079 0.4412 0.8324 0.4412 0.8324 0.4908 0.7079 0.4908
12 0.9040 0.3059 0.9317 0.3059 0.9317 0.6277 0.9040 0.6277
12 0.0094 0.6635 0.0392 0.6635 0.0392 0.7781 0.0094 0.7781
12 0.3001 0.9320 0.3213 0.9320 0.3213 0.9504 0.3001 0.9504
13 0.5936 0.0207 0.6078 0.0207 0.6078 0.0453 0.5936 0.0453
13 0.5170 0.1170 0.5301 0.1170 0.5301 0.1290 0.5170 0.1290
13 0.0068 0.5964 0.0166 0.5964 0.0166 0.6048 0.0068 0.6048
13 0.6148 0.5020 0.6212 0.5020 0.6212 0.5460 0.6148 0.5460
15 0.9786 0.6223 0.9971 0.6223 0.9971 0.6485 0.9786 0.6485
15 0.0033 0.8163 0.1124 0.8163 0.1124 0.9561 0.0033 0.9561
15 0.8451 0.7754 0.9360 0.7754 0.9360 0.8526 0.8451 0.8526
15 0.3642 0.8912 0.4170 0.8912 0.4170 0.9544 0.3642 0.9544
