0 0.5976 0.5343 0.6707 0.5343 0.6707 0.6869 0.5976 0.6869
0 0.7063 0.5240 0.9512 0.5240 0.9512 0.6784 0.7063 0.6784
0 0.2831 0.2696 0.4249 0.2696 0.4249 0.5112 0.2831 0.5112
0 0.7144 0.0790 0.8036 0.0790 0.8036 0.3962 0.7144 0.3962
1 0.3334 0.1703 0.3381 0.1703 0.3381 0.2081 0.3334 0.2081
1 0.7451 0.9591 0.7483 0.9591 0.7483 0.9873 0.7451 0.9873
1 0.2439 0.7379 0.2556 0.7379 0.2556 0.8629 0.2439 0.8629
1 0.6920 0.4919 0.7103 0.4919 0.7103 0.5077 0.6920 0.5077
2 0.1073 0.2603 0.1796 0.2603 0.1796 0.3185 0.1073 0.3185
2 0.9708 0.2399 0.9847 0.2399 0.9847 0.4249 0.9708 0.4249
2 0.1534 0.3279 0.2280 0.3279 0.2280 0.5693 0.1534 0.5693
2 0.8547 0.0427 0.8704 0.0427 0.8704 0.0485 0.8547 0.0485
3 0.0209 0.2450 0.1026 0.2450 0.1026 0.2706 0.0209 0.2706
3 0.0979 0.4607 0.1081 0.4607 0.1081 0.5333 0.0979 0.5333
3 0.2600 0.0127 0.2743 0.0127 0.2743 0.1141 0.2600 0.1141
3 0.9299 0.0468 0.9873 0.0468 0.9873 0.0644 0.9299 0.0644
4 0.3825 0.7978 0.4038 0.7978 0.4038 0.8158 0.3825 0.8158
4 0.1816 0.7198 0.1996 0.7198 0.1996 0.7678 0.1816 0.7678
4 0.2179 0.7203 0.3073 0.7203 0.3073 0.7289 0.2179 0.7289
4 0.0557 0.1842 0.0609 0.1842 0.0609 0.1994 0.0557 0.1994
6 0.8676 0.8484 0.8864 0.8484 0.8864 0.8544 0.8676 0.8544
6 0.4091 0.6655 0.4275 0.6655 0.4275 0.6917 0.4091 0.6917
6 0.5210 0.7595 0.7884 0.7595 0.7884 0.9481 0.5210 0.9481
6 0.0082 0.7218 0.1049 0.7218 0.1049 0.9942 0.0082 0.9942
7 0.8911 0.3535 0.8989 0.3535 0.8989 0.4313 0.8911 0.4313
7 0.8257 0.0855 0.8466 0.0855 0.8466 0.1745 0.8257 0.1745
7 0.0191 0.0492 0.0409 0.0492 0.0409 0.0592 0.0191 0.0592
7 0.1407 0.7006 0.1781 0.7006 0.1781 0.9310 0.1407 0.9310
9 0.5139 0.5611 0.5409 0.5611 0.5409 0.6961 0.5139 0.6961
9 0.3650 0.0267 0.4093 0.0267 0.4093 0.2485 0.3650 0.2485
9 0.8228 0.9172 0.9307 0.9172 0.9307 0.9520 0.8228 0.9520
9 0.4097 0.8710 0.4777 0.8710 0.4777 0.8974 0.4097 0.8974
12 0.4336 0.6390 0.5101 0.6390 0.5101 0.6838 0.4336 0.6838
12 0.0031 0.2843 0.0549 0.2843 0.0549 0.3073 0.0031 0.3073
12 0.6985 0.4231 0.7672 0.4231 0.7672 0.4505 0.6985 0.4505
12 0.8228 0.7546 0.8589 0.7546 0.8589 0.7862 0.8228 0.7862
13 0.6408 0.6975 0.6507 0.6975 0.6507 0.7237 0.6408 0.7237
13 0.3505 0.6852 0.3618 0.6852 0.3618 0.6996 0.3505 0.6996
13 0.4690 0.1216 0.4735 0.1216 0.4735 0.1288 0.4690 0.1288
13 0.9028 0.7331 0.9166 0.7331 0.9166 0.7509 0.9028 0.7509
15 0.8242 0.1814 0.9058 0.1814 0.9058 0.2510 0.8242 0.2510
15 0.6291 0.1639 0.6547 0.1639 0.6547 0.2121 0.6291 0.2121
15 0.2740 0.5504 0.3563 0.5504 0.3563 0.6468 0.2740 0.6468
15 0.1607 0.0308 0.2564 0.0308 0.2564 0.1736 0.1607 0.1736
