0 0.4222 0.1628 0.4550 0.1628 0.4550 0.5992 0.4222 0.5992
0 0.6265 0.0915 0.8155 0.0915 0.8155 0.3101 0.6265 0.3101
0 0.1591 0.2240 0.4198 0.2240 0.4198 0.3660 0.1591 0.3660
0 0.9151 0.5911 0.9957 0.5911 0.9957 0.9233 0.9151 0.9233
1 0.9245 0.0296 0.9395 0.0296 0.9395 0.0620 0.9245 0.0620
1 0.9264 0.4511 0.9424 0.4511 0.9424 0.4833 0.9264 0.4833
1 0.8665 0.0678 0.8880 0.0678 0.8880 0.0734 0.8665 0.0734
1 0.5311 0.3259 0.5426 0.3259 0.5426 0.3289 0.5311 0.3289
2 0.6102 0.3392 0.9547 0.3392 0.9547 0.4236 0.6102 0.4236
2 0.0054 0.4343 0.0721 0.4343 0.0721 0.5169 0.0054 0.5169
2 0.7756 0.7407 0.8650 0.7407 0.8650 0.7921 0.7756 0.7921
2 0.0011 0.0931 0.0320 0.0931 0.0320 0.1521 0.0011 0.1521
3 0.8207 0.2194 0.8358 0.2194 0.8358 0.3322 0.8207 0.3322
3 0.1357 0.6324 0.2135 0.6324 0.2135 0.6628 0.1357 0.6628
3 0.0497 0.9228 0.1332 0.9228 0.1332 0.9432 0.0497 0.9432
3 0.3544 0.7207 0.4367 0.7207 0.4367 0.7529 0.3544 0.7529
4 0.6700 0.5279 0.6866 0.5279 0.6866 0.5517 0.6700 0.5517
4 0.3825 0.8214 0.4066 0.8214 0.4066 0.8378 0.3825 0.8378
4 0.8836 0.4878 0.8898 0.4878 0.8898 0.5506 0.8836 0.5506
4 0.2219 0.5491 0.3038 0.5491 0.3038 0.5757 0.2219 0.5757
6 0.5091 0.5414 0.5583 0.5414 0.5583 0.5574 0.5091 0.5574
6 0.4094 0.8839 0.4452 0.8839 0.4452 0.9177 0.4094 0.9177
6 0.3182 0.8368 0.3555 0.8368 0.3555 0.8892 0.3182 0.8892
6 0.5473 0.7143 0.5853 0.7143 0.5853 0.7265 0.5473 0.7265
7 0.6136 0.1664 0.6184 0.1664 0.6184 0.1816 0.6136 0.1816
7 0.2171 0.8484 0.2257 0.8484 0.2257 0.8724 0.2171 0.8724
7 0.3693 0.0067 0.4061 0.0067 0.4061 0.0913 0.3693 0.0913
7 0.4587 0.8940 0.4678 0.8940 0.4678 0.9184 0.4587 0.9184
9 0.7611 0.6094 0.8329 0.6094 0.8329 0.6778 0.7611 0.6778
9 0.0356 0.2738 0.1472 0.2738 0.1472 0.3378 0.0356 0.3378
9 0.7054 0.8766 0.9080 0.8766 0.9080 0.9994 0.7054 0.9994
9 0.0097 0.5910 0.1058 0.5910 0.1058 0.8650 0.0097 0.8650
12 0.5882 0.4252 0.6461 0.4252 0.6461 0.9828 0.5882 0.9828
12 0.0759 0.0952 0.3109 0.0952 0.3109 0.1476 0.0759 0.1476
12 0.1191 0.4436 0.1269 0.4436 0.1269 0.7168 0.1191 0.7168
12 0.4411 0.7746 0.5026 0.7746 0.5026 0.8106 0.4411 0.8106
13 0.7976 0.8447 0.8064 0.8447 0.8064 0.8521 0.7976 0.8521
13 0.1473 0.7338 0.1649 0.7338 0.1649 0.7486 0.1473 0.7486
13 0.5171 0.1319 0.5655 0.1319 0.5655 0.1541 0.5171 0.1541
13 0.0468 0.8914 0.1735 0.8914 0.1735 0.9010 0.0468 0.9010
15 0.1711 0.7842 0.1966 0.7842 0.1966 0.8202 0.1711 0.8202
15 0.4746 0.0260 0.5226 0.0260 0.5226 0.0812 0.4746 0.0812
15 0.9111 0.1883 0.9664 0.1883 0.9664 0.2697 0.9111 0.2697
15 0.3585 0.6395 0.4104 0.6395 0.4104 0.7161 0.3585 0.7161
