0 0.4407 0.3795 0.6353 0.3795 0.6353 0.9149 0.4407 0.9149
0 0.0425 0.7990 0.1324 0.7990 0.1324 0.9562 0.0425 0.9562
0 0.1025 0.6364 0.3347 0.6364 0.3347 0.7828 0.1025 0.7828
0 0.7473 0.2904 0.9967 0.2904 0.9967 0.4476 0.7473 0.4476
1 0.4511 0.0352 0.4626 0.0352 0.4626 0.0400 0.4511 0.0400
1 0.0713 0.7070 0.0770 0.7070 0.0770 0.7674 0.0713 0.7674
1 0.9814 0.8987 0.9838 0.8987 0.9838 0.9177 0.9814 0.9177
1 0.6808 0.0110 0.6844 0.0110 0.6844 0.0398 0.6808 0.0398
2 0.3460 0.1006 0.4437 0.1006 0.4437 0.2366 0.3460 0.2366
2 0.5239 0.1066 0.7169 0.1066 0.7169 0.2238 0.5239 0.2238
2 0.2396 0.1724 0.3055 0.1724 0.3055 0.1808 0.2396 0.1808
2 0.7702 0.0380 0.8618 0.0380 0.8618 0.1124 0.7702 0.1124
3 0.9170 0.1578 0.9716 0.1578 0.9716 0.1746 0.9170 0.1746
3 0.8311 0.6811 0.9612 0.6811 0.9612 0.7121 0.8311 0.7121
3 0.0316 0.3368 0.0961 0.3368 0.0961 0.3620 0.0316 0.3620
3 0.4125 0.2940 0.4815 0.2940 0.4815 0.3152 0.4125 0.3152
4 0.2931 0.9223 0.3032 0.9223 0.3032 0.9881 0.2931 0.9881
4 0.9485 0.4875 0.9572 0.4875 0.9572 0.5009 0.9485 0.5009
4 0.6883 0.7166 0.7020 0.7166 0.7020 0.8278 0.6883 0.8278
4 0.2890 0.4023 0.2950 0.4023 0.2950 0.4213 0.2890 0.4213
6 0.8731 0.2316 0.9052 0.2316 0.9052 0.2768 0.8731 0.2768
6 0.7222 0.7906 0.9598 0.7906 0.9598 0.9582 0.7222 0.9582
6 0.4085 0.2455 0.4303 0.2455 0.4303 0.2765 0.4085 0.2765
6 0.1471 0.5227 0.1715 0.5227 0.1715 0.5573 0.1471 0.5573
7 0.9254 0.4742 0.9332 0.4742 0.9332 0.4978 0.9254 0.4978
7 0.9540 0.1963 0.9615 0.1963 0.9615 0.2173 0.9540 0.2173
7 0.7451 0.4846 0.7526 0.4846 0.7526 0.5170 0.7451 0.5170
7 0.2982 0.0282 0.3061 0.0282 0.3061 0.0458 0.2982 0.0458
9 0.1416 0.7911 0.3367 0.7911 0.3367 0.8553 0.1416 0.8553
9 0.3285 0.4246 0.3932 0.4246 0.3932 0.6090 0.3285 0.6090
9 0.6426 0.5748 0.7726 0.5748 0.7726 0.6492 0.6426 0.6492
9 0.2960 0.3340 0.3931 0.3340 0.3931 0.3716 0.2960 0.3716
12 0.6907 0.4264 0.7176 0.4264 0.7176 0.5624 0.6907 0.5624
12 0.0962 0.1618 0.1264 0.1618 0.1264 0.3742 0.0962 0.3742
12 0.0048 0.3702 0.0383 0.3702 0.0383 0.7306 0.0048 0.7306
13 0.5225 0.9607 0.5269 0.9607 0.5269 0.9773 0.5225 0.9773
13 0.1024 0.0195 0.1133 0.0195 0.1133 0.0481 0.1024 0.0481
13 0.7685 0.2351 0.7987 0.2351 0.7987 0.2489 0.7685 0.2489
13 0.1411 0.6231 0.1483 0.6231 0.1483 0.6325 0.1411 0.6325
15 0.2034 0.5215 0.2417 0.5215 0.2417 0.5593 0.2034 0.5593
15 0.1239 0.3994 0.2164 0.3994 0.2164 0.4782 0.1239 0.4782
15 0.0339 0.1619 0.0701 0.1619 0.0701 0.2121 0.0339 0.2121
15 0.4882 0.0139 0.5712 0.0139 0.5712 0.0845 0.4882 0.0845
