0 0.7660 0.4730 0.9160 0.4730 0.9160 0.7354 0.7660 0.7354
0 0.4760 0.0730 0.7120 0.0730 0.7120 0.1314 0.4760 0.1314
0 0.2362 0.6036 0.2569 0.6036 0.2569 0.8784 0.2362 0.8784
0 0.8240 0.0600 0.9537 0.0600 0.9537 0.2100 0.8240 0.2100
1 0.0994 0.2439 0.1098 0.2439 0.1098 0.2465 0.0994 0.2465
1 0.6994 0.9396 0.7078 0.9396 0.7078 0.9700 0.6994 0.9700
1 0.0450 0.8670 0.0653 0.8670 0.0653 0.8722 0.0450 0.8722
1 0.8179 0.7983 0.8247 0.7983 0.8247 0.8233 0.8179 0.8233
2 0.3685 0.3483 0.5561 0.3483 0.5561 0.3813 0.3685 0.3813
2 0.1611 0.1626 0.6554 0.1626 0.6554 0.2838 0.1611 0.2838
2 0.0802 0.7480 0.0943 0.7480 0.0943 0.7836 0.0802 0.7836
2 0.3168 0.4208 0.4178 0.4208 0.4178 0.5020 0.3168 0.5020
3 0.3705 0.0478 0.3826 0.0478 0.3826 0.1338 0.3705 0.1338
3 0.0137 0.0387 0.0692 0.0387 0.0692 0.0557 0.0137 0.0557
3 0.0362 0.5116 0.1524 0.5116 0.1524 0.5392 0.0362 0.5392
3 0.5284 0.8946 0.5381 0.8946 0.5381 0.9634 0.5284 0.9634
4 0.0468 0.7063 0.0769 0.7063 0.0769 0.7141 0.0468 0.7141
4 0.5465 0.5687 0.5561 0.5687 0.5561 0.5825 0.5465 0.5825
4 0.1306 0.0626 0.1463 0.0626 0.1463 0.1018 0.1306 0.1018
4 0.8096 0.8908 0.8750 0.8908 0.8750 0.9128 0.8096 0.9128
6 0.1391 0.3596 0.1626 0.3596 0.1626 0.3672 0.1391 0.3672
6 0.8922 0.9619 0.9732 0.9619 0.9732 1.0001 0.8922 1.0001
6 0.8963 0.2451 0.9183 0.2451 0.9183 0.2765 0.8963 0.2765
6 0.4822 0.0272 0.5206 0.0272 0.5206 0.0396 0.4822 0.0396
7 0.4127 0.7688 0.4490 0.7688 0.4490 0.9180 0.4127 0.9180
7 0.0830 0.0107 0.0901 0.0107 0.0901 0.0269 0.0830 0.0269
7 0.7082 0.3660 0.7555 0.3660 0.7555 0.5184 0.7082 0.5184
7 0.4842 0.6511 0.5293 0.6511 0.5293 0.7737 0.4842 0.7737
9 0.6396 0.2952 0.6961 0.2952 0.6961 0.5704 0.6396 0.5704
9 0.0268 0.6043 0.1423 0.6043 0.1423 0.6705 0.0268 0.6705
9 0.6404 0.7163 0.6841 0.7163 0.6841 0.9293 0.6404 0.9293
9 0.0102 0.3498 0.0495 0.3498 0.0495 0.4870 0.0102 0.4870
12 0.2893 0.5682 0.3564 0.5682 0.3564 0.5950 0.2893 0.5950
12 0.1031 0.9820 0.1237 0.9820 0.1237 1.0000 0.1031 1.0000
12 0.4217 0.4978 0.5340 0.4978 0.5340 0.5174 0.4217 0.5174
12 0.5111 0.8595 0.5143 0.8595 0.5143 0.9781 0.5111 0.9781
13 0.4082 0.5815 0.4341 0.5815 0.4341 0.6477 0.4082 0.6477
13 0.6993 0.5771 0.7059 0.5771 0.7059 0.6005 0.6993 0.6005
13 0.1666 0.5034 0.1706 0.5034 0.1706 0.5178 0.1666 0.5178
13 0.2957 0.4199 0.3063 0.4199 0.3063 0.4297 0.2957 0.4297
15 0.4682 0.5332 0.5192 0.5332 0.5192 0.6040 0.4682 0.6040
15 0.6564 0.2175 0.6984 0.2175 0.6984 0.2645 0.6564 0.2645
15 0.7959 0.3175 0.8281 0.3175 0.8281 0.3829 0.7959 0.3829
15 0.1899 0.2967 0.2584 0.2967 0.2584 0.3733 0.1899 0.3733
