0 0.4885 0.6119 0.5835 0.6119 0.5835 0.8733 0.4885 0.8733
0 0.6160 0.0064 0.6452 0.0064 0.6452 0.1336 0.6160 0.1336
0 0.5893 0.7152 0.6538 0.7152 0.6538 0.8108 0.5893 0.8108
0 0.1147 0.1487 0.4555 0.1487 0.4555 0.2329 0.1147 0.2329
1 0.8703 0.0644 0.8786 0.0644 0.8786 0.1540 0.8703 0.1540
1 0.9114 0.1383 0.9172 0.1383 0.9172 0.1593 0.9114 0.1593
1 0.0708 0.0479 0.0749 0.0479 0.0749 0.1269 0.0708 0.1269
1 0.2334 0.5434 0.2361 0.5434 0.2361 0.5670 0.2334 0.5670
2 0.3280 0.0083 0.4072 0.0083 0.4072 0.0381 0.3280 0.0381
2 0.1799 0.8127 0.2284 0.8127 0.2284 0.8365 0.1799 0.8365
2 0.8305 0.4079 0.8998 0.4079 0.8998 0.5985 0.8305 0.5985
2 0.2814 0.2635 0.3309 0.2635 0.3309 0.3393 0.2814 0.3393
3 0.7954 0.5063 0.8120 0.5063 0.8120 0.5713 0.7954 0.5713
3 0.5771 0.2680 0.6464 0.2680 0.6464 0.2892 0.5771 0.2892
3 0.5816 0.5336 0.6598 0.5336 0.6598 0.5580 0.5816 0.5580
3 0.6668 0.9294 0.6926 0.9294 0.6926 0.9382 0.6668 0.9382
4 0.1056 0.4827 0.1241 0.4827 0.1241 0.4925 0.1056 0.4925
4 0.9168 0.6634 0.9238 0.6634 0.9238 0.7070 0.9168 0.7070
4 0.8534 0.3919 0.8726 0.3919 0.8726 0.4081 0.8534 0.4081
4 0.0034 0.6586 0.0206 0.6586 0.0206 0.6702 0.0034 0.6702
6 0.1723 0.3858 0.3900 0.3858 0.3900 0.5394 0.1723 0.5394
6 0.6781 0.0115 0.7767 0.0115 0.7767 0.2893 0.6781 0.2893
6 0.1514 0.6115 0.4261 0.6115 0.4261 0.8053 0.1514 0.8053
6 0.6021 0.1583 0.6116 0.1583 0.6116 0.1717 0.6021 0.1717
7 0.4590 0.0811 0.4755 0.0811 0.4755 0.2145 0.4590 0.2145
7 0.7237 0.7060 0.7354 0.7060 0.7354 0.7120 0.7237 0.7120
7 0.0019 0.7384 0.0261 0.7384 0.0261 0.8552 0.0019 0.8552
7 0.0945 0.3050 0.1115 0.3050 0.1115 0.3770 0.0945 0.3770
9 0.8657 0.7618 0.9121 0.7618 0.9121 0.9150 0.8657 0.9150
9 0.7311 0.7151 0.7652 0.7151 0.7652 0.8905 0.7311 0.8905
9 0.9148 0.2216 0.9901 0.2216 0.9901 0.4700 0.9148 0.4700
9 0.4737 0.3387 0.5435 0.3387 0.5435 0.5689 0.4737 0.5689
12 0.1171 0.0662 0.3464 0.0662 0.3464 0.1174 0.1171 0.1174
12 0.7105 0.3876 0.7235 0.3876 0.7235 0.5392 0.7105 0.5392
12 0.7657 0.7067 0.7963 0.7067 0.7963 0.8433 0.7657 0.8433
12 0.2843 0.5798 0.3334 0.5798 0.3334 0.6086 0.2843 0.6086
13 0.1877 0.9148 0.1974 0.9148 0.1974 0.9964 0.1877 0.9964
13 0.2460 0.5564 0.2546 0.5564 0.2546 0.5792 0.2460 0.5792
13 0.9042 0.1770 0.9158 0.1770 0.9158 0.1818 0.9042 0.1818
13 0.5740 0.1975 0.5837 0.1975 0.5837 0.2121 0.5740 0.2121
15 0.4237 0.4627 0.4597 0.4627 0.4597 0.5317 0.4237 0.5317
15 0.5051 0.8967 0.6160 0.8967 0.6160 0.9909 0.5051 0.9909
15 0.3583 0.2479 0.4651 0.2479 0.4651 0.3585 0.3583 0.3585
15 0.6611 0.5856 0.7538 0.5856 0.7538 0.6892 0.6611 0.6892
