0 0.4513 0.6834 0.5227 0.6834 0.5227 0.7406 0.4513 0.7406
0 0.3108 0.1151 0.6157 0.1151 0.6157 0.3073 0.3108 0.3073
0 0.0359 0.8780 0.1169 0.8780 0.1169 0.9428 0.0359 0.9428
0 0.6757 0.2215 0.8315 0.2215 0.8315 0.7409 0.6757 0.7409
1 0.6536 0.1744 0.6581 0.1744 0.6581 0.1904 0.6536 0.1904
1 0.3116 0.7396 0.3147 0.7396 0.3147 0.7672 0.3116 0.7672
1 0.6665 0.6892 0.6743 0.6892 0.6743 0.7732 0.6665 0.7732
1 0.0136 0.1300 0.0178 0.1300 0.0178 0.1456 0.0136 0.1456
2 0.1690 0.7075 0.2244 0.7075 0.2244 0.8361 0.1690 0.8361
2 0.4868 0.8287 0.5083 0.8287 0.5083 0.8769 0.4868 0.8769
2 0.5582 0.5831 0.5698 0.5831 0.5698 0.6325 0.5582 0.6325
2 0.2708 0.4111 0.3649 0.4111 0.3649 0.5593 0.2708 0.5593
3 0.9182 0.1703 0.9669 0.1703 0.9669 0.1833 0.9182 0.1833
3 0.0362 0.7042 0.0487 0.7042 0.0487 0.7926 0.0362 0.7926
3 0.4289 0.9643 0.4720 0.9643 0.4720 0.9757 0.4289 0.9757
3 0.8602 0.8848 0.8743 0.8848 0.8743 0.9852 0.8602 0.9852
4 0.4316 0.5715 0.4593 0.5715 0.4593 0.5917 0.4316 0.5917
4 0.1951 0.6276 0.2195 0.6276 0.2195 0.6608 0.1951 0.6608
4 0.8699 0.7118 0.8753 0.7118 0.8753 0.7554 0.8699 0.7554
4 0.3100 0.0294 0.3135 0.0294 0.3135 0.0334 0.3100 0.0334
6 0.2716 0.3450 0.3047 0.3450 0.3047 0.3606 0.2716 0.3606
6 0.1805 0.0747 0.2701 0.0747 0.2701 0.3273 0.1805 0.3273
6 0.5956 0.3580 0.6173 0.3580 0.6173 0.3888 0.5956 0.3888
6 0.0450 0.3638 0.2316 0.3638 0.2316 0.4954 0.0450 0.4954
7 0.4811 0.3814 0.5072 0.3814 0.5072 0.4346 0.4811 0.4346
7 0.3644 0.3571 0.3701 0.3571 0.3701 0.3769 0.3644 0.3769
7 0.0491 0.2035 0.0684 0.2035 0.0684 0.2853 0.0491 0.2853
7 0.1337 0.7094 0.1583 0.7094 0.1583 0.8534 0.1337 0.8534
9 0.7842 0.7763 0.8149 0.7763 0.8149 0.9561 0.7842 0.9561
9 0.8850 0.3478 0.9881 0.3478 0.9881 0.6418 0.8850 0.6418
9 0.6099 0.4286 0.6712 0.4286 0.6712 0.6310 0.6099 0.6310
9 0.6711 0.1663 0.8140 0.1663 0.8140 0.2217 0.6711 0.2217
12 0.3937 0.7450 0.4289 0.7450 0.4289 0.7758 0.3937 0.7758
12 0.4148 0.8002 0.4969 0.8002 0.4969 0.8218 0.4148 0.8218
12 0.8344 0.2451 0.8784 0.2451 0.8784 0.6681 0.8344 0.6681
12 0.5825 0.7239 0.6092 0.7239 0.6092 0.9357 0.5825 0.9357
13 0.0745 0.9427 0.0915 0.9427 0.0915 0.9621 0.0745 0.9621
13 0.0713 0.6492 0.0949 0.6492 0.0949 0.6580 0.0713 0.6580
13 0.9677 0.2123 0.9883 0.2123 0.9883 0.2653 0.9677 0.2653
13 0.3344 0.6040 0.4278 0.6040 0.4278 0.6560 0.3344 0.6560
15 0.5330 0.4378 0.5507 0.4378 0.5507 0.4714 0.5330 0.4714
15 0.5805 0.6351 0.6375 0.6351 0.6375 0.7193 0.5805 0.7193
15 0.2817 0.8883 0.3440 0.8883 0.3440 0.9609 0.2817 0.9609
15 0.6366 0.0207 0.7112 0.0207 0.7112 0.1041 0.6366 0.1041
