0 0.0960 0.4874 0.3612 0.4874 0.3612 0.5530 0.0960 0.5530
0 0.1919 0.0744 0.2495 0.0744 0.2495 0.1908 0.1919 0.1908
0 0.0360 0.0287 0.1415 0.0287 0.1415 0.2977 0.0360 0.2977
0 0.8342 0.4911 0.9095 0.4911 0.9095 0.8193 0.8342 0.8193
1 0.9188 0.1086 0.9326 0.1086 0.9326 0.2566 0.9188 0.2566
1 0.6462 0.3016 0.6506 0.3016 0.6506 0.3368 0.6462 0.3368
1 0.9410 0.0926 0.9550 0.0926 0.9550 0.1206 0.9410 0.1206
1 0.1542 0.6204 0.1561 0.6204 0.1561 0.6588 0.1542 0.6588
2 0.5020 0.6338 0.5175 0.6338 0.5175 0.6510 0.5020 0.6510
2 0.5326 0.6495 0.5414 0.6495 0.5414 0.6677 0.5326 0.6677
2 0.7039 0.5831 0.7843 0.5831 0.7843 0.8369 0.7039 0.8369
2 0.7065 0.2964 0.7915 0.2964 0.7915 0.4536 0.7065 0.4536
3 0.2671 0.2159 0.3186 0.2159 0.3186 0.2281 0.2671 0.2281
3 0.6825 0.2416 0.7246 0.2416 0.7246 0.2580 0.6825 0.2580
3 0.6285 0.8499 0.7412 0.8499 0.7412 0.8765 0.6285 0.8765
3 0.5753 0.5155 0.5832 0.5155 0.5832 0.5713 0.5753 0.5713
4 0.3633 0.9471 0.3718 0.9471 0.3718 0.9585 0.3633 0.9585
4 0.6502 0.7171 0.6566 0.7171 0.6566 0.7269 0.6502 0.7269
4 0.2206 0.9700 0.2363 0.9700 0.2363 0.9832 0.2206 0.9832
4 0.3074 0.3418 0.3349 0.3418 0.3349 0.3550 0.3074 0.3550
6 0.9454 0.3792 0.9909 0.3792 0.9909 0.5076 0.9454 0.5076
6 0.9486 0.8188 0.9820 0.8188 0.9820 0.8296 0.9486 0.8296
6 0.5259 0.0808 0.6229 0.0808 0.6229 0.3540 0.5259 0.3540
6 0.7971 0.9656 0.8286 0.9656 0.8286 0.9952 0.7971 0.9952
7 0.1488 0.0604 0.1758 0.0604 0.1758 0.1220 0.1488 0.1220
7 0.8394 0.9408 0.8475 0.9408 0.8475 0.9672 0.8394 0.9672
7 0.4728 0.5348 0.4835 0.5348 0.4835 0.6096 0.4728 0.6096
7 0.1408 0.3059 0.1572 0.3059 0.1572 0.3505 0.1408 0.3505
9 0.2176 0.7732 0.4349 0.7732 0.4349 0.9048 0.2176 0.9048
9 0.0139 0.6154 0.0735 0.6154 0.0735 0.9226 0.0139 0.9226
9 0.7962 0.2366 0.8407 0.2366 0.8407 0.3634 0.7962 0.3634
9 0.9277 0.6287 0.9612 0.6287 0.9612 0.7457 0.9277 0.7457
12 0.3947 0.0898 0.4293 0.0898 0.4293 0.2658 0.3947 0.2658
12 0.5588 0.5784 0.5886 0.5784 0.5886 0.9264 0.5588 0.9264
12 0.1242 0.5776 0.2158 0.5776 0.2158 0.6124 0.1242 0.6124
13 0.1756 0.0847 0.1835 0.0847 0.1835 0.1073 0.1756 0.1073
13 0.6142 0.3610 0.6324 0.3610 0.6324 0.3818 0.6142 0.3818
13 0.6945 0.0679 0.7015 0.0679 0.7015 0.1133 0.6945 0.1133
13 0.0016 0.2387 0.0098 0.2387 0.0098 0.2733 0.0016 0.2733
15 0.3664 0.5688 0.4724 0.5688 0.4724 0.6916 0.3664 0.6916
15 0.9477 0.2412 0.9926 0.2412 0.9926 0.3056 0.9477 0.3056
15 0.2494 0.0375 0.3878 0.0375 0.3878 0.1893 0.2494 0.1893
15 0.6081 0.8943 0.6864 0.8943 0.6864 0.9993 0.6081 0.9993
