0 0.8600 0.4518 0.9215 0.4518 0.9215 0.5762 0.8600 0.5762
0 0.5816 0.4747 0.6604 0.4747 0.6604 0.7989 0.5816 0.7989
0 0.7945 0.0959 0.8763 0.0959 0.8763 0.2353 0.7945 0.2353
0 0.1128 0.0855 0.4452 0.0855 0.4452 0.1677 0.1128 0.1677
1 0.3987 0.8719 0.4024 0.8719 0.4024 0.9045 0.3987 0.9045
1 0.2873 0.6264 0.2967 0.6264 0.2967 0.7192 0.2873 0.7192
1 0.0506 0.3674 0.0580 0.3674 0.0580 0.3946 0.0506 0.3946
1 0.1777 0.5798 0.1843 0.5798 0.1843 0.6650 0.1777 0.6650
2 0.5176 0.1648 0.7075 0.1648 0.7075 0.1932 0.5176 0.1932
2 0.7031 0.8892 0.8640 0.8892 0.8640 0.9664 0.7031 0.9664
2 0.1811 0.8088 0.3046 0.8088 0.3046 0.9092 0.1811 0.9092
2 0.6346 0.3472 0.6532 0.3472 0.6532 0.3612 0.6346 0.3612
3 0.7022 0.6742 0.7252 0.6742 0.7252 0.8502 0.7022 0.8502
3 0.2328 0.2306 0.2469 0.2306 0.2469 0.2858 0.2328 0.2858
3 0.4393 0.2023 0.4869 0.2023 0.4869 0.2209 0.4393 0.2209
3 0.6584 0.3426 0.7690 0.3426 0.7690 0.3766 0.6584 0.3766
4 0.3771 0.4903 0.3829 0.4903 0.3829 0.5053 0.3771 0.5053
4 0.6433 0.9312 0.6538 0.9312 0.6538 0.9684 0.6433 0.9684
4 0.0114 0.0035 0.0375 0.0035 0.0375 0.0101 0.0114 0.0101
4 0.6813 0.7071 0.6941 0.7071 0.6941 0.7245 0.6813 0.7245
6 0.8900 0.1623 0.9860 0.1623 0.9860 0.4329 0.8900 0.4329
6 0.1354 0.8151 0.1612 0.8151 0.1612 0.8517 0.1354 0.8517
6 0.0305 0.5811 0.1175 0.5811 0.1175 0.7033 0.0305 0.7033
6 0.1311 0.3480 0.3161 0.3480 0.3161 0.4784 0.1311 0.4784
7 0.6973 0.2347 0.7464 0.2347 0.7464 0.2557 0.6973 0.2557
7 0.4477 0.7088 0.4620 0.7088 0.4620 0.7776 0.4477 0.7776
7 0.1382 0.6903 0.1438 0.6903 0.1438 0.7361 0.1382 0.7361
7 0.7967 0.2434 0.8064 0.2434 0.8064 0.2822 0.7967 0.2822
9 0.2302 0.5015 0.2724 0.5015 0.2724 0.6409 0.2302 0.6409
9 0.4563 0.8088 0.5232 0.8088 0.5232 0.8724 0.4563 0.8724
9 0.2004 0.5187 0.2276 0.5187 0.2276 0.6585 0.2004 0.6585
9 0.4042 0.0232 0.5021 0.0232 0.5021 0.0792 0.4042 0.0792
12 0.2793 0.7303 0.3327 0.7303 0.3327 0.7593 0.2793 0.7593
12 0.5613 0.0199 0.5738 0.0199 0.5738 0.0821 0.5613 0.0821
12 0.4877 0.7236 0.5326 0.7236 0.5326 0.7628 0.4877 0.7628
12 0.1009 0.9086 0.1443 0.9086 0.1443 0.9466 0.1009 0.9466
13 0.1811 0.2627 0.1866 0.2627 0.1866 0.2825 0.1811 0.2825
13 0.3030 0.2992 0.3707 0.2992 0.3707 0.3368 0.3030 0.3368
13 0.8822 0.0652 0.9429 0.0652 0.9429 0.1088 0.8822 0.1088
13 0.7663 0.2026 0.7823 0.2026 0.7823 0.2210 0.7663 0.2210
15 0.4102 0.2699 0.5041 0.2699 0.5041 0.3973 0.4102 0.3973
15 0.8354 0.3843 0.8821 0.3843 0.8821 0.4229 0.8354 0.4229
15 0.9113 0.7854 0.9910 0.7854 0.9910 0.8714 0.9113 0.8714
15 0.3842 0.5426 0.4615 0.5426 0.4615 0.6226 0.3842 0.6226
