0 0.0460 0.2276 0.2078 0.2276 0.2078 0.2876 0.0460 0.2876
0 0.0776 0.7375 0.2801 0.7375 0.2801 0.9717 0.0776 0.9717
0 0.8916 0.0819 0.9398 0.0819 0.9398 0.2925 0.8916 0.2925
0 0.9049 0.4159 0.9329 0.4159 0.9329 0.5381 0.9049 0.5381
1 0.6705 0.5803 0.7026 0.5803 0.7026 0.6613 0.6705 0.6613
1 0.4933 0.8850 0.4990 0.8850 0.4990 0.9058 0.4933 0.9058
1 0.4920 0.8443 0.4951 0.8443 0.4951 0.8849 0.4920 0.8849
1 0.0502 0.0143 0.0589 0.0143 0.0589 0.0165 0.0502 0.0165
2 0.7071 0.9455 0.7478 0.9455 0.7478 0.9709 0.7071 0.9709
2 0.6048 0.2235 0.6210 0.2235 0.6210 0.4389 0.6048 0.4389
2 0.5008 0.7776 0.5704 0.7776 0.5704 0.8352 0.5008 0.8352
2 0.1322 0.1359 0.1778 0.1359 0.1778 0.2133 0.1322 0.2133
3 0.6279 0.5306 0.6644 0.5306 0.6644 0.5434 0.6279 0.5434
3 0.0650 0.5620 0.1256 0.5620 0.1256 0.5768 0.0650 0.5768
3 0.5119 0.4196 0.5570 0.4196 0.5570 0.4336 0.5119 0.4336
3 0.0653 0.5288 0.1253 0.5288 0.1253 0.5496 0.0653 0.5496
4 0.6311 0.8956 0.6560 0.8956 0.6560 0.9516 0.6311 0.9516
4 0.7520 0.0132 0.8489 0.0132 0.8489 0.0268 0.7520 0.0268
4 0.5867 0.8567 0.5959 0.8567 0.5959 0.9441 0.5867 0.9441
4 0.4427 0.9215 0.4599 0.9215 0.4599 0.9353 0.4427 0.9353
6 0.2417 0.2560 0.4272 0.2560 0.4272 0.3868 0.2417 0.3868
6 0.7453 0.7190 0.9761 0.7190 0.9761 0.8818 0.7453 0.8818
6 0.5113 0.7414 0.5293 0.7414 0.5293 0.7670 0.5113 0.7670
6 0.8045 0.2699 0.8261 0.2699 0.8261 0.3005 0.8045 0.3005
7 0.1482 0.3123 0.1767 0.3123 0.1767 0.3781 0.1482 0.3781
7 0.0359 0.0420 0.0392 0.0420 0.0392 0.0600 0.0359 0.0600
7 0.7527 0.5480 0.7947 0.5480 0.7947 0.6560 0.7527 0.6560
7 0.8408 0.3075 0.8538 0.3075 0.8538 0.3133 0.8408 0.3133
9 0.3199 0.6195 0.3966 0.6195 0.3966 0.8725 0.3199 0.8725
9 0.5916 0.6400 0.6172 0.6400 0.6172 0.7720 0.5916 0.7720
9 0.0574 0.6303 0.2349 0.6303 0.2349 0.6877 0.0574 0.6877
9 0.0191 0.2151 0.0426 0.2151 0.0426 0.2973 0.0191 0.2973
12 0.4374 0.4174 0.4598 0.4174 0.4598 0.6774 0.4374 0.6774
12 0.7800 0.3043 0.7852 0.3043 0.7852 0.4961 0.7800 0.4961
12 0.0327 0.7727 0.0538 0.7727 0.0538 0.8537 0.0327 0.8537
12 0.3857 0.9671 0.4686 0.9671 0.4686 1.0001 0.3857 1.0001
13 0.5784 0.6319 0.5847 0.6319 0.5847 0.8837 0.5784 0.8837
13 0.6348 0.3027 0.6452 0.3027 0.6452 0.3161 0.6348 0.3161
13 0.3687 0.1402 0.3767 0.1402 0.3767 0.1470 0.3687 0.1470
13 0.0137 0.4967 0.0366 0.4967 0.0366 0.5597 0.0137 0.5597
15 0.4508 0.0455 0.6263 0.0455 0.6263 0.1905 0.4508 0.1905
15 0.6293 0.1615 0.6961 0.1615 0.6961 0.2837 0.6293 0.2837
15 0.2460 0.6415 0.2789 0.6415 0.2789 0.7081 0.2460 0.7081
15 0.4325 0.1966 0.5695 0.1966 0.5695 0.3142 0.4325 0.3142
