0 0.5965 0.1220 0.8952 0.1220 0.8952 0.3104 0.5965 0.3104
0 0.4554 0.3730 0.5997 0.3730 0.5997 0.6646 0.4554 0.6646
0 0.7068 0.4268 0.8149 0.4268 0.8149 0.8720 0.7068 0.8720
0 0.3479 0.2715 0.3918 0.2715 0.3918 0.6117 0.3479 0.6117
1 0.0453 0.6420 0.0744 0.6420 0.0744 0.6476 0.0453 0.6476
1 0.9776 0.6150 0.9864 0.6150 0.9864 0.7090 0.9776 0.7090
1 0.0582 0.7011 0.0644 0.7011 0.0644 0.7813 0.0582 0.7813
1 0.6068 0.4890 0.6154 0.4890 0.6154 0.5818 0.6068 0.5818
2 0.5463 0.9216 0.5695 0.9216 0.5695 0.9588 0.5463 0.9588
2 0.9225 0.8344 0.9495 0.8344 0.9495 0.9084 0.9225 0.9084
2 0.9190 0.0687 0.9647 0.0687 0.9647 0.1001 0.9190 0.1001
2 0.4628 0.8371 0.5538 0.8371 0.5538 0.9005 0.4628 0.9005
3 0.2797 0.6250 0.3626 0.6250 0.3626 0.6446 0.2797 0.6446
3 0.0908 0.9183 0.0969 0.9183 0.0969 0.9613 0.0908 0.9613
3 0.7954 0.9292 0.8038 0.9292 0.8038 0.9888 0.7954 0.9888
3 0.1747 0.5130 0.2496 0.5130 0.2496 0.5314 0.1747 0.5314
4 0.0428 0.5807 0.0632 0.5807 0.0632 0.5981 0.0428 0.5981
4 0.3171 0.4236 0.3334 0.4236 0.3334 0.5304 0.3171 0.5304
4 0.5777 0.7799 0.6092 0.7799 0.6092 0.7965 0.5777 0.7965
4 0.8233 0.6614 0.8316 0.6614 0.8316 0.6718 0.8233 0.6718
6 0.1200 0.6719 0.2858 0.6719 0.2858 0.7889 0.1200 0.7889
6 0.4047 0.3434 0.4230 0.3434 0.4230 0.3694 0.4047 0.3694
6 0.2091 0.8756 0.2326 0.8756 0.2326 0.8832 0.2091 0.8832
6 0.4363 0.0303 0.5275 0.0303 0.5275 0.0733 0.4363 0.0733
7 0.8362 0.6723 0.8567 0.6723 0.8567 0.6825 0.8362 0.6825
7 0.0499 0.2252 0.0763 0.2252 0.0763 0.3192 0.0499 0.3192
7 0.9559 0.9543 0.9632 0.9543 0.9632 0.9809 0.9559 0.9809
7 0.9911 0.0115 0.9938 0.0115 0.9938 0.0201 0.9911 0.0201
9 0.5123 0.1734 0.5575 0.1734 0.5575 0.3226 0.5123 0.3226
9 0.3591 0.7248 0.5089 0.7248 0.5089 0.7740 0.3591 0.7740
9 0.1553 0.4267 0.1892 0.4267 0.1892 0.4589 0.1553 0.4589
9 0.8493 0.6943 0.9247 0.6943 0.9247 0.7661 0.8493 0.7661
12 0.3770 0.9100 0.5004 0.9100 0.5004 0.9592 0.3770 0.9592
12 0.1908 0.5616 0.2321 0.5616 0.2321 0.5976 0.1908 0.5976
12 0.6371 0.8276 0.6758 0.8276 0.6758 0.9860 0.6371 0.9860
13 0.1313 0.2647 0.1347 0.2647 0.1347 0.3701 0.1313 0.3701
13 0.1039 0.6315 0.1261 0.6315 0.1261 0.6525 0.1039 0.6525
13 0.8382 0.4640 0.8658 0.4640 0.8658 0.5120 0.8382 0.5120
13 0.6828 0.5172 0.6912 0.5172 0.6912 0.5468 0.6828 0.5468
15 0.8716 0.3879 0.9553 0.3879 0.9553 0.4597 0.8716 0.4597
15 0.6394 0.5264 0.6723 0.5264 0.6723 0.5736 0.6394 0.5736
15 0.0643 0.0342 0.1172 0.0342 0.1172 0.1310 0.0643 0.1310
15 0.3846 0.1232 0.4677 0.1232 0.4677 0.2188 0.3846 0.2188
