0 0.8171 0.5388 0.8686 0.5388 0.8686 0.5932 0.8171 0.5932
0 0.1228 0.0279 0.3024 0.0279 0.3024 0.6265 0.1228 0.6265
0 0.5822 0.3179 0.7246 0.3179 0.7246 0.8245 0.5822 0.8245
0 0.7313 0.4978 0.7638 0.4978 0.7638 0.9302 0.7313 0.9302
1 0.1342 0.8107 0.1398 0.8107 0.1398 0.8817 0.1342 0.8817
1 0.3699 0.5966 0.3778 0.5966 0.3778 0.6810 0.3699 0.6810
1 0.7559 0.1375 0.7590 0.1375 0.7590 0.1625 0.7559 0.1625
1 0.1277 0.8967 0.1680 0.8967 0.1680 0.9985 0.1277 0.9985
2 0.7159 0.0254 0.7907 0.0254 0.7907 0.0874 0.7159 0.0874
2 0.8494 0.4667 0.9309 0.4667 0.9309 0.5301 0.8494 0.5301
2 0.5214 0.0855 0.6612 0.0855 0.6612 0.1525 0.5214 0.1525
2 0.0423 0.4399 0.1055 0.4399 0.1055 0.5569 0.0423 0.5569
3 0.0119 0.1123 0.1155 0.1123 0.1155 0.1369 0.0119 0.1369
3 0.8436 0.1634 0.8633 0.1634 0.8633 0.2402 0.8436 0.2402
3 0.7359 0.1139 0.7955 0.1139 0.7955 0.1373 0.7359 0.1373
3 0.7951 0.9595 0.8915 0.9595 0.8915 0.9825 0.7951 0.9825
4 0.8979 0.3383 0.9387 0.3383 0.9387 0.3469 0.8979 0.3469
4 0.9859 0.9540 0.9898 0.9540 0.9898 0.9732 0.9859 0.9732
4 0.4108 0.9087 0.4272 0.9087 0.4272 0.9401 0.4108 0.9401
4 0.4379 0.6200 0.5338 0.6200 0.5338 0.6500 0.4379 0.6500
6 0.4873 0.2583 0.5424 0.2583 0.5424 0.3101 0.4873 0.3101
6 0.1719 0.8958 0.1975 0.8958 0.1975 0.9322 0.1719 0.9322
6 0.1756 0.7623 0.2227 0.7623 0.2227 0.7845 0.1756 0.7845
6 0.6114 0.8660 0.6692 0.8660 0.6692 0.9204 0.6114 0.9204
7 0.3871 0.7079 0.4937 0.7079 0.4937 0.8257 0.3871 0.8257
7 0.0799 0.9140 0.0992 0.9140 0.0992 0.9228 0.0799 0.9228
7 0.5219 0.3571 0.5324 0.3571 0.5324 0.4153 0.5219 0.4153
7 0.0384 0.3823 0.0453 0.3823 0.0453 0.4381 0.0384 0.4381
9 0.8402 0.8711 0.9041 0.8711 0.9041 0.8917 0.8402 0.8917
9 0.9511 0.4903 0.9861 0.4903 0.9861 0.6653 0.9511 0.6653
9 0.4445 0.4099 0.5029 0.4099 0.5029 0.6029 0.4445 0.6029
9 0.2371 0.6379 0.3686 0.6379 0.3686 0.6889 0.2371 0.6889
12 0.5720 0.8315 0.5992 0.8315 0.5992 0.9529 0.5720 0.9529
12 0.1468 0.8355 0.3523 0.8355 0.3523 0.8813 0.1468 0.8813
12 0.8262 0.7031 0.8298 0.7031 0.8298 0.8381 0.8262 0.8381
12 0.8610 0.8474 0.8815 0.8474 0.8815 0.8646 0.8610 0.8646
13 0.4262 0.2083 0.4604 0.2083 0.4604 0.2373 0.4262 0.2373
13 0.9154 0.8931 0.9692 0.8931 0.9692 0.9417 0.9154 0.9417
13 0.8542 0.0591 0.8732 0.0591 0.8732 0.0661 0.8542 0.0661
13 0.8793 0.3836 0.8841 0.3836 0.8841 0.3964 0.8793 0.3964
15 0.9084 0.1390 0.9921 0.1390 0.9921 0.2622 0.9084 0.2622
15 0.2768 0.9067 0.3372 0.9067 0.3372 0.9773 0.2768 0.9773
15 0.0056 0.7819 0.1010 0.7819 0.1010 0.8805 0.0056 0.8805
15 0.0221 0.1743 0.0650 0.1743 0.0650 0.2317 0.0221 0.2317
