0 0.6431 0.9267 0.7178 0.9267 0.7178 0.9865 0.6431 0.9865
0 0.2559 0.3435 0.3246 0.3435 0.3246 0.5325 0.2559 0.5325
0 0.3985 0.5434 0.5633 0.5434 0.5633 0.9970 0.3985 0.9970
0 0.8270 0.5436 0.9670 0.5436 0.9670 0.9004 0.8270 0.9004
1 0.4368 0.3120 0.4458 0.3120 0.4458 0.4012 0.4368 0.4012
1 0.7299 0.8143 0.7344 0.8143 0.7344 0.8309 0.7299 0.8309
1 0.0874 0.8231 0.1083 0.8231 0.1083 0.8345 0.0874 0.8345
1 0.2385 0.1439 0.2406 0.1439 0.2406 0.1629 0.2385 0.1629
2 0.7425 0.5266 0.7984 0.5266 0.7984 0.7950 0.7425 0.7950
2 0.2006 0.5611 0.2109 0.5611 0.2109 0.6745 0.2006 0.6745
2 0.6511 0.1858 0.7455 0.1858 0.7455 0.3206 0.6511 0.3206
2 0.1717 0.0584 0.2774 0.0584 0.2774 0.0720 0.1717 0.0720
3 0.1151 0.8127 0.1221 0.8127 0.1221 0.9257 0.1151 0.9257
3 0.2951 0.1500 0.3801 0.1500 0.3801 0.1700 0.2951 0.1700
3 0.7939 0.0186 0.8947 0.0186 0.8947 0.0434 0.7939 0.0434
3 0.0345 0.1435 0.0790 0.1435 0.0790 0.1589 0.0345 0.1589
4 0.5291 0.0691 0.5400 0.0691 0.5400 0.1041 0.5291 0.1041
4 0.1697 0.9451 0.1815 0.9451 0.1815 0.9793 0.1697 0.9793
4 0.6220 0.4774 0.6463 0.4774 0.6463 0.4950 0.6220 0.4950
4 0.8440 0.1203 0.8583 0.1203 0.8583 0.1337 0.8440 0.1337
6 0.7716 0.1108 0.7958 0.1108 0.7958 0.1452 0.7716 0.1452
6 0.3882 0.3752 0.4189 0.3752 0.4189 0.4184 0.3882 0.4184
6 0.3497 0.9467 0.3840 0.9467 0.3840 0.9789 0.3497 0.9789
6 0.0736 0.3983 0.1041 0.3983 0.1041 0.4081 0.0736 0.4081
7 0.9147 0.1024 0.9244 0.1024 0.9244 0.1288 0.9147 0.1288
7 0.4994 0.2284 0.5138 0.2284 0.5138 0.2356 0.4994 0.2356
7 0.9354 0.1810 0.9503 0.1810 0.9503 0.2642 0.9354 0.2642
7 0.3693 0.2947 0.3858 0.2947 0.3858 0.3681 0.3693 0.3681
9 0.7525 0.2031 0.8986 0.2031 0.8986 0.2869 0.7525 0.2869
9 0.6383 0.6204 0.7272 0.6204 0.7272 0.9072 0.6383 0.9072
9 0.0102 0.7888 0.0446 0.7888 0.0446 0.9088 0.0102 0.9088
9 0.5656 0.5530 0.6233 0.5530 0.6233 0.8506 0.5656 0.8506
12 0.1471 0.3532 0.1647 0.3532 0.1647 0.4768 0.1471 0.4768
12 0.0457 0.2215 0.4355 0.2215 0.4355 0.2933 0.0457 0.2933
12 0.5962 0.1467 0.6309 0.1467 0.6309 0.2889 0.5962 0.2889
12 0.5103 0.2570 0.5315 0.2570 0.5315 0.3622 0.5103 0.3622
13 0.2609 0.9806 0.2734 0.9806 0.2734 0.9926 0.2609 0.9926
13 0.3682 0.0919 0.4190 0.0919 0.4190 0.1377 0.3682 0.1377
13 0.6228 0.4343 0.6304 0.4343 0.6304 0.4625 0.6228 0.4625
13 0.8645 0.9451 0.8852 0.9451 0.8852 0.9661 0.8645 0.9661
15 0.0876 0.7371 0.1684 0.7371 0.1684 0.8029 0.0876 0.8029
15 0.8165 0.3347 0.9275 0.3347 0.9275 0.4289 0.8165 0.4289
15 0.2150 0.8398 0.2564 0.8398 0.2564 0.8882 0.2150 0.8882
15 0.0507 0.5016 0.1501 0.5016 0.1501 0.5968 0.0507 0.5968
