0 0.3371 0.7032 0.8195 0.7032 0.8195 0.8224 0.3371 0.8224
0 0.8424 0.3763 0.8910 0.3763 0.8910 0.4777 0.8424 0.4777
0 0.2805 0.2703 0.3404 0.2703 0.3404 0.5169 0.2805 0.5169
0 0.0519 0.0170 0.1364 0.0170 0.1364 0.2986 0.0519 0.2986
1 0.5097 0.1522 0.5180 0.1522 0.5180 0.1826 0.5097 0.1826
1 0.2010 0.9374 0.2047 0.9374 0.2047 0.9690 0.2010 0.9690
1 0.4956 0.1259 0.5058 0.1259 0.5058 0.2265 0.4956 0.2265
1 0.0513 0.3588 0.0578 0.3588 0.0578 0.4280 0.0513 0.4280
2 0.9602 0.7920 0.9881 0.7920 0.9881 0.8124 0.9602 0.8124
2 0.7724 0.0774 0.8938 0.0774 0.8938 0.2442 0.7724 0.2442
2 0.3688 0.9230 0.4107 0.9230 0.4107 0.9370 0.3688 0.9370
2 0.3336 0.1627 0.4461 0.1627 0.4461 0.2453 0.3336 0.2453
3 0.8940 0.0863 0.9115 0.0863 0.9115 0.2109 0.8940 0.2109
3 0.1257 0.5948 0.1743 0.5948 0.1743 0.6076 0.1257 0.6076
3 0.8523 0.7586 0.9009 0.7586 0.9009 0.7706 0.8523 0.7706
3 0.8659 0.0164 0.9246 0.0164 0.9246 0.0368 0.8659 0.0368
4 0.2453 0.6955 0.2658 0.6955 0.2658 0.7501 0.2453 0.7501
4 0.8100 0.6099 0.8346 0.6099 0.8346 0.6161 0.8100 0.6161
4 0.1139 0.8795 0.1201 0.8795 0.1201 0.9133 0.1139 0.9133
4 0.6676 0.9783 0.6772 0.9783 0.6772 0.9833 0.6676 0.9833
6 0.2288 0.5271 0.2878 0.5271 0.2878 0.5549 0.2288 0.5549
6 0.8374 0.3174 0.8624 0.3174 0.8624 0.3530 0.8374 0.3530
6 0.4413 0.9064 0.4772 0.9064 0.4772 0.9232 0.4413 0.9232
6 0.6791 0.1522 0.7646 0.1522 0.7646 0.2726 0.6791 0.2726
7 0.1725 0.4020 0.1995 0.4020 0.1995 0.4752 0.1725 0.4752
7 0.5342 0.0931 0.5555 0.0931 0.5555 0.1697 0.5342 0.1697
7 0.2739 0.0695 0.2835 0.0695 0.2835 0.1149 0.2739 0.1149
7 0.4982 0.3222 0.5375 0.3222 0.5375 0.5042 0.4982 0.5042
9 0.2051 0.8383 0.2461 0.8383 0.2461 0.9737 0.2051 0.9737
9 0.9319 0.8606 0.9521 0.8606 0.9521 0.9314 0.9319 0.9314
9 0.6173 0.4607 0.6450 0.4607 0.6450 0.5989 0.6173 0.5989
9 0.0222 0.5055 0.0812 0.5055 0.0812 0.7001 0.0222 0.7001
12 0.7217 0.0424 0.7403 0.0424 0.7403 0.1372 0.7217 0.1372
12 0.4157 0.0167 0.4874 0.0167 0.4874 0.0485 0.4157 0.0485
12 0.1976 0.5555 0.2275 0.5555 0.2275 0.7925 0.1976 0.7925
12 0.5765 0.2778 0.6083 0.2778 0.6083 0.5302 0.5765 0.5302
13 0.0070 0.6407 0.0198 0.6407 0.0198 0.6573 0.0070 0.6573
13 0.5088 0.2867 0.5229 0.2867 0.5229 0.2985 0.5088 0.2985
13 0.0782 0.4087 0.0944 0.4087 0.0944 0.4421 0.0782 0.4421
13 0.7439 0.9218 0.7509 0.9218 0.7509 0.9358 0.7439 0.9358
15 0.1460 0.2131 0.2503 0.2131 0.2503 0.3469 0.1460 0.3469
15 0.2939 0.0440 0.3704 0.0440 0.3704 0.1332 0.2939 0.1332
15 0.0202 0.8294 0.0832 0.8294 0.0832 0.9226 0.0202 0.9226
15 0.4942 0.8926 0.5901 0.8926 0.5901 0.9998 0.4942 0.9998
