0 0.8479 0.3292 0.9475 0.3292 0.9475 0.7392 0.8479 0.7392
0 0.2542 0.5236 0.4858 0.5236 0.4858 0.5808 0.2542 0.5808
0 0.6250 0.1067 0.7864 0.1067 0.7864 0.6809 0.6250 0.6809
0 0.7937 0.5070 0.8378 0.5070 0.8378 0.6994 0.7937 0.6994
1 0.4711 0.2248 0.4749 0.2248 0.4749 0.2996 0.4711 0.2996
1 0.4287 0.5874 0.4724 0.5874 0.4724 0.6978 0.4287 0.6978
1 0.6948 0.7247 0.7169 0.7247 0.7169 0.7349 0.6948 0.7349
1 0.8371 0.0371 0.8472 0.0371 0.8472 0.1461 0.8371 0.1461
2 0.5260 0.1500 0.5780 0.1500 0.5780 0.1696 0.5260 0.1696
2 0.0736 0.0167 0.2007 0.0167 0.2007 0.0777 0.0736 0.0777
2 0.1537 0.6695 0.2700 0.6695 0.2700 0.8313 0.1537 0.8313
2 0.2731 0.7284 0.4671 0.7284 0.4671 0.7756 0.2731 0.7756
3 0.2614 0.9826 0.3101 0.9826 0.3101 0.9946 0.2614 0.9946
3 0.2567 0.2315 0.3378 0.2315 0.3378 0.2633 0.2567 0.2633
3 0.8531 0.0106 0.9669 0.0106 0.9669 0.0378 0.8531 0.0378
3 0.1174 0.4874 0.2049 0.4874 0.2049 0.5106 0.1174 0.5106
4 0.0416 0.2318 0.0524 0.2318 0.0524 0.3026 0.0416 0.3026
4 0.4200 0.0738 0.4260 0.0738 0.4260 0.0826 0.4200 0.0826
4 0.8153 0.2231 0.8604 0.2231 0.8604 0.2325 0.8153 0.2325
4 0.9453 0.1770 0.9530 0.1770 0.9530 0.2610 0.9453 0.2610
6 0.0288 0.4667 0.1146 0.4667 0.1146 0.7085 0.0288 0.7085
6 0.5414 0.5698 0.6240 0.5698 0.6240 0.8026 0.5414 0.8026
6 0.4440 0.7939 0.5234 0.7939 0.5234 0.9057 0.4440 0.9057
6 0.7105 0.7591 0.9512 0.7591 0.9512 0.9289 0.7105 0.9289
7 0.1691 0.3608 0.1737 0.3608 0.1737 0.4280 0.1691 0.4280
7 0.4879 0.5467 0.5044 0.5467 0.5044 0.7121 0.4879 0.7121
7 0.2311 0.4267 0.2420 0.4267 0.2420 0.4669 0.2311 0.4669
7 0.6359 0.8539 0.6507 0.8539 0.6507 0.9185 0.6359 0.9185
9 0.3743 0.7911 0.4249 0.7911 0.4249 0.9677 0.3743 0.9677
9 0.0808 0.8711 0.1064 0.8711 0.1064 0.9605 0.0808 0.9605
9 0.6202 0.9540 0.6669 0.9540 0.6669 0.9984 0.6202 0.9984
9 0.8733 0.1295 0.9067 0.1295 0.9067 0.2965 0.8733 0.2965
12 0.2739 0.3151 0.2921 0.3151 0.2921 0.4069 0.2739 0.4069
12 0.2556 0.8731 0.3558 0.8731 0.3558 0.9177 0.2556 0.9177
12 0.3247 0.0436 0.4164 0.0436 0.4164 0.0676 0.3247 0.0676
12 0.1559 0.1306 0.4927 0.1306 0.4927 0.1926 0.1559 0.1926
13 0.2885 0.5823 0.3055 0.5823 0.3055 0.5965 0.2885 0.5965
13 0.3639 0.6019 0.3816 0.6019 0.3816 0.6185 0.3639 0.6185
13 0.1042 0.3847 0.1612 0.3847 0.1612 0.4361 0.1042 0.4361
13 0.2793 0.8443 0.2835 0.8443 0.2835 0.8601 0.2793 0.8601
15 0.0056 0.1223 0.0732 0.1223 0.0732 0.2217 0.0056 0.2217
15 0.3851 0.2708 0.4252 0.2708 0.4252 0.3440 0.3851 0.3440
15 0.2953 0.3231 0.3739 0.3231 0.3739 0.4669 0.2953 0.4669
15 0.4133 0.3947 0.4938 0.3947 0.4938 0.4889 0.4133 0.4889
