0 0.0611 0.7813 0.0419 0.6431 0.1844 0.6043 0.2035 0.7425
0 0.8524 0.3310 0.9108 0.2838 0.9301 0.3306 0.8717 0.3778
0 0.7403 0.1715 0.7447 0.2882 0.6203 0.2973 0.6159 0.1806
0 0.1386 0.7024 0.1386 0.2492 0.1957 0.2492 0.1957 0.7024
1 0.4323 0.1384 0.4297 0.1409 0.4197 0.1200 0.4223 0.1175
1 0.9915 0.4970 0.9896 0.4978 0.9830 0.4634 0.9850 0.4626
1 0.6871 0.7661 0.6893 0.7635 0.7006 0.7831 0.6984 0.7857
1 0.6079 0.8909 0.6011 0.8860 0.6281 0.8119 0.6349 0.8168
2 0.9116 0.2324 0.8453 0.2243 0.8530 0.1016 0.9193 0.1097
2 0.8486 0.5094 0.8376 0.5632 0.7594 0.5318 0.7704 0.4780
2 0.1835 0.0900 0.2064 0.1189 0.1951 0.1364 0.1722 0.1075
2 0.2102 0.7332 0.2572 0.6490 0.2921 0.6872 0.2451 0.7714
3 0.7959 0.3100 0.8769 0.3782 0.8684 0.3980 0.7873 0.3298
3 0.3332 0.4957 0.3253 0.5049 0.2919 0.4491 0.2998 0.4399
3 0.4110 0.3385 0.3663 0.2457 0.3779 0.2347 0.4226 0.3275
3 0.9549 0.9689 0.8997 0.8993 0.9106 0.8823 0.9658 0.9519
4 0.1865 0.1524 0.2075 0.1387 0.2123 0.1532 0.1914 0.1669
4 0.9665 0.0593 0.9799 0.0539 0.9818 0.0631 0.9684 0.0685
4 0.4371 0.7089 0.4156 0.6660 0.4177 0.6639 0.4392 0.7068
4 0.3428 0.2425 0.3443 0.2335 0.3615 0.2395 0.3599 0.2485
6 0.8671 0.9805 0.8185 0.9661 0.8254 0.9203 0.8741 0.9347
6 0.4463 0.2293 0.4110 0.1639 0.4580 0.1143 0.4933 0.1797
6 0.5495 0.8758 0.5386 0.8953 0.5245 0.8798 0.5354 0.8603
6 0.9787 0.8068 0.9688 0.8273 0.9539 0.8132 0.9638 0.7927
7 0.3940 0.2785 0.4013 0.2678 0.4200 0.2931 0.4127 0.3038
7 0.5117 0.8341 0.5009 0.8289 0.5106 0.7891 0.5214 0.7943
7 0.5369 0.2450 0.5432 0.2519 0.5337 0.2690 0.5274 0.2621
7 0.4258 0.3633 0.4177 0.3845 0.4137 0.3815 0.4217 0.3603
9 0.3035 0.6628 0.2668 0.7241 0.2370 0.6892 0.2738 0.6279
9 0.4261 0.3430 0.3938 0.3702 0.3453 0.2574 0.3777 0.2302
9 0.5394 0.3654 0.6001 0.3458 0.6331 0.5462 0.5725 0.5658
9 0.3358 0.9007 0.3286 0.9522 0.1974 0.9165 0.2045 0.8650
12 0.8881 0.3435 0.8707 0.3456 0.8631 0.2237 0.8804 0.2216
12 0.6078 0.1557 0.2113 0.4265 0.1859 0.3535 0.5824 0.0827
12 0.6288 0.3109 0.6185 0.2859 0.7081 0.2135 0.7184 0.2385
12 0.9117 0.5646 0.8617 0.6033 0.6714 0.1226 0.7214 0.0839
13 0.7827 0.6832 0.7847 0.6907 0.7710 0.6976 0.7690 0.6901
13 0.1110 0.1641 0.0950 0.1555 0.1030 0.1263 0.1190 0.1349
13 0.4210 0.3185 0.4122 0.2980 0.4161 0.2947 0.4249 0.3152
13 0.2919 0.0637 0.2853 0.0575 0.2938 0.0399 0.3004 0.0461
15 0.7121 0.9094 0.6539 0.8050 0.6996 0.7550 0.7578 0.8594
15 0.7877 0.6795 0.7752 0.7190 0.7366 0.6949 0.7491 0.6554
15 0.1507 0.8978 0.1684 0.9375 0.1393 0.9630 0.1216 0.9233
15 0.4895 0.2765 0.4639 0.2925 0.4485 0.2443 0.4741 0.2283
