0 0.0680 0.9692 0.0656 0.9214 0.3906 0.8896 0.3929 0.9374
0 0.7927 0.6275 0.6255 0.8457 0.5842 0.7837 0.7514 0.5655
0 0.6964 0.5383 0.7029 0.7100 0.3910 0.7329 0.3846 0.5612
0 0.9687 0.4645 0.8664 0.4949 0.8024 0.0735 0.9047 0.0431
1 0.1631 0.7192 0.1651 0.7158 0.1789 0.7320 0.1769 0.7354
1 0.4335 0.4535 0.4310 0.4553 0.4228 0.4329 0.4253 0.4311
1 0.1202 0.4665 0.1181 0.4637 0.1307 0.4455 0.1327 0.4483
1 0.8528 0.9230 0.8719 0.9366 0.8681 0.9470 0.8490 0.9334
2 0.2340 0.8054 0.2633 0.8436 0.2077 0.9270 0.1785 0.8888
2 0.3329 0.7967 0.3249 0.7997 0.3080 0.7117 0.3160 0.7087
2 0.6663 0.8281 0.6119 0.7405 0.6768 0.6615 0.7312 0.7491
2 0.2928 0.2650 0.3347 0.3374 0.2663 0.4150 0.2244 0.3426
3 0.5852 0.2061 0.5749 0.2738 0.5631 0.2703 0.5734 0.2026
3 0.7748 0.6091 0.8415 0.5636 0.8487 0.5841 0.7819 0.6296
3 0.4812 0.5817 0.4168 0.5453 0.4217 0.5283 0.4861 0.5647
3 0.5742 0.7070 0.5769 0.6991 0.6424 0.7438 0.6396 0.7517
4 0.4055 0.0799 0.4235 0.0928 0.4191 0.1049 0.4010 0.0920
4 0.0807 0.1648 0.0728 0.1631 0.0739 0.1532 0.0818 0.1549
4 0.8535 0.8260 0.8335 0.8314 0.8317 0.8180 0.8516 0.8126
4 0.9696 0.8437 0.9666 0.8506 0.9624 0.8471 0.9654 0.8402
6 0.5049 0.8958 0.4796 0.8628 0.4851 0.8546 0.5104 0.8876
6 0.1581 0.4173 0.0930 0.4418 0.0579 0.2583 0.1230 0.2338
6 0.1944 0.4357 0.1296 0.4097 0.1670 0.2271 0.2318 0.2531
6 0.5014 0.6536 0.5065 0.5843 0.5398 0.5892 0.5346 0.6585
7 0.8787 0.1946 0.8705 0.2129 0.8296 0.1770 0.8378 0.1587
7 0.6189 0.9658 0.6065 0.9857 0.5777 0.9506 0.5900 0.9307
7 0.7523 0.0825 0.7405 0.0705 0.7540 0.0447 0.7658 0.0567
7 0.4121 0.6257 0.4054 0.6132 0.4225 0.5951 0.4292 0.6076
9 0.5145 0.5027 0.5773 0.5494 0.5093 0.7285 0.4464 0.6818
9 0.4026 0.2616 0.4355 0.3031 0.3263 0.4728 0.2934 0.4313
9 0.7318 0.3491 0.7799 0.3749 0.7364 0.5333 0.6884 0.5075
9 0.3240 0.4375 0.3475 0.5328 0.1905 0.6085 0.1671 0.5132
12 0.2269 0.9451 0.2420 0.9833 0.2251 0.9965 0.2100 0.9583
12 0.3744 0.4671 0.3542 0.4829 0.3144 0.3825 0.3347 0.3667
12 0.4510 0.2185 0.4425 0.3029 0.4173 0.2979 0.4258 0.2135
12 0.6525 0.5493 0.6511 0.5110 0.7312 0.5051 0.7327 0.5434
13 0.6181 0.3822 0.6113 0.3664 0.6182 0.3606 0.6250 0.3764
13 0.9551 0.5055 0.9639 0.4975 0.9692 0.5089 0.9604 0.5169
13 0.5929 0.7528 0.6404 0.9846 0.6091 0.9972 0.5616 0.7654
13 0.7506 0.1831 0.7574 0.2374 0.7400 0.2417 0.7331 0.1874
15 0.6726 0.2291 0.6655 0.2757 0.6320 0.2657 0.6391 0.2191
15 0.7597 0.1169 0.7515 0.1989 0.7034 0.1895 0.7116 0.1075
15 0.8419 0.2742 0.8965 0.2054 0.9301 0.2578 0.8755 0.3266
15 0.8652 0.3380 0.8895 0.4312 0.8250 0.4640 0.8008 0.3708
