0 0.7964 0.3736 0.7025 0.4241 0.6505 0.2344 0.7444 0.1839
0 0.7318 0.4081 0.7022 0.4321 0.5393 0.0371 0.5690 0.0131
0 0.3785 0.2518 0.3665 0.0593 0.4801 0.0454 0.4921 0.2379
0 0.5471 0.4228 0.4140 0.4228 0.4140 0.0564 0.5471 0.0564
1 0.5919 0.8486 0.5904 0.8466 0.6081 0.8210 0.6096 0.8230
1 0.1615 0.8495 0.1567 0.8505 0.1525 0.8089 0.1573 0.8079
1 0.5061 0.5819 0.5132 0.5848 0.5079 0.6109 0.5008 0.6080
1 0.4691 0.9629 0.4482 0.9439 0.4501 0.9399 0.4709 0.9589
2 0.6287 0.0575 0.7112 0.1089 0.6747 0.2237 0.5922 0.1723
2 0.7774 0.4416 0.7815 0.3590 0.7869 0.3596 0.7828 0.4422
2 0.4514 0.2599 0.5177 0.2063 0.5929 0.3885 0.5266 0.4421
2 0.8175 0.8557 0.7499 0.8355 0.7582 0.7811 0.8258 0.8013
3 0.7333 0.5454 0.6818 0.6564 0.6679 0.6438 0.7194 0.5328
3 0.3148 0.6188 0.4066 0.5867 0.4106 0.6092 0.3188 0.6413
3 0.4605 0.6835 0.5010 0.7232 0.4941 0.7369 0.4536 0.6972
3 0.7659 0.3865 0.7571 0.3791 0.7838 0.3167 0.7927 0.3241
4 0.8095 0.6002 0.8050 0.7196 0.7965 0.7190 0.8010 0.5996
4 0.8584 0.9790 0.8552 0.9860 0.8396 0.9718 0.8428 0.9648
4 0.6221 0.4769 0.6214 0.4677 0.6390 0.4651 0.6397 0.4743
4 0.4714 0.5012 0.4446 0.4875 0.4463 0.4808 0.4732 0.4945
6 0.3765 0.4978 0.3795 0.4734 0.3973 0.4778 0.3942 0.5022
6 0.3954 0.6831 0.4432 0.7023 0.4340 0.7473 0.3862 0.7281
6 0.0084 0.5324 0.0563 0.4699 0.0713 0.4924 0.0234 0.5549
6 0.6221 0.3248 0.5720 0.3836 0.5579 0.3600 0.6080 0.3012
7 0.8055 0.8319 0.7901 0.8638 0.7811 0.8553 0.7965 0.8234
7 0.1620 0.1064 0.1373 0.1878 0.0637 0.1440 0.0884 0.0626
7 0.9635 0.7294 0.9604 0.7481 0.9151 0.7334 0.9181 0.7147
7 0.4835 0.2156 0.5084 0.3063 0.4902 0.3160 0.4653 0.2253
9 0.9085 0.6534 0.9527 0.6491 0.9641 0.8770 0.9199 0.8813
9 0.8126 0.0877 0.7020 0.0403 0.7099 0.0039 0.8206 0.0513
9 0.9686 0.5481 0.7524 0.6070 0.7425 0.5359 0.9588 0.4770
9 0.6240 0.4991 0.6669 0.6339 0.6274 0.6585 0.5846 0.5237
12 0.4880 0.5929 0.4820 0.5654 0.5809 0.5231 0.5869 0.5506
12 0.5074 0.4617 0.5402 0.3962 0.8617 0.7115 0.8290 0.7770
12 0.4274 0.3527 0.4731 0.2215 0.4998 0.2397 0.4541 0.3709
12 0.4843 0.1036 0.5018 0.0762 0.6517 0.2652 0.6342 0.2926
13 0.2217 0.6068 0.2617 0.6068 0.2617 0.6316 0.2217 0.6316
13 0.5114 0.7751 0.5338 0.7835 0.5220 0.8449 0.4997 0.8365
13 0.6279 0.3057 0.6143 0.2955 0.6361 0.2379 0.6497 0.2481
13 0.4209 0.3045 0.4146 0.3137 0.4102 0.3079 0.4166 0.2987
15 0.1498 0.0586 0.1363 0.0813 0.0907 0.0278 0.1043 0.0051
15 0.1142 0.5469 0.1488 0.4631 0.2126 0.5147 0.1781 0.5985
15 0.1041 0.6957 0.1460 0.6499 0.1733 0.6987 0.1314 0.7445
15 0.8554 0.5213 0.9315 0.4867 0.9498 0.5655 0.8737 0.6001
