0 0.6615 0.5340 0.6160 0.3589 0.8619 0.2336 0.9074 0.4087
0 0.1249 0.8781 0.0900 0.6484 0.2948 0.5875 0.3297 0.8172
0 0.3313 0.0728 0.4330 0.1190 0.3438 0.5032 0.2422 0.4570
0 0.8517 0.0047 0.9426 0.1677 0.6655 0.4709 0.5745 0.3079
1 0.6837 0.7288 0.6913 0.7271 0.7006 0.8092 0.6930 0.8109
1 0.7849 0.8237 0.7708 0.8039 0.7751 0.7979 0.7892 0.8177
1 0.4583 0.4588 0.4519 0.4748 0.4354 0.4620 0.4418 0.4460
1 0.5358 0.4511 0.5418 0.4992 0.4799 0.5145 0.4739 0.4664
2 0.8834 0.0870 0.9043 0.0319 0.9392 0.0578 0.9182 0.1129
2 0.9478 0.3076 0.9355 0.3374 0.9199 0.3248 0.9322 0.2950
2 0.5414 0.2263 0.5445 0.2155 0.5760 0.2333 0.5729 0.2441
2 0.0451 0.3130 0.0676 0.2386 0.1060 0.2614 0.0835 0.3358
3 0.9455 0.0287 0.8984 0.1193 0.8871 0.1077 0.9341 0.0171
3 0.5930 0.9729 0.5483 0.8801 0.5599 0.8691 0.6046 0.9619
3 0.3695 0.6650 0.3573 0.6563 0.3905 0.5650 0.4027 0.5737
3 0.9399 0.9414 0.9669 0.8834 0.9769 0.8926 0.9500 0.9506
4 0.6946 0.8638 0.6806 0.8642 0.6805 0.8546 0.6945 0.8542
4 0.3599 0.9208 0.3545 0.9268 0.3207 0.8684 0.3260 0.8624
4 0.3945 0.8674 0.3848 0.8130 0.3906 0.8110 0.4003 0.8654
4 0.5491 0.7235 0.5616 0.7537 0.5512 0.7621 0.5387 0.7319
6 0.9013 0.3038 0.9047 0.2794 0.9224 0.2842 0.9190 0.3086
6 0.3238 0.8283 0.3275 0.8525 0.3099 0.8577 0.3062 0.8335
6 0.7652 0.6902 0.7145 0.6492 0.7439 0.5778 0.7946 0.6188
6 0.2002 0.8340 0.1882 0.7665 0.2206 0.7552 0.2327 0.8227
7 0.0734 0.9833 0.0744 0.9674 0.1043 0.9711 0.1033 0.9870
7 0.3508 0.6074 0.3385 0.6008 0.3578 0.5306 0.3700 0.5372
7 0.4823 0.6702 0.4870 0.6916 0.4651 0.7010 0.4604 0.6796
7 0.5246 0.3846 0.5136 0.3946 0.4865 0.3362 0.4975 0.3262
9 0.8557 0.5875 0.8789 0.6291 0.8049 0.7101 0.7816 0.6685
9 0.6909 0.5084 0.6661 0.5598 0.5308 0.4320 0.5556 0.3806
9 0.0836 0.4392 0.0390 0.4032 0.0996 0.2564 0.1441 0.2924
9 0.4484 0.0547 0.6678 0.0816 0.6633 0.1537 0.4439 0.1268
12 0.7122 0.4885 0.6153 0.4742 0.6172 0.4487 0.7141 0.4630
12 0.2078 0.1881 0.1179 0.2290 0.1099 0.1947 0.1999 0.1538
12 0.1256 0.8998 0.1955 0.8946 0.1958 0.9014 0.1259 0.9066
12 0.2655 0.4291 0.2299 0.4653 0.0516 0.1217 0.0872 0.0855
13 0.9401 0.6195 0.9675 0.6592 0.9548 0.6765 0.9274 0.6368
13 0.0437 0.7991 0.0501 0.8252 0.0366 0.8317 0.0302 0.8056
13 0.6481 0.6711 0.6350 0.6826 0.6262 0.6629 0.6393 0.6514
13 0.4372 0.6413 0.4368 0.6266 0.4431 0.6263 0.4435 0.6410
15 0.9318 0.2543 0.8780 0.2960 0.8391 0.1977 0.8928 0.1560
15 0.6166 0.3395 0.6443 0.4126 0.6014 0.4445 0.5737 0.3714
15 0.2934 0.8504 0.2099 0.9385 0.1606 0.8468 0.2441 0.7587
15 0.6446 0.1947 0.7443 0.2374 0.7208 0.3449 0.6211 0.3022
