0 0.9598 0.0188 0.9493 0.1597 0.8427 0.1440 0.8533 0.0031
0 0.1849 0.2595 0.2784 0.3320 0.1385 0.6853 0.0450 0.6128
0 0.6649 0.7412 0.6649 0.3168 0.8014 0.3168 0.8014 0.7412
0 0.6067 0.3523 0.6490 0.4988 0.5216 0.5709 0.4793 0.4244
1 0.9412 0.5350 0.9323 0.5414 0.8977 0.4462 0.9066 0.4398
1 0.7946 0.9899 0.7950 0.9938 0.7771 0.9969 0.7768 0.9930
1 0.5401 0.8121 0.5288 0.8026 0.5385 0.7799 0.5498 0.7894
1 0.9484 0.9660 0.9495 0.9618 0.9664 0.9704 0.9653 0.9746
2 0.2347 0.0835 0.2179 0.0925 0.2088 0.0593 0.2256 0.0503
2 0.6985 0.2593 0.7099 0.2579 0.7115 0.2827 0.7001 0.2841
2 0.6476 0.6058 0.6650 0.6015 0.6696 0.6374 0.6521 0.6417
2 0.6438 0.4925 0.4532 0.5690 0.4302 0.4567 0.6208 0.3802
3 0.6362 0.5238 0.6005 0.4405 0.6118 0.4310 0.6475 0.5143
3 0.1328 0.7710 0.1368 0.7642 0.1926 0.8298 0.1886 0.8366
3 0.5841 0.2543 0.5875 0.2617 0.5264 0.3173 0.5230 0.3099
3 0.5098 0.6650 0.4425 0.7089 0.4356 0.6882 0.5029 0.6443
4 0.6457 0.4038 0.6293 0.4166 0.6248 0.4054 0.6413 0.3926
4 0.3571 0.3441 0.3483 0.3434 0.3500 0.2955 0.3589 0.2962
4 0.7345 0.0157 0.7210 0.0103 0.7229 0.0011 0.7364 0.0065
4 0.1203 0.4525 0.1443 0.4124 0.1463 0.4147 0.1222 0.4548
6 0.8465 0.2531 0.8850 0.3272 0.8672 0.3453 0.8287 0.2712
6 0.1433 0.7641 0.1263 0.7709 0.1213 0.7467 0.1383 0.7399
6 0.5650 0.2939 0.5891 0.3820 0.4624 0.4501 0.4383 0.3620
6 0.2927 0.3810 0.3118 0.4586 0.2561 0.4854 0.2371 0.4078
7 0.4362 0.0920 0.6238 0.1289 0.6030 0.3360 0.4154 0.2991
7 0.7494 0.0179 0.7760 0.0314 0.7643 0.0765 0.7377 0.0630
7 0.4442 0.3912 0.4520 0.3707 0.4558 0.3736 0.4480 0.3941
7 0.5415 0.9629 0.5405 0.9840 0.5350 0.9835 0.5361 0.9624
9 0.4964 0.6304 0.6107 0.6557 0.6065 0.6932 0.4922 0.6679
9 0.2932 0.2757 0.1997 0.4773 0.1374 0.4207 0.2309 0.2191
9 0.0050 0.5435 0.0296 0.5147 0.1021 0.6357 0.0776 0.6645
9 0.6472 0.5618 0.6352 0.6034 0.5305 0.5442 0.5425 0.5026
12 0.2227 0.2306 0.1950 0.1040 0.2196 0.0934 0.2473 0.2200
12 0.1809 0.1311 0.1672 0.1461 0.1134 0.0497 0.1271 0.0347
12 0.7252 0.2494 0.7261 0.2746 0.6611 0.2794 0.6601 0.2542
12 0.3732 0.6038 0.3718 0.6421 0.2916 0.6362 0.2931 0.5979
13 0.7733 0.3760 0.7670 0.3957 0.7244 0.3692 0.7307 0.3495
13 0.7443 0.2091 0.7883 0.2304 0.7786 0.2701 0.7345 0.2488
13 0.8028 0.2706 0.8010 0.2503 0.8223 0.2466 0.8241 0.2669
13 0.6682 0.4442 0.6692 0.4582 0.6584 0.4598 0.6574 0.4458
15 0.5299 0.8126 0.5268 0.7295 0.5761 0.7258 0.5792 0.8089
15 0.0965 0.2989 0.1127 0.1823 0.1890 0.2031 0.1728 0.3197
15 0.7701 0.1852 0.8558 0.2692 0.8087 0.3632 0.7231 0.2792
15 0.2843 0.0923 0.3084 0.1248 0.2845 0.1593 0.2605 0.1268
