0 0.8931 0.8149 0.7639 0.8022 0.7829 0.4219 0.9121 0.4346
0 0.6184 0.7275 0.9170 0.6538 0.9407 0.8421 0.6422 0.9158
0 0.1979 0.6585 0.2872 0.3640 0.3430 0.3971 0.2537 0.6916
0 0.4382 0.1462 0.5221 0.2520 0.4301 0.3950 0.3462 0.2892
1 0.8518 0.6479 0.8490 0.6486 0.8462 0.6237 0.8490 0.6230
1 0.8230 0.9270 0.8259 0.9370 0.7708 0.9682 0.7679 0.9582
1 0.7482 0.9056 0.7411 0.9014 0.7643 0.8248 0.7714 0.8290
1 0.4379 0.7158 0.4351 0.7078 0.4873 0.6722 0.4900 0.6802
2 0.7955 0.2758 0.7395 0.3489 0.6370 0.1950 0.6930 0.1219
2 0.7781 0.6915 0.9960 0.8470 0.9767 0.9001 0.7588 0.7446
2 0.8467 0.4954 0.8002 0.4942 0.8016 0.3814 0.8481 0.3826
2 0.8644 0.9605 0.7988 0.8748 0.8588 0.7847 0.9244 0.8704
3 0.8077 0.8469 0.7239 0.7871 0.7312 0.7671 0.8149 0.8269
3 0.7826 0.2168 0.7791 0.2033 0.8280 0.1784 0.8315 0.1919
3 0.3258 0.5220 0.3197 0.5336 0.2777 0.4908 0.2837 0.4792
3 0.0650 0.7066 0.1424 0.7316 0.1384 0.7558 0.0610 0.7308
4 0.5012 0.6396 0.4843 0.6617 0.4765 0.6500 0.4934 0.6279
4 0.9257 0.0418 0.9378 0.0588 0.9306 0.0690 0.9184 0.0520
4 0.8472 0.9885 0.8405 0.9822 0.8445 0.9739 0.8512 0.9802
4 0.5507 0.7347 0.5337 0.7380 0.5325 0.7257 0.5494 0.7224
6 0.3798 0.2522 0.3641 0.2953 0.3570 0.2902 0.3727 0.2471
6 0.0387 0.3566 0.0058 0.3716 0.0033 0.3610 0.0362 0.3460
6 0.1368 0.1673 0.0882 0.1529 0.0952 0.1071 0.1438 0.1215
6 0.3932 0.3242 0.3899 0.5918 0.2936 0.5894 0.2970 0.3218
7 0.7545 0.2574 0.7682 0.2564 0.7712 0.3358 0.7575 0.3368
7 0.6416 0.7666 0.6563 0.7488 0.6987 0.8170 0.6840 0.8348
7 0.1373 0.8230 0.1635 0.8027 0.2136 0.9290 0.1873 0.9493
7 0.8823 0.9668 0.8811 0.9578 0.8937 0.9544 0.8949 0.9634
9 0.6747 0.3641 0.6150 0.3078 0.7079 0.1151 0.7675 0.1714
9 0.2822 0.5144 0.0622 0.4983 0.0649 0.4260 0.2849 0.4421
9 0.8770 0.8702 0.8955 0.9374 0.7824 0.9982 0.7640 0.9310
9 0.7238 0.1727 0.5084 0.2369 0.4976 0.1661 0.7131 0.1019
12 0.9060 0.2197 0.9056 0.2509 0.7200 0.2463 0.7204 0.2151
12 0.8925 0.3335 0.8932 0.3047 0.9966 0.3097 0.9959 0.3385
12 0.7889 0.9689 0.6759 0.9606 0.6771 0.9299 0.7901 0.9382
12 0.3415 0.5784 0.3388 0.6093 0.1545 0.5776 0.1572 0.5467
13 0.1670 0.7616 0.1692 0.7626 0.1416 0.8816 0.1394 0.8806
13 0.3740 0.6801 0.3380 0.7026 0.3308 0.6799 0.3668 0.6574
13 0.5294 0.5892 0.5205 0.5866 0.5217 0.5784 0.5307 0.5810
13 0.4774 0.0392 0.4717 0.0338 0.4795 0.0176 0.4852 0.0230
15 0.7909 0.4886 0.7314 0.3857 0.7765 0.3346 0.8360 0.4375
15 0.8797 0.0488 0.8975 0.0845 0.8629 0.1184 0.8450 0.0827
15 0.1703 0.3633 0.2545 0.3032 0.2809 0.3755 0.1966 0.4356
15 0.2511 0.0903 0.3455 0.0995 0.3414 0.1805 0.2471 0.1713
