0 0.7852 0.6579 0.7124 0.7673 0.5013 0.4917 0.5742 0.3823
0 0.7238 0.7235 0.8613 0.7403 0.8513 0.8993 0.7139 0.8825
0 0.2379 0.5029 0.1840 0.5577 0.1544 0.5007 0.2083 0.4459
0 0.6334 0.2556 0.7600 0.2179 0.8166 0.5908 0.6900 0.6285
1 0.7011 0.8196 0.6911 0.8191 0.6938 0.7124 0.7038 0.7129
1 0.9226 0.0393 0.9180 0.0204 0.9388 0.0103 0.9434 0.0292
1 0.4211 0.2476 0.4211 0.2580 0.4017 0.2580 0.4017 0.2476
1 0.1152 0.8416 0.1244 0.8503 0.1097 0.8808 0.1005 0.8721
2 0.7245 0.8408 0.7288 0.7980 0.8224 0.8164 0.8181 0.8592
2 0.8159 0.9342 0.8147 0.8898 0.8707 0.8870 0.8718 0.9314
2 0.8970 0.7699 0.8317 0.8413 0.7787 0.7465 0.8440 0.6751
2 0.8932 0.2801 0.8711 0.2072 0.8942 0.1935 0.9163 0.2664
3 0.8463 0.9091 0.8437 0.9316 0.7557 0.9121 0.7583 0.8896
3 0.3106 0.1859 0.3061 0.1988 0.2594 0.1669 0.2639 0.1540
3 0.7998 0.6175 0.7048 0.6245 0.7039 0.6021 0.7989 0.5951
3 0.4662 0.1873 0.4728 0.1763 0.5127 0.2231 0.5060 0.2341
4 0.4017 0.4396 0.4186 0.4408 0.4183 0.4492 0.4014 0.4480
4 0.1219 0.2167 0.1421 0.2112 0.1441 0.2257 0.1239 0.2312
4 0.4391 0.8081 0.4561 0.8052 0.4572 0.8175 0.4402 0.8204
4 0.2612 0.8284 0.2510 0.8357 0.2491 0.8304 0.2593 0.8231
6 0.6912 0.5762 0.7472 0.6002 0.7300 0.6790 0.6740 0.6550
6 0.6543 0.2351 0.6723 0.3232 0.6512 0.3317 0.6331 0.2436
6 0.1080 0.5288 0.0753 0.6082 0.0563 0.5928 0.0890 0.5134
6 0.4535 0.4831 0.4835 0.5387 0.4568 0.5669 0.4268 0.5113
7 0.8867 0.7392 0.8931 0.7371 0.8978 0.7656 0.8914 0.7677
7 0.7729 0.6202 0.8236 0.6011 0.8283 0.6254 0.7775 0.6445
7 0.4836 0.5905 0.4822 0.5626 0.5552 0.5555 0.5566 0.5834
7 0.7192 0.6611 0.7258 0.6979 0.6645 0.7193 0.6579 0.6825
9 0.0854 0.9233 0.0634 0.7647 0.0897 0.7575 0.1118 0.9161
9 0.4273 0.4121 0.3716 0.3941 0.3804 0.3411 0.4361 0.3591
9 0.1770 0.2366 0.0692 0.2945 0.0596 0.2594 0.1674 0.2015
9 0.4944 0.7274 0.3442 0.6108 0.3802 0.5198 0.5304 0.6364
12 0.3412 0.1200 0.3275 0.2189 0.3051 0.2128 0.3188 0.1139
12 0.4200 0.1800 0.3250 0.1493 0.3292 0.1244 0.4241 0.1551
12 0.6767 0.6828 0.9381 0.7473 0.9307 0.8056 0.6693 0.7411
12 0.1880 0.5259 0.1716 0.5433 0.0691 0.3529 0.0855 0.3355
13 0.0467 0.8656 0.0368 0.8576 0.0516 0.8216 0.0615 0.8296
13 0.7826 0.9509 0.7816 0.9644 0.7751 0.9635 0.7761 0.9500
13 0.6816 0.2366 0.7076 0.2148 0.7144 0.2306 0.6884 0.2524
13 0.7999 0.8693 0.8086 0.8655 0.8104 0.8735 0.8016 0.8773
15 0.7939 0.7664 0.8501 0.7934 0.8356 0.8524 0.7794 0.8254
15 0.6294 0.5876 0.6823 0.6498 0.6349 0.7288 0.5820 0.6666
15 0.7740 0.8187 0.7054 0.8885 0.6597 0.8005 0.7283 0.7307
15 0.3257 0.9581 0.2465 0.9155 0.2743 0.8139 0.3535 0.8565
