0 0.2032 0.4180 0.0188 0.2749 0.0902 0.0944 0.2747 0.2375
0 0.5347 0.7294 0.4008 0.8168 0.2522 0.3706 0.3860 0.2832
0 0.6279 0.6988 0.6099 0.5194 0.8795 0.4664 0.8975 0.6458
0 0.3582 0.4551 0.5288 0.2816 0.6155 0.4485 0.4449 0.6220
1 0.7602 0.3669 0.7548 0.3581 0.7990 0.3043 0.8044 0.3131
1 0.5108 0.2567 0.5178 0.2586 0.5143 0.2841 0.5073 0.2822
1 0.4120 0.9506 0.4132 0.9267 0.4163 0.9270 0.4151 0.9509
1 0.4827 0.1946 0.4688 0.1897 0.4742 0.1598 0.4880 0.1647
2 0.4552 0.4855 0.4693 0.5137 0.4545 0.5281 0.4404 0.4999
2 0.1784 0.6295 0.1125 0.7217 0.0759 0.6705 0.1418 0.5783
2 0.5728 0.6209 0.6021 0.5702 0.6301 0.6019 0.6008 0.6526
2 0.3499 0.2499 0.4263 0.2574 0.4158 0.4673 0.3394 0.4598
3 0.6488 0.1202 0.5893 0.0452 0.5987 0.0306 0.6581 0.1056
3 0.7218 0.1791 0.6274 0.1860 0.6265 0.1629 0.7209 0.1560
3 0.1675 0.2639 0.1763 0.2845 0.1016 0.3473 0.0928 0.3267
3 0.2189 0.5909 0.1516 0.6498 0.1422 0.6287 0.2096 0.5698
4 0.0401 0.0610 0.0171 0.0467 0.0211 0.0342 0.0440 0.0485
4 0.8546 0.2811 0.8563 0.2460 0.8660 0.2469 0.8643 0.2820
4 0.6257 0.4580 0.6248 0.4932 0.6154 0.4928 0.6163 0.4576
4 0.7068 0.0764 0.7155 0.0862 0.7112 0.0936 0.7025 0.0838
6 0.7902 0.9941 0.7780 0.9139 0.8356 0.8967 0.8477 0.9769
6 0.0748 0.3941 0.0925 0.3920 0.0940 0.4171 0.0764 0.4192
6 0.2603 0.0265 0.2260 0.0214 0.2268 0.0103 0.2612 0.0154
6 0.9321 0.4843 0.8171 0.6980 0.7402 0.6169 0.8552 0.4032
7 0.4770 0.1397 0.4503 0.1198 0.4941 0.0043 0.5209 0.0242
7 0.1861 0.4527 0.2041 0.4738 0.1536 0.5581 0.1356 0.5370
7 0.2466 0.7854 0.2345 0.8126 0.1783 0.7634 0.1904 0.7362
7 0.9114 0.9724 0.9051 0.9626 0.9303 0.9308 0.9366 0.9406
9 0.9081 0.7591 0.9300 0.7877 0.8445 0.9161 0.8225 0.8875
9 0.7667 0.7361 0.7044 0.7844 0.6342 0.6071 0.6964 0.5588
9 0.5434 0.4297 0.4502 0.3080 0.4703 0.2779 0.5635 0.3996
9 0.9806 0.7606 0.9892 0.8595 0.8454 0.8842 0.8368 0.7853
12 0.8785 0.0656 0.8872 0.0917 0.7329 0.1924 0.7242 0.1663
12 0.5650 0.8075 0.1389 0.9673 0.1239 0.8889 0.5500 0.7291
12 0.6731 0.1552 0.6011 0.1552 0.6011 0.1232 0.6731 0.1232
12 0.6766 0.9670 0.6205 0.9517 0.6954 0.4122 0.7515 0.4275
13 0.8037 0.9079 0.8103 0.9103 0.8069 0.9293 0.8003 0.9269
13 0.6050 0.6283 0.5977 0.6366 0.5833 0.6117 0.5906 0.6034
13 0.9303 0.8299 0.9349 0.8662 0.9028 0.8741 0.8983 0.8378
13 0.8546 0.6788 0.8258 0.7165 0.8137 0.6984 0.8425 0.6607
15 0.9121 0.5141 0.8784 0.6370 0.8251 0.6083 0.8587 0.4854
15 0.7133 0.7463 0.7141 0.8063 0.6695 0.8073 0.6688 0.7473
15 0.9396 0.1280 0.9429 0.0850 0.9849 0.0912 0.9817 0.1342
15 0.0313 0.0861 0.0886 0.0320 0.1298 0.1175 0.0725 0.1716
