0 0.2518 0.2746 0.2430 0.4157 0.1362 0.4026 0.1450 0.2615
0 0.5253 0.3170 0.4923 0.1747 0.7667 0.0498 0.7997 0.1921
0 0.1267 0.2703 0.2523 0.3142 0.1864 0.6841 0.0608 0.6402
0 0.2037 0.5907 0.1010 0.8121 0.0394 0.7561 0.1421 0.5347
1 0.8318 0.1717 0.8274 0.1591 0.8959 0.1123 0.9003 0.1249
1 0.7971 0.6486 0.7962 0.6444 0.8135 0.6374 0.8144 0.6416
1 0.2266 0.0944 0.2375 0.1179 0.2325 0.1224 0.2216 0.0989
1 0.8228 0.0736 0.8208 0.0734 0.8235 0.0380 0.8255 0.0382
2 0.8205 0.5538 0.9024 0.2551 0.9469 0.2790 0.8650 0.5777
2 0.6252 0.2263 0.6107 0.2853 0.5734 0.2673 0.5879 0.2083
2 0.8966 0.7762 0.9318 0.7823 0.9302 0.8006 0.8950 0.7945
2 0.5220 0.5900 0.5516 0.5439 0.5586 0.5528 0.5290 0.5989
3 0.1331 0.1317 0.2020 0.0928 0.2081 0.1139 0.1392 0.1528
3 0.8283 0.7463 0.7498 0.7677 0.7471 0.7485 0.8256 0.7271
3 0.3076 0.7192 0.3583 0.7953 0.3464 0.8108 0.2957 0.7347
3 0.7026 0.3646 0.7557 0.2820 0.7689 0.2986 0.7157 0.3812
4 0.7532 0.4235 0.7302 0.4444 0.7243 0.4317 0.7473 0.4108
4 0.5425 0.6539 0.5532 0.6582 0.5512 0.6681 0.5405 0.6638
4 0.3254 0.2634 0.3389 0.2926 0.3289 0.3018 0.3153 0.2726
4 0.3842 0.0132 0.3901 0.0269 0.3864 0.0300 0.3805 0.0163
6 0.2223 0.9292 0.2046 0.9296 0.2043 0.9044 0.2220 0.9040
6 0.8357 0.2287 0.9978 0.3705 0.9468 0.4849 0.7847 0.3431
6 0.5395 0.0453 0.5299 0.0661 0.5148 0.0523 0.5244 0.0315
6 0.5928 0.7541 0.5470 0.7269 0.5601 0.6839 0.6058 0.7111
7 0.5109 0.0380 0.5109 0.0152 0.5171 0.0152 0.5171 0.0380
7 0.8077 0.2152 0.8173 0.2223 0.8072 0.2488 0.7976 0.2417
7 0.2399 0.6802 0.2499 0.6768 0.2604 0.7358 0.2504 0.7392
7 0.4205 0.4360 0.4297 0.4351 0.4363 0.5688 0.4272 0.5697
9 0.7901 0.2360 0.7759 0.2849 0.6888 0.2356 0.7029 0.1867
9 0.2043 0.6433 0.0814 0.6403 0.0820 0.5927 0.2049 0.5957
9 0.4209 0.0489 0.3650 0.2092 0.3386 0.1911 0.3944 0.0308
9 0.8685 0.5412 0.9055 0.5312 0.9235 0.6604 0.8865 0.6704
12 0.5243 0.1840 0.5417 0.1840 0.5417 0.3064 0.5243 0.3064
12 0.0958 0.1971 0.3003 0.2021 0.2999 0.2377 0.0954 0.2327
12 0.6554 0.9028 0.6327 0.8949 0.6483 0.8076 0.6710 0.8155
12 0.5273 0.9301 0.4736 0.9027 0.6079 0.3863 0.6616 0.4137
13 0.0574 0.8388 0.0740 0.8380 0.0743 0.8500 0.0577 0.8508
13 0.7794 0.0608 0.7740 0.0495 0.7794 0.0444 0.7849 0.0557
13 0.5373 0.4256 0.5402 0.4114 0.5496 0.4152 0.5466 0.4294
13 0.2462 0.3313 0.2322 0.2928 0.2521 0.2787 0.2661 0.3172
15 0.4505 0.7296 0.4016 0.6535 0.4466 0.5968 0.4955 0.6729
15 0.5364 0.7673 0.4791 0.7365 0.5079 0.6315 0.5652 0.6623
15 0.3384 0.8402 0.3433 0.7758 0.3919 0.7830 0.3870 0.8474
15 0.6218 0.0899 0.6993 0.1383 0.6677 0.2377 0.5901 0.1893
