0 0.0521 0.9366 0.0336 0.7520 0.2927 0.7010 0.3113 0.8856
0 0.8506 0.4724 0.6888 0.0800 0.7382 0.0400 0.9001 0.4324
0 0.0498 0.3608 0.0217 0.2953 0.1674 0.1728 0.1955 0.2383
0 0.2726 0.2930 0.3829 0.3972 0.2366 0.7010 0.1262 0.5968
1 0.8110 0.3219 0.8095 0.3238 0.7925 0.2973 0.7939 0.2954
1 0.5319 0.7829 0.5266 0.7601 0.5296 0.7587 0.5349 0.7815
1 0.7780 0.6314 0.7771 0.5946 0.7857 0.5942 0.7866 0.6310
1 0.3082 0.1688 0.3099 0.1651 0.3252 0.1784 0.3235 0.1821
2 0.6448 0.3865 0.7281 0.3824 0.7307 0.4839 0.6473 0.4880
2 0.9430 0.8066 0.8718 0.8449 0.8559 0.7870 0.9271 0.7487
2 0.5471 0.8259 0.5591 0.7059 0.7572 0.7449 0.7451 0.8649
2 0.4970 0.6668 0.4576 0.6375 0.4761 0.5888 0.5155 0.6181
3 0.7604 0.3270 0.7568 0.3505 0.7102 0.3366 0.7137 0.3131
3 0.2913 0.4638 0.3237 0.5263 0.3113 0.5390 0.2788 0.4765
3 0.5011 0.9069 0.4222 0.8324 0.4312 0.8139 0.5101 0.8884
3 0.4839 0.4705 0.3899 0.4682 0.3901 0.4459 0.4841 0.4482
4 0.8066 0.9570 0.8118 0.9676 0.8039 0.9750 0.7988 0.9644
4 0.1796 0.3704 0.1964 0.3729 0.1958 0.3812 0.1790 0.3787
4 0.0346 0.3365 0.0279 0.3330 0.0300 0.3251 0.0367 0.3286
4 0.8615 0.7117 0.8568 0.7217 0.8302 0.6975 0.8349 0.6875
6 0.3810 0.8742 0.4058 0.9485 0.3524 0.9834 0.3277 0.9091
6 0.7747 0.7552 0.7902 0.7432 0.7990 0.7652 0.7835 0.7772
6 0.4380 0.8292 0.4557 0.8292 0.4557 0.8544 0.4380 0.8544
6 0.5035 0.2007 0.4398 0.2314 0.3956 0.0517 0.4594 0.0210
7 0.0133 0.8446 0.0033 0.8395 0.0127 0.8034 0.0227 0.8085
7 0.7101 0.5716 0.6984 0.5766 0.6839 0.5100 0.6956 0.5050
7 0.7194 0.8900 0.7330 0.9523 0.6412 0.9916 0.6276 0.9293
7 0.0716 0.0919 0.0931 0.0731 0.1336 0.1637 0.1120 0.1825
9 0.5271 0.6936 0.4137 0.4293 0.4580 0.3920 0.5715 0.6563
9 0.2037 0.3455 0.1810 0.3945 0.0557 0.2805 0.0784 0.2315
9 0.2194 0.5354 0.2145 0.4794 0.3537 0.4554 0.3586 0.5114
9 0.6601 0.4557 0.6044 0.4737 0.5956 0.4207 0.6513 0.4027
12 0.6805 0.1731 0.6946 0.1875 0.6432 0.2865 0.6291 0.2721
12 0.4557 0.6476 0.4117 0.6476 0.4117 0.2228 0.4557 0.2228
12 0.6374 0.3722 0.7897 0.0678 0.8243 0.1018 0.6721 0.4062
12 0.4614 0.7011 0.4818 0.6859 0.5203 0.7873 0.4999 0.8025
13 0.8473 0.6961 0.8582 0.6675 0.8695 0.6759 0.8587 0.7045
13 0.9765 0.1219 0.9820 0.1241 0.9780 0.1437 0.9725 0.1415
13 0.8340 0.4176 0.8315 0.4357 0.8237 0.4336 0.8262 0.4155
13 0.6980 0.4860 0.6857 0.5393 0.6688 0.5316 0.6812 0.4783
15 0.6795 0.9490 0.6216 0.8857 0.6525 0.8302 0.7104 0.8935
15 0.1084 0.4699 0.1318 0.5648 0.0750 0.5921 0.0517 0.4972
15 0.4809 0.6139 0.4541 0.6877 0.4108 0.6569 0.4376 0.5831
15 0.4977 0.1389 0.3995 0.1890 0.3714 0.0811 0.4697 0.0310
