0 0.3340 0.2981 0.1972 0.7089 0.1454 0.6751 0.2822 0.2643
0 0.4717 0.2160 0.5699 0.1660 0.6752 0.5708 0.5769 0.6208
0 0.6306 0.3035 0.7370 0.3895 0.5808 0.7681 0.4744 0.6821
0 0.3522 0.2449 0.2874 0.1714 0.3658 0.0359 0.4306 0.1094
1 0.7261 0.4954 0.7256 0.4998 0.7079 0.4954 0.7084 0.4910
1 0.1517 0.7171 0.1520 0.7311 0.0758 0.7349 0.0754 0.7209
1 0.9539 0.6876 0.9596 0.6742 0.9821 0.6932 0.9764 0.7066
1 0.0808 0.4252 0.0829 0.4014 0.0860 0.4020 0.0839 0.4258
2 0.5119 0.4032 0.6456 0.6109 0.5812 0.6920 0.4476 0.4843
2 0.7151 0.6963 0.7712 0.7897 0.6309 0.9545 0.5748 0.8611
2 0.2286 0.7360 0.2286 0.7176 0.3400 0.7176 0.3400 0.7360
2 0.7092 0.4106 0.6507 0.4048 0.6548 0.3226 0.7133 0.3284
3 0.8042 0.7500 0.8539 0.6727 0.8660 0.6880 0.8163 0.7653
3 0.5775 0.8582 0.5700 0.8797 0.4917 0.8262 0.4992 0.8047
3 0.6162 0.5907 0.7061 0.6316 0.7010 0.6537 0.6110 0.6128
3 0.0198 0.2616 0.1129 0.2893 0.1096 0.3112 0.0165 0.2835
4 0.1668 0.4317 0.1623 0.4240 0.1669 0.4187 0.1714 0.4264
4 0.4993 0.2480 0.5195 0.2509 0.5184 0.2644 0.4983 0.2615
4 0.8036 0.2027 0.8135 0.1947 0.8152 0.1989 0.8053 0.2069
4 0.8316 0.6037 0.8493 0.6020 0.8507 0.6303 0.8330 0.6320
6 0.6935 0.5159 0.6986 0.5852 0.6654 0.5901 0.6602 0.5208
6 0.6999 0.1650 0.6697 0.0947 0.7201 0.0522 0.7503 0.1225
6 0.7924 0.8822 0.6439 0.7138 0.7045 0.6090 0.8530 0.7774
6 0.7470 0.3760 0.7646 0.3790 0.7624 0.4040 0.7448 0.4010
7 0.7131 0.5069 0.7019 0.4927 0.7703 0.3863 0.7816 0.4005
7 0.3461 0.6264 0.3442 0.6074 0.3782 0.6008 0.3801 0.6198
7 0.4074 0.0884 0.3990 0.0775 0.4195 0.0468 0.4278 0.0577
7 0.8707 0.6820 0.8605 0.6949 0.8376 0.6592 0.8478 0.6463
9 0.2385 0.6607 0.3455 0.7212 0.3355 0.7561 0.2285 0.6956
9 0.8559 0.3867 0.9592 0.5787 0.8999 0.6413 0.7965 0.4493
9 0.7089 0.6181 0.6799 0.6649 0.5568 0.5151 0.5858 0.4683
9 0.2543 0.4724 0.3798 0.6363 0.3292 0.7124 0.2036 0.5485
12 0.2140 0.5935 0.3189 0.6528 0.3106 0.6813 0.2057 0.6220
12 0.8119 0.9240 0.8200 0.8975 0.9152 0.9540 0.9072 0.9805
12 0.2994 0.1300 0.3498 0.0619 0.3531 0.0668 0.3028 0.1349
12 0.9399 0.0238 0.9449 0.1035 0.5538 0.1514 0.5488 0.0717
13 0.8826 0.3410 0.9269 0.4442 0.9222 0.4482 0.8780 0.3450
13 0.4586 0.8824 0.4540 0.8793 0.4600 0.8620 0.4646 0.8651
13 0.5743 0.1616 0.5954 0.1616 0.5954 0.1816 0.5743 0.1816
13 0.7851 0.9096 0.7816 0.9009 0.8106 0.8784 0.8141 0.8871
15 0.3362 0.9031 0.3544 0.9184 0.3238 0.9897 0.3056 0.9744
15 0.8052 0.2025 0.7677 0.1036 0.8199 0.0647 0.8575 0.1636
15 0.2052 0.2294 0.1432 0.2837 0.1111 0.2118 0.1731 0.1575
15 0.4623 0.2595 0.4574 0.3026 0.4157 0.2933 0.4206 0.2502
