0 0.7190 0.5035 0.8938 0.6686 0.8113 0.8397 0.6365 0.6746
0 0.4071 0.2099 0.4543 0.0283 0.5614 0.0829 0.5142 0.2645
0 0.3745 0.1448 0.5379 0.0919 0.5850 0.3776 0.4216 0.4305
0 0.1028 0.7726 0.3614 0.4999 0.3957 0.5638 0.1372 0.8365
1 0.3392 0.8594 0.3259 0.8745 0.3239 0.8710 0.3372 0.8559
1 0.4773 0.1859 0.4661 0.1957 0.4561 0.1733 0.4673 0.1635
1 0.4992 0.4110 0.4983 0.3934 0.5060 0.3926 0.5069 0.4102
1 0.5682 0.8405 0.5636 0.8323 0.5789 0.8155 0.5835 0.8237
2 0.2061 0.3054 0.1964 0.3692 0.1176 0.3458 0.1273 0.2820
2 0.9283 0.1587 0.9881 0.2110 0.9460 0.3053 0.8862 0.2530
2 0.3066 0.3146 0.3107 0.3416 0.2914 0.3474 0.2873 0.3204
2 0.4901 0.4094 0.4796 0.4730 0.3905 0.4442 0.4010 0.3806
3 0.8637 0.0780 0.8606 0.0917 0.8111 0.0692 0.8143 0.0555
3 0.2628 0.8738 0.2588 0.8670 0.3146 0.8014 0.3186 0.8082
3 0.8505 0.4336 0.8347 0.4277 0.8578 0.3072 0.8735 0.3131
3 0.2940 0.5272 0.3098 0.5365 0.2757 0.6488 0.2599 0.6395
4 0.9507 0.4891 0.9667 0.5085 0.9444 0.5445 0.9284 0.5251
4 0.6673 0.3293 0.6513 0.3402 0.6425 0.3147 0.6584 0.3038
4 0.7414 0.2300 0.7292 0.2369 0.7266 0.2276 0.7388 0.2207
4 0.5869 0.9258 0.5836 0.9022 0.6117 0.8946 0.6149 0.9182
6 0.9867 0.2664 0.9432 0.3001 0.9270 0.2592 0.9705 0.2255
6 0.0348 0.6608 0.0100 0.6006 0.0389 0.5772 0.0638 0.6374
6 0.7918 0.3931 0.7340 0.4361 0.7237 0.4089 0.7814 0.3659
6 0.4393 0.7837 0.4050 0.7770 0.4062 0.7659 0.4404 0.7726
7 0.7738 0.6318 0.7611 0.6270 0.7722 0.5690 0.7849 0.5738
7 0.5470 0.8269 0.5282 0.7582 0.5450 0.7491 0.5638 0.8178
7 0.3065 0.3042 0.2874 0.2658 0.3543 0.2002 0.3735 0.2386
7 0.3878 0.3612 0.3874 0.3956 0.3516 0.3948 0.3521 0.3604
9 0.2269 0.5698 0.2690 0.5890 0.2186 0.8062 0.1764 0.7870
9 0.9006 0.2706 0.8988 0.3425 0.7777 0.3366 0.7795 0.2647
9 0.8240 0.5669 0.7876 0.5952 0.7151 0.4123 0.7516 0.3840
9 0.2634 0.2164 0.3581 0.0970 0.3778 0.1276 0.2831 0.2470
12 0.7139 0.4028 0.7278 0.4175 0.6752 0.5152 0.6613 0.5005
12 0.1617 0.0979 0.1624 0.0691 0.2658 0.0741 0.2650 0.1029
12 0.5072 0.1446 0.1953 0.5813 0.1542 0.5238 0.4662 0.0871
12 0.0541 0.7366 0.0795 0.7564 0.0711 0.7778 0.0456 0.7580
13 0.4790 0.2709 0.4483 0.2679 0.4498 0.2367 0.4806 0.2397
13 0.6630 0.7618 0.6272 0.7698 0.6199 0.7054 0.6557 0.6974
13 0.1230 0.6906 0.1174 0.6890 0.1202 0.6690 0.1258 0.6706
13 0.9258 0.3177 0.8865 0.3070 0.8899 0.2827 0.9292 0.2934
15 0.8615 0.6302 0.8263 0.7522 0.7733 0.7222 0.8085 0.6002
15 0.5180 0.7580 0.4780 0.8140 0.4360 0.7552 0.4760 0.6992
15 0.1761 0.6661 0.1744 0.7128 0.1401 0.7103 0.1419 0.6636
15 0.5481 0.0917 0.5391 0.1305 0.5024 0.1139 0.5114 0.0751
