0 0.4721 0.1345 0.4604 0.2502 0.3371 0.2259 0.3487 0.1102
0 0.3854 0.3861 0.3271 0.2185 0.5623 0.0579 0.6207 0.2255
0 0.4316 0.1219 0.5503 0.3270 0.4932 0.3917 0.3746 0.1866
0 0.8441 0.7806 0.8117 0.7962 0.7056 0.3650 0.7380 0.3494
1 0.7498 0.2987 0.7354 0.3118 0.7337 0.3081 0.7480 0.2950
1 0.7943 0.3956 0.7871 0.3956 0.7871 0.3696 0.7943 0.3696
1 0.4334 0.3276 0.4364 0.3290 0.4306 0.3528 0.4276 0.3514
1 0.2987 0.2756 0.3046 0.2699 0.3153 0.2912 0.3094 0.2969
2 0.2802 0.4604 0.0805 0.4556 0.0821 0.3344 0.2817 0.3392
2 0.5956 0.9784 0.5548 0.9565 0.5804 0.8632 0.6212 0.8851
2 0.5527 0.4607 0.5451 0.4652 0.5196 0.3813 0.5272 0.3768
2 0.9781 0.9737 0.9675 0.9797 0.9268 0.8387 0.9374 0.8327
3 0.6015 0.7610 0.5967 0.7737 0.5505 0.7394 0.5553 0.7267
3 0.4627 0.7756 0.3688 0.7687 0.3696 0.7464 0.4635 0.7533
3 0.2031 0.4667 0.2264 0.3968 0.2389 0.4049 0.2156 0.4748
3 0.1904 0.0158 0.1946 0.0341 0.1251 0.0658 0.1208 0.0475
4 0.9837 0.8939 0.9887 0.8978 0.9863 0.9037 0.9813 0.8998
4 0.7131 0.1835 0.7183 0.1494 0.7300 0.1529 0.7249 0.1870
4 0.1548 0.9253 0.1350 0.9147 0.1472 0.8703 0.1670 0.8809
4 0.4282 0.3513 0.4528 0.2131 0.4736 0.2203 0.4489 0.3585
6 0.9295 0.5122 0.8853 0.4584 0.9239 0.3962 0.9681 0.4500
6 0.4829 0.6644 0.4662 0.9310 0.3703 0.9192 0.3869 0.6526
6 0.3474 0.2465 0.2942 0.1884 0.3778 0.0387 0.4309 0.0968
6 0.0699 0.4765 0.0205 0.2180 0.1135 0.1831 0.1630 0.4416
7 0.9889 0.4498 0.9855 0.4577 0.9742 0.4482 0.9776 0.4403
7 0.6832 0.6859 0.6754 0.6965 0.6605 0.6749 0.6683 0.6643
7 0.7378 0.5681 0.7297 0.5705 0.7251 0.5403 0.7332 0.5379
7 0.1503 0.1885 0.1406 0.1878 0.1423 0.1415 0.1520 0.1422
9 0.3019 0.6763 0.4054 0.7044 0.3972 0.7637 0.2937 0.7356
9 0.5464 0.7307 0.5093 0.7645 0.4204 0.5729 0.4576 0.5391
9 0.2069 0.6757 0.1876 0.6307 0.3022 0.5343 0.3215 0.5793
9 0.8626 0.7637 0.8328 0.7578 0.8503 0.5839 0.8800 0.5898
12 0.1636 0.5462 0.1385 0.4547 0.1430 0.4522 0.1681 0.5437
12 0.1689 0.2902 0.2272 0.4113 0.2026 0.4346 0.1442 0.3135
12 0.8751 0.8857 0.9665 0.8515 0.9731 0.8863 0.8818 0.9205
12 0.7557 0.5824 0.7325 0.5779 0.7414 0.4888 0.7646 0.4933
13 0.1458 0.6275 0.1758 0.6774 0.1530 0.7041 0.1231 0.6542
13 0.5094 0.1863 0.5278 0.1962 0.5226 0.2149 0.5042 0.2050
13 0.4312 0.2877 0.4270 0.2925 0.3290 0.1231 0.3333 0.1183
13 0.4850 0.7513 0.4551 0.7013 0.4781 0.6743 0.5080 0.7243
15 0.2527 0.8429 0.3262 0.7596 0.3627 0.8227 0.2892 0.9060
15 0.2605 0.1794 0.3438 0.0916 0.3921 0.1814 0.3088 0.2692
15 0.6697 0.0402 0.6946 0.0665 0.6691 0.1138 0.6443 0.0875
15 0.4918 0.3184 0.4687 0.3438 0.4424 0.2968 0.4656 0.2714
