0 0.0746 0.8364 0.0041 0.6955 0.2600 0.4448 0.3304 0.5857
0 0.4935 0.6018 0.4628 0.8041 0.1188 0.7018 0.1495 0.4995
0 0.2020 0.2920 0.2646 0.3239 0.2474 0.3900 0.1848 0.3581
0 0.9900 0.8433 0.6687 0.7881 0.6757 0.7087 0.9970 0.7639
1 0.5645 0.4765 0.5622 0.4667 0.5807 0.4583 0.5830 0.4681
1 0.2326 0.6908 0.2325 0.6952 0.2145 0.6948 0.2146 0.6904
1 0.6358 0.6762 0.6257 0.6696 0.6368 0.6362 0.6469 0.6428
1 0.7484 0.7390 0.7341 0.7397 0.7333 0.7090 0.7476 0.7083
2 0.5540 0.9362 0.5351 0.9600 0.5260 0.9458 0.5449 0.9220
2 0.6910 0.8580 0.6893 0.7276 0.7410 0.7264 0.7427 0.8568
2 0.9589 0.7680 0.9257 0.8297 0.9040 0.8068 0.9372 0.7451
2 0.9070 0.3007 0.9795 0.3168 0.9656 0.4401 0.8931 0.4240
3 0.0223 0.2244 0.0279 0.2123 0.0715 0.2520 0.0659 0.2641
3 0.5272 0.5008 0.5196 0.5105 0.4848 0.4564 0.4924 0.4467
3 0.2072 0.3699 0.2121 0.3826 0.1659 0.4169 0.1611 0.4042
3 0.0668 0.1519 0.0729 0.1403 0.1152 0.1833 0.1091 0.1949
4 0.3100 0.6855 0.3535 0.7423 0.3437 0.7569 0.3003 0.7001
4 0.2411 0.1441 0.2465 0.1435 0.2471 0.1531 0.2417 0.1537
4 0.0567 0.1035 0.0460 0.1080 0.0416 0.0877 0.0523 0.0832
4 0.5326 0.2352 0.5221 0.2434 0.5160 0.2280 0.5265 0.2198
6 0.4203 0.5014 0.3859 0.5065 0.3851 0.4954 0.4195 0.4903
6 0.5053 0.5536 0.4877 0.5506 0.4899 0.5256 0.5075 0.5286
6 0.2401 0.3726 0.2495 0.4661 0.1151 0.4926 0.1057 0.3991
6 0.7827 0.6005 0.7596 0.5646 0.7655 0.5571 0.7887 0.5930
7 0.9981 0.8493 0.9929 0.8568 0.9582 0.8099 0.9634 0.8024
7 0.2779 0.7151 0.2918 0.7353 0.2278 0.8217 0.2140 0.8015
7 0.2500 0.3840 0.2668 0.3579 0.3103 0.4128 0.2935 0.4389
7 0.9136 0.9683 0.9169 0.9599 0.9284 0.9689 0.9251 0.9773
9 0.8091 0.8940 0.6425 0.9521 0.6246 0.8512 0.7912 0.7931
9 0.4309 0.4682 0.3975 0.4998 0.3191 0.3370 0.3525 0.3054
9 0.2711 0.4272 0.2802 0.3722 0.4169 0.4164 0.4078 0.4714
9 0.3591 0.6251 0.5121 0.7342 0.4784 0.8269 0.3254 0.7178
12 0.1734 0.2628 0.1585 0.2380 0.2589 0.1200 0.2738 0.1448
12 0.1400 0.0616 0.1571 0.0574 0.1723 0.1780 0.1552 0.1822
12 0.4429 0.2800 0.2091 0.8038 0.1600 0.7608 0.3937 0.2370
12 0.8782 0.1928 0.9463 0.0663 0.9638 0.0848 0.8957 0.2113
13 0.4196 0.6162 0.4284 0.6228 0.4233 0.6362 0.4145 0.6296
13 0.4437 0.8396 0.4404 0.8460 0.4286 0.8340 0.4319 0.8276
13 0.0192 0.2804 0.0172 0.2950 0.0077 0.2924 0.0097 0.2778
13 0.9230 0.8119 0.9492 0.8385 0.9430 0.8505 0.9168 0.8239
15 0.9162 0.8377 0.8951 0.8371 0.8961 0.7539 0.9172 0.7545
15 0.5304 0.7267 0.5949 0.8235 0.5525 0.8789 0.4880 0.7821
15 0.1937 0.5625 0.2114 0.5271 0.2460 0.5611 0.2283 0.5965
15 0.3568 0.5101 0.3427 0.4367 0.3929 0.4179 0.4070 0.4913
