0 0.7513 0.5869 0.6902 0.6268 0.6739 0.5779 0.7350 0.5380
0 0.7011 0.1816 0.8109 0.2776 0.6666 0.6008 0.5568 0.5048
0 0.6011 0.4948 0.4713 0.2622 0.5875 0.1352 0.7173 0.3678
0 0.7644 0.6824 0.6265 0.7565 0.5005 0.2968 0.6384 0.2227
1 0.6330 0.5197 0.6317 0.5157 0.6482 0.5055 0.6494 0.5095
1 0.6890 0.7142 0.6860 0.7158 0.6796 0.6922 0.6825 0.6906
1 0.7493 0.1829 0.7542 0.1827 0.7547 0.2247 0.7498 0.2249
1 0.8784 0.5007 0.8849 0.4948 0.9173 0.5645 0.9108 0.5704
2 0.6773 0.7193 0.5993 0.5301 0.6792 0.4655 0.7572 0.6547
2 0.9913 0.5757 0.8406 0.6652 0.8242 0.6111 0.9749 0.5216
2 0.5940 0.4007 0.6036 0.3538 0.6860 0.3869 0.6764 0.4338
2 0.3606 0.6462 0.4068 0.6382 0.4112 0.6882 0.3649 0.6962
3 0.1562 0.4059 0.2313 0.3267 0.2409 0.3445 0.1659 0.4237
3 0.7273 0.9132 0.7222 0.9008 0.7672 0.8644 0.7724 0.8768
3 0.3696 0.2242 0.4033 0.1315 0.4178 0.1418 0.3841 0.2345
3 0.5920 0.9258 0.6671 0.8896 0.6729 0.9130 0.5978 0.9492
4 0.1054 0.3250 0.1099 0.3389 0.0994 0.3454 0.0950 0.3315
4 0.0951 0.3059 0.1026 0.3097 0.0963 0.3337 0.0888 0.3299
4 0.3088 0.5081 0.3290 0.5056 0.3298 0.5191 0.3096 0.5216
4 0.9732 0.7781 0.9621 0.7817 0.9611 0.7759 0.9722 0.7723
6 0.1797 0.2207 0.1852 0.2443 0.1680 0.2521 0.1626 0.2285
6 0.3606 0.1176 0.5423 0.2002 0.5126 0.3284 0.3308 0.2458
6 0.9508 0.8371 0.9518 0.8124 0.9697 0.8137 0.9688 0.8384
6 0.3229 0.8318 0.3790 0.8790 0.3677 0.9054 0.3116 0.8582
7 0.3744 0.8549 0.3671 0.8495 0.3902 0.7887 0.3975 0.7941
7 0.6031 0.4019 0.6112 0.3764 0.6595 0.4065 0.6514 0.4320
7 0.0756 0.9112 0.0719 0.8788 0.1495 0.8616 0.1532 0.8940
7 0.9921 0.5556 0.9379 0.6068 0.9267 0.5836 0.9810 0.5324
9 0.6880 0.8535 0.6949 0.9148 0.5338 0.9505 0.5268 0.8892
9 0.2897 0.3721 0.2439 0.2958 0.3549 0.1655 0.4006 0.2418
9 0.6112 0.0678 0.6520 0.1494 0.5334 0.2658 0.4926 0.1842
9 0.3419 0.6889 0.3086 0.6641 0.3527 0.5479 0.3860 0.5727
12 0.3421 0.9308 0.3264 0.8877 0.4247 0.8176 0.4404 0.8607
12 0.6122 0.8265 0.5839 0.7988 0.6472 0.6723 0.6755 0.7000
12 0.3043 0.1123 0.3120 0.0771 0.5049 0.1597 0.4972 0.1949
12 0.6218 0.6956 0.6207 0.6669 0.7908 0.6544 0.7919 0.6831
13 0.1212 0.3351 0.1512 0.3851 0.1282 0.4121 0.0983 0.3621
13 0.3180 0.1797 0.3091 0.1828 0.3077 0.1747 0.3166 0.1716
13 0.1549 0.1263 0.1518 0.1353 0.1220 0.1149 0.1251 0.1059
13 0.1187 0.7837 0.1052 0.7902 0.0773 0.6767 0.0908 0.6702
15 0.8871 0.8520 0.7942 0.7857 0.8306 0.6856 0.9235 0.7519
15 0.6194 0.7594 0.5252 0.8741 0.4768 0.7962 0.5711 0.6815
15 0.9047 0.6745 0.8345 0.5859 0.8733 0.5255 0.9435 0.6141
15 0.0199 0.9008 0.0888 0.8578 0.1069 0.9148 0.0380 0.9578
