0 0.0775 0.8916 0.0111 0.8851 0.0368 0.3708 0.1032 0.3773
0 0.3274 0.2811 0.5035 0.3757 0.4772 0.4717 0.3011 0.3771
0 0.2985 0.2545 0.3453 0.2151 0.4329 0.4191 0.3861 0.4585
0 0.2576 0.6401 0.1196 0.6367 0.1216 0.4771 0.2596 0.4805
1 0.8249 0.3410 0.8134 0.3481 0.8103 0.3382 0.8217 0.3311
1 0.3827 0.4748 0.3847 0.4749 0.3833 0.5104 0.3813 0.5103
1 0.1595 0.1335 0.1497 0.1362 0.1351 0.0313 0.1449 0.0286
1 0.1068 0.0948 0.1144 0.0995 0.0906 0.1744 0.0830 0.1697
2 0.6456 0.8729 0.7701 0.7723 0.8107 0.8707 0.6862 0.9713
2 0.1066 0.5636 0.1313 0.5722 0.1280 0.5908 0.1033 0.5822
2 0.4001 0.3724 0.3513 0.3640 0.3550 0.3216 0.4038 0.3300
2 0.9693 0.6485 0.9259 0.5899 0.9416 0.5671 0.9850 0.6257
3 0.6266 0.9031 0.6290 0.9268 0.5817 0.9361 0.5793 0.9124
3 0.4624 0.2253 0.3808 0.1567 0.3891 0.1375 0.4706 0.2061
3 0.7740 0.1093 0.7057 0.0924 0.7080 0.0743 0.7763 0.0912
3 0.4015 0.7407 0.4518 0.7721 0.4463 0.7897 0.3959 0.7583
4 0.3783 0.8726 0.3823 0.8968 0.3731 0.8998 0.3691 0.8756
4 0.9215 0.1605 0.9147 0.1752 0.8653 0.1303 0.8722 0.1156
4 0.9548 0.7246 0.9591 0.7151 0.9746 0.7286 0.9703 0.7381
4 0.6855 0.1982 0.6879 0.2097 0.6788 0.2134 0.6764 0.2019
6 0.6611 0.0778 0.7097 0.0319 0.7426 0.1002 0.6940 0.1461
6 0.5099 0.3903 0.5241 0.4052 0.5132 0.4253 0.4991 0.4104
6 0.1724 0.4729 0.1176 0.4230 0.1296 0.3971 0.1844 0.4470
6 0.9103 0.6012 0.8623 0.6192 0.8537 0.5740 0.9017 0.5560
7 0.3483 0.4066 0.3506 0.4156 0.3386 0.4218 0.3362 0.4128
7 0.9774 0.2478 0.9562 0.2797 0.9428 0.2622 0.9641 0.2303
7 0.6565 0.4805 0.6594 0.4726 0.6746 0.4835 0.6718 0.4914
7 0.1821 0.5735 0.2452 0.5766 0.2424 0.6885 0.1793 0.6854
9 0.1169 0.2026 0.0245 0.3001 0.0082 0.2698 0.1006 0.1723
9 0.7620 0.6708 0.8004 0.7018 0.7188 0.8996 0.6805 0.8686
9 0.0674 0.9348 0.0738 0.7631 0.1078 0.7656 0.1013 0.9373
9 0.8624 0.4206 0.8884 0.5784 0.8619 0.5870 0.8359 0.4292
12 0.0916 0.7812 0.1140 0.7908 0.0952 0.8768 0.0728 0.8672
12 0.0622 0.4027 0.0786 0.5331 0.0533 0.5393 0.0368 0.4089
12 0.7795 0.9049 0.5765 0.8700 0.5796 0.8347 0.7826 0.8696
12 0.3542 0.7834 0.3530 0.7510 0.4349 0.7450 0.4361 0.7774
13 0.1154 0.8266 0.1163 0.8199 0.1289 0.8234 0.1280 0.8301
13 0.0485 0.9859 0.0514 0.9680 0.0592 0.9705 0.0563 0.9884
13 0.3737 0.3629 0.3798 0.3595 0.3858 0.3803 0.3797 0.3837
13 0.1544 0.0904 0.2317 0.0376 0.2341 0.0444 0.1568 0.0972
15 0.9033 0.0154 0.8935 0.0602 0.8607 0.0462 0.8705 0.0014
15 0.2620 0.8621 0.3315 0.7940 0.3760 0.8831 0.3065 0.9512
15 0.2682 0.2428 0.2712 0.2721 0.2123 0.2836 0.2094 0.2543
15 0.3934 0.1419 0.4408 0.0682 0.4918 0.1325 0.4443 0.2062
