0 0.5409 0.5455 0.5952 0.5534 0.5774 0.7901 0.5231 0.7822
0 0.3783 0.2240 0.2810 0.1850 0.3106 0.0408 0.4078 0.0798
0 0.5687 0.0687 0.4425 0.2649 0.3879 0.1961 0.5141 -0.0001
0 0.6250 0.6330 0.5913 0.5512 0.6247 0.5242 0.6584 0.6060
1 0.3273 0.2296 0.3317 0.2207 0.3804 0.2684 0.3760 0.2773
1 0.9399 0.2582 0.9529 0.2560 0.9552 0.2822 0.9422 0.2844
1 0.0828 0.5682 0.0880 0.5603 0.1315 0.6170 0.1262 0.6249
1 0.6076 0.3633 0.5959 0.3550 0.6044 0.3315 0.6161 0.3398
2 0.2855 0.5354 0.2180 0.6040 0.1754 0.5218 0.2428 0.4532
2 0.8766 0.8765 0.8560 0.8444 0.9262 0.7559 0.9469 0.7880
2 0.1733 0.3164 0.1706 0.2984 0.2796 0.2660 0.2823 0.2840
2 0.0834 0.2638 0.2086 0.2546 0.2200 0.5590 0.0948 0.5682
3 0.6181 0.4094 0.5242 0.3932 0.5262 0.3702 0.6201 0.3864
3 0.7896 0.4514 0.7102 0.4377 0.7119 0.4182 0.7913 0.4319
3 0.1810 0.6423 0.1925 0.6262 0.2556 0.7145 0.2440 0.7306
3 0.6572 0.3249 0.6420 0.2507 0.6568 0.2447 0.6720 0.3189
4 0.5142 0.3578 0.5310 0.3488 0.5378 0.3734 0.5210 0.3824
4 0.8070 0.1593 0.8148 0.1379 0.8227 0.1435 0.8149 0.1649
4 0.8372 0.9282 0.8127 0.9336 0.8108 0.9170 0.8353 0.9116
4 0.4364 0.5675 0.4239 0.5721 0.4219 0.5617 0.4344 0.5571
6 0.5657 0.8423 0.5944 0.9246 0.5746 0.9381 0.5459 0.8558
6 0.4451 0.8589 0.4735 0.7872 0.5249 0.8271 0.4965 0.8988
6 0.3428 0.8206 0.3373 0.7728 0.3452 0.7710 0.3507 0.8188
6 0.8257 0.6785 0.7814 0.7100 0.7663 0.6683 0.8106 0.6368
7 0.8389 0.1797 0.8250 0.1702 0.8277 0.1627 0.8415 0.1722
7 0.6115 0.9322 0.6440 0.9338 0.6437 0.9466 0.6111 0.9450
7 0.5226 0.8164 0.5390 0.8200 0.5317 0.8844 0.5153 0.8808
7 0.8840 0.1138 0.8866 0.0982 0.9409 0.1158 0.9383 0.1314
9 0.6092 0.7383 0.5927 0.7854 0.4726 0.7033 0.4890 0.6562
9 0.7338 0.1054 0.6768 0.4033 0.6268 0.3846 0.6838 0.0867
9 0.9729 0.3690 0.9910 0.4257 0.8419 0.5186 0.8239 0.4619
9 0.1851 0.3128 0.1987 0.2575 0.3400 0.3256 0.3264 0.3809
12 0.0931 0.9229 0.0779 0.9001 0.2137 0.7227 0.2289 0.7455
12 0.8014 0.7242 0.8177 0.7135 0.8452 0.7962 0.8289 0.8069
12 0.9706 0.5523 0.9938 0.5563 0.9860 0.6457 0.9627 0.6417
12 0.6862 0.1735 0.7073 0.1592 0.7355 0.2401 0.7144 0.2544
13 0.3505 0.6056 0.3715 0.6193 0.3661 0.6356 0.3451 0.6219
13 0.4115 0.8001 0.3970 0.7976 0.3996 0.7679 0.4141 0.7704
13 0.1321 0.7667 0.1303 0.7813 0.1207 0.7789 0.1226 0.7643
13 0.3627 0.7129 0.3613 0.6950 0.3690 0.6939 0.3704 0.7118
15 0.8294 0.5655 0.8545 0.5630 0.8572 0.6161 0.8321 0.6186
15 0.4175 0.0992 0.4156 0.0233 0.4676 0.0208 0.4695 0.0967
15 0.1587 0.1630 0.2109 0.0995 0.2593 0.1774 0.2071 0.2409
15 0.0664 0.1423 0.1309 0.1904 0.1025 0.2653 0.0379 0.2172
