0 0.4500 0.2338 0.3902 0.3678 0.2737 0.2658 0.3335 0.1318
0 0.5340 0.6478 0.4208 0.7356 0.2888 0.4022 0.4020 0.3144
0 0.2583 0.1994 0.3273 0.3890 0.0806 0.5650 0.0116 0.3754
0 0.8393 0.4619 0.9223 0.5561 0.7407 0.8701 0.6577 0.7759
1 0.1889 0.3458 0.1903 0.3597 0.1148 0.3746 0.1134 0.3607
1 0.7919 0.1053 0.7820 0.0909 0.7978 0.0695 0.8077 0.0839
1 0.0110 0.9209 0.0133 0.9111 0.0318 0.9195 0.0295 0.9293
1 0.3003 0.9733 0.3216 0.9707 0.3223 0.9823 0.3010 0.9849
2 0.1188 0.9207 0.1335 0.9392 0.1203 0.9597 0.1057 0.9412
2 0.3259 0.6186 0.3468 0.5167 0.3844 0.5318 0.3635 0.6337
2 0.6736 0.8960 0.6944 0.9102 0.6864 0.9332 0.6656 0.9190
2 0.6845 0.5181 0.6965 0.4999 0.7155 0.5247 0.7035 0.5429
3 0.2447 0.6399 0.3012 0.7450 0.2885 0.7585 0.2319 0.6534
3 0.6349 0.0978 0.6307 0.0911 0.6857 0.0242 0.6898 0.0309
3 0.9598 0.8898 0.8898 0.9441 0.8831 0.9270 0.9530 0.8727
3 0.1472 0.8134 0.1376 0.8185 0.1188 0.7502 0.1284 0.7451
4 0.7479 0.1864 0.7513 0.1475 0.7564 0.1484 0.7530 0.1873
4 0.8070 0.1558 0.8300 0.1496 0.8344 0.1810 0.8114 0.1872
4 0.0857 0.8372 0.0814 0.8485 0.0731 0.8424 0.0774 0.8311
4 0.5444 0.6505 0.5404 0.6561 0.5290 0.6403 0.5331 0.6347
6 0.5866 0.2343 0.5521 0.2369 0.5517 0.2257 0.5862 0.2231
6 0.3271 0.4136 0.3528 0.3399 0.4057 0.3760 0.3800 0.4497
6 0.5836 0.3738 0.7691 0.3090 0.7924 0.4398 0.6069 0.5046
6 0.0567 0.7665 0.0374 0.8066 0.0307 0.8003 0.0501 0.7602
7 0.3502 0.0565 0.3468 0.0472 0.3598 0.0379 0.3632 0.0472
7 0.6566 0.1286 0.6505 0.1552 0.5382 0.1042 0.5444 0.0776
7 0.9439 0.2325 0.9464 0.2218 0.9589 0.2275 0.9564 0.2382
7 0.4306 0.4023 0.4286 0.4181 0.3994 0.4109 0.4014 0.3951
9 0.3814 0.3263 0.3823 0.3983 0.2612 0.4013 0.2603 0.3293
9 0.1771 0.1771 0.1832 0.3389 0.1560 0.3409 0.1500 0.1791
9 0.6135 0.2163 0.5673 0.2633 0.5445 0.2193 0.5907 0.1723
9 0.7455 0.1805 0.6241 0.2074 0.6188 0.1603 0.7402 0.1334
12 0.0279 0.0726 0.0318 0.0419 0.2147 0.0870 0.2108 0.1177
12 0.1017 0.9493 0.1056 0.9211 0.2072 0.9487 0.2032 0.9769
12 0.7800 0.5911 0.7931 0.4599 0.8186 0.4649 0.8054 0.5961
12 0.1857 0.4159 0.1960 0.4409 0.0485 0.5601 0.0383 0.5351
13 0.9675 0.3306 0.9534 0.3394 0.9345 0.2798 0.9486 0.2710
13 0.7037 0.2830 0.6959 0.2616 0.7158 0.2474 0.7235 0.2688
13 0.9830 0.7133 0.9772 0.7257 0.9690 0.7183 0.9748 0.7059
13 0.4501 0.9082 0.4445 0.8923 0.4499 0.8886 0.4555 0.9045
15 0.9206 0.7464 0.9212 0.6996 0.9554 0.7004 0.9548 0.7472
15 0.2973 0.5461 0.2639 0.4739 0.3312 0.4127 0.3647 0.4849
15 0.4445 0.1264 0.4898 0.0731 0.5210 0.1252 0.4757 0.1785
15 0.5928 0.5373 0.5720 0.5176 0.5932 0.4735 0.6140 0.4932
