0 0.8512 0.4819 0.8869 0.6826 0.5457 0.8017 0.5099 0.6010
0 0.8537 0.2111 0.8721 0.3007 0.8237 0.3201 0.8054 0.2305
0 0.4384 0.2378 0.5089 0.0858 0.7373 0.2934 0.6668 0.4454
0 0.8029 0.6254 0.6785 0.6754 0.6034 0.3090 0.7278 0.2590
1 0.4276 0.5980 0.4249 0.6278 0.4167 0.6264 0.4193 0.5966
1 0.2056 0.6464 0.2036 0.6430 0.2176 0.6272 0.2196 0.6306
1 0.4391 0.3444 0.4412 0.3206 0.4443 0.3212 0.4422 0.3450
1 0.8361 0.1845 0.8286 0.1892 0.8047 0.1143 0.8123 0.1096
2 0.1336 0.1555 0.1452 0.1797 0.1021 0.2205 0.0905 0.1963
2 0.3749 0.9163 0.3115 0.9256 0.3100 0.9045 0.3733 0.8952
2 0.6639 0.3126 0.6752 0.3112 0.6847 0.4626 0.6733 0.4640
2 0.9379 0.0951 0.9478 0.1191 0.9307 0.1329 0.9208 0.1089
3 0.0716 0.2791 0.0873 0.2732 0.1104 0.3937 0.0947 0.3996
3 0.3087 0.3140 0.2377 0.2277 0.2482 0.2108 0.3191 0.2971
3 0.5904 0.7659 0.6838 0.7452 0.6864 0.7681 0.5930 0.7888
3 0.6768 0.4384 0.7493 0.3911 0.7552 0.4088 0.6827 0.4561
4 0.6096 0.5610 0.6218 0.5335 0.6410 0.5502 0.6287 0.5777
4 0.2308 0.6796 0.2282 0.6567 0.2440 0.6532 0.2466 0.6761
4 0.2959 0.4877 0.2883 0.4567 0.2958 0.4531 0.3035 0.4841
4 0.8803 0.3679 0.8655 0.3784 0.8583 0.3585 0.8730 0.3480
6 0.2199 0.3633 0.2385 0.2988 0.2695 0.3163 0.2509 0.3808
6 0.4343 0.1300 0.4163 0.2181 0.3951 0.2096 0.4132 0.1215
6 0.0002 0.1858 0.0472 0.1631 0.0581 0.2074 0.0111 0.2301
6 0.6957 0.2637 0.6604 0.1983 0.7074 0.1487 0.7427 0.2141
7 0.6480 0.8841 0.6428 0.9082 0.6048 0.8919 0.6101 0.8678
7 0.0985 0.5387 0.1127 0.5471 0.0938 0.6093 0.0796 0.6009
7 0.1872 0.9256 0.1844 0.9485 0.1385 0.9372 0.1414 0.9143
7 0.4761 0.3271 0.4869 0.3292 0.4839 0.3589 0.4731 0.3568
9 0.3754 0.4547 0.4126 0.4483 0.4289 0.6341 0.3917 0.6405
9 0.8395 0.4563 0.7123 0.4656 0.7107 0.4245 0.8380 0.4152
9 0.1634 0.9428 0.1497 0.8439 0.3126 0.7996 0.3263 0.8985
9 0.9355 0.5005 0.8994 0.3618 0.9400 0.3411 0.9760 0.4798
12 0.1868 0.0483 0.2120 0.1900 0.1832 0.2001 0.1580 0.0584
12 0.4583 0.4244 0.4553 0.4585 0.3666 0.4432 0.3695 0.4091
12 0.2764 0.3960 0.2818 0.4389 0.2627 0.4436 0.2573 0.4007
12 0.4823 0.9193 0.4988 0.8886 0.5629 0.9563 0.5464 0.9870
13 0.6291 0.8982 0.6300 0.8915 0.6429 0.8950 0.6420 0.9017
13 0.3125 0.1229 0.3073 0.1059 0.3147 0.1015 0.3198 0.1185
13 0.0849 0.8815 0.1060 0.8841 0.1048 0.9041 0.0837 0.9015
13 0.4607 0.3982 0.4724 0.3859 0.4853 0.4098 0.4736 0.4221
15 0.2551 0.1960 0.2468 0.1495 0.2798 0.1380 0.2881 0.1845
15 0.8546 0.6682 0.8784 0.7027 0.8540 0.7358 0.8301 0.7013
15 0.5446 0.1485 0.5382 0.0465 0.5986 0.0391 0.6049 0.1411
15 0.4627 0.6924 0.5065 0.6495 0.5327 0.7020 0.4889 0.7449
