0 0.2020 0.3368 0.2471 0.2667 0.2757 0.3028 0.2306 0.3729
0 0.4177 0.9632 0.4960 0.5235 0.5515 0.5428 0.4731 0.9825
0 0.4576 0.4510 0.6684 0.4407 0.6735 0.6470 0.4628 0.6573
0 0.5711 0.6919 0.6083 0.7691 0.5666 0.8085 0.5294 0.7313
1 0.8066 0.0609 0.8027 0.0776 0.7954 0.0743 0.7993 0.0576
1 0.4339 0.3138 0.4367 0.2987 0.4621 0.3082 0.4593 0.3233
1 0.9665 0.2421 0.9707 0.2335 0.9867 0.2491 0.9824 0.2577
1 0.3456 0.5581 0.3431 0.5488 0.3604 0.5395 0.3629 0.5488
2 0.7071 0.3028 0.6931 0.2811 0.7318 0.2324 0.7457 0.2541
2 0.9326 0.6432 0.9127 0.6461 0.9094 0.6016 0.9293 0.5987
2 0.4934 0.5806 0.4837 0.5929 0.4091 0.4770 0.4189 0.4647
2 0.0616 0.2333 0.0343 0.1549 0.0761 0.1263 0.1034 0.2047
3 0.5489 0.2263 0.5437 0.2313 0.5020 0.1477 0.5071 0.1427
3 0.7041 0.1531 0.7467 0.2383 0.7333 0.2513 0.6907 0.1661
3 0.3308 0.9115 0.3960 0.9448 0.3915 0.9621 0.3263 0.9288
3 0.9816 0.6359 0.9731 0.6441 0.9433 0.5845 0.9517 0.5763
4 0.8601 0.8207 0.9615 0.8331 0.9596 0.8629 0.8583 0.8505
4 0.4079 0.5223 0.4312 0.5194 0.4332 0.5513 0.4099 0.5542
4 0.5538 0.6521 0.5479 0.6266 0.5539 0.6239 0.5598 0.6494
4 0.2175 0.5790 0.2113 0.5553 0.2291 0.5462 0.2352 0.5699
6 0.8768 0.2303 0.9106 0.2404 0.9089 0.2513 0.8751 0.2412
6 0.1216 0.6678 0.1487 0.6095 0.1767 0.6350 0.1496 0.6933
6 0.5720 0.1011 0.5419 0.1714 0.4914 0.1289 0.5216 0.0586
6 0.2749 0.3565 0.2385 0.6192 0.1439 0.5935 0.1804 0.3308
7 0.4215 0.1822 0.4159 0.2116 0.3342 0.1810 0.3398 0.1516
7 0.7787 0.6752 0.7766 0.6691 0.8004 0.6528 0.8026 0.6589
7 0.2637 0.8270 0.2712 0.8454 0.2346 0.8750 0.2270 0.8566
7 0.6938 0.4589 0.6876 0.4628 0.6787 0.4351 0.6850 0.4312
9 0.7019 0.3585 0.7320 0.2682 0.8632 0.3539 0.8332 0.4442
9 0.8207 0.5097 0.6016 0.4775 0.6070 0.4055 0.8261 0.4377
9 0.7586 0.8791 0.7270 0.8861 0.7094 0.7301 0.7410 0.7231
9 0.3531 0.7413 0.4059 0.6951 0.4838 0.8695 0.4309 0.9157
12 0.7820 0.9790 0.7801 0.9861 0.6457 0.9138 0.6476 0.9067
12 0.3176 0.5492 0.3099 0.4886 0.6087 0.4148 0.6164 0.4754
12 0.4457 0.7013 0.4345 0.6729 0.5492 0.5839 0.5604 0.6123
12 0.5105 0.1027 0.5295 0.0914 0.5960 0.3109 0.5771 0.3222
13 0.9196 0.4325 0.8208 0.2349 0.8475 0.2087 0.9463 0.4063
13 0.8504 0.0912 0.8632 0.1158 0.8310 0.1484 0.8183 0.1238
13 0.9194 0.4415 0.9275 0.4510 0.9235 0.4577 0.9154 0.4482
13 0.2677 0.8506 0.2542 0.8441 0.2821 0.7306 0.2956 0.7371
15 0.5303 0.7120 0.5474 0.6946 0.5823 0.7620 0.5652 0.7794
15 0.3790 0.7199 0.4252 0.7723 0.3941 0.8261 0.3479 0.7737
15 0.7993 0.8271 0.8544 0.7647 0.8975 0.8393 0.8425 0.9017
15 0.4717 0.1768 0.5214 0.1263 0.5686 0.2172 0.5189 0.2677
