0 0.8853 0.4773 0.8760 0.5696 0.5113 0.4979 0.5206 0.4056
0 0.0396 0.4895 0.1707 0.2274 0.2204 0.2761 0.0893 0.5382
0 0.1982 0.6669 0.1357 0.6316 0.1501 0.5815 0.2126 0.6168
0 0.9453 0.3942 0.9572 0.7138 0.8967 0.7182 0.8848 0.3986
1 0.3908 0.8035 0.3915 0.7948 0.4492 0.8033 0.4485 0.8120
1 0.3935 0.9629 0.3933 0.9453 0.4010 0.9451 0.4013 0.9627
1 0.4798 0.2488 0.4718 0.2700 0.4690 0.2680 0.4771 0.2468
1 0.7298 0.4064 0.7225 0.3969 0.7745 0.3188 0.7818 0.3283
2 0.4399 0.3587 0.4429 0.4378 0.4178 0.4397 0.4148 0.3606
2 0.9990 0.6869 0.9805 0.7905 0.9376 0.7755 0.9560 0.6719
2 0.0996 0.7052 0.1375 0.7234 0.1109 0.8312 0.0731 0.8130
2 0.2636 0.5763 0.2963 0.8123 0.1984 0.8389 0.1657 0.6029
3 0.5931 0.9174 0.6439 0.8511 0.6529 0.8646 0.6021 0.9309
3 0.1961 0.5742 0.1862 0.5782 0.1719 0.5082 0.1818 0.5042
3 0.3987 0.7654 0.3976 0.7510 0.4493 0.7434 0.4504 0.7578
3 0.1312 0.6153 0.1148 0.6087 0.1388 0.4915 0.1552 0.4981
4 0.1833 0.9834 0.1787 0.9732 0.1867 0.9662 0.1913 0.9764
4 0.1527 0.9047 0.1714 0.9010 0.1724 0.9109 0.1537 0.9146
4 0.0263 0.9925 0.0279 0.9828 0.0337 0.9847 0.0321 0.9944
4 0.0466 0.6713 0.0432 0.6740 0.0414 0.6695 0.0448 0.6668
6 0.7363 0.4245 0.6187 0.6353 0.5428 0.5523 0.6605 0.3415
6 0.4650 0.0960 0.4815 0.1049 0.4750 0.1284 0.4585 0.1195
6 0.7009 0.4217 0.6526 0.4385 0.6446 0.3931 0.6928 0.3763
6 0.9192 0.9632 0.9326 0.9794 0.9208 0.9984 0.9074 0.9822
7 0.2823 0.9204 0.2823 0.9484 0.1997 0.9484 0.1997 0.9204
7 0.4600 0.5442 0.4686 0.5415 0.4717 0.5606 0.4631 0.5633
7 0.9182 0.6857 0.9206 0.6587 0.9526 0.6643 0.9503 0.6913
7 0.1990 0.5142 0.1926 0.5234 0.1784 0.5042 0.1848 0.4950
9 0.5066 0.4127 0.4829 0.4385 0.4057 0.3001 0.4294 0.2743
9 0.7503 0.1544 0.7994 0.1754 0.7640 0.3376 0.7148 0.3166
9 0.5069 0.5496 0.5019 0.6490 0.3574 0.6348 0.3624 0.5354
9 0.1899 0.2709 0.1685 0.2376 0.2524 0.1319 0.2738 0.1652
12 0.2411 0.6801 0.1874 0.5549 0.2129 0.5335 0.2666 0.6587
12 0.8422 0.2420 0.8902 0.1895 0.9058 0.2176 0.8578 0.2701
12 0.1493 0.0325 0.1577 0.0300 0.2018 0.3207 0.1934 0.3232
12 0.4744 0.4522 0.4161 0.5880 0.3973 0.5722 0.4556 0.4364
13 0.9013 0.0563 0.9015 0.0631 0.8887 0.0637 0.8885 0.0569
13 0.5262 0.0828 0.5721 0.2090 0.5673 0.2124 0.5213 0.0862
13 0.6825 0.1489 0.6680 0.1362 0.6740 0.1227 0.6886 0.1354
13 0.0490 0.5206 0.0168 0.5198 0.0170 0.5050 0.0492 0.5058
15 0.7084 0.2173 0.6893 0.1865 0.7184 0.1511 0.7375 0.1819
15 0.4035 0.2329 0.3680 0.1668 0.4067 0.1259 0.4423 0.1920
15 0.5470 0.1083 0.5860 0.1711 0.5524 0.2121 0.5134 0.1493
15 0.3114 0.5246 0.2391 0.5085 0.2472 0.4374 0.3194 0.4535
