0 0.6137 0.4190 0.5196 0.5508 0.3345 0.2918 0.4287 0.1600
0 0.2485 0.7863 0.4212 0.6170 0.5058 0.7861 0.3331 0.9554
0 0.8080 0.7572 0.8521 0.7123 0.9520 0.9048 0.9079 0.9497
0 0.3594 0.6602 0.3629 0.5672 0.7306 0.5942 0.7271 0.6872
1 0.7555 0.8385 0.7540 0.8246 0.8293 0.8079 0.8309 0.8218
1 0.1470 0.7962 0.1661 0.8098 0.1624 0.8202 0.1433 0.8066
1 0.6060 0.7514 0.6202 0.7510 0.6206 0.7818 0.6063 0.7822
1 0.5434 0.6611 0.5323 0.6944 0.5246 0.6893 0.5357 0.6560
2 0.1832 0.6403 0.1358 0.8714 0.0400 0.8329 0.0873 0.6018
2 0.7446 0.2491 0.9070 0.4084 0.8591 0.5041 0.6967 0.3448
2 0.6634 0.4258 0.6265 0.3364 0.6644 0.3058 0.7012 0.3952
2 0.0403 0.8071 0.0583 0.8274 0.0468 0.8473 0.0288 0.8270
3 0.1504 0.8103 0.2235 0.8558 0.2178 0.8737 0.1448 0.8282
3 0.4011 0.7107 0.4161 0.7196 0.3812 0.8345 0.3662 0.8256
3 0.8031 0.1494 0.8122 0.1427 0.8366 0.2070 0.8275 0.2137
3 0.1288 0.8183 0.1683 0.7767 0.1755 0.7901 0.1360 0.8317
4 0.9561 0.0780 0.9635 0.1053 0.9539 0.1104 0.9465 0.0831
4 0.0316 0.6902 0.0328 0.6662 0.0613 0.6690 0.0601 0.6930
4 0.0954 0.5256 0.0839 0.5195 0.0858 0.5128 0.0972 0.5189
4 0.9402 0.6672 0.9553 0.6599 0.9566 0.6652 0.9415 0.6725
6 0.8078 0.3803 0.9119 0.6047 0.8311 0.6781 0.7270 0.4537
6 0.7509 0.4015 0.7907 0.6633 0.6965 0.6913 0.6568 0.4295
6 0.1685 0.1260 0.2170 0.1416 0.2095 0.1872 0.1610 0.1716
6 0.8868 0.0467 0.9086 0.1092 0.8786 0.1297 0.8568 0.0672
7 0.2570 0.3708 0.2796 0.2738 0.3081 0.2868 0.2856 0.3838
7 0.4745 0.7927 0.4761 0.7744 0.5189 0.7817 0.5173 0.8000
7 0.5015 0.4708 0.4827 0.4712 0.4813 0.3624 0.5002 0.3620
7 0.8229 0.1429 0.8163 0.1957 0.7276 0.1739 0.7343 0.1211
9 0.6025 0.5734 0.5716 0.5371 0.6618 0.3866 0.6927 0.4229
9 0.7002 0.6999 0.7083 0.8615 0.6812 0.8641 0.6731 0.7025
9 0.4018 0.9693 0.3396 0.9754 0.3294 0.7703 0.3915 0.7642
9 0.6196 0.9242 0.7443 0.8871 0.7504 0.9274 0.6257 0.9645
12 0.2897 0.4157 0.2733 0.5461 0.2480 0.5399 0.2644 0.4095
12 0.3453 0.8672 0.3853 0.9315 0.3661 0.9548 0.3262 0.8905
12 0.0433 0.6969 0.0299 0.6007 0.0347 0.5995 0.0481 0.6957
12 0.7517 0.9329 0.7457 0.9054 0.8446 0.8631 0.8506 0.8906
13 0.8812 0.7641 0.8665 0.7854 0.8562 0.7715 0.8709 0.7502
13 0.1244 0.9335 0.1639 0.9248 0.1667 0.9493 0.1272 0.9580
13 0.6571 0.2171 0.7132 0.4452 0.6824 0.4601 0.6263 0.2320
13 0.7028 0.1490 0.7037 0.1638 0.6975 0.1646 0.6966 0.1498
15 0.8273 0.0215 0.8604 0.0322 0.8527 0.0789 0.8196 0.0682
15 0.6762 0.0196 0.7254 0.0517 0.7035 0.1176 0.6543 0.0855
15 0.3349 0.7514 0.2797 0.6842 0.3134 0.6298 0.3686 0.6970
15 0.1810 0.4501 0.1564 0.4993 0.1199 0.4635 0.1445 0.4143
