0 0.9152 0.7806 0.7747 0.8445 0.6660 0.3762 0.8065 0.3123
0 0.5617 0.5748 0.4969 0.7454 0.3963 0.6704 0.4611 0.4998
0 0.2001 0.5931 0.3749 0.7582 0.2925 0.9293 0.1177 0.7642
0 0.5991 0.1264 0.6585 0.0118 0.7452 0.1000 0.6858 0.2146
1 0.2726 0.3414 0.2743 0.3351 0.3023 0.3502 0.3006 0.3565
1 0.7006 0.4326 0.6907 0.4348 0.6788 0.3294 0.6887 0.3272
1 0.2210 0.9602 0.2127 0.9616 0.2056 0.8802 0.2138 0.8788
1 0.1517 0.3738 0.1527 0.3582 0.1789 0.3614 0.1779 0.3770
2 0.3333 0.8124 0.3401 0.8728 0.2696 0.8884 0.2627 0.8280
2 0.4062 0.1026 0.3959 0.0555 0.4344 0.0390 0.4447 0.0861
2 0.4595 0.3001 0.3366 0.5864 0.2414 0.5063 0.3642 0.2200
2 0.6133 0.7262 0.6096 0.6893 0.6455 0.6822 0.6492 0.7191
3 0.3666 0.5530 0.3539 0.5369 0.4122 0.4462 0.4250 0.4623
3 0.2435 0.2473 0.2396 0.2403 0.2971 0.1775 0.3009 0.1845
3 0.3444 0.1818 0.3581 0.1811 0.3607 0.2834 0.3470 0.2841
3 0.4901 0.7069 0.4305 0.8097 0.4177 0.7951 0.4772 0.6923
4 0.5672 0.7614 0.5603 0.7948 0.5488 0.7902 0.5557 0.7568
4 0.1115 0.3822 0.1193 0.4045 0.1111 0.4102 0.1033 0.3879
4 0.3668 0.1593 0.3766 0.1535 0.3780 0.1583 0.3683 0.1641
4 0.7627 0.8322 0.7515 0.8672 0.7416 0.8610 0.7528 0.8260
6 0.4248 0.5112 0.6066 0.5938 0.5769 0.7220 0.3951 0.6394
6 0.5129 0.2963 0.5587 0.3235 0.5456 0.3665 0.4999 0.3393
6 0.6970 0.2064 0.7417 0.1759 0.7564 0.2180 0.7117 0.2485
6 0.2603 0.9494 0.3249 0.9638 0.3214 0.9942 0.2568 0.9798
7 0.9500 0.0864 0.9136 0.0437 0.9315 0.0140 0.9678 0.0567
7 0.4150 0.2401 0.3829 0.3092 0.2842 0.2195 0.3162 0.1504
7 0.6334 0.6466 0.6199 0.6361 0.6400 0.5854 0.6535 0.5959
7 0.5808 0.7736 0.5756 0.7694 0.5940 0.7248 0.5992 0.7290
9 0.1812 0.6157 0.0008 0.4388 0.0305 0.3795 0.2109 0.5564
9 0.5170 0.8616 0.3158 0.9870 0.2947 0.9208 0.4960 0.7954
9 0.3987 0.6591 0.4249 0.7045 0.3088 0.8361 0.2825 0.7907
9 0.6238 0.7867 0.6046 0.8224 0.5144 0.7273 0.5337 0.6916
12 0.9322 0.5480 0.9940 0.5940 0.9918 0.6000 0.9300 0.5540
12 0.7938 0.3274 0.7934 0.2950 0.8754 0.2930 0.8758 0.3254
12 0.2047 0.3762 0.3020 0.3690 0.3030 0.3946 0.2057 0.4018
12 0.7377 0.7021 0.7168 0.6914 0.7803 0.4471 0.8012 0.4578
13 0.8215 0.0740 0.7979 0.0432 0.8051 0.0324 0.8287 0.0632
13 0.1156 0.7283 0.1167 0.6860 0.1350 0.6869 0.1339 0.7292
13 0.7763 0.8712 0.7664 0.8833 0.7611 0.8748 0.7710 0.8627
13 0.3066 0.7336 0.2948 0.7816 0.2508 0.7604 0.2626 0.7124
15 0.4915 0.6445 0.4775 0.7454 0.4282 0.7319 0.4422 0.6310
15 0.3612 0.6514 0.3045 0.5848 0.3334 0.5366 0.3900 0.6032
15 0.8237 0.7481 0.7630 0.6908 0.7918 0.6311 0.8524 0.6884
15 0.7433 0.5029 0.8132 0.4767 0.8281 0.5547 0.7583 0.5809
