0 0.1502 0.7500 0.1853 0.6914 0.3155 0.8444 0.2804 0.9030
0 0.2270 0.2425 0.1757 0.3833 0.0533 0.2959 0.1045 0.1551
0 0.4687 0.6131 0.4816 0.6576 0.1796 0.8285 0.1667 0.7840
0 0.4009 0.2472 0.5077 0.2472 0.5077 0.6512 0.4009 0.6512
1 0.0714 0.6739 0.0643 0.6741 0.0640 0.6481 0.0711 0.6479
1 0.4298 0.8048 0.4281 0.8085 0.4128 0.7952 0.4145 0.7915
1 0.2096 0.2936 0.2073 0.3118 0.1887 0.3072 0.1910 0.2890
1 0.7476 0.5593 0.7411 0.5637 0.7330 0.5403 0.7394 0.5359
2 0.1791 0.0231 0.2817 0.0870 0.2600 0.1553 0.1574 0.0914
2 0.3958 0.5727 0.5061 0.7271 0.4408 0.8185 0.3305 0.6641
2 0.0453 0.9052 0.0256 0.8020 0.0684 0.7860 0.0881 0.8892
2 0.7418 0.4118 0.8023 0.4756 0.7796 0.5178 0.7191 0.4540
3 0.6018 0.7793 0.5374 0.8157 0.5325 0.7987 0.5969 0.7623
3 0.3713 0.7903 0.3766 0.8131 0.3312 0.8337 0.3259 0.8109
3 0.1056 0.7812 0.1412 0.7331 0.1495 0.7452 0.1140 0.7933
3 0.8219 0.5678 0.8261 0.6789 0.8084 0.6802 0.8042 0.5691
4 0.9220 0.5197 0.9154 0.5070 0.9200 0.5023 0.9266 0.5150
4 0.9776 0.0498 0.9815 0.0435 0.9955 0.0606 0.9916 0.0669
4 0.1503 0.8570 0.1496 0.8753 0.1345 0.8742 0.1352 0.8559
4 0.8638 0.9380 0.8273 0.8051 0.8473 0.7944 0.8838 0.9273
6 0.3531 0.3199 0.3824 0.3909 0.3314 0.4321 0.3022 0.3611
6 0.3685 0.4363 0.3981 0.5212 0.2761 0.6045 0.2465 0.5196
6 0.6655 0.7208 0.6610 0.8122 0.6390 0.8100 0.6436 0.7186
6 0.5051 0.6975 0.6920 0.6419 0.7121 0.7737 0.5251 0.8293
7 0.2042 0.7852 0.2066 0.8000 0.1507 0.8180 0.1482 0.8032
7 0.6545 0.8383 0.6604 0.8367 0.6675 0.8873 0.6616 0.8889
7 0.7170 0.6015 0.7118 0.6084 0.6967 0.5865 0.7019 0.5796
7 0.2553 0.2474 0.2399 0.2470 0.2412 0.1394 0.2567 0.1398
9 0.0634 0.3093 0.0334 0.3078 0.0378 0.1323 0.0678 0.1338
9 0.4353 0.2421 0.3231 0.1722 0.3369 0.1287 0.4492 0.1986
9 0.8757 0.2045 0.8329 0.0697 0.8723 0.0451 0.9151 0.1799
9 0.4936 0.8825 0.4640 0.8364 0.5852 0.6835 0.6149 0.7296
12 0.3632 0.8177 0.1676 0.7340 0.1750 0.6999 0.3707 0.7836
12 0.9655 0.4079 0.9423 0.4124 0.9334 0.3233 0.9566 0.3188
12 0.9577 0.4690 0.9806 0.4651 0.9906 0.5790 0.9677 0.5829
12 0.6989 0.7157 0.5273 0.5597 0.5411 0.5299 0.7127 0.6859
13 0.9188 0.9246 0.9141 0.9207 0.9943 0.7338 0.9990 0.7377
13 0.1654 0.6207 0.1660 0.6343 0.1595 0.6349 0.1588 0.6213
13 0.8689 0.4668 0.8663 0.4757 0.8534 0.4684 0.8559 0.4595
13 0.0578 0.4602 0.0331 0.4049 0.0585 0.3826 0.0832 0.4379
15 0.5177 0.8528 0.4839 0.7513 0.5375 0.7164 0.5713 0.8179
15 0.1657 0.5935 0.2524 0.6753 0.2066 0.7705 0.1199 0.6887
15 0.1183 0.2856 0.0870 0.1917 0.1277 0.1652 0.1590 0.2591
15 0.1307 0.0676 0.1241 0.0957 0.0676 0.0700 0.0741 0.0419
