0 0.0379 0.7090 0.2088 0.5974 0.2398 0.6906 0.0689 0.8022
0 0.6812 0.2923 0.6696 0.4780 0.4088 0.4461 0.4204 0.2604
0 0.4700 0.0671 0.5847 0.0055 0.6966 0.4137 0.5819 0.4753
0 0.4297 0.7390 0.4122 0.6003 0.5552 0.5650 0.5726 0.7037
1 0.0643 0.7521 0.0605 0.7436 0.0763 0.7299 0.0801 0.7384
1 0.7660 0.8986 0.7597 0.8989 0.7577 0.8178 0.7640 0.8175
1 0.1559 0.3418 0.1531 0.3397 0.1616 0.3174 0.1643 0.3195
1 0.8014 0.9688 0.8087 0.9672 0.8118 0.9940 0.8044 0.9956
2 0.2842 0.8024 0.0460 0.7850 0.0518 0.6296 0.2900 0.6470
2 0.4869 0.8198 0.4818 0.8206 0.4762 0.7462 0.4813 0.7454
2 0.6100 0.5723 0.5298 0.6045 0.5277 0.5941 0.6079 0.5619
2 0.6882 0.6917 0.7181 0.5767 0.7667 0.6015 0.7368 0.7165
3 0.4501 0.2278 0.4175 0.3136 0.4059 0.3050 0.4385 0.2192
3 0.3257 0.0948 0.3086 0.0948 0.3086 0.0280 0.3257 0.0280
3 0.1163 0.6703 0.1120 0.6833 0.0648 0.6525 0.0692 0.6395
3 0.7626 0.4852 0.7565 0.4828 0.7766 0.3848 0.7826 0.3872
4 0.8434 0.1742 0.8495 0.1463 0.8615 0.1514 0.8554 0.1793
4 0.8399 0.8929 0.8507 0.8743 0.8729 0.8995 0.8621 0.9181
4 0.0176 0.1311 0.0451 0.1164 0.0478 0.1261 0.0203 0.1408
4 0.8012 0.8190 0.7957 0.7963 0.8065 0.7910 0.8121 0.8137
6 0.6205 0.7580 0.6770 0.7066 0.7509 0.8660 0.6944 0.9174
6 0.8752 0.7756 0.8746 0.7508 0.8925 0.7500 0.8932 0.7748
6 0.2127 0.4727 0.2789 0.4908 0.2530 0.6773 0.1868 0.6592
6 0.1693 0.7018 0.2265 0.6518 0.2984 0.8130 0.2412 0.8630
7 0.4132 0.3350 0.4283 0.3395 0.4271 0.3478 0.4120 0.3433
7 0.3389 0.6327 0.3371 0.6573 0.2856 0.6497 0.2875 0.6251
7 0.6574 0.0681 0.6508 0.0675 0.6518 0.0491 0.6583 0.0497
7 0.2308 0.2992 0.2448 0.2815 0.2492 0.2884 0.2352 0.3061
9 0.0256 0.8754 0.0580 0.8482 0.1064 0.9610 0.0740 0.9882
9 0.6057 0.7137 0.6555 0.5494 0.6826 0.5655 0.6328 0.7298
9 0.1040 0.9166 0.1221 0.7566 0.1489 0.7626 0.1308 0.9226
9 0.2220 0.3381 0.1980 0.4966 0.1714 0.4887 0.1955 0.3302
12 0.7125 0.1662 0.7137 0.1338 0.7955 0.1398 0.7943 0.1722
12 0.3148 0.5041 0.3608 0.4482 0.3774 0.4751 0.3315 0.5310
12 0.0333 0.2614 0.0259 0.2345 0.1225 0.1826 0.1298 0.2095
12 0.3104 0.3800 0.3278 0.3952 0.2730 0.5180 0.2556 0.5028
13 0.8423 0.2639 0.8541 0.2702 0.8519 0.2781 0.8402 0.2718
13 0.6694 0.8200 0.6822 0.8079 0.6915 0.8272 0.6787 0.8393
13 0.2609 0.3292 0.2615 0.3387 0.2282 0.3428 0.2276 0.3333
13 0.1940 0.1908 0.1856 0.1997 0.1797 0.1888 0.1882 0.1799
15 0.2913 0.2032 0.3724 0.2951 0.3218 0.3824 0.2408 0.2905
15 0.4167 0.4975 0.4854 0.5872 0.4465 0.6457 0.3777 0.5560
15 0.5796 0.9067 0.5164 0.9517 0.4853 0.8661 0.5484 0.8211
15 0.6052 0.1482 0.5863 0.0493 0.6359 0.0306 0.6549 0.1295
