0 0.6209 0.6986 0.5149 0.7328 0.4488 0.3322 0.5548 0.2980
0 0.1527 0.4915 0.2249 0.4308 0.3161 0.6433 0.2440 0.7040
0 0.8990 0.8717 0.8740 0.9133 0.5916 0.5815 0.6166 0.5399
0 0.3790 0.5934 0.4686 0.7661 0.4359 0.7994 0.3463 0.6267
1 0.8122 0.5332 0.8126 0.5493 0.7247 0.5536 0.7243 0.5375
1 0.6517 0.7588 0.6585 0.7551 0.6626 0.7700 0.6557 0.7737
1 0.7283 0.5702 0.7315 0.5762 0.7054 0.6038 0.7022 0.5978
1 0.4644 0.4179 0.4479 0.4241 0.4416 0.3909 0.4581 0.3847
2 0.6912 0.6324 0.5673 0.5987 0.6091 0.2976 0.7330 0.3313
2 0.0379 0.8068 0.0439 0.6867 0.0938 0.6916 0.0878 0.8117
2 0.4256 0.4248 0.4168 0.3078 0.5924 0.2820 0.6012 0.3990
2 0.3868 0.3259 0.4937 0.5320 0.4106 0.6165 0.3037 0.4104
3 0.9210 0.1404 0.9320 0.1425 0.9241 0.2208 0.9131 0.2187
3 0.6042 0.1894 0.6484 0.2280 0.6415 0.2434 0.5974 0.2048
3 0.8183 0.4816 0.8182 0.4713 0.9040 0.4692 0.9041 0.4795
3 0.0912 0.1069 0.0859 0.1165 0.0513 0.0787 0.0567 0.0691
4 0.8709 0.8371 0.8820 0.8444 0.8766 0.8609 0.8654 0.8536
4 0.4835 0.1271 0.4816 0.1346 0.4748 0.1313 0.4767 0.1238
4 0.6118 0.6317 0.5897 0.6441 0.5811 0.6143 0.6031 0.6019
4 0.6735 0.5082 0.6685 0.5286 0.6610 0.5250 0.6660 0.5046
6 0.6233 0.6622 0.5944 0.7416 0.4802 0.6602 0.5091 0.5808
6 0.7809 0.3221 0.7754 0.3773 0.7357 0.3695 0.7412 0.3143
6 0.6626 0.1662 0.6290 0.1238 0.6494 0.0922 0.6830 0.1346
6 0.7340 0.6557 0.7268 0.5735 0.7663 0.5667 0.7735 0.6489
7 0.2901 0.3329 0.2926 0.3278 0.3007 0.3355 0.2983 0.3406
7 0.1523 0.1120 0.1389 0.1091 0.1448 0.0564 0.1583 0.0593
7 0.2783 0.9714 0.2426 0.9829 0.2237 0.8682 0.2594 0.8567
7 0.3258 0.1971 0.3343 0.1988 0.3302 0.2393 0.3217 0.2376
9 0.8084 0.2550 0.8634 0.2846 0.8548 0.3162 0.7997 0.2866
9 0.7062 0.8117 0.6539 0.7623 0.6683 0.7323 0.7207 0.7817
9 0.1244 0.4665 0.2612 0.3852 0.2850 0.4635 0.1482 0.5448
9 0.3770 0.7403 0.4097 0.6422 0.4261 0.6529 0.3935 0.7510
12 0.7727 0.7259 0.7840 0.7523 0.7727 0.7617 0.7614 0.7353
12 0.0342 0.7544 0.0473 0.7318 0.1286 0.8240 0.1155 0.8466
12 0.4165 0.2629 0.5341 0.2427 0.5380 0.2875 0.4205 0.3077
12 0.8471 0.3950 0.8797 0.3766 0.9217 0.5222 0.8891 0.5406
13 0.1596 0.6452 0.1751 0.6219 0.1796 0.6276 0.1640 0.6509
13 0.4702 0.7784 0.4747 0.7784 0.4747 0.7956 0.4702 0.7956
13 0.2592 0.2928 0.2480 0.3248 0.2328 0.3144 0.2440 0.2824
13 0.6066 0.4663 0.6034 0.4689 0.5948 0.4481 0.5980 0.4455
15 0.8134 0.2612 0.7668 0.2461 0.7766 0.1864 0.8232 0.2015
15 0.2112 0.4739 0.1983 0.5589 0.1499 0.5445 0.1628 0.4595
15 0.8269 0.4001 0.7594 0.3149 0.8331 0.2003 0.9006 0.2855
15 0.3600 0.2540 0.3502 0.1759 0.4082 0.1616 0.4181 0.2397
