0 0.9712 0.6408 0.8996 0.6813 0.7396 0.1268 0.8112 0.0863
0 0.7388 0.7089 0.7289 0.5760 0.9549 0.5427 0.9649 0.6756
0 0.9221 0.7383 0.8382 0.7548 0.8082 0.4561 0.8921 0.4396
0 0.3402 0.1882 0.5004 0.2441 0.4218 0.6850 0.2616 0.6291
1 0.6451 0.0152 0.6538 0.0253 0.5977 0.1188 0.5891 0.1087
1 0.3519 0.7652 0.3644 0.7323 0.3721 0.7380 0.3596 0.7709
1 0.6712 0.1166 0.6697 0.1265 0.6513 0.1210 0.6528 0.1111
1 0.4626 0.1582 0.4617 0.1629 0.4151 0.1454 0.4160 0.1407
2 0.1833 0.3039 0.3026 0.3425 0.2956 0.3853 0.1762 0.3467
2 0.3549 0.0258 0.3522 0.0557 0.3180 0.0498 0.3206 0.0199
2 0.2167 0.5870 0.2722 0.5007 0.3470 0.5950 0.2915 0.6813
2 0.8647 0.5610 0.8143 0.7661 0.7316 0.7262 0.7820 0.5211
3 0.3354 0.2649 0.4123 0.2535 0.4143 0.2803 0.3374 0.2917
3 0.1922 0.7850 0.2026 0.7847 0.2035 0.8578 0.1931 0.8581
3 0.5675 0.8527 0.5718 0.8565 0.5408 0.9261 0.5365 0.9223
3 0.5041 0.7413 0.4648 0.6682 0.4764 0.6559 0.5158 0.7290
4 0.5509 0.7208 0.5485 0.7050 0.5545 0.7032 0.5569 0.7190
4 0.7369 0.3595 0.7530 0.3777 0.7497 0.3833 0.7336 0.3651
4 0.6451 0.7072 0.5924 0.6902 0.5978 0.6580 0.6504 0.6750
4 0.8046 0.2570 0.7768 0.4133 0.7691 0.4106 0.7969 0.2543
6 0.4923 0.3508 0.4557 0.3236 0.4622 0.3064 0.4989 0.3336
6 0.2071 0.4946 0.2673 0.4334 0.2820 0.4618 0.2218 0.5230
6 0.5732 0.1597 0.5439 0.1227 0.5616 0.0951 0.5910 0.1321
6 0.5409 0.2469 0.5050 0.2693 0.4942 0.2355 0.5301 0.2131
7 0.6031 0.9700 0.5971 0.9501 0.6537 0.9164 0.6598 0.9363
7 0.5308 0.1047 0.5381 0.0995 0.5478 0.1261 0.5405 0.1313
7 0.4097 0.9459 0.4280 0.9481 0.4274 0.9573 0.4091 0.9551
7 0.5367 0.3524 0.5558 0.3542 0.5533 0.4044 0.5342 0.4026
9 0.7984 0.2611 0.8384 0.2719 0.8190 0.4113 0.7791 0.4005
9 0.7494 0.8869 0.7245 0.7725 0.7800 0.7487 0.8050 0.8631
9 0.4911 0.6954 0.5167 0.7507 0.3712 0.8830 0.3456 0.8277
9 0.4653 0.8875 0.4884 0.8631 0.5318 0.9437 0.5087 0.9681
12 0.1142 0.4708 0.1189 0.4722 0.0924 0.6464 0.0877 0.6450
12 0.6867 0.7563 0.7096 0.7764 0.6285 0.9581 0.6056 0.9380
12 0.4377 0.2373 0.3476 0.0816 0.3692 0.0571 0.4593 0.2128
12 0.7968 0.2367 0.8398 0.5782 0.8095 0.5857 0.7665 0.2442
13 0.3010 0.0536 0.2905 0.0372 0.2955 0.0308 0.3061 0.0472
13 0.1883 0.5150 0.2011 0.4875 0.2120 0.4974 0.1992 0.5249
13 0.0536 0.2839 0.0559 0.2243 0.0744 0.2257 0.0721 0.2853
13 0.3460 0.2104 0.3337 0.2052 0.3377 0.1868 0.3500 0.1920
15 0.8836 0.6107 0.9012 0.5766 0.9696 0.6461 0.9519 0.6802
15 0.3803 0.7208 0.3686 0.7560 0.3477 0.7424 0.3594 0.7072
15 0.4552 0.8308 0.4133 0.8581 0.3940 0.8000 0.4358 0.7727
15 0.5640 0.4649 0.5779 0.4142 0.6160 0.4347 0.6021 0.4854
