0 0.9913 0.4221 0.8628 0.3968 0.8675 0.3491 0.9961 0.3744
0 0.8649 0.7416 0.9450 0.7573 0.9331 0.8760 0.8530 0.8603
0 0.4603 0.1322 0.5481 0.2952 0.2337 0.6270 0.1459 0.4640
0 0.1203 0.7135 0.1966 0.6104 0.2863 0.7405 0.2100 0.8436
1 0.0329 0.5204 0.0292 0.5385 0.0268 0.5376 0.0305 0.5195
1 0.3575 0.1379 0.3621 0.1386 0.3593 0.1757 0.3547 0.1750
1 0.1873 0.6846 0.1825 0.6966 0.1625 0.6810 0.1672 0.6690
1 0.7066 0.1756 0.7033 0.1737 0.7120 0.1452 0.7152 0.1471
2 0.9262 0.7476 0.9432 0.7602 0.9341 0.7840 0.9171 0.7714
2 0.6179 0.1981 0.6197 0.0567 0.7187 0.0591 0.7169 0.2005
2 0.5151 0.1888 0.5237 0.1627 0.5307 0.1672 0.5220 0.1933
2 0.3416 0.0191 0.3850 0.0941 0.3801 0.0997 0.3367 0.0247
3 0.1023 0.1156 0.1541 0.1258 0.1529 0.1380 0.1010 0.1278
3 0.9242 0.3514 0.9281 0.3071 0.9369 0.3086 0.9331 0.3529
3 0.3998 0.2927 0.3531 0.2973 0.3524 0.2849 0.3992 0.2803
3 0.5939 0.6402 0.5871 0.6476 0.5601 0.5994 0.5669 0.5920
4 0.6418 0.4500 0.6300 0.4427 0.6331 0.4328 0.6449 0.4401
4 0.3438 0.7443 0.3438 0.7801 0.3011 0.7801 0.3011 0.7443
4 0.0539 0.4552 0.0903 0.4651 0.0875 0.4852 0.0511 0.4753
4 0.3640 0.8099 0.3749 0.8318 0.3689 0.8377 0.3580 0.8158
6 0.3867 0.3922 0.3703 0.4628 0.3196 0.4398 0.3360 0.3692
6 0.6724 0.5791 0.6732 0.6098 0.6681 0.6101 0.6674 0.5794
6 0.8741 0.4578 0.8708 0.3913 0.9185 0.3866 0.9218 0.4531
6 0.0498 0.7758 0.0710 0.8393 0.0605 0.8462 0.0393 0.7827
7 0.3736 0.2099 0.3746 0.2158 0.3638 0.2193 0.3628 0.2134
7 0.2679 0.6727 0.2749 0.6959 0.2295 0.7229 0.2225 0.6997
7 0.6508 0.7230 0.6789 0.7328 0.6532 0.8774 0.6251 0.8676
7 0.7677 0.2993 0.7229 0.2949 0.7312 0.1287 0.7760 0.1331
9 0.9146 0.3662 0.8178 0.5064 0.7768 0.4510 0.8736 0.3108
9 0.1604 0.2817 0.3572 0.0587 0.4261 0.1779 0.2294 0.4009
9 0.0863 0.3976 0.1583 0.3959 0.1586 0.4192 0.0865 0.4209
9 0.8960 0.6142 0.8559 0.5777 0.9489 0.3774 0.9889 0.4139
12 0.3505 0.6674 0.3517 0.6555 0.5627 0.6970 0.5615 0.7089
12 0.5316 0.9354 0.5252 0.9574 0.4467 0.9130 0.4531 0.8910
12 0.7577 0.3730 0.7330 0.3830 0.7286 0.3614 0.7533 0.3514
12 0.8179 0.1564 0.8345 0.1408 0.8907 0.2576 0.8741 0.2732
13 0.6353 0.5549 0.6008 0.4885 0.6218 0.4671 0.6563 0.5335
13 0.1733 0.2454 0.3186 0.3629 0.3027 0.4014 0.1574 0.2839
13 0.8285 0.5775 0.9524 0.8445 0.9163 0.8773 0.7925 0.6103
13 0.6600 0.9413 0.6386 0.9343 0.6400 0.9255 0.6614 0.9325
15 0.8526 0.1006 0.8443 0.1834 0.8000 0.1746 0.8083 0.0918
15 0.6261 0.9384 0.6017 0.9837 0.5691 0.9492 0.5934 0.9039
15 0.1976 0.2189 0.2050 0.1944 0.2224 0.2047 0.2150 0.2292
15 0.5123 0.5295 0.4999 0.5310 0.4968 0.4821 0.5093 0.4806
