0 0.2624 0.7586 0.3612 0.8667 0.3073 0.9634 0.2085 0.8553
0 0.7498 0.8415 0.5558 0.9092 0.4677 0.4145 0.6617 0.3468
0 0.8972 0.2211 0.9901 0.4557 0.7808 0.6181 0.6879 0.3835
0 0.6939 0.3259 0.7072 0.4063 0.3898 0.5089 0.3765 0.4285
1 0.9449 0.0340 0.9655 0.0506 0.9616 0.0600 0.9411 0.0434
1 0.2529 0.8720 0.2527 0.8744 0.2431 0.8728 0.2433 0.8704
1 0.1099 0.7736 0.1109 0.7800 0.0847 0.7884 0.0836 0.7820
1 0.7056 0.3155 0.7061 0.3131 0.7296 0.3237 0.7290 0.3261
2 0.3075 0.3383 0.3792 0.3542 0.3536 0.5805 0.2819 0.5646
2 0.8874 0.4533 0.9549 0.3794 0.9826 0.4291 0.9151 0.5030
2 0.6825 0.6583 0.7726 0.8258 0.7215 0.8797 0.6314 0.7122
2 0.2759 0.5015 0.3515 0.6276 0.3006 0.6873 0.2251 0.5612
3 0.2122 0.3589 0.2224 0.3519 0.2475 0.4239 0.2373 0.4309
3 0.1951 0.4466 0.2594 0.3270 0.2738 0.3422 0.2094 0.4618
3 0.3953 0.9705 0.3995 0.9595 0.4393 0.9891 0.4351 1.0001
3 0.7725 0.8682 0.7654 0.7867 0.7795 0.7842 0.7866 0.8657
4 0.8874 0.9791 0.9052 0.9304 0.9114 0.9349 0.8937 0.9836
4 0.0762 0.0685 0.0777 0.0631 0.0813 0.0651 0.0797 0.0705
4 0.4268 0.8270 0.4367 0.8243 0.4447 0.8818 0.4347 0.8845
4 0.9852 0.0316 0.9848 0.0641 0.9479 0.0632 0.9483 0.0307
6 0.9197 0.7601 0.8959 0.6775 0.9157 0.6663 0.9396 0.7489
6 0.1698 0.1600 0.1094 0.1292 0.1242 0.0724 0.1846 0.1032
6 0.3287 0.7447 0.3529 0.7635 0.3498 0.7713 0.3256 0.7525
6 0.7704 0.6473 0.7565 0.6493 0.7550 0.6295 0.7689 0.6275
7 0.4486 0.3622 0.4348 0.3844 0.4103 0.3546 0.4240 0.3324
7 0.0457 0.3307 0.0498 0.3463 0.0077 0.3677 0.0037 0.3521
7 0.3672 0.5138 0.3519 0.5160 0.3433 0.4022 0.3587 0.4000
7 0.8859 0.4960 0.8916 0.4883 0.9247 0.5364 0.9190 0.5441
9 0.3443 0.1190 0.2455 0.1956 0.2231 0.1390 0.3219 0.0624
9 0.1831 0.8740 0.1974 0.8419 0.2932 0.9256 0.2788 0.9577
9 0.2708 0.8542 0.3158 0.9476 0.3004 0.9622 0.2554 0.8688
9 0.3624 0.3546 0.4378 0.4181 0.3456 0.6330 0.2702 0.5695
12 0.2029 0.3943 0.1749 0.4445 0.1525 0.4201 0.1805 0.3699
12 0.6872 0.7617 0.6741 0.7766 0.5928 0.6359 0.6059 0.6210
12 0.5320 0.4154 0.5239 0.3779 0.7465 0.2826 0.7547 0.3201
12 0.7466 0.2385 0.7315 0.2446 0.7097 0.1383 0.7248 0.1322
13 0.9044 0.0903 0.9244 0.1034 0.9182 0.1221 0.8982 0.1090
13 0.7051 0.8758 0.7045 0.8743 0.7461 0.8406 0.7467 0.8421
13 0.6416 0.4187 0.6486 0.4139 0.6510 0.4205 0.6439 0.4253
13 0.1626 0.8221 0.1423 0.8477 0.1329 0.8331 0.1532 0.8075
15 0.7405 0.8830 0.7153 0.8672 0.7469 0.7678 0.7721 0.7836
15 0.5283 0.4389 0.4181 0.5430 0.3729 0.4491 0.4831 0.3450
15 0.1431 0.6208 0.1562 0.6159 0.1661 0.6676 0.1530 0.6725
15 0.4217 0.2172 0.4329 0.3066 0.3800 0.3196 0.3688 0.2302
