0 0.6685 0.2969 0.5951 0.2769 0.6164 0.1235 0.6898 0.1435
0 0.8173 0.5462 0.7482 0.6792 0.5219 0.4490 0.5909 0.3160
0 0.3721 0.8588 0.3120 0.6785 0.6394 0.4648 0.6994 0.6451
0 0.9138 0.1442 0.9258 0.1992 0.5525 0.3590 0.5405 0.3040
1 0.5476 0.1237 0.5528 0.0775 0.5636 0.0799 0.5583 0.1261
1 0.6258 0.6741 0.6244 0.6785 0.6068 0.6675 0.6082 0.6631
1 0.4861 0.6583 0.4961 0.6600 0.4953 0.6685 0.4854 0.6668
1 0.4460 0.3945 0.4445 0.3872 0.4765 0.3735 0.4781 0.3808
2 0.7873 0.1799 0.8056 0.1897 0.7944 0.2305 0.7762 0.2207
2 0.0571 0.3663 0.0655 0.7044 0.0232 0.7065 0.0148 0.3684
2 0.9163 0.1459 0.9561 0.1598 0.9337 0.2853 0.8939 0.2714
2 0.5756 0.4420 0.5887 0.4371 0.5950 0.4700 0.5819 0.4749
3 0.7866 0.5379 0.7854 0.5425 0.7477 0.5233 0.7489 0.5187
3 0.6699 0.1964 0.7295 0.2994 0.7155 0.3152 0.6560 0.2122
3 0.8013 0.3763 0.9204 0.4805 0.9079 0.5085 0.7888 0.4043
3 0.2643 0.1254 0.2554 0.1088 0.3151 0.0458 0.3240 0.0624
4 0.4718 0.4252 0.4890 0.4273 0.4882 0.4392 0.4710 0.4371
4 0.2831 0.9444 0.2840 0.9634 0.2775 0.9640 0.2765 0.9450
4 0.6243 0.0080 0.6255 0.0205 0.5992 0.0256 0.5979 0.0131
4 0.6711 0.1997 0.6659 0.2292 0.6609 0.2275 0.6661 0.1980
6 0.9612 0.4885 0.8442 0.6909 0.7713 0.6083 0.8884 0.4059
6 0.6212 0.3894 0.4942 0.7237 0.3739 0.6342 0.5009 0.2999
6 0.4724 0.7008 0.4402 0.8313 0.2525 0.7408 0.2846 0.6103
6 0.5287 0.1106 0.5433 0.1102 0.5436 0.1310 0.5290 0.1314
7 0.9240 0.3625 0.8925 0.3391 0.8960 0.3299 0.9275 0.3533
7 0.6862 0.8869 0.7211 0.8792 0.7318 0.9739 0.6969 0.9816
7 0.1318 0.3010 0.1291 0.3073 0.1179 0.2978 0.1206 0.2915
7 0.3910 0.2840 0.4018 0.2579 0.4490 0.2960 0.4382 0.3221
9 0.4803 0.4302 0.4568 0.4921 0.2988 0.3746 0.3223 0.3127
9 0.0379 0.8678 0.1117 0.7203 0.1364 0.7446 0.0626 0.8921
9 0.6077 0.6012 0.6544 0.5734 0.7012 0.7276 0.6544 0.7554
9 0.0262 0.4698 0.1106 0.5105 0.1038 0.5382 0.0194 0.4975
12 0.6643 0.4673 0.5927 0.4568 0.5949 0.4283 0.6664 0.4388
12 0.0628 0.1461 0.0625 0.1269 0.1027 0.1259 0.1029 0.1451
12 0.6588 0.5581 0.6471 0.5535 0.6590 0.4955 0.6706 0.5001
12 0.7541 0.7180 0.6795 0.7254 0.6436 0.0072 0.7183 -0.0002
13 0.7825 0.7189 0.8005 0.6648 0.8132 0.6731 0.7952 0.7272
13 0.1185 0.0902 0.1334 0.0792 0.1432 0.1050 0.1283 0.1160
13 0.3736 0.5184 0.3787 0.5056 0.3921 0.5160 0.3870 0.5288
13 0.9089 0.7154 0.8874 0.7201 0.8851 0.6998 0.9066 0.6951
15 0.6098 0.4254 0.5811 0.4385 0.5719 0.3986 0.6006 0.3855
15 0.5310 0.9130 0.5126 0.9970 0.4342 0.9634 0.4525 0.8794
15 0.6712 0.6121 0.6613 0.6605 0.6139 0.6415 0.6238 0.5931
15 0.3638 0.7131 0.4064 0.7269 0.3985 0.7745 0.3559 0.7607
