0 0.2958 0.6039 0.3975 0.6290 0.3751 0.8069 0.2734 0.7818
0 0.7015 0.4896 0.4668 0.8812 0.4174 0.8232 0.6521 0.4316
0 0.6892 0.2916 0.5242 0.4144 0.4517 0.2236 0.6167 0.1008
0 0.3376 0.3325 0.3005 0.2768 0.4244 0.1151 0.4615 0.1708
1 0.2047 0.8957 0.1993 0.8961 0.1968 0.8275 0.2021 0.8271
1 0.7021 0.3703 0.6903 0.3706 0.6887 0.2445 0.7005 0.2442
1 0.9390 0.3698 0.9471 0.3895 0.9255 0.4070 0.9174 0.3873
1 0.2500 0.6869 0.2446 0.7005 0.2428 0.6991 0.2482 0.6855
2 0.5415 0.1598 0.4868 0.1080 0.5356 0.0066 0.5904 0.0584
2 0.1177 0.9122 0.2364 0.7460 0.2872 0.8170 0.1684 0.9832
2 0.8763 0.2760 0.8700 0.2789 0.8617 0.2428 0.8680 0.2399
2 0.3576 0.2032 0.6880 0.1871 0.6904 0.2836 0.3600 0.2997
3 0.3798 0.5471 0.3211 0.6265 0.3070 0.6061 0.3657 0.5267
3 0.3040 0.6659 0.3006 0.8040 0.2786 0.8029 0.2820 0.6648
3 0.6506 0.2172 0.6583 0.3713 0.6342 0.3736 0.6265 0.2195
3 0.1399 0.7464 0.1446 0.7235 0.2315 0.7584 0.2269 0.7813
4 0.1298 0.2482 0.0790 0.4157 0.0522 0.3998 0.1030 0.2323
4 0.1458 0.4398 0.1455 0.4592 0.1380 0.4590 0.1382 0.4396
4 0.9164 0.3932 0.8798 0.4304 0.8682 0.4080 0.9048 0.3708
4 0.6695 0.0607 0.6749 0.0638 0.6727 0.0709 0.6674 0.0678
6 0.4138 0.3154 0.4011 0.3229 0.3957 0.3050 0.4083 0.2975
6 0.2542 0.4134 0.2733 0.3534 0.3021 0.3714 0.2830 0.4314
6 0.8078 0.4246 0.7884 0.4756 0.7800 0.4694 0.7993 0.4184
6 0.4094 0.1669 0.4115 0.1104 0.4209 0.1111 0.4188 0.1676
7 0.5003 0.4380 0.5052 0.4430 0.4983 0.4564 0.4934 0.4514
7 0.0560 0.3812 0.0634 0.3731 0.0889 0.4188 0.0815 0.4269
7 0.3521 0.4001 0.3473 0.4209 0.3151 0.4063 0.3199 0.3855
7 0.3559 0.5500 0.3891 0.4223 0.5204 0.4892 0.4872 0.6169
9 0.6379 0.3371 0.6599 0.3139 0.7184 0.4225 0.6964 0.4457
9 0.2396 0.3670 0.3173 0.3458 0.3276 0.4198 0.2498 0.4410
9 0.5677 0.2602 0.5914 0.2959 0.5315 0.3742 0.5077 0.3385
9 0.7538 0.2044 0.7017 0.2019 0.7059 0.0300 0.7581 0.0325
12 0.9092 0.6434 0.8213 0.6477 0.8205 0.6142 0.9084 0.6099
12 0.3048 0.8838 0.3104 0.7944 0.3352 0.7974 0.3296 0.8868
12 0.7250 0.4885 0.5996 0.2935 0.6218 0.2655 0.7472 0.4605
12 0.7740 0.3881 0.7445 0.2227 0.7675 0.2147 0.7969 0.3801
13 0.6124 0.1936 0.6143 0.1823 0.6307 0.1876 0.6288 0.1989
13 0.3724 0.5275 0.3724 0.5357 0.3656 0.5357 0.3656 0.5275
13 0.0536 0.0595 0.0601 0.0642 0.0516 0.0877 0.0450 0.0830
13 0.5412 0.6175 0.5402 0.6182 0.5202 0.5609 0.5213 0.5602
15 0.4577 0.6738 0.4039 0.7012 0.3923 0.6566 0.4461 0.6292
15 0.6894 0.1810 0.7100 0.3167 0.6297 0.3406 0.6091 0.2049
15 0.4727 0.6028 0.4948 0.5180 0.5450 0.5436 0.5229 0.6284
15 0.0788 0.9055 0.0993 0.9278 0.0834 0.9561 0.0630 0.9338
