0 0.6259 0.5773 0.4547 0.5479 0.4930 0.1115 0.6641 0.1409
0 0.7751 0.4468 0.8055 0.5341 0.6743 0.6236 0.6439 0.5363
0 0.4960 0.2989 0.3944 0.3014 0.3925 0.1507 0.4942 0.1482
0 0.0598 0.6563 0.2598 0.6759 0.2573 0.7253 0.0574 0.7057
1 0.9058 0.8414 0.9286 0.8606 0.9245 0.8702 0.9017 0.8510
1 0.6985 0.0439 0.7021 0.0615 0.6827 0.0693 0.6791 0.0517
1 0.2986 0.2761 0.2977 0.2830 0.2674 0.2755 0.2683 0.2686
1 0.2408 0.5912 0.2412 0.5925 0.2287 0.5996 0.2283 0.5983
2 0.9172 0.1053 0.8558 0.2281 0.8197 0.1927 0.8811 0.0699
2 0.6814 0.4713 0.7479 0.4131 0.7652 0.4519 0.6987 0.5101
2 0.4744 0.7834 0.4437 0.7117 0.4664 0.6926 0.4972 0.7643
2 0.4061 0.2245 0.3778 0.3277 0.3245 0.2991 0.3528 0.1959
3 0.7731 0.5414 0.7800 0.5464 0.7621 0.5958 0.7551 0.5908
3 0.1562 0.9497 0.2087 0.8622 0.2224 0.8783 0.1699 0.9658
3 0.3252 0.0090 0.3361 0.0266 0.2691 0.1082 0.2582 0.0906
3 0.4827 0.6851 0.4634 0.7033 0.3973 0.5661 0.4166 0.5479
4 0.3692 0.6068 0.3516 0.5813 0.3606 0.5692 0.3781 0.5947
4 0.7639 0.5962 0.7639 0.5662 0.7781 0.5662 0.7781 0.5962
4 0.8171 0.2709 0.8189 0.2627 0.8526 0.2771 0.8508 0.2853
4 0.7029 0.5386 0.6858 0.5524 0.6811 0.5410 0.6982 0.5272
6 0.7576 0.0342 0.7972 0.0625 0.7836 0.0998 0.7440 0.0715
6 0.2167 0.3982 0.1463 0.3718 0.1590 0.3054 0.2294 0.3318
6 0.7568 0.8333 0.7225 0.7254 0.8000 0.6771 0.8343 0.7850
6 0.5385 0.1620 0.5671 0.0459 0.7340 0.1264 0.7055 0.2425
7 0.7668 0.2637 0.7656 0.2408 0.8118 0.2363 0.8129 0.2592
7 0.3622 0.7429 0.3736 0.7424 0.3750 0.7955 0.3635 0.7960
7 0.3373 0.4960 0.3392 0.4915 0.3458 0.4968 0.3439 0.5013
7 0.9744 0.6434 0.9864 0.6763 0.9479 0.7038 0.9359 0.6709
9 0.4122 0.6961 0.4287 0.6591 0.5218 0.7407 0.5053 0.7777
9 0.7241 0.5339 0.7518 0.5563 0.6962 0.6913 0.6685 0.6689
9 0.5449 0.7540 0.4097 0.8633 0.3914 0.8188 0.5266 0.7095
9 0.3415 0.3464 0.2794 0.3617 0.2536 0.1568 0.3157 0.1415
12 0.2478 0.2322 0.2330 0.2369 0.2159 0.1330 0.2307 0.1283
12 0.2678 0.3339 0.1795 0.4173 0.1633 0.3837 0.2516 0.3003
12 0.1309 0.3952 0.1070 0.4448 0.0922 0.4308 0.1161 0.3812
12 0.2061 0.8038 0.1009 0.9794 0.0853 0.9610 0.1905 0.7854
13 0.1557 0.3805 0.1431 0.3708 0.1506 0.3519 0.1632 0.3616
13 0.7679 0.8919 0.7806 0.8966 0.7775 0.9129 0.7648 0.9082
13 0.6083 0.0372 0.6071 0.0685 0.6006 0.0680 0.6017 0.0367
13 0.2890 0.2058 0.2892 0.1920 0.2973 0.1922 0.2971 0.2060
15 0.2023 0.9635 0.2177 0.9744 0.2097 0.9965 0.1943 0.9856
15 0.9011 0.9170 0.9254 0.8922 0.9432 0.9266 0.9189 0.9514
15 0.1269 0.5328 0.0110 0.3868 0.0928 0.2596 0.2087 0.4056
15 0.2584 0.1672 0.3418 0.1712 0.3396 0.2588 0.2562 0.2548
