0 0.6458 0.0899 0.7244 0.2883 0.3870 0.5501 0.3085 0.3517
0 0.1753 0.2276 0.1710 0.3402 0.1250 0.3368 0.1292 0.2242
0 0.6125 0.5925 0.5204 0.4881 0.6112 0.3311 0.7033 0.4355
0 0.5349 0.5953 0.5325 0.5480 0.5580 0.5455 0.5603 0.5928
1 0.3875 0.1193 0.3837 0.1622 0.3285 0.1527 0.3323 0.1098
1 0.0673 0.2608 0.0659 0.2606 0.0678 0.2348 0.0693 0.2350
1 0.6634 0.4701 0.6651 0.4678 0.6743 0.4811 0.6726 0.4834
1 0.7154 0.4438 0.7172 0.4621 0.6174 0.4818 0.6156 0.4635
2 0.5095 0.9990 0.4962 0.4671 0.5628 0.4638 0.5760 0.9957
2 0.7726 0.4183 0.8200 0.4412 0.8074 0.4925 0.7600 0.4696
2 0.8682 0.4265 0.9302 0.2928 0.9913 0.3483 0.9293 0.4820
2 0.5236 0.1211 0.5595 0.0083 0.5669 0.0129 0.5310 0.1257
3 0.9159 0.4661 0.9080 0.4513 0.9612 0.3951 0.9692 0.4099
3 0.1541 0.8168 0.0988 0.7366 0.1084 0.7236 0.1638 0.8038
3 0.0025 0.2364 0.0265 0.0908 0.0440 0.0964 0.0200 0.2420
3 0.0782 0.8539 0.0821 0.8675 0.0329 0.8953 0.0290 0.8817
4 0.5294 0.7301 0.5497 0.6974 0.5612 0.7115 0.5409 0.7442
4 0.9431 0.3098 0.9650 0.2792 0.9732 0.2906 0.9513 0.3212
4 0.3810 0.6668 0.3718 0.6736 0.3564 0.6332 0.3656 0.6264
4 0.4022 0.9508 0.4137 0.9513 0.4135 0.9612 0.4020 0.9607
6 0.4286 0.7892 0.4231 0.8444 0.3965 0.8392 0.4021 0.7840
6 0.1209 0.1375 0.1584 0.1831 0.1508 0.1953 0.1133 0.1497
6 0.7249 0.7605 0.7146 0.8518 0.5834 0.8227 0.5937 0.7314
6 0.6229 0.3400 0.6162 0.4470 0.5394 0.4376 0.5461 0.3306
7 0.8018 0.7037 0.7908 0.6941 0.8080 0.6555 0.8190 0.6651
7 0.6936 0.6797 0.6799 0.6731 0.7078 0.5599 0.7215 0.5665
7 0.4855 0.7531 0.4770 0.7588 0.4654 0.7253 0.4738 0.7196
7 0.1777 0.0238 0.1806 0.0207 0.1866 0.0318 0.1837 0.0349
9 0.0922 0.8740 0.0686 0.7781 0.2081 0.7108 0.2317 0.8067
9 0.9844 0.7088 0.9507 0.7406 0.8693 0.5716 0.9030 0.5398
9 0.1292 0.6838 0.1030 0.7361 0.0268 0.6614 0.0530 0.6091
9 0.6441 0.2804 0.4298 0.3664 0.4154 0.2960 0.6296 0.2100
12 0.3663 0.3177 0.2479 0.2574 0.2560 0.2263 0.3744 0.2866
12 0.1326 0.8852 0.1290 0.9265 0.0425 0.9116 0.0462 0.8703
12 0.9242 0.8298 0.9251 0.8156 0.9760 0.8218 0.9752 0.8360
12 0.6815 0.6868 0.5978 0.7544 0.5887 0.7324 0.6725 0.6648
13 0.6654 0.2017 0.6602 0.1982 0.6629 0.1903 0.6681 0.1938
13 0.8286 0.1327 0.8992 0.2156 0.8960 0.2209 0.8254 0.1380
13 0.4864 0.7057 0.4777 0.7050 0.4791 0.6683 0.4877 0.6690
13 0.0220 0.6980 0.0208 0.6513 0.0317 0.6508 0.0329 0.6975
15 0.8360 0.1279 0.8608 0.0536 0.9031 0.0813 0.8784 0.1556
15 0.9583 0.6286 0.9644 0.6769 0.9188 0.6882 0.9127 0.6399
15 0.8373 0.4133 0.7090 0.2779 0.7661 0.1719 0.8944 0.3073
15 0.3146 0.1661 0.3082 0.0937 0.3583 0.0851 0.3646 0.1575
