0 0.5018 0.3289 0.3959 0.2598 0.4482 0.1027 0.5541 0.1718
0 0.6659 0.4241 0.7206 0.4007 0.7726 0.6391 0.7180 0.6625
0 0.1981 0.1460 0.1504 0.2228 0.1050 0.1676 0.1528 0.0908
0 0.9772 0.5464 0.9047 0.6553 0.7070 0.3972 0.7796 0.2883
1 0.7068 0.8321 0.7080 0.8306 0.7215 0.8515 0.7203 0.8530
1 0.3743 0.1763 0.3767 0.1772 0.3726 0.1985 0.3702 0.1976
1 0.9778 0.2694 0.9683 0.2282 0.9779 0.2238 0.9874 0.2650
1 0.3727 0.2767 0.3569 0.2822 0.3513 0.2505 0.3671 0.2450
2 0.1449 0.7107 0.1467 0.7586 0.1217 0.7605 0.1199 0.7126
2 0.6128 0.2963 0.6826 0.2998 0.6778 0.4917 0.6080 0.4882
2 0.3362 0.2381 0.2419 0.2196 0.2492 0.1463 0.3436 0.1648
2 0.3870 0.4557 0.3870 0.2703 0.8416 0.2703 0.8416 0.4557
3 0.5648 0.2234 0.5747 0.2042 0.6498 0.2806 0.6398 0.2998
3 0.9052 0.4360 0.8933 0.4252 0.9356 0.3340 0.9475 0.3448
3 0.9682 0.4584 0.8763 0.3956 0.8838 0.3740 0.9757 0.4368
3 0.5428 0.7099 0.5892 0.7644 0.5797 0.7801 0.5334 0.7256
4 0.3913 0.6664 0.3865 0.6505 0.4055 0.6392 0.4104 0.6551
4 0.0189 0.5925 0.0112 0.5985 0.0054 0.5839 0.0131 0.5779
4 0.6148 0.3753 0.6143 0.3611 0.6195 0.3607 0.6200 0.3749
4 0.5172 0.1149 0.4907 0.1077 0.4917 0.1011 0.5181 0.1083
6 0.2167 0.1432 0.1688 0.1789 0.1602 0.1564 0.2081 0.1207
6 0.3028 0.4769 0.2580 0.4278 0.2932 0.3647 0.3380 0.4138
6 0.3293 0.5619 0.3571 0.6323 0.3233 0.6585 0.2954 0.5881
6 0.6539 0.7929 0.4087 0.7628 0.4195 0.5899 0.6647 0.6200
7 0.2191 0.4495 0.2230 0.4104 0.2600 0.4177 0.2561 0.4568
7 0.4708 0.6041 0.6078 0.5839 0.6089 0.5991 0.4719 0.6193
7 0.3588 0.2458 0.3592 0.2396 0.3841 0.2426 0.3837 0.2488
7 0.1894 0.7099 0.1990 0.7015 0.2238 0.7569 0.2141 0.7653
9 0.0608 0.4057 0.0419 0.3288 0.1715 0.2663 0.1904 0.3432
9 0.9288 0.4336 0.9492 0.4296 0.9592 0.5292 0.9388 0.5332
9 0.3623 0.7368 0.3820 0.6942 0.4891 0.7916 0.4694 0.8342
9 0.9106 0.2295 0.9776 0.2443 0.9751 0.2661 0.9082 0.2513
12 0.2338 0.4169 0.1738 0.8933 0.1291 0.8823 0.1891 0.4059
12 0.6875 0.8735 0.6783 0.8925 0.6411 0.8573 0.6502 0.8383
12 0.0785 0.7862 0.1813 0.7367 0.1909 0.7758 0.0881 0.8253
12 0.3578 0.0546 0.2518 0.1665 0.2290 0.1242 0.3351 0.0123
13 0.8095 0.9185 0.7554 0.8747 0.7753 0.8263 0.8295 0.8701
13 0.3699 0.2543 0.3761 0.2567 0.3675 0.2989 0.3613 0.2965
13 0.1401 0.3391 0.0087 0.4024 0.0002 0.3677 0.1315 0.3044
13 0.0890 0.3605 0.0816 0.3605 0.0816 0.3123 0.0890 0.3123
15 0.9573 0.0660 0.9259 0.0606 0.9298 0.0164 0.9612 0.0218
15 0.8315 0.3921 0.7927 0.3796 0.8019 0.3239 0.8407 0.3364
15 0.3205 0.2093 0.3514 0.1779 0.3744 0.2223 0.3435 0.2537
15 0.1175 0.5035 0.1484 0.5065 0.1454 0.5657 0.1145 0.5627
