0 0.1230 0.6504 0.1358 0.4467 0.3458 0.4724 0.3331 0.6761
0 0.4894 0.2828 0.5761 0.3368 0.4626 0.6936 0.3759 0.6396
0 0.7235 0.3933 0.6691 0.3338 0.8016 0.0963 0.8561 0.1558
0 0.3078 0.3477 0.1491 0.5341 0.0559 0.3787 0.2147 0.1923
1 0.5980 0.5455 0.5981 0.5517 0.5666 0.5525 0.5665 0.5463
1 0.6037 0.6616 0.6090 0.6735 0.6038 0.6780 0.5984 0.6661
1 0.6755 0.1481 0.6716 0.1368 0.7456 0.0863 0.7495 0.0976
1 0.5901 0.3691 0.5989 0.3771 0.5585 0.4641 0.5497 0.4561
2 0.7452 0.9472 0.7028 0.8812 0.8117 0.7440 0.8541 0.8100
2 0.0822 0.1045 0.1502 0.0790 0.1578 0.1187 0.0898 0.1442
2 0.4298 0.5324 0.4257 0.5330 0.4239 0.5092 0.4280 0.5086
2 0.0808 0.3114 0.0927 0.2175 0.2477 0.2558 0.2359 0.3497
3 0.3717 0.3870 0.3760 0.4212 0.2520 0.4518 0.2477 0.4176
3 0.0830 0.4964 0.0363 0.4571 0.0432 0.4408 0.0900 0.4801
3 0.4607 0.7955 0.5075 0.9426 0.4890 0.9541 0.4423 0.8070
3 0.2265 0.6070 0.2391 0.6051 0.2458 0.6942 0.2332 0.6961
4 0.8212 0.1222 0.8269 0.1321 0.8205 0.1394 0.8148 0.1295
4 0.4203 0.3073 0.4192 0.3249 0.3919 0.3215 0.3930 0.3039
4 0.9115 0.4243 0.9238 0.4351 0.9114 0.4629 0.8991 0.4521
4 0.3295 0.8210 0.3208 0.7988 0.3525 0.7742 0.3612 0.7964
6 0.6181 0.6595 0.6380 0.7166 0.5970 0.7445 0.5771 0.6874
6 0.8061 0.3874 0.7787 0.3552 0.8019 0.3166 0.8293 0.3488
6 0.1766 0.8685 0.1310 0.8596 0.1374 0.7955 0.1830 0.8044
6 0.9170 0.3152 0.9448 0.2655 0.9530 0.2744 0.9252 0.3241
7 0.1485 0.8034 0.1417 0.7876 0.1732 0.7610 0.1800 0.7768
7 0.5601 0.4306 0.5873 0.4674 0.5056 0.5858 0.4784 0.5490
7 0.8064 0.8168 0.8163 0.8067 0.8344 0.8416 0.8245 0.8517
7 0.1543 0.8234 0.1361 0.8488 0.0808 0.7714 0.0990 0.7460
9 0.0462 0.4994 0.1083 0.3882 0.1269 0.4086 0.0649 0.5198
9 0.7859 0.0324 0.8226 0.0725 0.7512 0.2004 0.7145 0.1603
9 0.4380 0.1580 0.4524 0.1080 0.5366 0.1556 0.5221 0.2056
9 0.6738 0.4509 0.5162 0.3918 0.5345 0.2963 0.6920 0.3554
12 0.6125 0.4806 0.5464 0.4643 0.5472 0.4578 0.6133 0.4741
12 0.3156 0.2840 0.3410 0.2865 0.3358 0.3904 0.3104 0.3879
12 0.5673 0.0110 0.5701 0.0215 0.3709 0.1230 0.3682 0.1125
12 0.7212 0.4775 0.7367 0.4825 0.7071 0.6617 0.6916 0.6567
13 0.6809 0.0730 0.6630 0.0613 0.6794 0.0122 0.6972 0.0239
13 0.5562 0.0119 0.5712 0.0137 0.5698 0.0361 0.5548 0.0343
13 0.6513 0.1038 0.6649 0.0884 0.7310 0.2026 0.7174 0.2180
13 0.1071 0.8326 0.1054 0.8206 0.1112 0.8190 0.1129 0.8310
15 0.1475 0.9267 0.1587 0.9620 0.1328 0.9781 0.1216 0.9428
15 0.1226 0.2441 0.1210 0.2282 0.1531 0.2219 0.1547 0.2378
15 0.1663 0.7959 0.1964 0.9001 0.1440 0.9297 0.1139 0.8255
15 0.4089 0.2458 0.3161 0.2641 0.3082 0.1854 0.4010 0.1671
