0 0.2853 0.3020 0.2252 0.7344 0.1707 0.7196 0.2308 0.2872
0 0.2946 0.5161 0.1964 0.4549 0.3251 0.0503 0.4233 0.1115
0 0.6241 0.8016 0.5025 0.9165 0.2939 0.4836 0.4155 0.3687
0 0.2300 0.2119 0.2281 0.2625 0.2008 0.2605 0.2027 0.2099
1 0.1926 0.6131 0.1929 0.6146 0.1794 0.6193 0.1791 0.6178
1 0.3586 0.5972 0.3530 0.6096 0.3297 0.5892 0.3353 0.5768
1 0.4289 0.8709 0.4156 0.8573 0.4385 0.8131 0.4518 0.8267
1 0.4261 0.1929 0.4049 0.2160 0.3999 0.2071 0.4211 0.1840
2 0.2178 0.9514 0.2564 0.9571 0.2542 0.9866 0.2156 0.9809
2 0.4334 0.9348 0.4681 0.9079 0.4786 0.9344 0.4439 0.9613
2 0.0930 0.4924 0.1420 0.4214 0.2487 0.5656 0.1997 0.6366
2 0.4354 0.7055 0.4470 0.6555 0.5275 0.6921 0.5159 0.7421
3 0.6750 0.0704 0.6852 0.0566 0.7353 0.1292 0.7251 0.1430
3 0.8001 0.1720 0.7570 0.1464 0.7610 0.1332 0.8041 0.1588
3 0.1261 0.7606 0.1178 0.7610 0.1145 0.6278 0.1227 0.6274
3 0.2141 0.6844 0.2122 0.6949 0.1742 0.6816 0.1761 0.6711
4 0.2912 0.4728 0.2921 0.4851 0.2828 0.4864 0.2819 0.4741
4 0.4656 0.7396 0.4543 0.7160 0.4624 0.7084 0.4737 0.7320
4 0.8214 0.2664 0.8194 0.2614 0.8295 0.2536 0.8315 0.2586
4 0.6321 0.7379 0.6381 0.7420 0.6314 0.7613 0.6254 0.7572
6 0.4934 0.7395 0.5296 0.6354 0.5546 0.6525 0.5184 0.7566
6 0.4142 0.0227 0.4366 0.0016 0.4401 0.0089 0.4177 0.0300
6 0.9591 0.5548 0.8449 0.6710 0.8031 0.5904 0.9173 0.4742
6 0.3549 0.5718 0.3414 0.5447 0.3611 0.5254 0.3746 0.5525
7 0.2794 0.1343 0.2826 0.1770 0.2694 0.1789 0.2662 0.1362
7 0.5600 0.5300 0.5638 0.5375 0.5486 0.5524 0.5448 0.5449
7 0.9625 0.9638 0.9548 0.9527 0.9744 0.9262 0.9820 0.9373
7 0.9744 0.4851 0.9909 0.5252 0.9082 0.5921 0.8917 0.5520
9 0.5166 0.8174 0.4817 0.8226 0.4685 0.6478 0.5035 0.6426
9 0.2152 0.5171 0.2452 0.5996 0.2316 0.6093 0.2016 0.5268
9 0.7942 0.6657 0.7602 0.5799 0.9015 0.4703 0.9355 0.5561
9 0.9035 0.6138 0.8744 0.6145 0.8731 0.5130 0.9022 0.5123
12 0.4240 0.2641 0.3133 0.2284 0.3183 0.1983 0.4289 0.2340
12 0.5762 0.5247 0.5823 0.5211 0.6513 0.7485 0.6451 0.7521
12 0.7290 0.4674 0.7457 0.4414 0.8390 0.5590 0.8223 0.5850
12 0.0820 0.9322 0.0856 0.9030 0.1520 0.9194 0.1484 0.9486
13 0.5445 0.6067 0.5536 0.6087 0.5449 0.6849 0.5359 0.6829
13 0.4619 0.4151 0.4682 0.4128 0.4692 0.4181 0.4629 0.4204
13 0.8633 0.1585 0.8665 0.1511 0.8764 0.1595 0.8732 0.1669
13 0.4907 0.4427 0.4949 0.4359 0.5073 0.4509 0.5031 0.4577
15 0.6573 0.2021 0.6721 0.1815 0.7135 0.2395 0.6988 0.2601
15 0.1367 0.9397 0.1199 0.9073 0.1516 0.8751 0.1684 0.9075
15 0.1922 0.1870 0.2274 0.1747 0.2392 0.2410 0.2040 0.2533
15 0.6336 0.7027 0.6409 0.7305 0.6141 0.7441 0.6068 0.7163
