0 0.4911 0.7288 0.6848 0.2775 0.8300 0.3996 0.6363 0.8509
0 0.6212 0.2455 0.6632 0.2602 0.6053 0.5849 0.5634 0.5702
0 0.3566 0.3877 0.3312 0.4245 0.0811 0.0863 0.1065 0.0495
0 0.7376 0.0811 0.9433 0.1164 0.8973 0.6409 0.6916 0.6056
1 0.4278 0.0646 0.4269 0.1036 0.4230 0.1034 0.4240 0.0644
1 0.4222 0.5197 0.4180 0.5015 0.4487 0.4875 0.4529 0.5057
1 0.0272 0.5814 0.0275 0.5843 0.0145 0.5866 0.0142 0.5837
1 0.3343 0.6568 0.3291 0.6546 0.3389 0.6100 0.3440 0.6122
2 0.1691 0.7607 0.2099 0.6691 0.2572 0.7105 0.2163 0.8021
2 0.8826 0.3624 0.8504 0.3990 0.8077 0.3252 0.8399 0.2886
2 0.2463 0.0344 0.2786 0.0765 0.2520 0.1164 0.2197 0.0743
2 0.8540 0.1971 0.8023 0.7868 0.7285 0.7741 0.7803 0.1844
3 0.5364 0.2660 0.4454 0.3149 0.4387 0.2908 0.5298 0.2419
3 0.4518 0.4011 0.4355 0.4178 0.4024 0.3541 0.4188 0.3374
3 0.3961 0.4959 0.3703 0.5700 0.3587 0.5621 0.3845 0.4880
3 0.1463 0.4192 0.1374 0.4144 0.1548 0.3508 0.1638 0.3556
4 0.9121 0.6200 0.9170 0.6255 0.8882 0.6752 0.8833 0.6697
4 0.0184 0.2913 0.0033 0.2994 0.0019 0.2943 0.0170 0.2862
4 0.8802 0.3918 0.8643 0.3890 0.8649 0.3814 0.8809 0.3842
4 0.7958 0.9382 0.8047 0.9567 0.7959 0.9650 0.7870 0.9465
6 0.7374 0.9901 0.7057 0.8802 0.7846 0.8355 0.8163 0.9454
6 0.5508 0.0371 0.5995 0.0251 0.6015 0.0409 0.5528 0.0529
6 0.6930 0.4975 0.7143 0.5793 0.6947 0.5893 0.6734 0.5075
6 0.8908 0.4792 0.9003 0.4172 0.9152 0.4216 0.9057 0.4836
7 0.5555 0.5102 0.5573 0.5340 0.4991 0.5426 0.4973 0.5188
7 0.8672 0.9170 0.7599 0.9381 0.7568 0.9070 0.8641 0.8859
7 0.7435 0.2699 0.7512 0.2842 0.6774 0.3621 0.6697 0.3478
7 0.4698 0.6966 0.4798 0.7230 0.4439 0.7498 0.4339 0.7234
9 0.4038 0.5019 0.4253 0.5207 0.3691 0.6465 0.3476 0.6277
9 0.4918 0.0994 0.5015 0.1301 0.4251 0.1778 0.4153 0.1471
9 0.6337 0.1351 0.5131 0.3040 0.4609 0.2309 0.5815 0.0620
9 0.7788 0.4143 0.8077 0.4578 0.7866 0.4853 0.7577 0.4418
12 0.8080 0.1456 0.7448 0.0860 0.7569 0.0608 0.8201 0.1204
12 0.4750 0.1903 0.4930 0.2060 0.4367 0.3321 0.4188 0.3164
12 0.5569 0.0495 0.4006 0.3013 0.3719 0.2665 0.5283 0.0147
12 0.2574 0.4347 0.3066 0.6052 0.2837 0.6181 0.2345 0.4476
13 0.9553 0.4527 0.9616 0.4468 0.9655 0.4549 0.9592 0.4608
13 0.8796 0.8101 0.8673 0.7749 0.8835 0.7639 0.8958 0.7991
13 0.1248 0.0394 0.0880 0.0294 0.0912 0.0062 0.1280 0.0162
13 0.1703 0.8830 0.1995 0.9004 0.1940 0.9186 0.1648 0.9012
15 0.9652 0.0870 0.9525 0.1450 0.9171 0.1298 0.9298 0.0718
15 0.7307 0.6335 0.7775 0.6381 0.7747 0.6941 0.7279 0.6895
15 0.2432 0.4376 0.2116 0.4721 0.1911 0.4352 0.2227 0.4007
15 0.5300 0.6950 0.5387 0.7438 0.5126 0.7530 0.5039 0.7042
