0 0.5577 0.5129 0.5382 0.6149 0.4780 0.5923 0.4975 0.4903
0 0.4388 0.3540 0.5139 0.3218 0.5815 0.6312 0.5064 0.6634
0 0.2140 0.4462 0.1256 0.2695 0.3555 0.0442 0.4438 0.2209
0 0.7155 0.9768 0.5582 0.9380 0.6331 0.3432 0.7904 0.3820
1 0.1252 0.9448 0.1252 0.9485 0.1100 0.9488 0.1099 0.9451
1 0.5807 0.9267 0.5812 0.9293 0.5696 0.9337 0.5691 0.9311
1 0.0781 0.1510 0.0741 0.1550 0.0564 0.1198 0.0605 0.1158
1 0.0632 0.1557 0.0587 0.1614 0.0482 0.1451 0.0527 0.1394
2 0.9132 0.7025 0.8992 0.7328 0.8551 0.6927 0.8691 0.6624
2 1.0001 0.6876 0.9730 0.7062 0.9627 0.6768 0.9899 0.6582
2 0.8267 0.8568 0.8442 0.8019 0.9644 0.8768 0.9469 0.9317
2 0.6175 0.7827 0.6273 0.8796 0.5516 0.8945 0.5419 0.7976
3 0.2626 0.4744 0.2612 0.4793 0.2208 0.4564 0.2222 0.4515
3 0.1357 0.7384 0.1364 0.7686 0.0181 0.7744 0.0173 0.7442
3 0.9127 0.5691 0.9112 0.5980 0.7979 0.5869 0.7993 0.5580
3 0.7021 0.1666 0.5749 0.2314 0.5668 0.2002 0.6940 0.1354
4 0.9561 0.2513 0.9477 0.2817 0.9265 0.2703 0.9348 0.2399
4 0.6576 0.6483 0.6767 0.6460 0.6784 0.6721 0.6593 0.6744
4 0.6120 0.6912 0.6025 0.6816 0.6066 0.6736 0.6161 0.6832
4 0.5328 0.4191 0.5380 0.4156 0.5404 0.4225 0.5352 0.4260
6 0.7035 0.7561 0.5683 0.9817 0.4871 0.8863 0.6223 0.6607
6 0.3233 0.7453 0.4962 0.6376 0.5350 0.7595 0.3621 0.8672
6 0.8241 0.3687 0.6847 0.4860 0.6425 0.3877 0.7819 0.2704
6 0.5359 0.5253 0.4923 0.3575 0.5527 0.3267 0.5963 0.4945
7 0.3967 0.0099 0.3997 0.0191 0.3571 0.0469 0.3540 0.0377
7 0.5277 0.5774 0.5031 0.5067 0.5740 0.4582 0.5986 0.5289
7 0.8457 0.8952 0.8558 0.8794 0.9206 0.9612 0.9105 0.9770
7 0.8302 0.7386 0.8512 0.7255 0.8898 0.8470 0.8688 0.8601
9 0.3594 0.8285 0.0628 0.7478 0.0763 0.6503 0.3729 0.7310
9 0.7837 0.2445 0.9169 0.1234 0.9371 0.1671 0.8040 0.2882
9 0.7159 0.2846 0.7556 0.2395 0.8358 0.3782 0.7961 0.4233
9 0.3813 0.6245 0.3223 0.5600 0.3536 0.5039 0.4126 0.5684
12 0.1392 0.8671 0.1524 0.8738 0.1351 0.9405 0.1219 0.9338
12 0.2405 0.3416 0.2558 0.3438 0.2501 0.4200 0.2347 0.4178
12 0.4594 0.8104 0.2550 0.7444 0.2626 0.6988 0.4670 0.7648
12 0.6571 0.4655 0.7013 0.3124 0.7149 0.3201 0.6707 0.4732
13 0.2390 0.2099 0.2401 0.2150 0.2304 0.2189 0.2294 0.2138
13 0.5125 0.0593 0.5196 0.0500 0.5358 0.0743 0.5287 0.0836
13 0.0263 0.5103 0.0549 0.5110 0.0546 0.5401 0.0259 0.5394
13 0.1297 0.8912 0.1285 0.9149 0.1191 0.9140 0.1203 0.8903
15 0.4629 0.0920 0.4240 0.0834 0.4277 0.0504 0.4666 0.0590
15 0.7350 0.9186 0.6213 0.9553 0.6008 0.8306 0.7144 0.7939
15 0.7460 0.7563 0.7746 0.7656 0.7677 0.8073 0.7391 0.7980
15 0.4621 0.1344 0.3846 0.2430 0.3396 0.1800 0.4171 0.0714
