0 0.5357 0.1299 0.7209 0.0406 0.8463 0.5505 0.6611 0.6398
0 0.7185 0.7970 0.7193 0.8586 0.6861 0.8594 0.6853 0.7978
0 0.6133 0.3365 0.5434 0.1267 0.6482 0.0583 0.7180 0.2681
0 0.4496 0.2890 0.4935 0.3139 0.3250 0.8978 0.2811 0.8729
1 0.7485 0.2122 0.7674 0.2010 0.7698 0.2090 0.7509 0.2202
1 0.0262 0.8804 0.0205 0.8739 0.0632 0.8000 0.0690 0.8065
1 0.6967 0.9038 0.7078 0.8996 0.7087 0.9042 0.6976 0.9084
1 0.2151 0.7585 0.2111 0.7571 0.2174 0.7215 0.2215 0.7229
2 0.7490 0.1302 0.6834 0.0659 0.7053 0.0222 0.7709 0.0865
2 0.3036 0.9576 0.2687 0.9359 0.2772 0.9092 0.3121 0.9309
2 0.1601 0.9549 0.1162 0.9407 0.1330 0.8387 0.1770 0.8529
2 0.0456 0.3194 0.0546 0.3303 0.0226 0.3818 0.0137 0.3709
3 0.5684 0.4723 0.5094 0.4914 0.5070 0.4769 0.5660 0.4578
3 0.6192 0.0648 0.5291 0.0582 0.5300 0.0344 0.6201 0.0410
3 0.8331 0.0579 0.8426 0.0748 0.8089 0.1117 0.7994 0.0948
3 0.6114 0.5923 0.6118 0.6081 0.5543 0.6109 0.5539 0.5951
4 0.0908 0.2092 0.0631 0.1662 0.0686 0.1592 0.0963 0.2022
4 0.2350 0.7436 0.2512 0.7671 0.2482 0.7712 0.2319 0.7477
4 0.7350 0.6723 0.7567 0.6840 0.7524 0.6997 0.7307 0.6880
4 0.5372 0.0152 0.5300 0.0177 0.5285 0.0096 0.5357 0.0071
6 0.2992 0.9853 0.0740 0.7727 0.1505 0.6139 0.3757 0.8265
6 0.7457 0.5894 0.7225 0.6393 0.7143 0.6318 0.7375 0.5819
6 0.8901 0.1718 0.8440 0.1470 0.8796 0.0170 0.9257 0.0418
6 0.4553 0.7679 0.4445 0.8538 0.3210 0.8233 0.3318 0.7374
7 0.0918 0.5614 0.0884 0.5501 0.1159 0.5338 0.1193 0.5451
7 0.3943 0.7006 0.3953 0.7091 0.3831 0.7118 0.3822 0.7033
7 0.8157 0.8858 0.8043 0.9036 0.7543 0.8406 0.7657 0.8228
7 0.3734 0.9972 0.3688 0.9765 0.4075 0.9600 0.4120 0.9807
9 0.8474 0.2464 0.8326 0.2376 0.8589 0.1508 0.8737 0.1596
9 0.8617 0.4231 0.8823 0.4433 0.8463 0.5153 0.8257 0.4951
9 0.2053 0.2707 0.2745 0.1894 0.2881 0.2121 0.2189 0.2934
9 0.8626 0.7624 0.8557 0.7166 0.8779 0.7100 0.8849 0.7558
12 0.9413 0.4363 0.9884 0.5237 0.9767 0.5361 0.9296 0.4487
12 0.4127 0.7928 0.5037 0.7884 0.5050 0.8416 0.4141 0.8460
12 0.4372 0.9713 0.3865 0.9651 0.3882 0.9375 0.4389 0.9437
12 0.6908 0.8375 0.6912 0.8501 0.4681 0.8665 0.4676 0.8539
13 0.2434 0.8093 0.2476 0.7955 0.2617 0.8039 0.2575 0.8177
13 0.5544 0.5765 0.5503 0.5809 0.5422 0.5663 0.5463 0.5619
13 0.6635 0.8557 0.6608 0.8474 0.6768 0.8375 0.6795 0.8458
13 0.4174 0.3670 0.4082 0.3665 0.4089 0.3402 0.4181 0.3407
15 0.4271 0.4053 0.4458 0.3883 0.4580 0.4147 0.4393 0.4317
15 0.7679 0.1675 0.8024 0.1804 0.7947 0.2205 0.7602 0.2076
15 0.3505 0.5701 0.3642 0.5392 0.3875 0.5595 0.3738 0.5904
15 0.8032 0.3065 0.7484 0.4014 0.6962 0.3423 0.7511 0.2474
