0 0.5031 0.3801 0.3634 0.3203 0.4086 0.1131 0.5483 0.1729
0 0.9941 0.7602 0.9142 0.8508 0.7870 0.6310 0.8669 0.5404
0 0.3302 0.5173 0.4041 0.3451 0.5344 0.4547 0.4605 0.6269
0 0.5749 0.6387 0.6087 0.9068 0.2322 0.9997 0.1984 0.7316
1 0.4060 0.2715 0.4072 0.2742 0.3823 0.2961 0.3810 0.2934
1 0.9065 0.5326 0.9089 0.5607 0.9052 0.5614 0.9028 0.5333
1 0.6690 0.7242 0.6674 0.7144 0.6839 0.7090 0.6855 0.7188
1 0.2071 0.5533 0.2050 0.5503 0.2184 0.5323 0.2204 0.5353
2 0.4422 0.8926 0.3854 0.8668 0.3961 0.8206 0.4529 0.8464
2 0.6294 0.9580 0.7893 0.3080 0.8706 0.3472 0.7107 0.9972
2 0.1837 0.2233 0.2958 0.1783 0.3286 0.3383 0.2165 0.3833
2 0.6847 0.8938 0.6391 0.9698 0.6262 0.9546 0.6718 0.8786
3 0.2059 0.4970 0.2130 0.4776 0.2890 0.5318 0.2819 0.5512
3 0.6791 0.1093 0.7456 0.0555 0.7521 0.0711 0.6855 0.1249
3 0.7528 0.3065 0.7528 0.1931 0.7664 0.1931 0.7664 0.3065
3 0.8242 0.0315 0.8243 0.0190 0.8696 0.0201 0.8694 0.0326
4 0.6115 0.7382 0.6175 0.7453 0.6079 0.7614 0.6019 0.7543
4 0.8538 0.5904 0.8493 0.5962 0.8453 0.5900 0.8499 0.5842
4 0.1821 0.0971 0.1766 0.1366 0.1673 0.1341 0.1728 0.0946
4 0.7179 0.0686 0.7251 0.0635 0.7367 0.0954 0.7295 0.1005
6 0.7503 0.4455 0.7654 0.4402 0.7692 0.4617 0.7541 0.4670
6 0.6191 0.8262 0.4685 0.6296 0.5392 0.5234 0.6898 0.7200
6 0.4723 0.0579 0.5026 0.1344 0.3926 0.2197 0.3623 0.1432
6 0.7748 0.8908 0.8118 0.8779 0.8180 0.9128 0.7810 0.9257
7 0.1042 0.3017 0.1229 0.2976 0.1326 0.3839 0.1140 0.3880
7 0.0617 0.6351 0.0638 0.6477 0.0403 0.6553 0.0382 0.6427
7 0.1961 0.1631 0.1888 0.1714 0.1579 0.1181 0.1652 0.1098
7 0.5963 0.2567 0.5970 0.2759 0.5729 0.2777 0.5722 0.2585
9 0.0980 0.5704 0.0579 0.3066 0.1394 0.2824 0.1795 0.5462
9 0.4468 0.4654 0.5612 0.4654 0.5612 0.5098 0.4468 0.5098
9 0.5156 0.6994 0.5221 0.8732 0.4930 0.8754 0.4865 0.7016
9 0.5189 0.6558 0.5110 0.6833 0.4291 0.6370 0.4370 0.6095
12 0.7957 0.7095 0.8249 0.7392 0.7628 0.8589 0.7336 0.8292
12 0.4667 0.5718 0.4548 0.5896 0.4087 0.5294 0.4206 0.5116
12 0.8210 0.8351 0.8374 0.8355 0.8358 0.9657 0.8194 0.9653
12 0.6684 0.1669 0.6574 0.1536 0.7362 0.0267 0.7472 0.0400
13 0.9730 0.7352 0.9751 0.7283 0.9821 0.7324 0.9800 0.7393
13 0.0365 0.4327 0.0431 0.4159 0.0687 0.4357 0.0620 0.4525
13 0.2890 0.3141 0.2822 0.3004 0.2872 0.2955 0.2941 0.3092
13 0.4597 0.0613 0.4741 0.0548 0.4758 0.0619 0.4613 0.0684
15 0.4773 0.4404 0.3985 0.3959 0.4224 0.3132 0.5012 0.3577
15 0.9106 0.7713 0.8757 0.7453 0.8911 0.7047 0.9261 0.7307
15 0.3535 0.8786 0.3519 0.9456 0.3228 0.9442 0.3244 0.8772
15 0.9489 0.1544 0.8952 0.2440 0.8502 0.1912 0.9039 0.1016
