0 0.1219 0.5568 0.2186 0.2219 0.3264 0.2828 0.2297 0.6177
0 0.1692 0.0500 0.1692 0.3424 0.0879 0.3424 0.0879 0.0500
0 0.5111 0.0444 0.7009 0.1411 0.6526 0.3268 0.4628 0.2301
0 0.8641 0.2410 0.6462 0.3520 0.6105 0.2146 0.8284 0.1036
1 0.8126 0.2025 0.8097 0.2169 0.7374 0.1879 0.7403 0.1735
1 0.8279 0.4374 0.8380 0.4311 0.8450 0.4530 0.8348 0.4593
1 0.0952 0.5041 0.0914 0.5025 0.0980 0.4723 0.1017 0.4739
1 0.4313 0.7824 0.4396 0.7866 0.4164 0.8756 0.4081 0.8714
2 0.8860 0.4086 0.8405 0.3208 0.9091 0.2510 0.9547 0.3388
2 0.9055 0.6447 0.9210 0.7674 0.9116 0.7697 0.8962 0.6470
2 0.3972 0.3662 0.4073 0.4556 0.3431 0.4698 0.3330 0.3804
2 0.3060 0.1822 0.3098 0.1816 0.3140 0.2378 0.3102 0.2384
3 0.8458 0.6677 0.8401 0.6805 0.7899 0.6367 0.7957 0.6239
3 0.1760 0.6518 0.1948 0.6384 0.2475 0.7830 0.2286 0.7964
3 0.3677 0.7772 0.3792 0.7876 0.3412 0.8696 0.3296 0.8592
3 0.6530 0.8127 0.7152 0.8809 0.7016 0.9053 0.6393 0.8371
4 0.6882 0.6412 0.6969 0.6395 0.6981 0.6512 0.6893 0.6529
4 0.7612 0.6585 0.7412 0.7134 0.7385 0.7115 0.7585 0.6566
4 0.4288 0.2101 0.4341 0.1972 0.4632 0.2207 0.4579 0.2336
4 0.9769 0.2583 0.9889 0.2595 0.9885 0.2669 0.9766 0.2657
6 0.4619 0.1120 0.5021 0.0846 0.5152 0.1224 0.4751 0.1498
6 0.8445 0.5098 0.8363 0.1800 0.9549 0.1742 0.9631 0.5040
6 0.5236 0.2750 0.5183 0.2610 0.5284 0.2534 0.5337 0.2674
6 0.0359 0.2426 0.0526 0.1327 0.0790 0.1406 0.0623 0.2505
7 0.4100 0.4455 0.4117 0.4331 0.4523 0.4441 0.4506 0.4565
7 0.6097 0.7064 0.6178 0.7208 0.5903 0.7508 0.5822 0.7364
7 0.2569 0.7666 0.2501 0.7928 0.2434 0.7894 0.2502 0.7632
7 0.9308 0.4274 0.9543 0.4627 0.8978 0.5366 0.8742 0.5013
9 0.1281 0.4121 0.0534 0.0701 0.1108 0.0455 0.1854 0.3875
9 0.1953 0.9223 0.2089 0.9063 0.2493 0.9737 0.2356 0.9897
9 0.3628 0.9436 0.3653 0.9048 0.4343 0.9132 0.4319 0.9520
9 0.7208 0.6854 0.7304 0.7543 0.5546 0.8022 0.5450 0.7333
12 0.6175 0.3517 0.6130 0.2796 0.9665 0.2363 0.9710 0.3084
12 0.6021 0.5940 0.5960 0.6378 0.4822 0.6068 0.4883 0.5630
12 0.6506 0.1455 0.6410 0.1689 0.5014 0.0561 0.5110 0.0327
12 0.7659 0.6179 0.8610 0.8011 0.8447 0.8177 0.7496 0.6345
13 0.5842 0.3573 0.5820 0.3526 0.5975 0.3379 0.5997 0.3426
13 0.6625 0.3692 0.6763 0.3511 0.6849 0.3640 0.6711 0.3821
13 0.1232 0.9006 0.1185 0.8757 0.1330 0.8702 0.1378 0.8951
13 0.0900 0.9391 0.1041 0.9338 0.1063 0.9457 0.0922 0.9510
15 0.0818 0.3155 0.1087 0.3574 0.0913 0.3793 0.0644 0.3374
15 0.2247 0.2142 0.2211 0.1655 0.2679 0.1586 0.2715 0.2073
15 0.4991 0.7182 0.4397 0.5902 0.5101 0.5262 0.5695 0.6542
15 0.4730 0.4293 0.4749 0.3915 0.5030 0.3943 0.5011 0.4321
