0 0.3873 0.4080 0.2294 0.2954 0.2507 0.2368 0.4086 0.3494
0 0.7664 0.2685 0.6735 0.3985 0.5605 0.2403 0.6533 0.1103
0 0.9332 0.1389 0.9042 0.1288 0.9268 0.0019 0.9558 0.0120
0 0.0626 0.0570 0.1127 0.1536 0.0606 0.2066 0.0105 0.1100
1 0.2364 0.1924 0.2306 0.1836 0.2787 0.1208 0.2846 0.1296
1 0.3907 0.0751 0.3933 0.0801 0.3839 0.0897 0.3813 0.0847
1 0.9068 0.6699 0.9072 0.6729 0.8950 0.6765 0.8945 0.6735
1 0.3271 0.4708 0.3387 0.4978 0.3360 0.5000 0.3244 0.4730
2 0.2198 0.7215 0.2196 0.7329 0.1862 0.7313 0.1864 0.7199
2 0.6874 0.7349 0.6783 0.5527 0.8206 0.5387 0.8297 0.7209
2 0.2919 0.1001 0.4328 0.0283 0.4393 0.0531 0.2983 0.1249
2 0.6491 0.5663 0.6986 0.6653 0.6615 0.7017 0.6119 0.6027
3 0.4017 0.4746 0.3999 0.4586 0.4575 0.4458 0.4593 0.4618
3 0.7334 0.4128 0.7644 0.3750 0.7695 0.3832 0.7385 0.4210
3 0.1834 0.6557 0.1716 0.6380 0.2406 0.5479 0.2524 0.5656
3 0.9215 0.5262 0.8943 0.5896 0.8831 0.5802 0.9103 0.5168
4 0.4721 0.0646 0.4701 0.0973 0.4610 0.0962 0.4631 0.0635
4 0.3272 0.6287 0.3509 0.6364 0.3408 0.6977 0.3171 0.6900
4 0.6349 0.7412 0.6239 0.7494 0.6205 0.7404 0.6315 0.7322
4 0.7997 0.0524 0.8247 0.0839 0.8149 0.0992 0.7899 0.0677
6 0.5248 0.5885 0.5870 0.2848 0.6963 0.3287 0.6341 0.6324
6 0.3607 0.8021 0.1294 0.6579 0.1813 0.4947 0.4126 0.6389
6 0.8783 0.6943 0.9209 0.6206 0.9737 0.6805 0.9311 0.7542
6 0.4669 0.5140 0.3540 0.6720 0.2971 0.5924 0.4100 0.4344
7 0.9036 0.4122 0.8989 0.4146 0.8956 0.4018 0.9002 0.3994
7 0.5370 0.6855 0.5409 0.7113 0.5061 0.7217 0.5022 0.6959
7 0.9034 0.2921 0.8906 0.2880 0.8983 0.2411 0.9111 0.2452
7 0.3490 0.4814 0.3632 0.4938 0.3587 0.5038 0.3446 0.4914
9 0.9045 0.2346 0.9546 0.3469 0.7698 0.5086 0.7197 0.3963
9 0.3708 0.6587 0.4192 0.6563 0.4252 0.8989 0.3768 0.9013
9 0.4905 0.5957 0.4840 0.5384 0.5804 0.5171 0.5869 0.5744
9 0.1960 0.4379 0.2169 0.4768 0.1008 0.5993 0.0799 0.5604
12 0.4953 0.7193 0.5856 0.6403 0.6010 0.6747 0.5107 0.7537
12 0.9363 0.7966 0.9680 0.7830 0.9989 0.9246 0.9672 0.9382
12 0.0093 0.4497 0.0008 0.4218 0.1010 0.3623 0.1095 0.3902
12 0.4305 0.4802 0.4603 0.0839 0.4955 0.0890 0.4657 0.4853
13 0.3801 0.2938 0.3612 0.2952 0.3599 0.2610 0.3788 0.2596
13 0.6958 0.2295 0.6919 0.2373 0.6882 0.2337 0.6921 0.2259
13 0.4156 0.2754 0.4179 0.2602 0.4244 0.2622 0.4221 0.2774
13 0.2392 0.1391 0.2566 0.1767 0.2234 0.2069 0.2059 0.1693
15 0.9617 0.7952 0.9390 0.7746 0.9603 0.7288 0.9830 0.7494
15 0.7006 0.8885 0.6553 0.9418 0.6328 0.9043 0.6781 0.8510
15 0.6002 0.7579 0.6534 0.6475 0.7375 0.7269 0.6843 0.8373
15 0.2973 0.3194 0.3163 0.3251 0.3050 0.3998 0.2860 0.3941
