10 0.846368 0.203711 0.850418 0.203814 0.850573 0.191751 0.846522 0.191647
10 0.892251 0.107012 0.896909 0.107663 0.897803 0.0948682 0.893145 0.0942173
10 0.860479 0.204576 0.864438 0.204604 0.864476 0.193527 0.860518 0.193499
10 0.853707 0.20377 0.857757 0.203903 0.857928 0.193518 0.853878 0.193385
10 0.813931 0.204157 0.817936 0.204254 0.818067 0.193421 0.814063 0.193323
10 0.846092 0.235749 0.849977 0.235866 0.850132 0.225616 0.846246 0.225499
10 0.865641 0.204239 0.86946 0.204268 0.869503 0.192824 0.865685 0.192795
10 0.899995 0.109398 0.904997 0.10965 0.905342 0.0959448 0.900341 0.0956927
10 0.908268 0.204101 0.912209 0.204231 0.91239 0.193303 0.908449 0.193172
10 0.89327 0.202936 0.897176 0.202948 0.897195 0.191333 0.893289 0.191321
10 0.830516 0.204809 0.834461 0.204843 0.83451 0.19337 0.830565 0.193336
10 0.821561 0.205465 0.825805 0.205657 0.826079 0.1936 0.821835 0.193407
10 0.908755 0.107228 0.913579 0.107313 0.913691 0.0946644 0.908867 0.094579
10 0.92309 0.107291 0.927608 0.107556 0.927981 0.0948828 0.923463 0.0946171
10 0.80177 0.205106 0.80588 0.205065 0.805821 0.193049 0.801711 0.19309
10 0.134967 0.519774 0.139056 0.519982 0.139342 0.508671 0.135253 0.508464
10 0.814833 0.235197 0.818759 0.23523 0.818807 0.223692 0.814881 0.223659
10 0.893058 0.23673 0.896825 0.237021 0.897241 0.226216 0.893475 0.225926
10 0.807487 0.204294 0.811539 0.204309 0.811559 0.193437 0.807507 0.193422
10 0.830876 0.236059 0.834728 0.236132 0.83483 0.22534 0.830978 0.225268
10 0.877879 0.204315 0.881749 0.204238 0.881637 0.192923 0.877767 0.193
10 0.900844 0.203236 0.904853 0.20333 0.90498 0.192468 0.900972 0.192374
10 0.837334 0.20384 0.84091 0.20399 0.841123 0.193844 0.837547 0.193694
10 0.927788 0.204319 0.931909 0.204372 0.93198 0.193267 0.927859 0.193214
10 0.899792 0.138327 0.903821 0.138526 0.90411 0.126858 0.900081 0.126658
10 0.852683 0.235728 0.856362 0.235721 0.856353 0.226223 0.852674 0.226229
10 0.930974 0.107168 0.935522 0.10751 0.935997 0.0948472 0.93145 0.0945055
10 0.837179 0.235219 0.840636 0.235307 0.840765 0.225133 0.837308 0.225046
10 0.103792 0.535641 0.10803 0.535638 0.108026 0.524152 0.103788 0.524155
10 0.821811 0.235438 0.825504 0.235515 0.825615 0.224941 0.821923 0.224863
10 0.20187 0.735423 0.201973 0.72859 0.192831 0.728312 0.192727 0.735145
10 0.140554 0.388542 0.14076 0.381055 0.132455 0.380598 0.132249 0.388085
10 0.884055 0.202591 0.88762 0.202561 0.887578 0.192401 0.884013 0.19243
10 0.365916 0.650693 0.372698 0.650647 0.372615 0.626527 0.365833 0.626574
10 0.870016 0.235574 0.874036 0.235579 0.874044 0.224521 0.870023 0.224516
10 0.906537 0.139469 0.910604 0.13977 0.911041 0.127942 0.906973 0.127642
10 0.880565 0.203895 0.884573 0.20379 0.88443 0.192861 0.880421 0.192967
10 0.104405 0.519706 0.108896 0.519511 0.108651 0.508241 0.10416 0.508436
10 0.141127 0.377281 0.141152 0.370536 0.132719 0.370475 0.132694 0.37722
10 0.877512 0.235459 0.881649 0.235662 0.881911 0.224981 0.877775 0.224777
10 0.947258 0.204543 0.951369 0.204648 0.951508 0.193799 0.947397 0.193694
10 0.940347 0.204665 0.944405 0.20474 0.944511 0.193192 0.940453 0.193117
10 0.797911 0.23476 0.801547 0.234742 0.801521 0.224254 0.797886 0.224271
10 0.914762 0.204246 0.918639 0.204299 0.918713 0.193376 0.914836 0.193323
10 0.892846 0.137232 0.896737 0.137388 0.896956 0.126456 0.893065 0.1263
10 0.36622 0.520645 0.372752 0.520175 0.371904 0.496595 0.365372 0.497064
10 0.885666 0.235858 0.889742 0.236107 0.890071 0.225337 0.885995 0.225088
10 0.117884 0.519518 0.12201 0.519501 0.121987 0.508625 0.117861 0.508642
10 0.0495636 0.519597 0.0538768 0.519548 0.053814 0.508341 0.0495008 0.50839
10 0.140706 0.332582 0.140729 0.325367 0.132384 0.325313 0.132361 0.332528
10 0.912924 0.20435 0.916964 0.20448 0.917142 0.193355 0.913103 0.193225
10 0.140395 0.310929 0.140424 0.303825 0.132541 0.303759 0.132511 0.310863
10 0.135593 0.569783 0.13982 0.569684 0.139672 0.557051 0.135444 0.557151
10 0.862207 0.23632 0.866012 0.236247 0.865901 0.224724 0.862096 0.224797
10 0.407594 0.221421 0.412285 0.221429 0.412294 0.209902 0.407603 0.209894
10 0.833966 0.204348 0.837816 0.204405 0.837894 0.193811 0.834045 0.193754
10 0.93825 0.106936 0.942939 0.107331 0.943459 0.094992 0.93877 0.0945971
10 0.140653 0.360024 0.14075 0.353132 0.131712 0.352879 0.131616 0.359771
10 0.89552 0.203744 0.899598 0.203771 0.899638 0.191754 0.895559 0.191727
10 0.414569 0.221762 0.419665 0.221584 0.419458 0.209751 0.414362 0.20993
10 0.127802 0.519327 0.131653 0.519438 0.131808 0.508756 0.127956 0.508645
10 0.807727 0.234629 0.81157 0.234634 0.811577 0.223955 0.807735 0.223949
10 0.822847 0.182026 0.826597 0.182192 0.826832 0.171505 0.823082 0.17134
10 0.139824 0.343285 0.139903 0.33683 0.131838 0.336633 0.131759 0.343089
10 0.0363985 0.519597 0.0409906 0.51976 0.0411965 0.508165 0.0366044 0.508002
10 0.799955 0.205467 0.804206 0.205363 0.804062 0.193513 0.799811 0.193616
10 0.115942 0.519058 0.120007 0.519074 0.120029 0.507947 0.115964 0.507931
10 0.884502 0.136424 0.888071 0.136607 0.888335 0.126315 0.884767 0.126132
10 0.877461 0.136313 0.881144 0.136522 0.881453 0.125633 0.877771 0.125424
10 0.915909 0.106785 0.920202 0.106807 0.920235 0.0937263 0.915942 0.0937044
10 0.200885 0.70731 0.200909 0.701469 0.192592 0.701401 0.192568 0.707242
10 0.806861 0.181383 0.810735 0.181569 0.810986 0.171174 0.807112 0.170988
10 0.802916 0.234663 0.80681 0.234941 0.807244 0.222801 0.803349 0.222523
10 0.111033 0.570239 0.114846 0.570073 0.114568 0.55734 0.110754 0.557507
10 0.818962 0.205098 0.823067 0.205091 0.823057 0.193479 0.818952 0.193486
10 0.796667 0.180307 0.801272 0.180606 0.801618 0.169951 0.797013 0.169652
10 0.129824 0.51984 0.134149 0.519856 0.134171 0.508359 0.129845 0.508343
10 0.12008 0.571089 0.124351 0.57097 0.124164 0.557645 0.119893 0.557765
10 0.192792 0.710586 0.192857 0.716808 0.201126 0.716634 0.20106 0.710412
10 0.817175 0.182693 0.821299 0.182907 0.821598 0.171363 0.817475 0.171149
10 0.828818 0.183741 0.832638 0.183996 0.83302 0.172534 0.8292 0.172279
10 0.421996 0.222363 0.427043 0.222105 0.42672 0.209421 0.421673 0.209679
10 0.0966249 0.569439 0.100763 0.569476 0.100816 0.557659 0.0966775 0.557622
10 0.883545 0.106461 0.888501 0.10768 0.89031 0.092983 0.885354 0.0917632
10 0.869371 0.136474 0.872941 0.136682 0.873248 0.12613 0.869678 0.125922
10 0.20165 0.779192 0.201656 0.772974 0.192983 0.772957 0.192977 0.779175
10 0.139671 0.352285 0.139782 0.345925 0.13219 0.345658 0.132078 0.352017
10 0.0557467 0.519614 0.0598126 0.519551 0.0597188 0.507525 0.0556529 0.507588
10 0.0958014 0.520105 0.0999046 0.519882 0.0995697 0.507559 0.0954665 0.507782
10 0.200884 0.757865 0.201116 0.751638 0.192753 0.751014 0.192521 0.75724
10 0.110427 0.519111 0.114277 0.519096 0.114256 0.50818 0.110405 0.508195
10 0.944998 0.107748 0.950134 0.108039 0.950504 0.0949852 0.945368 0.0946944
10 0.409464 0.645105 0.409484 0.634192 0.39356 0.634135 0.393541 0.645048
10 0.192571 0.823031 0.192605 0.82902 0.201344 0.828921 0.20131 0.822931
10 0.0989353 0.53571 0.103256 0.535563 0.103077 0.525041 0.0987562 0.525188
10 0.140426 0.2867 0.140556 0.279426 0.132651 0.279142 0.13252 0.286416
10 0.815424 0.18216 0.819396 0.1824 0.819736 0.171137 0.815764 0.170897
