10 0.924407 0.109336 0.928601 0.109521 0.928867 0.0974333 0.924673 0.0972487
10 0.9465 0.109583 0.950939 0.109829 0.951269 0.0979015 0.94683 0.0976559
10 0.954667 0.109331 0.959371 0.109558 0.95969 0.0962972 0.954986 0.096071
10 0.854024 0.2364 0.857809 0.236519 0.857978 0.225812 0.854193 0.225693
10 0.907533 0.139497 0.911568 0.139778 0.911977 0.128018 0.907942 0.127737
10 0.367629 0.40185 0.374587 0.401705 0.374334 0.377473 0.367376 0.377619
10 0.96269 0.109524 0.967643 0.109746 0.967938 0.096568 0.962985 0.0963461
10 0.939325 0.109168 0.943861 0.109507 0.944303 0.0976744 0.939768 0.0973352
10 0.931996 0.109185 0.936295 0.109494 0.936739 0.0971287 0.93244 0.0968198
10 0.367274 0.532059 0.37403 0.532164 0.374204 0.509733 0.367448 0.509628
10 0.838202 0.23633 0.841865 0.236567 0.842207 0.225997 0.838544 0.225759
10 0.901364 0.110227 0.906627 0.110555 0.907033 0.0975008 0.90177 0.0971733
10 0.846373 0.236456 0.850471 0.236716 0.850818 0.225804 0.846719 0.225544
10 0.900908 0.138377 0.904753 0.138539 0.904996 0.126969 0.901151 0.126807
10 0.86044 0.236012 0.864288 0.236093 0.864399 0.225471 0.860551 0.22539
10 0.896492 0.137846 0.900128 0.138015 0.900374 0.127448 0.896738 0.127278
10 0.892266 0.136832 0.895804 0.136925 0.895936 0.126919 0.892397 0.126826
10 0.893447 0.10914 0.898193 0.109582 0.89878 0.0969616 0.894034 0.0965203
10 0.204025 0.742876 0.204161 0.735938 0.194552 0.735561 0.194416 0.742499
10 0.822957 0.236314 0.826868 0.236708 0.827422 0.225727 0.823511 0.225333
10 0.830854 0.236934 0.834734 0.237164 0.835064 0.226017 0.831184 0.225788
10 0.203966 0.732084 0.204075 0.725352 0.194551 0.725044 0.194442 0.731776
10 0.922975 0.107122 0.927121 0.107308 0.927393 0.0951669 0.923248 0.0949808
10 0.861216 0.20437 0.865528 0.204388 0.865555 0.192127 0.861243 0.192109
10 0.876687 0.20253 0.88076 0.202542 0.880777 0.191354 0.876704 0.191342
10 0.195165 0.811862 0.195183 0.817782 0.204476 0.817727 0.204458 0.811806
10 0.868165 0.235911 0.871882 0.235984 0.87198 0.225905 0.868263 0.225832
10 0.204139 0.706645 0.2042 0.700296 0.195027 0.70012 0.194967 0.706469
10 0.42355 0.378002 0.428113 0.377919 0.428003 0.365707 0.42344 0.36579
10 0.894915 0.203829 0.899281 0.203998 0.899508 0.192198 0.895143 0.19203
10 0.885474 0.137951 0.8892 0.138068 0.889384 0.12628 0.885659 0.126164
10 0.868518 0.203233 0.872838 0.203184 0.872765 0.19052 0.868446 0.19057
10 0.909262 0.109639 0.914471 0.1099 0.914793 0.0970404 0.909584 0.0967795
10 0.880749 0.137401 0.884255 0.13761 0.884577 0.126785 0.881071 0.126577
