10 0.286668 0.625974 0.29137 0.626321 0.291835 0.613722 0.287132 0.613375
10 0.390273 0.346588 0.397208 0.346369 0.396828 0.322264 0.389894 0.322483
10 0.880639 0.205627 0.884609 0.205674 0.884676 0.19448 0.880706 0.194433
10 0.320309 0.627501 0.325534 0.627377 0.325378 0.614187 0.320152 0.614312
10 0.892266 0.208351 0.896239 0.208449 0.896386 0.196424 0.892414 0.196326
10 0.883983 0.235825 0.88804 0.235965 0.88821 0.226113 0.884154 0.225973
10 0.848789 0.204976 0.853042 0.205019 0.853102 0.193111 0.848849 0.193068
10 0.114455 0.305207 0.114492 0.311856 0.122637 0.311766 0.1226 0.305116
10 0.328842 0.627462 0.333612 0.627178 0.333219 0.614002 0.32845 0.614285
10 0.122523 0.33881 0.122571 0.33236 0.114216 0.332233 0.114167 0.338683
10 0.313914 0.626647 0.318226 0.626491 0.317998 0.613915 0.313686 0.614071
10 0.122672 0.358431 0.122812 0.351247 0.113991 0.350901 0.11385 0.358086
10 0.861384 0.236329 0.865372 0.236449 0.865527 0.226123 0.861539 0.226004
10 0.905252 0.110886 0.91073 0.111246 0.911187 0.0973369 0.905709 0.0969768
10 0.868856 0.236378 0.872586 0.236417 0.872641 0.22589 0.868911 0.225851
10 0.914082 0.109883 0.919143 0.11009 0.919416 0.0966614 0.914356 0.0964551
10 0.114088 0.315589 0.114185 0.321406 0.122609 0.321124 0.122512 0.315307
10 0.891178 0.23626 0.895556 0.23639 0.895705 0.226393 0.891327 0.226263
10 0.122388 0.341058 0.122477 0.334417 0.114024 0.33419 0.113935 0.340831
10 0.923136 0.108165 0.927452 0.108229 0.927555 0.0944608 0.923239 0.0943961
10 0.864267 0.206116 0.868401 0.206189 0.868502 0.194846 0.864368 0.194772
10 0.845595 0.236085 0.849541 0.236095 0.849553 0.225921 0.845608 0.225912
10 0.114312 0.324348 0.114369 0.330249 0.122521 0.330091 0.122464 0.324191
10 0.28188 0.625799 0.28613 0.625977 0.286387 0.613686 0.282138 0.613507
10 0.390677 0.477122 0.397378 0.476724 0.396713 0.454305 0.390011 0.454703
10 0.306993 0.626153 0.311535 0.626125 0.311498 0.613608 0.306956 0.613635
10 0.885717 0.206076 0.889614 0.206029 0.889546 0.194568 0.885649 0.194614
10 0.430789 0.615112 0.435342 0.615309 0.435602 0.603344 0.431049 0.603147
10 0.301188 0.626754 0.306064 0.626813 0.306143 0.613631 0.301268 0.613573
10 0.85443 0.205437 0.858514 0.205487 0.858587 0.193477 0.854503 0.193427
10 0.862053 0.20594 0.866044 0.205992 0.866119 0.194429 0.862128 0.194377
10 0.122542 0.234491 0.122719 0.227904 0.1146 0.227466 0.114423 0.234053
