2 0.36315 0.523529 0.363738 0.460418 0.282504 0.458902 0.281916 0.522014
7 0.616994 0.361139 0.617043 0.376963 0.645692 0.376786 0.645643 0.360962
7 0.616027 0.57757 0.616318 0.596639 0.646436 0.59572 0.646145 0.576652
7 0.616964 0.432966 0.617166 0.451798 0.650479 0.451083 0.650277 0.432251
7 0.64323 0.340841 0.643306 0.316548 0.620763 0.316407 0.620687 0.3407
0 0.363936 0.416218 0.364435 0.260554 0.249904 0.25982 0.249405 0.415483
7 0.653176 0.419005 0.653179 0.401039 0.617581 0.40103 0.617579 0.418996
7 0.473712 0.690305 0.473832 0.672355 0.432702 0.671805 0.432582 0.689755
7 0.252859 0.73762 0.252894 0.75953 0.319143 0.759315 0.319107 0.737406
7 0.509335 0.576264 0.509656 0.596766 0.5321 0.596062 0.531778 0.57556
7 0.617492 0.556239 0.617783 0.574321 0.653335 0.57318 0.653045 0.555097
7 0.577117 0.66146 0.598114 0.662736 0.599221 0.626293 0.578224 0.625018
2 0.245331 0.529908 0.245542 0.670979 0.350783 0.670665 0.350573 0.529594
12 0.387002 0.484444 0.387125 0.511371 0.498284 0.510362 0.498162 0.483434
7 0.616932 0.539833 0.61712 0.556861 0.651821 0.556096 0.651634 0.539068
3 0.352262 0.478158 0.364527 0.478268 0.365142 0.341723 0.352877 0.341612
7 0.523324 0.382876 0.531632 0.367657 0.520232 0.355209 0.511924 0.370428
7 0.242168 0.392206 0.251503 0.392125 0.251164 0.31346 0.241829 0.313541
7 0.522943 0.378989 0.535673 0.371377 0.530082 0.352674 0.517352 0.360285
13 0.357766 0.510719 0.372306 0.510551 0.372111 0.476678 0.357571 0.476846
7 0.462942 0.601798 0.470395 0.601835 0.47044 0.583818 0.462987 0.583781
7 0.446728 0.613872 0.45745 0.613843 0.45739 0.569833 0.446669 0.569862
2 0.357825 0.512577 0.372378 0.512414 0.37217 0.475324 0.357616 0.475488
