10 0.259502 0.561261 0.259793 0.553521 0.249351 0.552734 0.24906 0.560474
10 0.494188 0.373927 0.499133 0.374182 0.499503 0.35981 0.494558 0.359555
10 0.494331 0.649134 0.499283 0.649149 0.499304 0.634983 0.494352 0.634968
10 0.500984 0.373709 0.506046 0.373853 0.506243 0.360053 0.501181 0.359909
10 0.500528 0.649145 0.505651 0.649266 0.505816 0.635344 0.500693 0.635222
10 0.437017 0.319906 0.443218 0.31992 0.443236 0.303812 0.437035 0.303798
10 0.406352 0.319353 0.412274 0.319468 0.412434 0.302909 0.406512 0.302794
10 0.426201 0.318448 0.433202 0.318534 0.433298 0.302842 0.426297 0.302757
10 0.416096 0.319308 0.422124 0.31946 0.422325 0.303445 0.416297 0.303293
10 0.329449 0.374121 0.334557 0.374169 0.334626 0.359403 0.329519 0.359355
10 0.665507 0.373701 0.671067 0.373864 0.671273 0.359784 0.665713 0.359621
10 0.65836 0.37405 0.663526 0.374087 0.66358 0.359322 0.658413 0.359285
10 0.444211 0.781987 0.450762 0.782098 0.450906 0.765049 0.444355 0.764938
10 0.336275 0.373778 0.341222 0.373979 0.341517 0.359463 0.336571 0.359262
10 0.738934 0.561895 0.738971 0.553705 0.728031 0.553604 0.727993 0.561794
