7 0.610242 0.500264 0.611391 0.541072 0.719862 0.539546 0.718714 0.498738
7 0.532405 0.698442 0.532443 0.736518 0.670453 0.736449 0.670415 0.698373
7 0.372365 0.532934 0.37257 0.539397 0.393412 0.539066 0.393207 0.532603
7 0.610988 0.459268 0.612254 0.4873 0.672126 0.485948 0.67086 0.457916
15 0.42807 0.311455 0.490617 0.311777 0.491096 0.265239 0.428549 0.264917
7 0.384486 0.492911 0.384535 0.463821 0.270675 0.463726 0.270627 0.492815
15 0.483427 0.316703 0.483518 0.283828 0.429101 0.283752 0.42901 0.316628
7 0.607452 0.565689 0.607546 0.580892 0.688798 0.580639 0.688703 0.565436
7 0.345451 0.59874 0.345867 0.608981 0.378589 0.608316 0.378173 0.598076
7 0.271727 0.518277 0.271836 0.532724 0.331302 0.532498 0.331192 0.518051
7 0.526031 0.471046 0.52882 0.487892 0.560649 0.485257 0.55786 0.468411
0 0.763545 0.771463 0.76441 0.690633 0.249586 0.68788 0.248721 0.768709
7 0.342157 0.580113 0.342301 0.594791 0.392211 0.594546 0.392068 0.579868
7 0.56624 0.545518 0.566486 0.529116 0.506003 0.528662 0.505757 0.545065
7 0.579474 0.347801 0.579483 0.33305 0.528807 0.333036 0.528799 0.347787
7 0.568534 0.585469 0.56874 0.569748 0.514283 0.569391 0.514077 0.585113
15 0.424737 0.528837 0.425118 0.568337 0.491696 0.568015 0.491314 0.528516
7 0.37132 0.54267 0.371509 0.549809 0.393105 0.549523 0.392916 0.542384
15 0.42265 0.322426 0.423534 0.353562 0.472713 0.352864 0.471829 0.321728
15 0.428098 0.347905 0.428281 0.36969 0.48064 0.36947 0.480457 0.347684
15 0.425067 0.502989 0.425586 0.545984 0.48919 0.545601 0.488672 0.502606
15 0.480554 0.341822 0.480583 0.307196 0.420492 0.307171 0.420463 0.341797
12 0.430048 0.509818 0.460163 0.509831 0.460254 0.410377 0.430138 0.410363
7 0.51321 0.58602 0.513426 0.596069 0.576912 0.595386 0.576696 0.585338
15 0.42549 0.543461 0.425743 0.570668 0.484474 0.570396 0.484222 0.543189
7 0.375266 0.35602 0.375522 0.364352 0.390967 0.364114 0.39071 0.355782
15 0.490485 0.41634 0.491071 0.372575 0.428019 0.372153 0.427433 0.415918
7 0.372029 0.522384 0.372552 0.529659 0.39229 0.528949 0.391767 0.521674
15 0.472001 0.375648 0.475067 0.356922 0.438614 0.353938 0.435548 0.372665
7 0.482739 0.338708 0.482962 0.346014 0.501525 0.345731 0.501302 0.338425
2 0.427788 0.617339 0.480338 0.618064 0.481549 0.57417 0.428999 0.573444
7 0.357519 0.564109 0.357783 0.573408 0.403953 0.572754 0.40369 0.563456
7 0.38927 0.39468 0.389271 0.388532 0.373631 0.388531 0.373631 0.394679
4 0.526641 0.612025 0.543235 0.611851 0.542981 0.599741 0.526387 0.599915
7 0.386933 0.634885 0.387735 0.615441 0.345277 0.614565 0.344475 0.63401
15 0.428147 0.333558 0.492896 0.334353 0.494135 0.283916 0.429386 0.28312
7 0.373819 0.514162 0.374493 0.5202 0.388145 0.519438 0.387471 0.5134
4 0.525962 0.564359 0.540219 0.564305 0.54014 0.553794 0.525883 0.553848
7 0.374245 0.276046 0.374455 0.28283 0.393044 0.282543 0.392834 0.275758
9 0.421175 0.316873 0.422114 0.354728 0.591391 0.35263 0.590452 0.314774
7 0.484212 0.332965 0.484384 0.338881 0.502862 0.338612 0.50269 0.332697
7 0.371771 0.534353 0.371914 0.542267 0.395301 0.542057 0.395159 0.534143
7 0.375924 0.358382 0.376196 0.36777 0.394137 0.36751 0.393865 0.358122
7 0.375862 0.301861 0.376164 0.309589 0.396352 0.309195 0.39605 0.301467
15 0.488843 0.524889 0.490261 0.490986 0.425686 0.489635 0.424268 0.523539
13 0.484605 0.68829 0.520399 0.68824 0.520279 0.645678 0.484485 0.645729
4 0.495856 0.563676 0.495955 0.554611 0.477411 0.55451 0.477312 0.563575
2 0.485689 0.689921 0.519203 0.690014 0.519449 0.645508 0.485935 0.645416
15 0.409197 0.327155 0.447027 0.367221 0.528614 0.328709 0.490784 0.288642
7 0.612591 0.486508 0.612754 0.493672 0.629243 0.493485 0.62908 0.486321
15 0.402769 0.310352 0.436402 0.358917 0.554641 0.317978 0.521009 0.269413
3 0.648942 0.684542 0.667582 0.684215 0.665627 0.628435 0.646987 0.628762
4 0.447294 0.554757 0.447389 0.542758 0.427361 0.542679 0.427266 0.554677
7 0.376822 0.348687 0.378746 0.355916 0.395232 0.353722 0.393308 0.346494
15 0.48315 0.688098 0.521483 0.688176 0.521663 0.643825 0.48333 0.643747
15 0.401978 0.404003 0.500957 0.408204 0.508726 0.316697 0.409746 0.312496
15 0.404757 0.381355 0.503714 0.384658 0.510164 0.288054 0.411206 0.284751
7 0.647889 0.685966 0.666915 0.685979 0.666999 0.62556 0.647973 0.625547
0 0.445248 0.642768 0.446337 0.72809 0.75133 0.726142 0.75024 0.64082
4 0.502551 0.581119 0.502641 0.570025 0.473013 0.569905 0.472924 0.580999
15 0.426456 0.619151 0.482437 0.619399 0.482853 0.572425 0.426872 0.572178
0 0.506733 0.646115 0.50878 0.698636 0.735711 0.694212 0.733663 0.641691
