12 0.623935 0.224908 0.653531 0.22469 0.653072 0.100482 0.623477 0.100701
12 0.388962 0.64704 0.389501 0.689587 0.59037 0.684496 0.589831 0.641949
4 0.598715 0.259965 0.599195 0.231502 0.578752 0.230813 0.578272 0.259276
4 0.293479 0.696762 0.293886 0.715502 0.322292 0.714268 0.321886 0.695528
4 0.294153 0.74348 0.294514 0.763816 0.344314 0.762047 0.343953 0.74171
7 0.786639 0.359584 0.786906 0.376384 0.813137 0.375551 0.81287 0.358751
2 0.632783 0.604147 0.700913 0.604281 0.701037 0.477846 0.632907 0.477712
7 0.588846 0.293662 0.589023 0.3051 0.609337 0.30447 0.60916 0.293033
15 0.295078 0.708561 0.331 0.7083 0.330784 0.648572 0.294861 0.648833
12 0.345923 0.799562 0.346102 0.851329 0.623101 0.849418 0.622922 0.797652
7 0.75722 0.84947 0.757262 0.864352 0.780153 0.864225 0.780112 0.849343
4 0.586849 0.701087 0.595468 0.701036 0.595407 0.68056 0.586789 0.680611
4 0.336842 0.69952 0.347129 0.699341 0.346876 0.670284 0.336588 0.670463
12 0.0744978 0.635085 0.0749931 0.664024 0.230474 0.658701 0.229979 0.629762
4 0.661589 0.616286 0.669725 0.616276 0.669717 0.602486 0.661581 0.602496
12 0.333609 0.857 0.333933 0.883313 0.670866 0.875018 0.670542 0.848705
12 0.295798 0.856201 0.301565 0.89121 0.586032 0.797474 0.580264 0.762465
4 0.750809 0.296956 0.763727 0.29697 0.763738 0.277837 0.75082 0.277822
7 0.58989 0.305367 0.59056 0.317992 0.606882 0.31626 0.606213 0.303635
2 0.635373 0.770765 0.678314 0.770735 0.678279 0.669886 0.635337 0.669916
15 0.217117 0.813788 0.21737 0.8522 0.261088 0.851624 0.260836 0.813213
7 0.769515 0.278652 0.769548 0.295862 0.794965 0.295767 0.794933 0.278557
15 0.275845 0.775025 0.344764 0.776001 0.345671 0.647903 0.276752 0.646927
7 0.666954 0.224771 0.667104 0.236707 0.691802 0.236088 0.691653 0.224152
7 0.666075 0.221451 0.666151 0.237158 0.713657 0.236702 0.713582 0.220995
7 0.754787 0.865479 0.755005 0.876851 0.769175 0.876307 0.768957 0.864935
12 0.644057 0.217834 0.664093 0.217941 0.664394 0.105654 0.644357 0.105547
7 0.590537 0.282666 0.59068 0.295818 0.610121 0.295395 0.609978 0.282243
4 0.802581 0.29652 0.815994 0.296682 0.816113 0.27686 0.8027 0.276699
12 0.445374 0.863779 0.445558 0.890417 0.646934 0.887633 0.64675 0.860995
15 0.62659 0.260638 0.65933 0.258864 0.657695 0.198511 0.624955 0.200285
4 0.638799 0.669262 0.638886 0.65312 0.613416 0.652845 0.613329 0.668986
9 0.110512 0.790752 0.110868 0.847916 0.214292 0.846629 0.213936 0.789465
12 0.609122 0.576983 0.637223 0.576771 0.636257 0.321217 0.608156 0.321429
4 0.670521 0.530959 0.670582 0.548882 0.726718 0.548502 0.726657 0.530578
7 0.182985 0.555746 0.183163 0.566236 0.198585 0.565712 0.198407 0.555222
7 0.736934 0.766561 0.742643 0.766555 0.742632 0.747726 0.736924 0.747732
4 0.798351 0.666539 0.812989 0.666073 0.812282 0.621595 0.797643 0.62206
2 0.309324 0.852882 0.309608 0.815495 0.265215 0.814821 0.264931 0.852208
7 0.951452 0.729591 0.959008 0.729571 0.95898 0.708856 0.951424 0.708876
4 0.463854 0.85803 0.463958 0.873848 0.476076 0.873689 0.475972 0.857871
4 0.347761 0.770572 0.348381 0.746397 0.323451 0.745118 0.322831 0.769292
7 0.568093 0.442271 0.57498 0.442371 0.575119 0.423213 0.568232 0.423113
7 0.675491 0.216489 0.681421 0.225295 0.694933 0.207096 0.689003 0.19829
9 0.67499 0.320702 0.67543 0.278662 0.582348 0.27671 0.581907 0.318751
4 0.670823 0.874607 0.68033 0.875725 0.681346 0.858451 0.671838 0.857334
7 0.663173 0.209477 0.663705 0.235147 0.71126 0.233173 0.710727 0.207503
4 0.68395 0.384052 0.684237 0.394014 0.696936 0.393283 0.69665 0.383321
4 0.692714 0.428643 0.692957 0.451817 0.759967 0.450415 0.759724 0.427242
13 0.578999 0.259618 0.598153 0.259582 0.598127 0.231601 0.578973 0.231636
7 0.0216424 0.76189 0.0358777 0.762264 0.0361973 0.737917 0.0219619 0.737543
4 0.298121 0.671363 0.300531 0.660276 0.288886 0.655213 0.286476 0.6663
7 0.783534 0.232713 0.783551 0.255111 0.845276 0.255019 0.845259 0.232621
4 0.701438 0.260373 0.70852 0.268072 0.71508 0.256004 0.707997 0.248305
7 0.797139 0.252916 0.797218 0.236625 0.723442 0.235912 0.723364 0.252202
9 0.663907 0.256292 0.664124 0.337253 0.854125 0.336234 0.853908 0.255274
7 0.958215 0.755764 0.964923 0.755773 0.964935 0.737073 0.958226 0.737065
15 0.667358 0.282995 0.667363 0.334929 0.71364 0.33492 0.713635 0.282986
9 0.211222 0.614047 0.211485 0.655804 0.328568 0.654324 0.328304 0.612567
9 0.720024 0.24464 0.720126 0.196444 0.634286 0.196081 0.634184 0.244277
4 0.65931 0.47537 0.659486 0.464625 0.642718 0.464073 0.642542 0.474818
4 0.243337 0.632529 0.243351 0.647827 0.269269 0.647781 0.269255 0.632482
2 0.360586 0.705975 0.374602 0.705443 0.373508 0.647793 0.359492 0.648326
2 0.61512 0.770348 0.63836 0.770699 0.639264 0.650948 0.616025 0.650597
4 0.616496 0.76694 0.616761 0.781805 0.640078 0.780972 0.639812 0.766107
7 0.680977 0.212557 0.687407 0.212648 0.687543 0.193501 0.681113 0.193409
15 0.619193 0.279386 0.668766 0.283598 0.672284 0.200775 0.622711 0.196563
4 0.363187 0.709709 0.37593 0.708733 0.373576 0.647289 0.360834 0.648265
7 0.0229987 0.760241 0.0411951 0.760521 0.0414544 0.726828 0.0232581 0.726548
7 0.146658 0.865585 0.146768 0.875556 0.160972 0.875241 0.160861 0.865271
7 0.253794 0.767319 0.253845 0.779313 0.304692 0.778874 0.30464 0.76688
7 0.780988 0.224175 0.781056 0.237611 0.81022 0.237314 0.810151 0.223878
15 0.559225 0.300481 0.649221 0.301284 0.649885 0.152327 0.559889 0.151524
15 0.605747 0.288138 0.667138 0.287757 0.666658 0.133376 0.605267 0.133757
4 0.682443 0.4822 0.682455 0.466962 0.666312 0.466936 0.6663 0.482174
4 0.673068 0.307866 0.67324 0.29434 0.659295 0.293986 0.659123 0.307511
4 0.605002 0.198174 0.614422 0.198169 0.614416 0.173917 0.604996 0.173922
9 0.739981 0.271661 0.754336 0.348921 0.828004 0.321545 0.813649 0.244284
9 0.0755285 0.848353 0.0759413 0.89533 0.248849 0.892291 0.248436 0.845314
