7 0.429466 0.187877 0.42948 0.205072 0.453908 0.205031 0.453893 0.187836
7 0.494935 0.206569 0.494949 0.193773 0.467334 0.193711 0.467319 0.206507
7 0.507255 0.188635 0.507341 0.202788 0.544808 0.202331 0.544722 0.188179
7 0.364648 0.721507 0.364651 0.707218 0.332618 0.707204 0.332615 0.721492
7 0.451495 0.515617 0.451518 0.535023 0.487287 0.534938 0.487264 0.515532
7 0.452075 0.462459 0.452264 0.48097 0.492561 0.480146 0.492372 0.461635
7 0.631694 0.806017 0.635681 0.850274 0.676035 0.843001 0.672048 0.798744
7 0.36568 0.683563 0.365695 0.669888 0.332557 0.669815 0.332542 0.683491
7 0.466819 0.574373 0.467164 0.596748 0.503001 0.595645 0.502657 0.573269
7 0.497254 0.416183 0.49727 0.401817 0.471675 0.401757 0.471658 0.416123
7 0.589974 0.271776 0.589993 0.28477 0.617374 0.284691 0.617356 0.271697
7 0.581801 0.206787 0.581801 0.194175 0.555348 0.194174 0.555348 0.206786
7 0.319938 0.527804 0.319981 0.541383 0.346597 0.541214 0.346554 0.527635
7 0.63288 0.873453 0.633052 0.887552 0.655737 0.886996 0.655564 0.872897
2 0.685286 0.383101 0.685981 0.330417 0.580657 0.327637 0.579962 0.380321
7 0.593999 0.861654 0.594162 0.825824 0.446169 0.824477 0.446006 0.860307
7 0.422523 0.30859 0.422654 0.324689 0.45863 0.324102 0.458499 0.308003
4 0.416981 0.49915 0.43093 0.477062 0.41502 0.456963 0.40107 0.479051
7 0.693058 0.871443 0.693113 0.844782 0.636058 0.844545 0.636003 0.871205
7 0.472134 0.39627 0.472168 0.410095 0.496636 0.409974 0.496601 0.396148
7 0.47546 0.250676 0.475726 0.279592 0.524713 0.278689 0.524447 0.249774
7 0.623078 0.811733 0.628532 0.907736 0.707248 0.898791 0.701794 0.802788
2 0.375466 0.543441 0.423767 0.544146 0.424446 0.451041 0.376145 0.450336
3 0.539088 0.350443 0.562995 0.350328 0.562758 0.251552 0.53885 0.251667
15 0.369771 0.741944 0.416334 0.741772 0.416107 0.618375 0.369544 0.618547
9 0.424721 0.171818 0.425948 0.23325 0.588894 0.226741 0.587667 0.165309
2 0.369733 0.376426 0.37009 0.443587 0.476161 0.442459 0.475803 0.375298
15 0.370973 0.745269 0.403716 0.745738 0.404249 0.671438 0.371506 0.670969
4 0.496239 0.631042 0.496746 0.602405 0.476305 0.601681 0.475797 0.630318
7 0.524475 0.827834 0.524562 0.804948 0.440817 0.804318 0.440731 0.827203
4 0.416953 0.605194 0.416976 0.595819 0.403747 0.595756 0.403725 0.605132
15 0.365102 0.745909 0.445504 0.746639 0.446193 0.594963 0.365791 0.594232
2 0.421947 0.252332 0.422052 0.279153 0.465455 0.278816 0.465351 0.251995
2 0.473002 0.24979 0.473015 0.278434 0.524632 0.278389 0.524619 0.249744
9 0.37262 0.582194 0.378974 0.647257 0.446438 0.634077 0.440084 0.569015
7 0.631553 0.848988 0.635262 0.872742 0.655398 0.866453 0.651689 0.842698
7 0.407862 0.649211 0.407928 0.660259 0.433571 0.659952 0.433505 0.648903
9 0.373613 0.376837 0.373789 0.449414 0.479499 0.448902 0.479324 0.376324
7 0.419413 0.28464 0.419518 0.30178 0.457863 0.301309 0.457757 0.28417
4 0.405413 0.466556 0.405605 0.488582 0.435758 0.488054 0.435566 0.466028
15 0.372611 0.693227 0.414117 0.693225 0.414115 0.611567 0.372609 0.611569
2 0.452501 0.287252 0.476536 0.297461 0.484333 0.260742 0.460299 0.250533
4 0.548344 0.26777 0.548479 0.252012 0.536597 0.251808 0.536462 0.267565
13 0.389376 0.66463 0.403579 0.664662 0.403622 0.626846 0.389419 0.626813
7 0.379822 0.593799 0.380052 0.607824 0.409133 0.606867 0.408902 0.592842
12 0.539206 0.34917 0.571813 0.348974 0.571505 0.246543 0.538898 0.246739
4 0.409024 0.531945 0.415973 0.536449 0.421085 0.520674 0.414136 0.51617
9 0.474832 0.251262 0.475143 0.277862 0.524769 0.276701 0.524458 0.250101
7 0.457333 0.309426 0.457378 0.28939 0.420449 0.289225 0.420404 0.30926
9 0.412388 0.604924 0.412414 0.594505 0.400704 0.594446 0.400678 0.604865
7 0.38031 0.596098 0.38087 0.605829 0.394487 0.604262 0.393927 0.594531
