7 0.669472 0.173079 0.669641 0.186767 0.69517 0.186134 0.695 0.172445
7 0.593442 0.789685 0.593454 0.803068 0.61372 0.80303 0.613708 0.789647
7 0.613618 0.774749 0.613679 0.760953 0.594736 0.760784 0.594674 0.77458
7 0.668468 0.158992 0.668537 0.173652 0.694 0.17341 0.693931 0.15875
4 0.599256 0.737382 0.599688 0.709921 0.578862 0.709266 0.578431 0.736727
2 0.712565 0.688085 0.712702 0.645221 0.651468 0.644831 0.651332 0.687695
4 0.31409 0.363582 0.314222 0.341628 0.288452 0.34132 0.288321 0.363274
7 0.79197 0.310243 0.792153 0.328259 0.818365 0.327727 0.818182 0.309711
7 0.775452 0.228722 0.775478 0.245449 0.801589 0.245368 0.801564 0.228641
12 0.210339 0.27233 0.230992 0.272132 0.230439 0.156562 0.209786 0.156759
2 0.635756 0.604185 0.679746 0.604415 0.680081 0.476256 0.636091 0.476026
2 0.628769 0.44928 0.674784 0.44852 0.673358 0.2758 0.627343 0.27656
4 0.709094 0.644025 0.709364 0.669126 0.77711 0.667667 0.77684 0.642566
4 0.59858 0.208987 0.599296 0.182377 0.580189 0.18135 0.579474 0.20796
15 0.603835 0.765729 0.669381 0.767594 0.671086 0.647744 0.60554 0.64588
4 0.809006 0.248016 0.822113 0.24805 0.82214 0.228094 0.809032 0.228059
15 0.623283 0.743658 0.658138 0.742537 0.657191 0.683588 0.622336 0.684708
4 0.209532 0.327501 0.221854 0.32715 0.221502 0.302429 0.20918 0.30278
4 0.75585 0.246313 0.768463 0.246219 0.768391 0.226663 0.755778 0.226757
15 0.621317 0.714728 0.656549 0.714282 0.656163 0.653093 0.62093 0.653539
15 0.5596 0.778536 0.655189 0.783587 0.659127 0.634524 0.563539 0.629473
15 0.619562 0.240482 0.619652 0.285711 0.669612 0.285513 0.669522 0.240284
9 0.674252 0.217991 0.675031 0.280096 0.84762 0.275762 0.84684 0.213657
4 0.285859 0.39413 0.286044 0.411849 0.316132 0.411222 0.315947 0.393503
12 0.631332 0.849494 0.652867 0.848652 0.651358 0.771445 0.629823 0.772286
15 0.572118 0.274731 0.644138 0.276661 0.645771 0.154734 0.573751 0.152804
4 0.688357 0.565835 0.688642 0.587702 0.732546 0.586558 0.732261 0.564691
7 0.186087 0.471738 0.18617 0.482374 0.198241 0.482184 0.198158 0.471549
12 0.624563 0.846799 0.646707 0.846564 0.646313 0.772379 0.624169 0.772614
7 0.739181 0.769798 0.746733 0.769833 0.746773 0.752851 0.739221 0.752815
15 0.627137 0.719866 0.627537 0.745969 0.655322 0.745117 0.654922 0.719014
15 0.593611 0.269329 0.66561 0.272202 0.667886 0.158112 0.595887 0.15524
4 0.583753 0.234212 0.593491 0.23445 0.593737 0.21433 0.583999 0.214092
12 0.613497 0.636569 0.631251 0.636832 0.632401 0.481839 0.614646 0.481576
12 0.0640067 0.28292 0.0642403 0.312728 0.219678 0.310292 0.219444 0.280484
15 0.665128 0.235389 0.665388 0.293326 0.717977 0.292854 0.717717 0.234917
4 0.719667 0.615355 0.727707 0.615472 0.727897 0.589282 0.719858 0.589165
4 0.67354 0.459379 0.673843 0.478874 0.741314 0.476777 0.741011 0.457282
4 0.69543 0.390728 0.69552 0.405842 0.754188 0.405142 0.754098 0.390027
4 0.259101 0.302503 0.259163 0.317185 0.297351 0.316865 0.297289 0.302183
4 0.687032 0.476172 0.697744 0.501396 0.740578 0.465011 0.729866 0.439787
7 0.794138 0.744853 0.794161 0.758906 0.817618 0.758832 0.817596 0.744779
0 0.744746 0.566872 0.746452 0.744943 0.895755 0.74208 0.894048 0.564009
4 0.217718 0.296142 0.218505 0.325509 0.287413 0.321814 0.286626 0.292446
9 0.758411 0.222617 0.759019 0.257123 0.822557 0.254883 0.821949 0.220377
9 0.213242 0.442569 0.214123 0.487216 0.302364 0.483732 0.301482 0.439084
12 0.372231 0.294611 0.372345 0.331828 0.504837 0.331018 0.504724 0.293802
2 0.686169 0.590994 0.723158 0.591312 0.723721 0.460341 0.686733 0.460023
7 0.666216 0.167998 0.666475 0.18664 0.716487 0.185247 0.716228 0.166605
4 0.569823 0.355751 0.58258 0.355422 0.581747 0.290948 0.568989 0.291277
15 0.715212 0.750261 0.715232 0.69779 0.66617 0.697753 0.66615 0.750224
7 0.857597 0.187991 0.857665 0.228319 0.958724 0.227975 0.958656 0.187648
15 0.585 0.233886 0.636212 0.234743 0.636889 0.153777 0.585678 0.15292
15 0.603476 0.296887 0.670549 0.299114 0.672437 0.185358 0.605364 0.183131
9 0.678109 0.326338 0.679307 0.366765 0.726519 0.363967 0.725321 0.32354
9 0.299258 0.439027 0.299266 0.410658 0.191842 0.410598 0.191834 0.438967
4 0.261335 0.355775 0.261533 0.372414 0.274762 0.3721 0.274565 0.355461
4 0.270883 0.332051 0.277448 0.292529 0.228978 0.276426 0.222414 0.315947
2 0.702908 0.757188 0.717576 0.715681 0.68457 0.692352 0.669903 0.73386
7 0.556658 0.60573 0.564495 0.605777 0.564558 0.584872 0.556721 0.584825
2 0.629531 0.690602 0.629594 0.720349 0.65366 0.720246 0.653597 0.6905
7 0.728998 0.175249 0.72924 0.202783 0.850459 0.200645 0.850216 0.173112
9 0.671456 0.385891 0.672049 0.431256 0.751308 0.429182 0.750715 0.383817
9 0.747788 0.212 0.748863 0.277868 0.847204 0.274656 0.846129 0.208788
12 0.620962 0.627609 0.638348 0.627615 0.638375 0.469195 0.620989 0.469189
7 0.5674 0.745625 0.567519 0.761318 0.583706 0.761073 0.583588 0.745381
4 0.684793 0.334935 0.686465 0.345735 0.697944 0.342179 0.696272 0.331379
15 0.61569 0.310185 0.703179 0.31545 0.707109 0.184819 0.61962 0.179554
15 0.647706 0.311058 0.721497 0.312196 0.722449 0.18876 0.648657 0.187622
4 0.694984 0.360047 0.695087 0.372579 0.726941 0.372051 0.726837 0.359519
0 0.217532 0.804845 0.312075 0.802124 0.306626 0.423502 0.212084 0.426223
4 0.640525 0.314013 0.640542 0.301114 0.620752 0.301061 0.620734 0.31396
13 0.615365 0.184689 0.61547 0.156938 0.592727 0.156766 0.592622 0.184517
15 0.647502 0.795535 0.718162 0.797799 0.720032 0.681058 0.649372 0.678795
3 0.208332 0.278171 0.232532 0.278491 0.23325 0.169922 0.20905 0.169602
13 0.579313 0.710111 0.579333 0.736746 0.598599 0.736717 0.598579 0.710082
9 0.71313 0.202044 0.713365 0.149098 0.625767 0.14832 0.625532 0.201266
4 0.648342 0.345544 0.656634 0.345037 0.656095 0.327363 0.647803 0.327869
2 0.664445 0.461126 0.664715 0.483264 0.741555 0.481388 0.741285 0.45925
4 0.230485 0.299286 0.230489 0.315703 0.299876 0.315665 0.299872 0.299247
4 0.584146 0.706321 0.593808 0.706016 0.593451 0.68342 0.583788 0.683726
7 0.686526 0.788247 0.686534 0.802501 0.714865 0.80247 0.714857 0.788216
4 0.708223 0.667891 0.723855 0.674025 0.728949 0.648058 0.713317 0.641925
9 0.650713 0.456574 0.651217 0.488084 0.730629 0.485543 0.730125 0.454033
7 0.668408 0.785843 0.668499 0.805971 0.710438 0.805594 0.710347 0.785465
7 0.261962 0.35454 0.262122 0.372516 0.275242 0.372284 0.275083 0.354307
4 0.586984 0.651865 0.599892 0.652007 0.600001 0.632062 0.587093 0.631921
2 0.710873 0.709651 0.710952 0.691065 0.669518 0.690714 0.669439 0.7093
7 0.259651 0.302773 0.259669 0.316671 0.294008 0.316584 0.29399 0.302686
15 0.602119 0.843302 0.672603 0.845193 0.674618 0.694903 0.604135 0.693012
12 0.210146 0.474863 0.21026 0.433211 0.0750799 0.432473 0.0749662 0.474124
9 0.673631 0.39265 0.674088 0.443077 0.732647 0.442015 0.73219 0.391589
15 0.708433 0.805315 0.719609 0.738699 0.671028 0.722397 0.659852 0.789013
7 0.550499 0.769113 0.557661 0.769182 0.557734 0.753765 0.550572 0.753697
0 0.0549919 0.306709 0.0551033 0.427502 0.28501 0.427078 0.284898 0.306285
9 0.565041 0.219667 0.565282 0.291401 0.63365 0.29094 0.633408 0.219207
15 0.622989 0.840191 0.701646 0.842547 0.703774 0.700397 0.625117 0.698042
9 0.206272 0.286186 0.208028 0.324371 0.300902 0.315829 0.299146 0.277643
4 0.661364 0.325738 0.661418 0.313321 0.646838 0.313194 0.646785 0.325612
9 0.20658 0.253586 0.207374 0.302442 0.307461 0.299186 0.306666 0.250329
4 0.293949 0.441257 0.305372 0.440693 0.304326 0.398359 0.292903 0.398923
9 0.217237 0.23573 0.217832 0.29272 0.319683 0.290594 0.319088 0.233604
3 0.570146 0.352587 0.583256 0.352305 0.582603 0.291591 0.569494 0.291873
4 0.735679 0.480516 0.736237 0.456517 0.702693 0.454956 0.702135 0.478956
13 0.61457 0.637721 0.628442 0.637923 0.629677 0.468299 0.615806 0.468097
2 0.654174 0.689384 0.654275 0.657133 0.627495 0.656966 0.627394 0.689217
2 0.652219 0.44236 0.652309 0.458079 0.711908 0.457396 0.711818 0.441678
15 0.622963 0.287317 0.623803 0.316975 0.666469 0.314557 0.665629 0.2849
9 0.714296 0.747944 0.71451 0.701885 0.667524 0.701449 0.667311 0.747507
