7 0.582496 0.540762 0.582987 0.603334 0.673033 0.601922 0.672542 0.53935
7 0.377815 0.693088 0.377934 0.707706 0.403995 0.70728 0.403875 0.692663
7 0.519695 0.488875 0.520587 0.517645 0.550047 0.515817 0.549155 0.487047
7 0.584786 0.472288 0.585551 0.517502 0.636719 0.51577 0.635955 0.470557
7 0.630884 0.909079 0.630928 0.850122 0.521548 0.849959 0.521504 0.908916
7 0.321773 0.569 0.321828 0.58841 0.365399 0.58816 0.365344 0.56875
15 0.488998 0.238352 0.48932 0.175167 0.441961 0.174684 0.441639 0.23787
7 0.522765 0.275528 0.522854 0.29872 0.561678 0.298421 0.561589 0.27523
7 0.583427 0.638746 0.583637 0.664622 0.64912 0.663557 0.64891 0.637681
15 0.484519 0.251583 0.485083 0.202748 0.441854 0.20175 0.44129 0.250585
7 0.31777 0.484374 0.317833 0.524813 0.409483 0.524525 0.40942 0.484087
7 0.548299 0.607452 0.548462 0.582188 0.50467 0.581624 0.504507 0.606889
7 0.398463 0.572838 0.398642 0.581655 0.411906 0.581117 0.411727 0.5723
7 0.556143 0.671231 0.556252 0.648573 0.509694 0.648126 0.509585 0.670783
7 0.377771 0.721403 0.378121 0.748829 0.409601 0.748025 0.409251 0.720599
15 0.475868 0.297464 0.475968 0.251917 0.439926 0.251758 0.439826 0.297305
7 0.398284 0.60554 0.398502 0.616081 0.413611 0.615454 0.413392 0.604914
7 0.376787 0.670408 0.376829 0.689745 0.414062 0.689582 0.414019 0.670244
15 0.442042 0.303108 0.442142 0.343894 0.484267 0.343687 0.484166 0.302901
7 0.399038 0.560442 0.399347 0.569727 0.412918 0.568821 0.412608 0.559536
15 0.491256 0.603914 0.491404 0.52824 0.436174 0.528024 0.436026 0.603699
7 0.399072 0.590391 0.399317 0.600659 0.412986 0.600007 0.412741 0.589739
7 0.48847 0.27593 0.48866 0.286089 0.502914 0.285558 0.502724 0.275399
7 0.509244 0.673107 0.509452 0.689521 0.559223 0.68826 0.559015 0.671847
15 0.441797 0.265606 0.442143 0.308786 0.47909 0.308195 0.478745 0.265015
15 0.48961 0.645617 0.489658 0.605524 0.439017 0.605402 0.438968 0.645495
7 0.401237 0.313427 0.406095 0.328049 0.418795 0.319609 0.413937 0.304987
15 0.436558 0.322349 0.485756 0.323088 0.486327 0.247039 0.437129 0.2463
7 0.401814 0.228653 0.401973 0.238286 0.415441 0.237841 0.415282 0.228208
15 0.492165 0.401 0.492253 0.329373 0.439439 0.329242 0.43935 0.40087
12 0.443345 0.544367 0.467787 0.544371 0.467798 0.393069 0.443355 0.393066
7 0.485644 0.286188 0.48573 0.295684 0.502543 0.295378 0.502456 0.285882
15 0.437009 0.29352 0.487943 0.295193 0.489404 0.206226 0.43847 0.204552
2 0.441416 0.713067 0.484549 0.714468 0.485549 0.65287 0.442416 0.651468
7 0.403886 0.298549 0.405091 0.309623 0.414858 0.307497 0.413653 0.296423
7 0.412071 0.19784 0.414232 0.186043 0.40434 0.18242 0.402179 0.194217
0 0.29628 0.833688 0.296889 0.965667 0.666863 0.96225 0.666254 0.830271
7 0.522922 0.874773 0.523078 0.910488 0.634064 0.909516 0.633908 0.873801
7 0.386169 0.638619 0.386182 0.652555 0.421985 0.652489 0.421972 0.638552
3 0.61629 0.827106 0.631881 0.826522 0.630247 0.739197 0.614655 0.73978
7 0.403069 0.311077 0.403756 0.326556 0.422878 0.324858 0.422191 0.309379
7 0.397854 0.314888 0.404204 0.328229 0.414903 0.318042 0.408553 0.304701
7 0.490477 0.238369 0.49055 0.252259 0.509556 0.252058 0.509483 0.238168
4 0.518845 0.621226 0.518943 0.639416 0.534213 0.639252 0.534115 0.621062
9 0.445685 0.251549 0.446058 0.308611 0.569779 0.306995 0.569407 0.249934
7 0.623091 0.875165 0.623121 0.848709 0.5263 0.848486 0.52627 0.874942
7 0.405442 0.299375 0.406059 0.308276 0.419 0.306483 0.418384 0.297582
0 0.489209 0.761699 0.489514 0.854285 0.688009 0.852979 0.687705 0.760394
7 0.519171 0.621597 0.519202 0.63945 0.534019 0.639398 0.533988 0.621545
4 0.45602 0.370829 0.465643 0.3709 0.465723 0.348855 0.456101 0.348785
7 0.414614 0.333895 0.418274 0.317867 0.405629 0.312092 0.401969 0.328119
7 0.41287 0.373912 0.4129 0.364204 0.400023 0.364125 0.399994 0.373834
7 0.532413 0.71298 0.533258 0.69534 0.519857 0.694056 0.519012 0.711696
2 0.482384 0.842109 0.517155 0.839261 0.514458 0.773393 0.479687 0.77624
12 0.442523 0.17369 0.46376 0.173746 0.463824 0.124478 0.442587 0.124423
4 0.532766 0.712191 0.533393 0.694714 0.519323 0.693703 0.518695 0.71118
15 0.434109 0.332959 0.509788 0.333496 0.510181 0.222579 0.434503 0.222042
13 0.486894 0.84135 0.51528 0.841471 0.515431 0.770602 0.487044 0.770481
7 0.511107 0.274724 0.511429 0.293526 0.554132 0.292062 0.553809 0.27326
7 0.403886 0.188476 0.40897 0.200804 0.418796 0.192699 0.413711 0.180371
4 0.48618 0.639192 0.496784 0.639077 0.496692 0.622099 0.486088 0.622214
15 0.48541 0.840855 0.515563 0.841094 0.515847 0.769388 0.485695 0.769149
7 0.398412 0.578027 0.398671 0.588047 0.414249 0.587241 0.41399 0.57722
15 0.409919 0.393725 0.496293 0.402626 0.504214 0.248889 0.417839 0.239988
15 0.440403 0.637571 0.440569 0.705575 0.488698 0.70534 0.488532 0.637336
7 0.406969 0.315111 0.409863 0.332947 0.425037 0.328023 0.422143 0.310187
7 0.402873 0.30542 0.404172 0.318746 0.416349 0.316371 0.415049 0.303045
7 0.408602 0.699101 0.40864 0.683344 0.376477 0.683186 0.376438 0.698943
4 0.474622 0.2093 0.474797 0.19166 0.45177 0.191203 0.451595 0.208842
7 0.40229 0.313544 0.402446 0.328168 0.429698 0.327585 0.429542 0.312961
