2 0.483924 0.743213 0.533695 0.743144 0.533435 0.64833 0.483664 0.648398
7 0.383255 0.618551 0.383413 0.628458 0.425147 0.628125 0.424989 0.618219
2 0.486564 0.341629 0.53124 0.341581 0.531082 0.26804 0.486406 0.268088
7 0.728015 0.605676 0.728153 0.581152 0.644737 0.580918 0.644599 0.605441
4 0.443296 0.279644 0.443548 0.291159 0.485213 0.290704 0.484961 0.279188
7 0.612791 0.146682 0.61286 0.128666 0.552992 0.128552 0.552923 0.146568
0 0.550652 0.233974 0.551787 0.385247 0.815168 0.384259 0.814033 0.232986
7 0.565524 0.1981 0.565531 0.206142 0.5995 0.206128 0.599493 0.198086
12 0.464976 0.905688 0.510415 0.905977 0.511679 0.806736 0.46624 0.806447
7 0.567397 0.70431 0.567445 0.716052 0.631643 0.715922 0.631595 0.70418
7 0.312611 0.464165 0.31272 0.480362 0.388517 0.480106 0.388408 0.463909
7 0.726281 0.210602 0.726558 0.186406 0.644421 0.185935 0.644143 0.210131
7 0.30923 0.859882 0.309329 0.875677 0.388267 0.875429 0.388168 0.859634
7 0.329001 0.618986 0.329123 0.627145 0.366105 0.626868 0.365983 0.618709
12 0.466585 0.496986 0.514137 0.497396 0.515612 0.41203 0.468061 0.411619
7 0.552509 0.157353 0.552638 0.168499 0.588852 0.168291 0.588724 0.157145
7 0.638159 0.551092 0.638203 0.566141 0.730169 0.566006 0.730125 0.550957
7 0.729702 0.170302 0.729859 0.154928 0.637536 0.154459 0.63738 0.169833
7 0.570349 0.287228 0.570501 0.303183 0.665171 0.302731 0.665018 0.286776
4 0.490892 0.755205 0.503893 0.755231 0.503961 0.738422 0.490959 0.738396
0 0.544445 0.624569 0.546041 0.766727 0.817216 0.765205 0.81562 0.623047
4 0.443386 0.676344 0.444037 0.688855 0.485087 0.687785 0.484435 0.675274
15 0.523474 0.601193 0.524943 0.560457 0.461175 0.559308 0.459706 0.600043
12 0.476466 0.162699 0.509555 0.162963 0.510424 0.108426 0.477336 0.108162
7 0.567735 0.185562 0.567915 0.19513 0.602283 0.194806 0.602103 0.185239
7 0.449901 0.165737 0.449946 0.15306 0.408959 0.152987 0.408914 0.165663
7 0.356723 0.899978 0.371421 0.900302 0.37243 0.877372 0.357732 0.877049
7 0.455849 0.140625 0.45591 0.129034 0.398653 0.128882 0.398591 0.140473
7 0.548852 0.800362 0.548952 0.815744 0.71865 0.81519 0.71855 0.799808
7 0.398412 0.12154 0.398413 0.132628 0.454611 0.132625 0.454609 0.121537
4 0.444377 0.253991 0.444549 0.265393 0.501953 0.264961 0.501781 0.253559
7 0.216702 0.468592 0.234218 0.46895 0.235273 0.443116 0.217757 0.442758
7 0.227044 0.478877 0.253439 0.478887 0.25347 0.435661 0.227076 0.435651
7 0.715231 0.421899 0.715273 0.405825 0.547028 0.405606 0.546986 0.42168
7 0.565716 0.692759 0.565822 0.702753 0.646367 0.702328 0.646261 0.692334
4 0.516278 0.735082 0.530092 0.735122 0.530165 0.722629 0.516351 0.722589
15 0.52654 0.415248 0.527142 0.37745 0.455988 0.376884 0.455386 0.414681
7 0.551542 0.147779 0.551817 0.157978 0.601686 0.157306 0.601411 0.147107
4 0.406556 0.677062 0.407037 0.662357 0.385493 0.662005 0.385013 0.67671
7 0.398058 0.136504 0.39806 0.148156 0.456927 0.148152 0.456925 0.1365
15 0.517974 0.611333 0.528924 0.577337 0.46977 0.56781 0.45882 0.601805
7 0.374182 0.584445 0.374229 0.59597 0.438771 0.595838 0.438723 0.584313
15 0.461922 0.559626 0.462142 0.583595 0.518123 0.583339 0.517903 0.55937
9 0.343111 0.212433 0.343315 0.24446 0.537722 0.243838 0.537517 0.211812
7 0.627606 0.126826 0.629345 0.13747 0.650783 0.135718 0.649043 0.125074
7 0.360041 0.44697 0.360474 0.455896 0.381789 0.455379 0.381356 0.446452
7 0.253258 0.467945 0.268389 0.468088 0.268842 0.444143 0.25371 0.444
9 0.534333 0.20845 0.534656 0.177616 0.329678 0.176542 0.329355 0.207376
7 0.418606 0.830825 0.418811 0.83895 0.434059 0.838757 0.433853 0.830632
15 0.525671 0.813434 0.526724 0.77288 0.456547 0.771969 0.455494 0.812523
7 0.234941 0.207257 0.269985 0.207446 0.270534 0.156229 0.235491 0.15604
9 0.330917 0.605879 0.33176 0.644771 0.53393 0.642579 0.533087 0.603687
9 0.514594 0.174234 0.514836 0.227384 0.772343 0.226798 0.772101 0.173647
7 0.328866 0.314697 0.3401 0.314827 0.340417 0.301134 0.329183 0.301004
4 0.444602 0.648744 0.444686 0.660065 0.504715 0.659843 0.504631 0.648522
4 0.405886 0.282168 0.406192 0.267175 0.384816 0.266957 0.38451 0.28195
4 0.588326 0.663161 0.602109 0.662943 0.600242 0.603957 0.586459 0.604175
4 0.490455 0.258146 0.490529 0.267532 0.505218 0.267474 0.505144 0.258089
4 0.515849 0.340727 0.528888 0.340747 0.528931 0.327193 0.515892 0.327172
7 0.606218 0.206617 0.616101 0.206468 0.615786 0.195987 0.605903 0.196136
7 0.432772 0.443098 0.432803 0.434396 0.418672 0.43437 0.418641 0.443073
4 0.358702 0.643853 0.36972 0.643551 0.369244 0.634853 0.358226 0.635155
7 0.216118 0.694404 0.240834 0.69509 0.242266 0.669296 0.21755 0.66861
9 0.323786 0.570568 0.324438 0.604724 0.524631 0.602814 0.523979 0.568658
12 0.47817 0.559055 0.511896 0.559237 0.512479 0.505191 0.478753 0.505009
4 0.454486 0.426143 0.465715 0.426119 0.465669 0.415255 0.45444 0.415279
7 0.5639 0.694197 0.563982 0.70951 0.640957 0.709306 0.640875 0.693993
2 0.591925 0.273847 0.592922 0.235015 0.537499 0.234303 0.536502 0.273135
7 0.447494 0.226805 0.447768 0.213015 0.346038 0.212004 0.345764 0.225794
7 0.329744 0.709399 0.340195 0.709379 0.34015 0.696998 0.329698 0.697017
9 0.335805 0.213032 0.33587 0.229349 0.520997 0.228983 0.520932 0.212666
7 0.359053 0.443566 0.372109 0.44357 0.372115 0.434027 0.359059 0.434023
7 0.590148 0.225312 0.599948 0.225312 0.599946 0.211453 0.590146 0.211454
9 0.522282 0.198823 0.527103 0.236613 0.640577 0.229375 0.635757 0.191585
4 0.599192 0.259506 0.617496 0.246027 0.591699 0.228509 0.573395 0.241988
4 0.253538 0.414854 0.253579 0.424777 0.26799 0.424748 0.267949 0.414825
3 0.588981 0.661095 0.602299 0.660953 0.601139 0.606577 0.587821 0.606719
7 0.605631 0.602594 0.615966 0.602624 0.616034 0.590739 0.605699 0.59071
4 0.589781 0.286407 0.589797 0.274758 0.508515 0.274702 0.508498 0.28635
4 0.516639 0.285245 0.52904 0.285411 0.529354 0.273695 0.516952 0.27353
2 0.830146 0.630433 0.830919 0.603845 0.786026 0.603192 0.785254 0.629781
7 0.359107 0.83837 0.370107 0.838321 0.370036 0.830429 0.359036 0.830479
4 0.480753 0.653091 0.480776 0.661498 0.503956 0.661466 0.503933 0.65306
7 0.505045 0.669018 0.505104 0.681037 0.62485 0.680743 0.624791 0.668724
3 0.51081 0.325834 0.511136 0.339813 0.624927 0.338486 0.624601 0.324506
4 0.55506 0.270081 0.565161 0.270145 0.565278 0.260898 0.555177 0.260834
12 0.510373 0.32402 0.510473 0.338119 0.6226 0.337721 0.6225 0.323622
4 0.45457 0.821767 0.466195 0.821678 0.465998 0.808773 0.454373 0.808862
2 0.522929 0.645245 0.52449 0.604631 0.460946 0.603409 0.459385 0.644024
7 0.57533 0.723556 0.575374 0.733467 0.622278 0.733363 0.622234 0.723452
4 0.465587 0.165304 0.46574 0.175846 0.524319 0.175419 0.524166 0.164877
4 0.489631 0.580977 0.505017 0.566462 0.481534 0.554016 0.466148 0.568531
7 0.552027 0.150163 0.552341 0.160084 0.59228 0.159453 0.591967 0.149533
7 0.576994 0.213689 0.590433 0.219897 0.609486 0.199272 0.596047 0.193064
7 0.235175 0.685825 0.248458 0.685984 0.248869 0.668779 0.235585 0.668621
9 0.32062 0.580479 0.321958 0.644054 0.545668 0.641699 0.54433 0.578124
