2 0.70796 0.494572 0.709107 0.431726 0.55733 0.430341 0.556183 0.493187
7 0.279146 0.407982 0.279812 0.442111 0.410538 0.440835 0.409871 0.406706
7 0.372975 0.315033 0.373047 0.335213 0.455657 0.335066 0.455585 0.314886
7 0.286879 0.442189 0.287141 0.468264 0.415755 0.467617 0.415493 0.441542
7 0.267837 0.282643 0.267907 0.312629 0.415779 0.312458 0.41571 0.282472
7 0.369942 0.387057 0.370542 0.398165 0.405861 0.397212 0.405261 0.386104
7 0.301268 0.666668 0.301729 0.700172 0.420294 0.699356 0.419833 0.665853
7 0.565679 0.348173 0.565753 0.357313 0.601366 0.35717 0.601292 0.34803
0 0.922182 0.750036 0.923722 0.663496 0.539184 0.660076 0.537644 0.746615
7 0.869028 0.490055 0.869407 0.456082 0.745621 0.455391 0.745241 0.489365
7 0.370699 0.361733 0.371086 0.372735 0.407806 0.37209 0.40742 0.361088
7 0.370169 0.374981 0.370689 0.385667 0.405004 0.384833 0.404484 0.374146
7 0.308678 0.654409 0.308678 0.665539 0.397877 0.665537 0.397877 0.654408
7 0.0997545 0.405702 0.100454 0.449347 0.238947 0.448237 0.238248 0.404592
7 0.744411 0.588091 0.744421 0.607546 0.807299 0.60753 0.807289 0.588075
7 0.0989674 0.454436 0.0990092 0.472529 0.210976 0.4724 0.210934 0.454307
7 0.701754 0.393131 0.701802 0.385518 0.677195 0.38544 0.677147 0.393053
7 0.680923 0.621952 0.681269 0.592564 0.587623 0.592013 0.587277 0.621401
7 0.167637 0.820788 0.167687 0.803948 0.0785986 0.803815 0.0785485 0.820655
7 0.626775 0.391727 0.626786 0.382321 0.569126 0.382287 0.569115 0.391693
7 0.380361 0.481139 0.380466 0.46866 0.287091 0.468265 0.286986 0.480745
2 0.475211 0.511418 0.550099 0.51034 0.54806 0.439558 0.473172 0.440637
2 0.474756 0.728513 0.5398 0.728796 0.541905 0.486615 0.476861 0.486333
7 0.61682 0.33885 0.61683 0.322605 0.55398 0.322585 0.55397 0.33883
9 0.552677 0.377144 0.554197 0.42853 0.735293 0.425852 0.733773 0.374466
7 0.562929 0.334422 0.563013 0.348058 0.647399 0.347798 0.647315 0.334163
4 0.611702 0.491719 0.630468 0.491762 0.630574 0.468662 0.611808 0.468619
7 0.233227 0.453212 0.233277 0.436712 0.103781 0.436516 0.103731 0.453017
2 0.299632 0.640567 0.454842 0.639767 0.452547 0.417147 0.297336 0.417947
4 0.510483 0.390768 0.523969 0.390739 0.523912 0.377633 0.510426 0.377662
9 0.724671 0.431134 0.725154 0.377802 0.464413 0.376622 0.46393 0.429954
7 0.853165 0.425611 0.866034 0.425678 0.866544 0.376206 0.853675 0.376139
0 0.558257 0.599348 0.695786 0.599381 0.695835 0.497459 0.558306 0.497426
7 0.561831 0.338295 0.561841 0.346103 0.605537 0.346076 0.605528 0.338269
4 0.530344 0.435355 0.53121 0.444884 0.562164 0.443476 0.561297 0.433947
4 0.506114 0.41753 0.506834 0.428388 0.532738 0.427529 0.532017 0.416671
7 0.285713 0.509693 0.298709 0.509646 0.298548 0.487454 0.285552 0.487502
0 0.868806 0.648401 0.86948 0.551688 0.719743 0.551167 0.71907 0.64788
0 0.71405 0.426729 0.714789 0.537474 0.892577 0.536881 0.891839 0.426136
7 0.906209 0.747364 0.906307 0.729247 0.850674 0.729096 0.850575 0.747214
7 0.609751 0.357424 0.609922 0.36542 0.628038 0.365226 0.627867 0.357231
9 0.464983 0.37196 0.466173 0.427181 0.564562 0.42612 0.563372 0.3709
7 0.444129 0.357495 0.444295 0.366218 0.475383 0.365923 0.475217 0.357199
2 0.465147 0.371186 0.465684 0.420915 0.591073 0.420237 0.590536 0.370509
0 0.554197 0.67176 0.699694 0.671013 0.69775 0.481804 0.552253 0.482552
4 0.468204 0.396828 0.468302 0.407867 0.520715 0.407635 0.520617 0.396597
9 0.482487 0.395769 0.482957 0.432042 0.561258 0.431535 0.560788 0.395261
