4 0.512883 0.691731 0.513186 0.66587 0.494779 0.665439 0.494476 0.6913
4 0.512206 0.594044 0.512418 0.570523 0.495389 0.570216 0.495177 0.593737
2 0.56354 0.834507 0.626676 0.835055 0.627274 0.697072 0.564138 0.696525
2 0.422942 0.670548 0.463276 0.670908 0.463698 0.576409 0.423364 0.576049
2 0.452021 0.488835 0.538973 0.489224 0.539489 0.258672 0.452537 0.258283
7 0.3081 0.51041 0.308153 0.538797 0.375 0.53855 0.374948 0.510162
7 0.280507 0.778915 0.280534 0.812741 0.365608 0.812607 0.365582 0.778782
2 0.519517 0.833721 0.551476 0.834328 0.55221 0.757086 0.520251 0.756478
7 0.473369 0.432005 0.473497 0.444519 0.493016 0.444119 0.492887 0.431605
2 0.457874 0.747292 0.458202 0.669217 0.334198 0.668176 0.33387 0.746251
7 0.329553 0.596449 0.329654 0.614 0.382688 0.613386 0.382587 0.595835
2 0.546061 0.695912 0.576214 0.696556 0.576758 0.645701 0.546605 0.645056
7 0.360794 0.507284 0.361008 0.488565 0.318656 0.487595 0.318442 0.506314
2 0.718256 0.840717 0.719836 0.732467 0.638817 0.730101 0.637237 0.838351
7 0.46754 0.415457 0.467626 0.429255 0.492885 0.428942 0.4928 0.415144
7 0.675571 0.40589 0.675638 0.391728 0.644728 0.391436 0.644661 0.405598
7 0.310268 0.539688 0.310356 0.557321 0.361507 0.556807 0.361419 0.539173
7 0.613628 0.407882 0.613654 0.382851 0.546617 0.382712 0.546591 0.407743
0 0.440394 0.852921 0.440472 0.762617 0.112471 0.762048 0.112393 0.852352
7 0.353769 0.445874 0.354024 0.458529 0.372947 0.457767 0.372692 0.445112
2 0.285668 0.62164 0.285999 0.557857 0.175008 0.556705 0.174677 0.620489
9 0.401557 0.495059 0.402545 0.540899 0.536637 0.535119 0.535649 0.489279
7 0.354701 0.461471 0.354839 0.474176 0.373639 0.473767 0.373501 0.461062
7 0.375843 0.685137 0.375946 0.664247 0.325426 0.663748 0.325323 0.684638
7 0.303031 0.890919 0.303138 0.867895 0.177905 0.866735 0.177798 0.889759
2 0.46683 0.745408 0.545586 0.74538 0.545556 0.577339 0.4668 0.577367
7 0.500888 0.407957 0.500935 0.390676 0.476445 0.390543 0.476398 0.407824
2 0.480034 0.710906 0.529452 0.711099 0.529659 0.604712 0.480241 0.604519
2 0.434367 0.771121 0.456729 0.703434 0.403593 0.668323 0.381232 0.736009
0 0.63449 0.373805 0.688292 0.374613 0.689196 0.254235 0.635394 0.253427
7 0.350551 0.430293 0.350834 0.445889 0.373995 0.445047 0.373712 0.42945
3 0.394208 0.833438 0.407227 0.833376 0.40696 0.721093 0.393941 0.721155
7 0.42325 0.542197 0.423358 0.554486 0.441036 0.554177 0.440929 0.541888
7 0.68937 0.839941 0.689415 0.820358 0.63969 0.820128 0.639644 0.839711
2 0.819832 0.686556 0.82024 0.636423 0.630316 0.633327 0.629908 0.68346
0 0.294269 0.743906 0.294415 0.840474 0.542194 0.839726 0.542048 0.743159
2 0.576564 0.639712 0.576716 0.669306 0.641082 0.668645 0.64093 0.639051
4 0.509719 0.747303 0.521324 0.746578 0.520475 0.719379 0.508869 0.720104
4 0.423268 0.54245 0.423427 0.555113 0.441613 0.554657 0.441454 0.541993
2 0.456416 0.607462 0.467423 0.564011 0.434095 0.547124 0.423088 0.590575
7 0.516491 0.534728 0.516689 0.513429 0.481082 0.512768 0.480884 0.534067
7 0.486583 0.79539 0.486644 0.768272 0.414292 0.767946 0.41423 0.795064
12 0.419434 0.48803 0.444202 0.487941 0.443791 0.258138 0.419022 0.258227
2 0.567451 0.631598 0.568591 0.698428 0.637814 0.696065 0.636673 0.629235
2 0.593792 0.713839 0.619035 0.68725 0.599662 0.650462 0.574419 0.67705
7 0.535401 0.621111 0.535422 0.602525 0.481611 0.602407 0.48159 0.620994
7 0.491535 0.544029 0.491697 0.569059 0.539209 0.568447 0.539048 0.543416
9 0.32606 0.676438 0.326124 0.737851 0.434096 0.737628 0.434032 0.676214
7 0.412922 0.525649 0.41294 0.537602 0.454451 0.537473 0.454432 0.525519
2 0.494401 0.692458 0.510281 0.692631 0.510427 0.665994 0.494546 0.665821
9 0.4836 0.512262 0.483854 0.533252 0.515487 0.532485 0.515233 0.511494
2 0.390753 0.689224 0.390899 0.740098 0.474073 0.739618 0.473927 0.688745
7 0.346286 0.440037 0.346813 0.462938 0.38011 0.461406 0.379583 0.438504
2 0.39801 0.668716 0.421494 0.668263 0.420623 0.577892 0.39714 0.578344
7 0.653886 0.534471 0.654572 0.552518 0.67515 0.550952 0.674464 0.532905
2 0.450763 0.747382 0.450825 0.722877 0.38459 0.722542 0.384528 0.747047
