7 0.429141 0.689157 0.429651 0.724388 0.486754 0.722737 0.486244 0.687506
7 0.42102 0.79666 0.421095 0.836421 0.482303 0.83619 0.482228 0.796428
2 0.535031 0.647112 0.617478 0.649069 0.618873 0.531504 0.536426 0.529547
7 0.340819 0.218341 0.341057 0.244105 0.403812 0.242946 0.403574 0.217181
7 0.60369 0.523389 0.603776 0.503791 0.552372 0.503339 0.552285 0.522937
7 0.667006 0.581895 0.667032 0.563077 0.63756 0.562996 0.637534 0.581815
7 0.340599 0.481674 0.340641 0.503224 0.404436 0.50298 0.404395 0.48143
7 0.677824 0.52052 0.678048 0.54291 0.733774 0.541799 0.733551 0.519409
7 0.590646 0.485436 0.590816 0.498595 0.621782 0.497791 0.621611 0.484633
7 0.573719 0.334901 0.57374 0.319142 0.536421 0.319044 0.5364 0.334804
7 0.331748 0.638853 0.331781 0.662733 0.375188 0.662614 0.375156 0.638734
7 0.694369 0.56472 0.694751 0.585776 0.728218 0.584562 0.727836 0.563505
7 0.527676 0.251711 0.52781 0.262484 0.541475 0.262144 0.541341 0.251372
7 0.732435 0.815021 0.732572 0.787226 0.667731 0.786585 0.667593 0.81438
7 0.460483 0.251131 0.467643 0.251138 0.467655 0.227038 0.460494 0.227031
7 0.460349 0.515028 0.467379 0.515021 0.467367 0.489766 0.460337 0.489773
0 0.652027 0.88211 0.750708 0.881911 0.750534 0.709641 0.651853 0.70984
7 0.738769 0.65205 0.738938 0.61243 0.673205 0.611869 0.673036 0.651488
7 0.593742 0.559604 0.593897 0.545665 0.562352 0.544966 0.562198 0.558905
7 0.424246 0.539486 0.424296 0.523825 0.387515 0.523586 0.387464 0.539247
7 0.439077 0.614896 0.449001 0.615144 0.449772 0.553352 0.439848 0.553105
7 0.549434 0.405471 0.549473 0.422461 0.593231 0.422257 0.593192 0.405267
7 0.587035 0.708852 0.587119 0.737877 0.611466 0.737736 0.611382 0.708711
4 0.590287 0.801764 0.607726 0.802054 0.607933 0.777246 0.590493 0.776955
7 0.608531 0.515159 0.608666 0.526521 0.627854 0.526066 0.627719 0.514704
3 0.617843 0.748831 0.618066 0.76828 0.71132 0.766139 0.711097 0.74669
2 0.536534 0.820054 0.635124 0.819646 0.634765 0.646542 0.536175 0.646951
7 0.543259 0.541675 0.543608 0.557453 0.560707 0.556697 0.560359 0.540919
7 0.543549 0.245637 0.551346 0.245558 0.55128 0.232673 0.543484 0.232753
9 0.463763 0.471627 0.465085 0.538451 0.620991 0.532282 0.619669 0.465458
12 0.714427 0.767297 0.714567 0.745638 0.622028 0.744438 0.621888 0.766097
4 0.619253 0.749346 0.619448 0.768954 0.690927 0.767535 0.690732 0.747927
0 0.625267 0.653831 0.625796 0.774912 0.746552 0.773858 0.746023 0.652777
7 0.492117 0.538037 0.492165 0.547624 0.503796 0.547507 0.503747 0.537919
7 0.482159 0.497492 0.482234 0.508794 0.514491 0.508364 0.514416 0.497062
4 0.537174 0.537057 0.543956 0.537098 0.544015 0.517218 0.537233 0.517177
7 0.465345 0.100218 0.465367 0.109648 0.473865 0.109608 0.473843 0.100178
12 0.482589 0.227627 0.506411 0.227678 0.506531 0.114882 0.482709 0.114831
9 0.504929 0.281134 0.535217 0.236413 0.501168 0.190289 0.470881 0.23501
3 0.724127 0.710093 0.734122 0.709994 0.733787 0.6429 0.723792 0.642999
7 0.391406 0.538504 0.391478 0.522913 0.350943 0.522537 0.35087 0.538128
7 0.641925 0.621077 0.649005 0.611874 0.642122 0.601283 0.635043 0.610486
7 0.618617 0.501442 0.618931 0.50987 0.627316 0.509245 0.627003 0.500818
