7 0.528256 0.385573 0.52835 0.418261 0.637636 0.417631 0.637542 0.384942
7 0.462384 0.63434 0.462817 0.666925 0.500566 0.665923 0.500134 0.633338
7 0.356455 0.168663 0.356963 0.249958 0.436669 0.248963 0.436162 0.167668
7 0.813443 0.462341 0.813647 0.494424 0.853584 0.493918 0.85338 0.461834
7 0.752308 0.230806 0.752915 0.291574 0.845031 0.289733 0.844423 0.228965
7 0.573355 0.52287 0.573652 0.488892 0.541314 0.488327 0.541017 0.522305
7 0.591296 0.442519 0.591326 0.421961 0.531623 0.421786 0.531593 0.442344
7 0.543142 0.62427 0.543351 0.584817 0.462657 0.583961 0.462448 0.623415
7 0.364311 0.202334 0.365237 0.26435 0.439299 0.262136 0.438372 0.200119
7 0.665134 0.303876 0.665358 0.330617 0.734611 0.329457 0.734387 0.302716
7 0.756588 0.199551 0.756648 0.221709 0.813307 0.221402 0.813247 0.199244
7 0.11117 0.865769 0.111274 0.891842 0.203294 0.891105 0.20319 0.865032
0 0.100437 0.867162 0.387244 0.87068 0.390074 0.409277 0.103266 0.405759
12 0.32965 0.716896 0.331597 0.780039 0.51963 0.768443 0.517683 0.7053
3 0.314218 0.511457 0.325426 0.511129 0.324292 0.433677 0.313084 0.434005
7 0.365129 0.542382 0.36516 0.565633 0.42625 0.565471 0.42622 0.542221
