0 0.3421 0.3512 0.2721 0.4078 0.2293 0.3040 0.2993 0.2474
0 0.5679 0.8145 0.5402 0.7591 0.9161 0.3907 0.9438 0.4461
0 0.2438 0.7992 0.0831 0.8429 0.0776 0.8032 0.2383 0.7595
0 0.1601 0.2088 0.0789 0.4140 0.0530 0.3940 0.1343 0.1888
1 0.3476 0.4959 0.3477 0.5003 0.3284 0.5013 0.3283 0.4969
1 0.2090 0.2700 0.2105 0.2678 0.2204 0.2804 0.2190 0.2826
1 0.3456 0.0712 0.3405 0.0664 0.3495 0.0476 0.3547 0.0524
1 0.1726 0.5857 0.1634 0.6110 0.1356 0.5911 0.1448 0.5658
2 0.2619 0.9400 0.2553 0.8965 0.3164 0.8784 0.3230 0.9219
2 0.6735 0.1363 0.6763 0.1508 0.6602 0.1569 0.6574 0.1424
2 0.5691 0.1677 0.5026 0.1282 0.5309 0.0347 0.5974 0.0742
2 0.0544 0.8987 0.0694 0.8082 0.0776 0.8109 0.0626 0.9014
3 0.4524 0.4136 0.3547 0.4477 0.3493 0.4172 0.4470 0.3831
3 0.6685 0.2168 0.7229 0.2275 0.7215 0.2408 0.6671 0.2301
3 0.4536 0.6933 0.4533 0.7045 0.3607 0.6999 0.3610 0.6887
3 0.3503 0.3427 0.3512 0.3336 0.3843 0.3401 0.3834 0.3492
4 0.4738 0.8552 0.4696 0.8617 0.4648 0.8556 0.4689 0.8491
4 0.9783 0.1574 0.9759 0.1648 0.9717 0.1622 0.9741 0.1548
4 0.2073 0.4398 0.1908 0.4264 0.2018 0.3998 0.2183 0.4132
4 0.3612 0.7283 0.3445 0.7325 0.3430 0.7213 0.3598 0.7171
6 0.1222 0.4807 0.1306 0.4845 0.1278 0.4965 0.1194 0.4927
6 0.8589 0.0602 0.8898 0.1452 0.8694 0.1598 0.8385 0.0748
6 0.3265 0.6840 0.3294 0.6382 0.3369 0.6392 0.3341 0.6850
7 0.4786 0.6433 0.4142 0.5847 0.4431 0.5223 0.5075 0.5809
7 0.6063 0.9560 0.5946 0.9565 0.5931 0.8984 0.6048 0.8979
7 0.2142 0.5874 0.2287 0.6063 0.2195 0.6202 0.2050 0.6013
7 0.7384 0.1217 0.7411 0.1179 0.7478 0.1271 0.7452 0.1309
9 0.1857 0.9679 0.2081 0.8815 0.2501 0.9029 0.2276 0.9893
9 0.5281 0.3837 0.5047 0.3562 0.5739 0.2407 0.5973 0.2682
9 0.1534 0.6570 0.3009 0.7009 0.2935 0.7494 0.1460 0.7055
12 0.2462 0.1328 0.2753 0.0676 0.2841 0.0752 0.2550 0.1404
12 0.9341 0.9389 0.8388 0.9081 0.8448 0.8719 0.9400 0.9027
12 0.3523 0.9187 0.4591 0.9702 0.4520 0.9993 0.3451 0.9478
12 0.9590 0.3010 0.9825 0.2975 0.9964 0.4834 0.9730 0.4869
13 0.7922 0.9457 0.7992 0.9372 0.8024 0.9423 0.7953 0.9508
13 0.9456 0.6962 0.9589 0.6522 0.9978 0.6754 0.9845 0.7194
13 0.3944 0.8156 0.3919 0.8209 0.3070 0.7408 0.3096 0.7355
13 0.5121 0.5289 0.5106 0.5445 0.5076 0.5439 0.5092 0.5283
15 0.4908 0.9329 0.4992 0.8660 0.5475 0.8779 0.5390 0.9448
15 0.0311 0.1609 0.0296 0.0438 0.0915 0.0423 0.0929 0.1594
15 0.0847 0.7361 0.0408 0.6629 0.0856 0.6103 0.1294 0.6835
15 0.2562 0.5660 0.2769 0.5748 0.2703 0.6048 0.2497 0.5960
