0 0.0382 0.6550 0.1451 0.2203 0.2850 0.2878 0.1781 0.7225
0 0.5535 0.8805 0.4453 0.8313 0.5145 0.5335 0.6227 0.5827
0 0.7276 0.8886 0.6720 0.8506 0.7564 0.6082 0.8120 0.6462
0 0.8750 0.0938 0.5210 0.3249 0.4919 0.2374 0.8458 0.0063
1 0.9127 0.4346 0.9146 0.4516 0.8290 0.4706 0.8271 0.4536
1 0.7062 0.4374 0.7081 0.4404 0.6807 0.4738 0.6788 0.4708
1 0.9931 0.1557 0.9905 0.1390 0.9941 0.1379 0.9966 0.1546
1 0.0148 0.9267 0.0295 0.9314 0.0215 0.9797 0.0068 0.9750
2 0.3320 0.7059 0.3574 0.6818 0.3809 0.7305 0.3554 0.7546
2 0.3239 0.8502 0.2766 0.8853 0.2461 0.8050 0.2934 0.7699
2 0.3154 0.4786 0.3213 0.4003 0.3506 0.4046 0.3447 0.4829
3 0.9847 0.8073 0.9274 0.7590 0.9350 0.7411 0.9924 0.7894
3 0.9184 0.0319 0.9350 0.0992 0.9230 0.1049 0.9065 0.0376
3 0.9264 0.7375 0.9190 0.7630 0.8193 0.7065 0.8267 0.6810
3 0.8946 0.3989 0.8825 0.3992 0.8814 0.3131 0.8935 0.3128
4 0.4019 0.3020 0.4053 0.2882 0.4621 0.3156 0.4587 0.3294
4 0.7696 0.4547 0.7701 0.4354 0.7767 0.4357 0.7762 0.4550
4 0.3534 0.9162 0.3555 0.9259 0.3483 0.9290 0.3462 0.9193
4 0.9656 0.5513 0.9554 0.5549 0.9496 0.5223 0.9598 0.5187
6 0.2043 0.8692 0.1897 0.9512 0.0717 0.9100 0.0863 0.8280
6 0.9970 0.8832 0.9323 0.9008 0.9239 0.8400 0.9885 0.8224
7 0.4609 0.9826 0.4568 0.9281 0.5208 0.9186 0.5249 0.9731
7 0.7362 0.4338 0.7291 0.4314 0.7392 0.3698 0.7464 0.3722
7 0.4598 0.3791 0.4672 0.3949 0.4170 0.4405 0.4097 0.4247
7 0.8110 0.5101 0.8019 0.5137 0.7959 0.4843 0.8049 0.4807
9 0.2919 0.2301 0.3745 0.0215 0.4095 0.0487 0.3269 0.2573
12 0.7851 0.9090 0.7875 0.9561 0.6803 0.9666 0.6779 0.9195
12 0.2594 0.1417 0.1543 0.0822 0.1664 0.0403 0.2715 0.0998
13 0.0426 0.9729 0.0418 0.9822 0.0357 0.9811 0.0365 0.9718
13 0.4220 0.0961 0.4145 0.0723 0.4248 0.0659 0.4324 0.0897
13 0.4887 0.1060 0.4348 0.1073 0.4342 0.0588 0.4881 0.0575
13 0.2364 0.7395 0.2221 0.7476 0.2182 0.7341 0.2325 0.7260
15 0.0927 0.1932 0.0200 0.1345 0.0448 0.0744 0.1174 0.1331
15 0.9661 0.9522 0.9541 0.9957 0.9119 0.9730 0.9239 0.9295
15 0.4195 0.4795 0.3941 0.5284 0.3679 0.5017 0.3933 0.4528
15 0.4038 0.6402 0.4056 0.6684 0.3782 0.6718 0.3764 0.6436
