0 0.1231 0.8816 0.1942 0.6944 0.2463 0.7332 0.1752 0.9204
0 0.1403 0.3448 0.3209 0.5806 0.2763 0.6476 0.0956 0.4118
0 0.8886 0.4756 0.9137 0.3839 0.9512 0.4040 0.9260 0.4957
0 0.6065 0.6380 0.4594 0.5093 0.6401 0.1044 0.7872 0.2331
1 0.3786 0.8587 0.3810 0.8633 0.3605 0.8841 0.3582 0.8795
1 0.4457 0.9307 0.4598 0.9321 0.4583 0.9605 0.4442 0.9591
1 0.8719 0.8284 0.8755 0.8301 0.8584 0.8996 0.8548 0.8979
1 0.9187 0.8284 0.9169 0.8329 0.8988 0.8188 0.9005 0.8143
2 0.9163 0.5554 0.9518 0.5841 0.9442 0.6026 0.9087 0.5739
2 0.5683 0.8869 0.5605 0.8696 0.5703 0.8611 0.5780 0.8784
2 0.7937 0.4667 0.8565 0.3980 0.8823 0.4441 0.8195 0.5128
2 0.1331 0.0984 0.2762 0.0214 0.3024 0.1168 0.1592 0.1938
3 0.7368 0.8409 0.8253 0.7883 0.8335 0.8155 0.7450 0.8681
3 0.5195 0.7718 0.4701 0.8514 0.4576 0.8362 0.5071 0.7566
3 0.4084 0.1421 0.3947 0.1391 0.4056 0.0427 0.4193 0.0457
3 0.1495 0.2708 0.1217 0.2980 0.1163 0.2872 0.1440 0.2600
4 0.3451 0.6954 0.3381 0.6686 0.3497 0.6626 0.3567 0.6894
4 0.9891 0.9519 0.9898 0.9607 0.9723 0.9633 0.9716 0.9545
4 0.9913 0.8189 0.9829 0.8236 0.9767 0.8023 0.9851 0.7976
4 0.2267 0.2732 0.2449 0.2946 0.2347 0.3116 0.2165 0.2902
6 0.0294 0.3616 0.0588 0.3406 0.0689 0.3684 0.0395 0.3894
6 0.6634 0.7738 0.6468 0.7021 0.6640 0.6942 0.6807 0.7659
6 0.5758 0.7565 0.5434 0.8124 0.5342 0.8019 0.5666 0.7460
7 0.6191 0.0243 0.6269 0.0560 0.5952 0.0713 0.5874 0.0396
7 0.4364 0.0195 0.4020 0.0410 0.3967 0.0245 0.4312 0.0030
7 0.7472 0.0394 0.7437 0.0493 0.7005 0.0198 0.7040 0.0099
7 0.9843 0.4073 0.9741 0.4745 0.9614 0.4707 0.9716 0.4035
9 0.9703 0.7599 0.9308 0.8001 0.8631 0.6697 0.9026 0.6295
9 0.8563 0.3629 0.8422 0.3394 0.8840 0.2903 0.8981 0.3138
9 0.8369 0.0156 0.8614 0.0354 0.8122 0.1548 0.7877 0.1350
9 0.9620 0.0316 0.9909 0.0720 0.8903 0.2128 0.8614 0.1724
12 0.3640 0.2202 0.3483 0.2270 0.3454 0.2138 0.3611 0.2070
12 0.4017 0.4439 0.4229 0.4552 0.3934 0.5625 0.3723 0.5512
12 0.8275 0.7321 0.7760 0.7449 0.7754 0.7399 0.8269 0.7271
13 0.9100 0.9468 0.9046 0.9477 0.9040 0.9408 0.9094 0.9399
13 0.0447 0.2331 0.0600 0.2427 0.0568 0.2529 0.0414 0.2433
13 0.3188 0.7751 0.3267 0.7448 0.3921 0.7781 0.3842 0.8084
13 0.0249 0.2651 0.0140 0.2704 0.0091 0.2505 0.0200 0.2452
15 0.0247 0.0420 0.1103 0.0567 0.1016 0.1560 0.0160 0.1413
15 0.4239 0.3501 0.4020 0.3484 0.4052 0.2619 0.4272 0.2636
15 0.3701 0.9491 0.3555 0.9752 0.3370 0.9549 0.3516 0.9288
15 0.1060 0.8849 0.0099 0.8563 0.0223 0.7747 0.1184 0.8033
