0 0.9895 0.4080 0.8630 0.4690 0.8099 0.2532 0.9365 0.1922
0 0.1063 0.8042 0.0490 0.7886 0.1106 0.3454 0.1678 0.3610
0 0.5163 0.2728 0.5717 0.1979 0.6769 0.3504 0.6215 0.4253
0 0.4464 0.4387 0.2983 0.6320 0.2445 0.5513 0.3926 0.3580
1 0.9986 0.5522 0.9897 0.5657 0.9879 0.5634 0.9969 0.5499
1 0.8093 0.2359 0.8046 0.2381 0.7933 0.1921 0.7980 0.1899
1 0.9932 0.1521 0.9853 0.1565 0.9771 0.1279 0.9849 0.1235
1 0.1454 0.3127 0.1604 0.2931 0.1629 0.2969 0.1479 0.3165
2 0.1039 0.8946 0.1173 0.8134 0.1495 0.8238 0.1361 0.9050
2 0.6973 0.7114 0.7581 0.8378 0.7107 0.8826 0.6499 0.7562
2 0.2177 0.1411 0.3234 0.2568 0.2894 0.3177 0.1837 0.2020
2 0.3749 0.7247 0.4093 0.7988 0.3819 0.8237 0.3476 0.7496
3 0.5077 0.9316 0.6094 0.9267 0.6100 0.9516 0.5083 0.9565
3 0.5506 0.6516 0.5323 0.5939 0.5425 0.5876 0.5609 0.6453
3 0.8637 0.9885 0.8908 0.9683 0.8943 0.9775 0.8672 0.9977
3 0.7591 0.5675 0.7995 0.5435 0.8043 0.5593 0.7639 0.5833
4 0.0134 0.9694 0.0137 0.9423 0.0237 0.9426 0.0234 0.9697
4 0.8887 0.7564 0.8903 0.7727 0.8450 0.7816 0.8434 0.7653
4 0.4951 0.4408 0.5020 0.4955 0.4949 0.4972 0.4880 0.4425
4 0.1918 0.9894 0.1886 1.0000 0.1808 0.9954 0.1840 0.9848
6 0.0846 0.0960 0.0588 0.0698 0.0714 0.0456 0.0972 0.0718
6 0.8882 0.0798 0.8944 0.0530 0.9138 0.0618 0.9076 0.0886
6 0.0983 0.8358 0.0701 0.8781 0.0631 0.8690 0.0913 0.8267
6 0.8796 0.5103 0.8841 0.6010 0.8190 0.6073 0.8145 0.5166
7 0.7615 0.9611 0.7548 0.9745 0.7176 0.9381 0.7244 0.9247
7 0.1715 0.2251 0.1561 0.2508 0.0942 0.1781 0.1096 0.1524
7 0.6483 0.9729 0.6416 0.9535 0.6879 0.9219 0.6947 0.9413
7 0.3336 0.8080 0.3203 0.8317 0.3147 0.8256 0.3280 0.8019
9 0.4698 0.0483 0.4921 0.1949 0.4679 0.2021 0.4456 0.0555
9 0.5710 0.8510 0.5759 0.6547 0.6147 0.6566 0.6098 0.8529
9 0.8925 0.7622 0.9701 0.7622 0.9701 0.7874 0.8925 0.7874
12 0.3568 0.2436 0.3708 0.1423 0.3844 0.1460 0.3703 0.2473
12 0.6722 0.5777 0.7061 0.5718 0.7175 0.7019 0.6836 0.7078
12 0.1837 0.8598 0.2916 0.8107 0.3052 0.8694 0.1973 0.9185
13 0.9480 0.5001 0.9527 0.4890 0.9895 0.5199 0.9847 0.5310
13 0.4953 0.0774 0.5058 0.0696 0.5098 0.0802 0.4993 0.0880
13 0.2707 0.9191 0.2772 0.9217 0.2685 0.9645 0.2619 0.9619
13 0.1748 0.5663 0.1806 0.5747 0.1757 0.5813 0.1699 0.5729
15 0.1545 0.0801 0.1516 0.0039 0.1847 0.0015 0.1875 0.0777
15 0.7073 0.4213 0.6974 0.3786 0.7287 0.3643 0.7386 0.4070
15 0.0340 0.6350 0.0335 0.6785 0.0037 0.6778 0.0042 0.6343
