0 0.5568 0.7912 0.5879 0.5668 0.9952 0.6776 0.9641 0.9020
0 0.2778 0.2029 0.1854 0.3626 0.0208 0.1759 0.1132 0.0162
0 0.8636 0.3871 0.8016 0.5260 0.5653 0.3193 0.6273 0.1804
0 0.5510 0.3750 0.5028 0.3918 0.4365 0.0190 0.4846 0.0022
1 0.9437 0.4593 0.9412 0.4613 0.9234 0.4163 0.9259 0.4143
1 0.8817 0.5029 0.9028 0.4927 0.9038 0.4967 0.8827 0.5069
1 0.2843 0.7518 0.2761 0.7605 0.2723 0.7534 0.2805 0.7447
1 0.1362 0.7837 0.1348 0.7814 0.1452 0.7683 0.1467 0.7706
2 0.4297 0.1960 0.3466 0.2430 0.3089 0.1120 0.3919 0.0650
2 0.4607 0.5594 0.4326 0.5737 0.4236 0.5390 0.4516 0.5247
2 0.5492 0.7632 0.5180 0.8569 0.3634 0.7560 0.3946 0.6623
2 0.8283 0.0851 0.8398 0.1082 0.8134 0.1341 0.8019 0.1110
3 0.1034 0.6909 0.0490 0.6661 0.0520 0.6531 0.1064 0.6779
3 0.8916 0.3584 0.9047 0.2100 0.9232 0.2132 0.9102 0.3616
3 0.2560 0.7720 0.1893 0.7285 0.1945 0.7128 0.2613 0.7563
3 0.2340 0.4243 0.2422 0.4199 0.2580 0.4777 0.2498 0.4821
4 0.7589 0.9916 0.7529 0.9929 0.7502 0.9692 0.7563 0.9679
4 0.3727 0.4483 0.3844 0.4427 0.3858 0.4485 0.3741 0.4541
4 0.2116 0.8476 0.2173 0.8178 0.2284 0.8220 0.2227 0.8518
4 0.3615 0.2794 0.3535 0.2848 0.3502 0.2754 0.3582 0.2700
6 0.4247 0.2933 0.3822 0.2693 0.3861 0.2555 0.4287 0.2795
6 0.9229 0.4989 0.9197 0.4809 0.9328 0.4763 0.9360 0.4943
6 0.2037 0.5629 0.2250 0.5602 0.2254 0.5671 0.2041 0.5698
6 0.1678 0.4737 0.1422 0.5164 0.1319 0.5043 0.1575 0.4616
7 0.9399 0.3058 0.9588 0.3035 0.9632 0.3746 0.9444 0.3769
7 0.8371 0.0191 0.8498 0.0223 0.8437 0.0709 0.8310 0.0677
7 0.6880 0.9312 0.7026 0.9403 0.6854 0.9944 0.6708 0.9853
7 0.1196 0.7656 0.1083 0.7553 0.1224 0.7248 0.1337 0.7351
9 0.7929 0.0731 0.6452 0.0985 0.6402 0.0413 0.7879 0.0159
9 0.9864 0.1162 0.9864 0.2882 0.9524 0.2882 0.9524 0.1162
12 0.0060 0.8677 0.0823 0.7206 0.1020 0.7407 0.0257 0.8878
12 0.3180 0.6251 0.3096 0.6493 0.2468 0.6065 0.2553 0.5823
12 0.5098 0.9404 0.4918 0.9876 0.4708 0.9720 0.4887 0.9248
13 0.3579 0.9607 0.4020 0.9191 0.4209 0.9585 0.3769 1.0001
13 0.9578 0.0609 0.9571 0.0514 0.9887 0.0467 0.9894 0.0562
13 0.6288 0.1266 0.6367 0.1096 0.6466 0.1186 0.6387 0.1356
13 0.7246 0.9786 0.7281 0.9856 0.7148 0.9986 0.7113 0.9916
15 0.0613 0.4279 0.0850 0.3923 0.1195 0.4373 0.0958 0.4729
15 0.6167 0.0933 0.5682 0.0440 0.5898 0.0023 0.6383 0.0516
15 0.0632 0.6021 0.0230 0.5248 0.0565 0.4907 0.0967 0.5680
15 0.1523 0.5763 0.1385 0.6178 0.1077 0.5977 0.1215 0.5562
