0 0.6847 0.4504 0.8358 0.6409 0.7407 0.7888 0.5896 0.5983
0 0.1878 0.3265 0.1599 0.3057 0.2062 0.1839 0.2341 0.2047
0 0.3713 0.3145 0.3713 0.0431 0.7792 0.0431 0.7792 0.3145
0 0.4540 0.9521 0.1425 0.5311 0.2780 0.3347 0.5895 0.7557
1 0.7642 0.9232 0.7827 0.8876 0.7910 0.8960 0.7725 0.9316
1 0.2821 0.2262 0.2771 0.2281 0.2736 0.2098 0.2786 0.2079
1 0.5939 0.0112 0.6007 0.0171 0.5896 0.0420 0.5828 0.0361
1 0.0322 0.6776 0.0382 0.6735 0.0610 0.7388 0.0549 0.7429
2 0.9122 0.2797 0.8979 0.1167 0.9724 0.1039 0.9867 0.2669
2 0.9446 0.7459 0.9212 0.8130 0.8866 0.7893 0.9099 0.7222
3 0.8841 0.1286 0.8536 0.1400 0.8516 0.1294 0.8821 0.1180
3 0.3204 0.9562 0.3252 0.9586 0.3168 0.9930 0.3119 0.9906
3 0.9627 0.2800 0.9918 0.2807 0.9916 0.2908 0.9625 0.2901
3 0.9642 0.7706 0.9751 0.8492 0.9612 0.8530 0.9503 0.7744
4 0.9373 0.0011 0.9447 0.0011 0.9447 0.0109 0.9373 0.0109
4 0.8396 0.1629 0.8366 0.1668 0.8290 0.1555 0.8320 0.1516
4 0.8641 0.6457 0.8542 0.6314 0.8648 0.6171 0.8747 0.6314
4 0.8461 0.5555 0.8550 0.5598 0.8533 0.5665 0.8445 0.5622
6 0.8520 0.3874 0.9292 0.3722 0.9329 0.4086 0.8556 0.4238
6 0.6458 0.8055 0.6377 0.8237 0.6245 0.8121 0.6326 0.7939
6 0.8138 0.2273 0.8072 0.2709 0.7999 0.2687 0.8066 0.2251
6 0.1393 0.2644 0.1308 0.2391 0.1350 0.2364 0.1435 0.2617
7 0.7966 0.2855 0.8022 0.2843 0.8040 0.3021 0.7984 0.3033
7 0.0718 0.2069 0.0618 0.2260 0.0154 0.1787 0.0253 0.1596
7 0.0795 0.2666 0.0901 0.2815 0.0605 0.3230 0.0499 0.3081
7 0.3068 0.0436 0.3053 0.0237 0.3606 0.0156 0.3621 0.0355
9 0.9131 0.8751 0.9890 0.9247 0.9649 0.9969 0.8890 0.9473
9 0.0866 0.6401 0.0565 0.6128 0.1052 0.5079 0.1352 0.5352
9 0.7448 0.3516 0.7457 0.4273 0.6355 0.4300 0.6346 0.3543
9 0.0014 0.1094 0.0424 0.0519 0.0520 0.0654 0.0110 0.1229
12 0.0940 0.7910 0.0796 0.7632 0.0920 0.7506 0.1064 0.7784
12 -0.0001 0.9629 0.0067 0.9436 0.0569 0.9779 0.0502 0.9972
12 0.9203 0.6385 0.8868 0.4631 0.9208 0.4503 0.9544 0.6257
12 0.6981 0.8792 0.6905 0.8958 0.6313 0.8420 0.6390 0.8254
13 0.5522 0.0326 0.5581 0.0335 0.5575 0.0410 0.5517 0.0401
13 0.8614 0.8092 0.8561 0.8153 0.8480 0.8012 0.8533 0.7951
13 0.8522 0.7317 0.8380 0.7257 0.8427 0.7043 0.8569 0.7103
13 0.7550 0.8088 0.7540 0.8286 0.7444 0.8276 0.7454 0.8078
