0 0.0687 0.5851 0.2977 0.3255 0.3304 0.3821 0.1015 0.6417
0 0.7332 0.4986 0.7232 0.5477 0.3896 0.4138 0.3997 0.3647
0 0.9941 0.8069 0.8446 0.8400 0.7882 0.3415 0.9377 0.3084
0 0.4488 0.8060 0.4117 0.7196 0.5686 0.5876 0.6057 0.6740
1 0.7801 0.0710 0.8113 0.0878 0.8096 0.0938 0.7785 0.0770
1 0.7683 0.9142 0.7676 0.9085 0.7931 0.9022 0.7938 0.9079
1 0.4617 0.9830 0.4733 0.9819 0.4738 0.9918 0.4622 0.9929
1 0.1422 0.2299 0.1455 0.2239 0.1786 0.2589 0.1754 0.2649
2 0.3572 0.7455 0.3444 0.7684 0.2948 0.7141 0.3076 0.6912
2 0.2550 0.7767 0.3961 0.9049 0.3570 0.9893 0.2159 0.8611
2 0.2516 0.1486 0.2578 0.1581 0.2298 0.1934 0.2237 0.1839
2 0.4793 0.1558 0.4912 0.1885 0.4204 0.2390 0.4085 0.2063
3 0.2264 0.0633 0.1680 0.0142 0.1741 -0.0001 0.2326 0.0490
3 0.8801 0.1874 0.8622 0.1936 0.8396 0.0666 0.8575 0.0604
3 0.1380 0.7884 0.0157 0.7011 0.0263 0.6720 0.1486 0.7593
3 0.6833 0.0291 0.7026 0.0926 0.6913 0.0993 0.6720 0.0358
4 0.9413 0.2696 0.9402 0.2606 0.9444 0.2596 0.9456 0.2686
4 0.7407 0.6306 0.7407 0.6498 0.7333 0.6498 0.7333 0.6306
4 0.0698 0.0479 0.0612 0.0612 0.0562 0.0549 0.0648 0.0416
4 0.6198 0.1507 0.6209 0.1558 0.6082 0.1613 0.6071 0.1562
6 0.8419 0.2991 0.8584 0.2575 0.8684 0.2653 0.8519 0.3069
6 0.3342 0.4202 0.3457 0.3056 0.3732 0.3110 0.3617 0.4256
6 0.7143 0.2135 0.7761 0.1328 0.8340 0.2197 0.7722 0.3004
6 0.0579 0.2663 0.0730 0.2840 0.0701 0.2889 0.0550 0.2712
7 0.6001 0.2499 0.5890 0.2928 0.5710 0.2837 0.5822 0.2408
7 0.9805 0.1786 0.9751 0.1678 0.9898 0.1534 0.9952 0.1642
7 0.5686 0.2098 0.5697 0.1872 0.6289 0.1930 0.6277 0.2156
7 0.4377 0.0159 0.4483 0.0030 0.4840 0.0605 0.4734 0.0734
9 0.0505 0.8859 0.0677 0.8196 0.1858 0.8797 0.1685 0.9460
9 0.3157 0.1579 0.3546 0.1799 0.3183 0.3057 0.2794 0.2837
9 0.6476 0.7635 0.7097 0.7820 0.6793 0.9825 0.6171 0.9640
9 0.1806 0.0715 0.1927 0.1077 0.1282 0.1497 0.1162 0.1135
12 0.5494 0.2079 0.5520 0.2307 0.5423 0.2329 0.5397 0.2101
12 0.9303 0.8661 0.8681 0.9904 0.8509 0.9735 0.9130 0.8492
12 0.4393 0.8355 0.4605 0.8259 0.4855 0.9337 0.4644 0.9433
13 0.7683 0.0278 0.7717 0.0447 0.7660 0.0470 0.7625 0.0301
13 0.0426 0.8452 0.0409 0.8680 0.0300 0.8664 0.0317 0.8436
13 0.7341 0.8379 0.7758 0.8591 0.7690 0.8853 0.7273 0.8641
13 0.7877 0.9486 0.8009 0.9543 0.7997 0.9598 0.7865 0.9541
15 0.5504 0.1132 0.5164 0.0478 0.5493 0.0144 0.5833 0.0798
15 0.5016 0.9774 0.4925 0.8317 0.5564 0.8238 0.5655 0.9695
15 0.3668 0.2014 0.4083 0.2014 0.4083 0.2498 0.3668 0.2498
