0 0.4036 0.4352 0.4778 0.4516 0.4461 0.7320 0.3719 0.7156
0 0.7524 0.5139 0.7524 0.7221 0.5713 0.7221 0.5713 0.5139
0 0.9927 0.7545 0.9053 0.8065 0.8601 0.6575 0.9475 0.6055
0 0.3269 0.2402 0.3449 0.2479 0.2925 0.4878 0.2745 0.4801
1 0.4356 0.9153 0.4168 0.8850 0.4558 0.8375 0.4746 0.8678
1 0.0518 0.5294 0.0589 0.5488 0.0547 0.5518 0.0477 0.5324
1 0.6889 0.7928 0.6882 0.7895 0.7031 0.7836 0.7038 0.7869
1 0.7486 0.0352 0.7592 0.0444 0.7497 0.0656 0.7391 0.0564
2 0.3735 0.8642 0.3463 0.8430 0.3545 0.8222 0.3817 0.8434
2 0.5757 0.0693 0.6056 0.0619 0.6098 0.0951 0.5798 0.1025
2 0.0628 0.7535 0.1878 0.6014 0.2520 0.7049 0.1271 0.8570
2 0.8157 0.8797 0.7703 0.9121 0.7574 0.8767 0.8029 0.8443
3 0.6759 0.2465 0.6457 0.1636 0.6604 0.1531 0.6906 0.2360
3 0.7164 0.8156 0.7178 0.9300 0.6996 0.9304 0.6982 0.8160
3 0.1558 0.4510 0.1852 0.5394 0.1711 0.5486 0.1417 0.4602
3 0.8608 0.5717 0.9243 0.5283 0.9298 0.5439 0.8662 0.5873
4 0.2147 0.9354 0.2337 0.9219 0.2498 0.9662 0.2309 0.9797
4 0.0183 0.1671 0.0073 0.1701 0.0062 0.1621 0.0172 0.1591
4 0.4858 0.8404 0.5087 0.8527 0.5045 0.8680 0.4816 0.8557
4 0.9213 0.3814 0.9474 0.4001 0.9410 0.4178 0.9149 0.3991
6 0.4624 0.0674 0.5281 0.1065 0.5187 0.1374 0.4531 0.0983
6 0.1217 0.0412 0.2580 0.0579 0.2520 0.1540 0.1157 0.1373
6 0.6009 0.3026 0.5550 0.3978 0.4183 0.2686 0.4641 0.1734
6 0.2474 0.3536 0.2443 0.3812 0.2243 0.3768 0.2274 0.3492
7 0.8978 0.4833 0.8948 0.4428 0.9333 0.4371 0.9364 0.4776
7 0.1070 0.4407 0.1169 0.4331 0.1315 0.4701 0.1217 0.4777
7 0.8327 0.9266 0.8183 0.9180 0.8385 0.8514 0.8529 0.8600
7 0.7015 0.2203 0.7166 0.2285 0.7145 0.2361 0.6994 0.2279
9 0.7593 0.1236 0.7807 0.0496 0.9052 0.1200 0.8839 0.1940
9 0.0490 0.9045 0.0157 0.9037 0.0181 0.7083 0.0515 0.7091
9 0.0411 0.9078 0.0489 0.9696 0.0189 0.9770 0.0111 0.9152
9 0.2926 0.7530 0.2613 0.7325 0.3223 0.5494 0.3536 0.5699
12 0.1635 0.3965 0.1347 0.4236 0.0728 0.2951 0.1016 0.2680
12 0.5498 0.6939 0.5297 0.6969 0.5122 0.4633 0.5323 0.4603
12 0.1957 0.3308 0.2109 0.3451 0.1828 0.4032 0.1677 0.3889
13 0.5107 0.8870 0.5185 0.8807 0.5456 0.9462 0.5378 0.9525
13 0.1982 0.5389 0.2291 0.5374 0.2298 0.5651 0.1989 0.5666
13 0.2615 0.3273 0.2588 0.3208 0.2619 0.3183 0.2646 0.3248
15 0.7502 0.3554 0.8265 0.3308 0.8495 0.4702 0.7732 0.4948
15 0.7220 0.4503 0.6143 0.4530 0.6131 0.3613 0.7209 0.3586
15 0.2824 0.8679 0.3718 0.8991 0.3565 0.9849 0.2671 0.9537
15 0.8224 0.6280 0.8257 0.6724 0.7928 0.6772 0.7894 0.6328
