0 0.5359 0.5830 0.7327 0.6023 0.7155 0.9462 0.5188 0.9269
0 0.2128 0.3436 0.3183 0.4509 0.2249 0.6308 0.1194 0.5235
0 0.5027 0.2995 0.4814 0.3376 0.3308 0.1729 0.3520 0.1348
0 0.6730 0.2846 0.6105 0.1391 0.7605 0.0130 0.8229 0.1585
1 0.8016 0.4162 0.8104 0.4319 0.8084 0.4342 0.7996 0.4185
1 0.1857 0.9737 0.1913 0.9611 0.2146 0.9815 0.2090 0.9941
1 0.4623 0.4072 0.4743 0.4194 0.4617 0.4436 0.4497 0.4314
1 0.7597 0.5787 0.7634 0.5664 0.8309 0.6065 0.8272 0.6188
2 0.0108 0.0719 0.0246 0.0789 0.0155 0.1137 0.0017 0.1067
2 0.1294 0.9012 0.0694 0.9086 0.0668 0.8672 0.1269 0.8598
2 0.8118 0.7690 0.7636 0.7619 0.7739 0.6246 0.8221 0.6317
2 0.6757 0.5234 0.6734 0.5300 0.6240 0.4962 0.6263 0.4896
3 0.9057 0.9321 0.8703 0.9206 0.8723 0.9083 0.9077 0.9198
3 0.8863 0.8818 0.8690 0.8901 0.8389 0.7674 0.8561 0.7591
3 0.8261 0.3979 0.8219 0.4105 0.7765 0.3809 0.7807 0.3683
3 0.0955 0.8127 0.0981 0.8283 0.0419 0.8465 0.0393 0.8309
4 0.1200 0.7469 0.1262 0.7430 0.1369 0.7767 0.1307 0.7806
4 0.0458 0.5037 0.0412 0.5122 0.0273 0.4975 0.0319 0.4890
4 0.5294 0.2918 0.5265 0.2870 0.5326 0.2798 0.5355 0.2846
4 0.3214 0.3761 0.3250 0.3678 0.3317 0.3735 0.3282 0.3818
6 0.5009 0.8242 0.4353 0.9097 0.3123 0.7250 0.3778 0.6395
6 0.9554 0.1343 0.9641 0.1505 0.9523 0.1629 0.9437 0.1467
6 0.2843 0.8924 0.2800 0.9793 0.2383 0.9752 0.2426 0.8883
7 0.4123 0.9876 0.4088 0.9604 0.5063 0.9364 0.5097 0.9636
7 0.2086 0.1910 0.2028 0.1789 0.2259 0.1570 0.2318 0.1691
7 0.9624 0.6111 0.9690 0.6380 0.9073 0.6677 0.9007 0.6408
7 0.1021 0.1141 0.0938 0.1497 0.0413 0.1259 0.0496 0.0903
9 0.6041 0.3699 0.5625 0.3750 0.5539 0.2377 0.5955 0.2326
9 0.1678 0.2585 0.1446 0.3106 0.0519 0.2295 0.0751 0.1774
9 0.2477 0.6607 0.2438 0.7233 0.0840 0.7037 0.0879 0.6411
12 0.7248 0.5636 0.7167 0.5145 0.9586 0.4364 0.9667 0.4855
12 0.9384 0.8746 0.9260 0.8553 0.9662 0.8046 0.9786 0.8239
12 0.5022 0.4698 0.5141 0.4936 0.3727 0.6322 0.3608 0.6084
12 0.1472 0.0568 0.0924 0.0717 0.0916 0.0664 0.1465 0.0515
13 0.2276 0.9868 0.2292 0.9663 0.2381 0.9676 0.2365 0.9881
13 0.8266 0.2202 0.8239 0.1982 0.9179 0.1750 0.9207 0.1970
13 0.6044 0.4745 0.5680 0.5157 0.5302 0.4503 0.5666 0.4091
13 0.9431 0.4178 0.9382 0.4196 0.9080 0.2618 0.9130 0.2600
15 0.6949 0.3654 0.7170 0.4459 0.6563 0.4786 0.6342 0.3981
15 0.2426 0.1181 0.2216 0.1557 0.1940 0.1255 0.2150 0.0879
15 0.3236 0.1854 0.2667 0.1854 0.2667 0.1294 0.3236 0.1294
15 0.8959 0.0095 0.9436 0.0836 0.8744 0.1709 0.8267 0.0968
