0 0.8985 0.3920 0.6647 0.2106 0.7152 0.0832 0.9490 0.2646
0 0.1556 0.5075 0.2153 0.6183 0.0710 0.7705 0.0113 0.6597
0 0.3702 0.6249 0.4432 0.5507 0.4832 0.6279 0.4102 0.7021
0 0.0463 0.2585 -0.0001 0.1583 0.0408 0.1211 0.0872 0.2213
1 0.7325 0.6586 0.7316 0.5873 0.8235 0.5850 0.8244 0.6563
1 0.1333 0.8595 0.1363 0.8830 0.1332 0.8837 0.1303 0.8602
1 0.2117 0.9711 0.2082 0.9744 0.1757 0.9069 0.1792 0.9036
1 0.4892 0.8731 0.4639 0.9072 0.4560 0.8957 0.4812 0.8616
2 0.6076 0.9953 0.5659 0.9860 0.5684 0.9643 0.6101 0.9736
2 0.2328 0.5287 0.2461 0.5358 0.2389 0.5621 0.2256 0.5550
2 0.1740 0.1635 0.1985 0.1302 0.3957 0.4161 0.3712 0.4494
2 0.5590 0.0675 0.4741 0.2142 0.4310 0.1653 0.5159 0.0186
3 0.7354 0.7380 0.7477 0.7488 0.7086 0.8364 0.6963 0.8256
3 0.9964 0.5934 0.9914 0.6037 0.9707 0.5842 0.9757 0.5739
3 0.8896 0.6011 0.8778 0.6052 0.8630 0.5221 0.8748 0.5180
3 0.8571 0.7694 0.9066 0.7355 0.9112 0.7486 0.8616 0.7825
4 0.6079 0.9192 0.6135 0.9253 0.6084 0.9344 0.6028 0.9283
4 0.9692 0.7319 0.9711 0.7421 0.9679 0.7433 0.9660 0.7331
4 0.6859 0.8927 0.6898 0.9005 0.6743 0.9157 0.6705 0.9079
4 0.5778 0.6531 0.5725 0.6685 0.5679 0.6653 0.5732 0.6499
6 0.7660 0.5426 0.7506 0.5426 0.7506 0.5206 0.7660 0.5206
6 0.1060 0.3164 0.0988 0.2021 0.1263 0.1988 0.1334 0.3131
6 0.6240 0.6100 0.6354 0.4279 0.7009 0.4360 0.6895 0.6181
6 0.2705 0.9319 0.3030 0.9440 0.3001 0.9593 0.2676 0.9472
7 0.9352 0.8975 0.9375 0.9027 0.9180 0.9197 0.9157 0.9145
7 0.3761 0.9314 0.3254 0.9097 0.3297 0.8902 0.3803 0.9119
7 0.4626 0.5396 0.4188 0.5299 0.4337 0.3980 0.4775 0.4077
7 0.2966 0.0602 0.2977 0.0508 0.3134 0.0546 0.3123 0.0640
9 0.6183 0.7455 0.6480 0.7792 0.5880 0.8829 0.5583 0.8492
9 0.2394 0.6839 0.2921 0.6479 0.3526 0.8217 0.2999 0.8577
9 0.6055 0.2445 0.5463 0.4497 0.5119 0.4303 0.5711 0.2251
12 0.3590 0.0453 0.4285 0.0192 0.4298 0.0259 0.3603 0.0520
12 0.5294 0.6422 0.5125 0.6326 0.5312 0.5678 0.5481 0.5774
13 0.5502 0.5107 0.5524 0.4887 0.5618 0.4905 0.5596 0.5125
13 0.8359 0.3999 0.8627 0.4880 0.8221 0.5121 0.7953 0.4240
13 0.4930 0.4404 0.4975 0.4597 0.4862 0.4648 0.4817 0.4455
13 0.1916 0.0928 0.1870 0.1020 0.1701 0.0856 0.1748 0.0764
15 0.0106 0.0630 0.0641 0.0124 0.0854 0.0566 0.0319 0.1072
15 0.1543 0.0347 0.1374 0.0577 0.1211 0.0341 0.1381 0.0111
