0 0.3849 0.4642 0.3505 0.5722 0.1883 0.4710 0.2226 0.3630
0 0.7223 0.2778 0.5891 0.1422 0.6568 0.0118 0.7900 0.1474
0 0.3772 0.7233 0.0640 0.9278 0.0382 0.8503 0.3514 0.6458
0 0.8852 0.7741 0.8065 0.7741 0.8065 0.4939 0.8852 0.4939
1 0.7237 0.7806 0.7249 0.7772 0.7589 0.8014 0.7576 0.8048
1 0.0578 0.3469 0.0554 0.3424 0.0756 0.3211 0.0780 0.3256
1 0.8433 0.1540 0.8506 0.1758 0.8484 0.1772 0.8411 0.1554
1 0.9057 0.5952 0.9176 0.6006 0.9120 0.6244 0.9001 0.6190
2 0.3366 0.0319 0.4840 0.1196 0.4577 0.2065 0.3102 0.1188
2 0.6722 0.8036 0.6882 0.7482 0.7232 0.7680 0.7072 0.8234
2 0.6329 0.7029 0.5750 0.7425 0.5539 0.6819 0.6118 0.6423
2 0.9565 0.3598 0.9814 0.4156 0.9506 0.4426 0.9257 0.3868
3 0.9457 0.9686 0.9379 0.9836 0.8834 0.9282 0.8913 0.9132
3 0.0855 0.1122 0.0825 0.0953 0.1439 0.0738 0.1469 0.0907
3 0.0710 0.2625 0.0600 0.2678 0.0407 0.1895 0.0517 0.1842
3 0.3231 0.3278 0.3151 0.3264 0.3201 0.2698 0.3281 0.2712
4 0.3780 0.8851 0.3915 0.8463 0.4052 0.8557 0.3916 0.8945
4 0.8520 0.8057 0.8410 0.7923 0.8460 0.7843 0.8570 0.7977
4 0.8394 0.8391 0.8464 0.8383 0.8481 0.8657 0.8411 0.8665
4 0.9581 0.3308 0.9537 0.3216 0.9613 0.3144 0.9657 0.3236
6 0.8515 0.9129 0.8388 0.8853 0.8433 0.8811 0.8561 0.9087
6 0.2779 0.1195 0.2832 0.3328 0.2064 0.3365 0.2011 0.1232
6 0.4755 0.9425 0.4290 0.9108 0.4442 0.8671 0.4907 0.8988
6 0.4991 0.3074 0.5192 0.3279 0.5044 0.3566 0.4842 0.3361
7 0.6137 0.3416 0.6355 0.3453 0.6283 0.4272 0.6065 0.4235
7 0.5253 0.4586 0.5506 0.4752 0.5213 0.5634 0.4959 0.5468
7 0.0934 0.1955 0.1108 0.1619 0.1963 0.2489 0.1789 0.2825
7 0.3804 0.2382 0.3793 0.2602 0.3185 0.2542 0.3196 0.2322
9 0.7276 0.5660 0.7055 0.6173 0.5779 0.5100 0.5999 0.4587
9 0.4814 0.6848 0.4682 0.6157 0.5017 0.6032 0.5150 0.6723
9 0.6772 0.8490 0.8018 0.8991 0.7919 0.9474 0.6673 0.8973
9 0.0347 0.6453 0.0019 0.6093 0.0913 0.4491 0.1241 0.4851
12 0.5921 0.7784 0.6032 0.7863 0.5831 0.8416 0.5719 0.8337
12 0.8534 0.1827 0.9177 0.3596 0.8818 0.3853 0.8174 0.2084
12 0.5491 0.1448 0.5582 0.0895 0.5818 0.0972 0.5727 0.1525
13 0.0720 0.2851 0.0756 0.2728 0.0814 0.2761 0.0779 0.2884
13 0.4563 0.8540 0.4501 0.8568 0.4448 0.8340 0.4510 0.8312
13 0.9564 0.5166 0.9522 0.5265 0.9342 0.5114 0.9384 0.5015
13 0.0402 0.2908 0.0484 0.2691 0.0587 0.2768 0.0505 0.2985
15 0.4013 0.4018 0.4540 0.4122 0.4472 0.4798 0.3945 0.4694
15 0.4134 0.3424 0.3809 0.2881 0.4140 0.2492 0.4466 0.3035
15 0.0916 0.3603 0.1169 0.3196 0.1341 0.3405 0.1088 0.3812
15 0.9422 0.8370 0.8890 0.7482 0.9421 0.6858 0.9953 0.7746
