0 0.3837 0.0111 0.7403 0.2128 0.6754 0.4377 0.3188 0.2360
0 0.3960 0.5746 0.4318 0.6651 0.3634 0.7182 0.3276 0.6277
0 0.7916 0.9506 0.7168 0.7537 0.8924 0.6230 0.9672 0.8199
0 0.4594 0.7441 0.5345 0.6142 0.6683 0.7659 0.5932 0.8958
1 0.4003 0.9673 0.3860 0.9652 0.3883 0.9343 0.4026 0.9364
1 0.1592 0.7926 0.1574 0.8134 0.1345 0.8094 0.1363 0.7886
1 0.0881 0.9266 0.1017 0.9372 0.0971 0.9490 0.0834 0.9384
1 0.2691 0.3035 0.2757 0.3053 0.2724 0.3297 0.2657 0.3279
2 0.0351 0.4263 0.1939 0.3226 0.2357 0.4481 0.0769 0.5518
2 0.9024 0.0315 0.9038 0.0710 0.8891 0.0721 0.8876 0.0326
2 0.9176 0.3003 0.9258 0.3376 0.8452 0.3721 0.8371 0.3348
2 0.8609 0.1521 0.8521 0.2301 0.8371 0.2267 0.8459 0.1487
3 0.1309 0.1372 0.0384 0.1948 0.0314 0.1728 0.1239 0.1152
3 0.0338 0.2760 0.0302 0.3468 0.0216 0.3460 0.0252 0.2752
3 0.9896 0.5328 0.9978 0.5598 0.9441 0.5916 0.9360 0.5646
3 0.4721 0.6114 0.4614 0.6101 0.4665 0.5286 0.4771 0.5299
4 0.1331 0.5607 0.2580 0.7237 0.2500 0.7357 0.1251 0.5727
4 0.9935 0.9235 0.9862 0.9261 0.9840 0.9133 0.9912 0.9107
4 0.7766 0.4289 0.7838 0.4154 0.7949 0.4271 0.7876 0.4406
4 0.3549 0.8557 0.3311 0.8115 0.3368 0.8055 0.3606 0.8497
6 0.6746 0.5011 0.6937 0.5476 0.6269 0.6017 0.6077 0.5552
6 0.8594 0.9930 0.8619 0.9750 0.8749 0.9786 0.8724 0.9966
6 0.0345 0.2748 0.0122 0.2589 0.0238 0.2272 0.0461 0.2431
6 0.3170 0.7584 0.3036 0.6931 0.3144 0.6888 0.3278 0.7541
7 0.9717 0.6221 0.9871 0.6115 0.9901 0.6199 0.9746 0.6305
7 0.2027 0.9439 0.1852 0.9474 0.1750 0.8461 0.1925 0.8426
7 0.8956 0.2041 0.9020 0.1926 0.9358 0.2295 0.9294 0.2410
7 0.2551 0.8621 0.2617 0.8518 0.2643 0.8551 0.2577 0.8654
9 0.9352 0.4969 0.8943 0.4989 0.8914 0.3823 0.9323 0.3803
9 0.2407 0.1363 0.2586 0.1491 0.2359 0.2117 0.2179 0.1989
9 0.0142 0.6266 0.0636 0.5972 0.1064 0.7382 0.0569 0.7676
12 0.3826 0.7259 0.3780 0.8493 0.3608 0.8481 0.3655 0.7247
12 0.2424 0.9354 0.2377 0.8977 0.3116 0.8794 0.3163 0.9171
12 0.2474 0.4898 0.3410 0.4547 0.3489 0.4962 0.2553 0.5313
13 0.7752 0.3203 0.8111 0.3597 0.7908 0.3961 0.7549 0.3567
13 0.9516 0.0665 0.9594 0.0594 0.9898 0.1251 0.9820 0.1322
13 0.3166 0.2983 0.3112 0.3022 0.3094 0.2973 0.3148 0.2934
13 0.2021 0.3042 0.1819 0.2971 0.1845 0.2826 0.2046 0.2897
15 0.2655 0.7567 0.2890 0.8092 0.2496 0.8437 0.2262 0.7912
15 0.7142 0.5220 0.7636 0.4575 0.8058 0.5208 0.7564 0.5853
