0 0.5898 0.6223 0.4619 0.7780 0.2279 0.4013 0.3558 0.2456
0 0.9550 0.6954 0.8022 0.8396 0.6736 0.5726 0.8263 0.4284
0 0.0668 0.1559 0.1081 0.1198 0.1229 0.1529 0.0816 0.1890
0 0.7533 0.3745 0.7611 0.2190 0.9213 0.2347 0.9135 0.3902
1 0.3849 0.9665 0.3779 0.9689 0.3646 0.8939 0.3715 0.8915
1 0.6206 0.4962 0.6242 0.4815 0.6489 0.4934 0.6453 0.5081
1 0.0273 0.6610 0.0446 0.6729 0.0325 0.7078 0.0151 0.6959
1 0.2771 0.1994 0.2640 0.1790 0.2903 0.1458 0.3034 0.1662
2 0.1713 0.7323 0.1941 0.8824 0.1842 0.8853 0.1614 0.7352
2 0.2135 0.2371 0.0662 0.3332 0.0542 0.2973 0.2015 0.2012
2 0.5356 0.1441 0.5016 0.0618 0.5267 0.0415 0.5606 0.1238
2 0.9685 0.1848 0.9704 0.1635 0.9918 0.1672 0.9899 0.1885
3 0.2181 0.7134 0.2080 0.7296 0.1490 0.6578 0.1591 0.6416
3 0.9476 0.3046 0.9213 0.1451 0.9413 0.1386 0.9676 0.2981
3 0.1718 0.9866 0.1659 0.9997 0.1399 0.9770 0.1458 0.9639
3 0.5034 0.8486 0.5660 0.9836 0.5492 0.9990 0.4865 0.8640
4 0.0743 0.6113 0.0156 0.4797 0.0354 0.4623 0.0941 0.5939
4 0.6756 0.8695 0.6981 0.8695 0.6981 0.9221 0.6756 0.9221
4 0.2357 0.8666 0.2331 0.8377 0.2369 0.8370 0.2394 0.8659
4 0.4551 0.2134 0.3867 0.1489 0.3949 0.1318 0.4633 0.1963
6 0.6410 0.2280 0.6454 0.1395 0.6667 0.1416 0.6623 0.2301
6 0.1129 0.5910 0.0979 0.5763 0.1086 0.5550 0.1235 0.5697
6 0.2362 0.9645 0.1951 0.9352 0.2161 0.8775 0.2572 0.9068
6 0.4054 0.8331 0.4227 0.7856 0.4341 0.7937 0.4168 0.8412
7 0.2418 0.1983 0.2381 0.2073 0.2134 0.1873 0.2170 0.1783
7 0.9578 0.0782 0.9545 0.0904 0.9407 0.0830 0.9441 0.0708
7 0.5193 0.1615 0.5267 0.1723 0.5061 0.2001 0.4987 0.1893
7 0.1364 0.0561 0.1301 0.0586 0.1270 0.0435 0.1333 0.0410
9 0.7446 0.3714 0.7298 0.4010 0.6519 0.3246 0.6667 0.2950
9 0.1274 0.4783 0.1697 0.4877 0.1652 0.5281 0.1228 0.5187
9 0.1239 0.9348 0.0071 0.8161 0.0418 0.7492 0.1586 0.8679
9 0.7293 0.1725 0.8082 0.0731 0.8373 0.1183 0.7584 0.2177
12 0.3331 0.0384 0.4566 0.0751 0.4492 0.1244 0.3256 0.0877
12 0.5905 0.5653 0.6202 0.5595 0.6349 0.7067 0.6053 0.7125
13 0.6177 0.4331 0.6280 0.3955 0.6418 0.4029 0.6315 0.4405
13 0.3997 0.9893 0.4103 0.9339 0.4232 0.9387 0.4126 0.9941
13 0.2046 0.5761 0.2007 0.5860 0.1959 0.5823 0.1999 0.5724
13 0.8814 0.1990 0.8817 0.1867 0.8889 0.1870 0.8886 0.1993
15 0.0660 0.4538 0.0374 0.4431 0.0437 0.4102 0.0723 0.4209
15 0.1936 0.0414 0.2397 0.1131 0.1995 0.1638 0.1534 0.0921
15 0.6259 0.7885 0.6037 0.7633 0.6209 0.7335 0.6432 0.7587
15 0.5878 0.8599 0.6350 0.8840 0.6185 0.9473 0.5713 0.9232
