0 0.8983 0.0996 0.9120 0.1303 0.7034 0.3128 0.6897 0.2821
0 0.6294 0.9314 0.5510 0.7413 0.7983 0.5414 0.8767 0.7315
0 0.1210 0.6191 0.4015 0.4360 0.4930 0.7105 0.2125 0.8936
0 0.0863 0.6675 0.1169 0.9108 0.0386 0.9301 0.0080 0.6868
1 0.4291 0.3596 0.4271 0.3579 0.4440 0.3184 0.4461 0.3201
1 0.3415 0.3384 0.3354 0.3262 0.3479 0.3140 0.3540 0.3262
1 0.7235 0.0932 0.7217 0.0905 0.7468 0.0588 0.7486 0.0615
1 0.4080 0.4093 0.4036 0.4017 0.4069 0.3979 0.4113 0.4055
2 0.0888 0.2058 0.1575 0.2592 0.1244 0.3430 0.0556 0.2896
2 0.6375 0.2775 0.6683 0.2899 0.6617 0.3221 0.6309 0.3097
2 0.3511 0.2453 0.2374 0.1253 0.2872 0.0327 0.4009 0.1527
2 0.1374 0.1684 0.0634 0.1464 0.0712 0.0948 0.1452 0.1168
3 0.2638 0.3036 0.2371 0.4186 0.2191 0.4104 0.2458 0.2954
3 0.9840 0.8896 0.9579 0.8263 0.9691 0.8172 0.9953 0.8805
3 0.8882 0.5131 0.9343 0.3612 0.9532 0.3725 0.9072 0.5244
3 0.7892 0.5165 0.7662 0.4281 0.7839 0.4191 0.8069 0.5075
4 0.2540 0.0292 0.2519 0.0127 0.2580 0.0112 0.2601 0.0277
4 0.8770 0.5289 0.8522 0.5325 0.8479 0.4747 0.8726 0.4711
4 0.7758 0.3793 0.7750 0.3703 0.7913 0.3675 0.7921 0.3765
4 0.0315 0.4824 0.0282 0.4745 0.0333 0.4704 0.0366 0.4783
6 0.4359 0.0126 0.5164 0.0345 0.5007 0.1478 0.4202 0.1259
6 0.8232 0.4909 0.8094 0.4652 0.8136 0.4607 0.8275 0.4864
6 0.0764 0.6033 0.0322 0.5391 0.0476 0.5183 0.0918 0.5825
7 0.6171 0.0703 0.6866 0.1199 0.6761 0.1489 0.6065 0.0993
7 0.3255 0.2699 0.3263 0.2898 0.3225 0.2901 0.3217 0.2702
7 0.5482 0.2316 0.4931 0.2051 0.4973 0.1884 0.5523 0.2149
7 0.7002 0.3461 0.7134 0.3214 0.7670 0.3779 0.7537 0.4026
9 0.4959 0.2691 0.5661 0.2372 0.6187 0.4637 0.5485 0.4956
9 0.2777 0.9056 0.2835 0.9524 0.1603 0.9828 0.1545 0.9360
9 0.7841 0.0797 0.7868 0.0090 0.9127 0.0183 0.9101 0.0890
12 0.9154 0.6774 0.9347 0.6756 0.9415 0.8110 0.9222 0.8128
12 0.9440 0.8362 0.9030 0.9489 0.8974 0.9450 0.9384 0.8323
12 0.4206 0.2624 0.4077 0.2450 0.4442 0.1920 0.4572 0.2094
13 0.0270 0.6535 0.0349 0.6607 0.0318 0.6673 0.0240 0.6601
13 0.0958 0.4644 0.1000 0.4760 0.0882 0.4844 0.0840 0.4728
13 0.3029 0.3250 0.2986 0.3289 0.2851 0.2998 0.2894 0.2959
13 0.3457 0.9446 0.3738 0.9066 0.4074 0.9554 0.3793 0.9934
15 0.2116 0.0867 0.2335 0.1470 0.1893 0.1785 0.1673 0.1182
15 0.1494 0.3794 0.1872 0.3476 0.2089 0.3982 0.1711 0.4300
15 0.9873 0.1967 0.9906 0.3301 0.9173 0.3337 0.9140 0.2003
