0 0.6663 0.9425 0.4611 0.6121 0.5674 0.4827 0.7726 0.8131
0 0.1582 0.8022 0.2117 0.6256 0.3938 0.7338 0.3403 0.9104
0 0.0894 0.5796 0.0082 0.3825 0.3043 0.1432 0.3856 0.3403
0 0.6814 0.1155 0.7438 0.1216 0.7375 0.2477 0.6751 0.2416
1 0.6272 0.2372 0.6173 0.2798 0.6074 0.2752 0.6173 0.2326
1 0.0351 0.8199 0.0469 0.8107 0.0564 0.8345 0.0445 0.8437
1 0.7711 0.1511 0.7736 0.1290 0.7783 0.1301 0.7758 0.1522
1 0.8472 0.6053 0.8371 0.5981 0.8765 0.4899 0.8866 0.4971
2 0.9043 0.5540 0.8970 0.5100 0.9491 0.4932 0.9564 0.5372
2 0.4344 0.3902 0.4100 0.3635 0.5687 0.0790 0.5932 0.1057
2 0.8131 0.3202 0.8155 0.4171 0.7758 0.4190 0.7734 0.3221
2 0.9684 0.5654 0.9710 0.5725 0.9502 0.5874 0.9476 0.5803
3 0.8515 0.2864 0.8704 0.3382 0.8634 0.3432 0.8445 0.2914
3 0.1660 0.0217 0.1632 0.0402 0.0965 0.0203 0.0993 0.0018
3 0.9759 0.4029 0.8805 0.3194 0.8907 0.2967 0.9861 0.3802
3 0.9033 0.0169 0.8537 0.0157 0.8539 0.0003 0.9035 0.0015
4 0.5650 0.9494 0.5588 0.9621 0.5550 0.9586 0.5612 0.9459
4 0.4379 0.5444 0.4539 0.5335 0.4572 0.5428 0.4412 0.5537
4 0.0796 0.9261 0.0750 0.9588 0.0524 0.9527 0.0570 0.9200
4 0.3968 0.6764 0.4000 0.6735 0.4018 0.6772 0.3986 0.6801
6 0.8634 0.6697 0.8233 0.7136 0.7917 0.6571 0.8319 0.6132
6 0.1932 0.0886 0.2432 0.1048 0.2405 0.1210 0.1906 0.1048
6 0.0839 0.7693 0.0605 0.6880 0.0995 0.6659 0.1229 0.7472
6 0.6791 0.4625 0.6451 0.3649 0.7152 0.3171 0.7492 0.4147
7 0.0782 0.9161 0.0722 0.9093 0.0873 0.8831 0.0933 0.8899
7 0.7730 0.9742 0.7725 0.9602 0.8042 0.9578 0.8047 0.9718
7 0.9472 0.9692 0.9442 0.9913 0.8305 0.9604 0.8336 0.9383
7 0.8873 0.2410 0.8437 0.2776 0.7822 0.1342 0.8257 0.0976
9 0.9553 0.7367 0.9774 0.7863 0.8510 0.8969 0.8289 0.8473
9 0.6508 0.9980 0.5883 0.9762 0.5926 0.9520 0.6552 0.9738
9 0.8544 0.0772 0.7767 0.0619 0.7793 0.0364 0.8570 0.0517
9 0.3937 0.9152 0.4278 0.8707 0.4495 0.9032 0.4153 0.9477
12 0.3268 0.9411 0.3372 0.9158 0.3480 0.9245 0.3376 0.9498
12 0.1544 0.1404 0.0128 0.0873 0.0202 0.0488 0.1617 0.1019
12 0.5475 0.0042 0.5546 0.0266 0.4745 0.0766 0.4674 0.0542
13 0.5697 0.4474 0.5674 0.4333 0.5805 0.4290 0.5829 0.4431
13 0.8993 0.4280 0.9109 0.4163 0.9170 0.4280 0.9054 0.4397
13 0.9556 0.1726 0.9208 0.1125 0.9401 0.0906 0.9749 0.1507
13 0.2862 0.0997 0.2845 0.0878 0.3238 0.0771 0.3255 0.0890
15 0.9729 0.6703 0.9758 0.7272 0.9419 0.7305 0.9391 0.6736
15 0.7978 0.5489 0.7751 0.5018 0.7999 0.4783 0.8226 0.5254
