0 0.6345 0.1322 0.7334 0.0647 0.8752 0.4718 0.7764 0.5393
0 0.8870 0.6967 0.9146 0.8782 0.5332 0.9917 0.5057 0.8102
0 0.2411 0.9362 0.0020 0.9303 0.0072 0.5122 0.2463 0.5181
0 0.1478 0.4221 0.0854 0.3653 0.1651 0.1935 0.2275 0.2503
1 0.6840 0.5519 0.6880 0.5547 0.6768 0.5869 0.6728 0.5841
1 0.2387 0.1343 0.2516 0.1446 0.2341 0.1869 0.2213 0.1766
1 0.3794 0.7392 0.3734 0.7386 0.3766 0.6740 0.3826 0.6746
1 0.3385 0.2132 0.3415 0.2400 0.3358 0.2412 0.3328 0.2144
2 0.3851 0.6169 0.5456 0.5023 0.5544 0.5263 0.3938 0.6409
2 0.9984 0.2532 0.9524 0.2950 0.9162 0.2168 0.9622 0.1750
2 0.4781 0.7593 0.4707 0.8244 0.4359 0.8167 0.4433 0.7516
2 0.3331 0.7671 0.4226 0.7427 0.4329 0.8169 0.3434 0.8413
3 0.3087 0.4707 0.3637 0.4486 0.3675 0.4673 0.3126 0.4894
3 0.9789 0.8483 0.9653 0.8549 0.9414 0.7577 0.9550 0.7511
3 0.5907 0.0128 0.6019 0.0014 0.6244 0.0448 0.6133 0.0562
3 0.5267 0.1532 0.4948 0.3088 0.4759 0.3012 0.5078 0.1456
4 0.3714 0.3447 0.3770 0.3719 0.3695 0.3749 0.3639 0.3477
4 0.6165 0.5495 0.6243 0.5551 0.5972 0.6297 0.5894 0.6241
4 0.9059 0.6343 0.9095 0.6435 0.9061 0.6461 0.9025 0.6369
4 0.9166 0.6731 0.9052 0.6960 0.8971 0.6881 0.9086 0.6652
6 0.3174 0.0235 0.3306 0.0463 0.3268 0.0505 0.3137 0.0277
6 0.1618 0.1600 0.0954 0.1167 0.1265 0.0232 0.1929 0.0665
6 0.3906 0.9564 0.3731 0.8809 0.4094 0.8644 0.4269 0.9399
7 0.3615 0.2862 0.3485 0.2826 0.3605 0.1962 0.3735 0.1998
7 0.5733 0.4015 0.5909 0.3958 0.6010 0.4569 0.5834 0.4626
7 0.8082 0.6323 0.8121 0.6417 0.7987 0.6525 0.7948 0.6431
7 0.3138 0.4248 0.2994 0.4333 0.2828 0.3784 0.2971 0.3699
9 0.2902 0.5778 0.3343 0.5067 0.3484 0.5238 0.3042 0.5949
9 0.5438 0.3878 0.5285 0.4437 0.3859 0.3670 0.4012 0.3111
12 0.9575 0.6098 0.9151 0.4764 0.9410 0.4602 0.9834 0.5936
12 0.7050 0.5818 0.7661 0.6181 0.7552 0.6538 0.6942 0.6175
12 0.6081 0.6595 0.6095 0.6821 0.5285 0.6921 0.5271 0.6695
12 0.0484 0.2275 0.0732 0.2374 0.0330 0.4337 0.0082 0.4238
13 0.0161 0.2126 0.0076 0.2096 0.0179 0.1518 0.0264 0.1548
13 0.2976 0.1792 0.3005 0.1744 0.3176 0.1944 0.3146 0.1992
13 0.3802 0.1297 0.3788 0.1200 0.3835 0.1187 0.3849 0.1284
13 0.2605 0.1036 0.2638 0.0959 0.2787 0.1084 0.2754 0.1161
15 0.2988 0.9970 0.2731 0.9718 0.2915 0.9350 0.3172 0.9602
15 0.3877 0.2710 0.3817 0.1740 0.4386 0.1670 0.4446 0.2640
