0 0.4700 0.4199 0.6263 0.3892 0.6694 0.8193 0.5132 0.8500
0 0.1193 0.0981 0.2710 0.0682 0.2969 0.3267 0.1453 0.3566
0 0.3751 0.4642 0.3878 0.5262 0.1429 0.6246 0.1302 0.5626
1 0.2960 0.7965 0.2816 0.7944 0.2931 0.6411 0.3075 0.6432
1 0.3709 0.8642 0.3719 0.8587 0.4260 0.8790 0.4250 0.8845
1 0.4208 0.6001 0.4111 0.5929 0.4504 0.4895 0.4601 0.4967
1 0.5180 0.2508 0.5207 0.2483 0.5454 0.3016 0.5427 0.3041
2 0.7179 0.3654 0.6758 0.3705 0.6716 0.3030 0.7136 0.2979
2 0.2710 0.8520 0.2774 0.8135 0.2875 0.8168 0.2812 0.8553
2 0.8783 0.8900 0.7000 0.9569 0.6940 0.9256 0.8723 0.8587
2 0.8733 0.8008 0.8040 0.7889 0.8084 0.7380 0.8777 0.7499
3 0.7831 0.2104 0.7654 0.2042 0.7777 0.1352 0.7954 0.1414
3 0.9823 0.2750 0.9426 0.2730 0.9429 0.2606 0.9826 0.2626
3 0.7029 0.2156 0.6880 0.2276 0.6408 0.1132 0.6557 0.1012
3 0.4600 0.3989 0.3871 0.4225 0.3842 0.4051 0.4572 0.3815
4 0.1673 0.6718 0.1650 0.6519 0.1745 0.6498 0.1767 0.6697
4 0.6372 0.2406 0.6291 0.2421 0.6282 0.2326 0.6363 0.2311
4 0.1298 0.3755 0.1189 0.3833 0.1159 0.3749 0.1268 0.3671
4 0.6363 0.9259 0.6269 0.9285 0.6248 0.9133 0.6342 0.9107
6 0.8592 0.3239 0.9070 0.7032 0.7705 0.7369 0.7227 0.3576
6 0.1754 0.8784 0.1286 0.8464 0.1746 0.7144 0.2214 0.7464
6 0.4208 0.0948 0.4011 0.0189 0.4375 0.0004 0.4572 0.0763
6 0.0565 0.7856 0.0248 0.6637 0.0541 0.6488 0.0858 0.7707
7 0.5433 0.8789 0.5532 0.8651 0.5809 0.9039 0.5711 0.9177
7 0.4565 0.9132 0.4826 0.8938 0.5021 0.9452 0.4760 0.9646
7 0.3356 0.1567 0.3268 0.1653 0.3016 0.1149 0.3104 0.1063
7 0.2970 0.4166 0.2896 0.4007 0.3267 0.3670 0.3341 0.3829
9 0.9818 0.1637 0.9709 0.2246 0.8625 0.1867 0.8734 0.1258
9 0.3437 0.2238 0.3749 0.1679 0.5175 0.3238 0.4863 0.3797
9 0.9759 0.7736 0.9875 0.9065 0.9464 0.9136 0.9348 0.7807
12 0.1024 0.5552 0.0820 0.5613 0.0488 0.3424 0.0691 0.3363
12 0.5980 0.1200 0.6106 0.1146 0.6300 0.2036 0.6174 0.2090
12 0.9251 0.6869 0.9202 0.6832 0.9912 0.5039 0.9961 0.5076
12 0.0570 0.0662 0.0738 0.0599 0.1084 0.2406 0.0916 0.2469
13 0.9352 0.0053 0.8756 0.0916 0.8717 0.0863 0.9313 -0.0000
13 0.0237 0.7943 0.0263 0.7931 0.0577 0.9369 0.0551 0.9381
13 0.3975 0.6628 0.4306 0.7221 0.3762 0.7816 0.3431 0.7223
13 0.0853 0.8761 0.0662 0.8512 0.0761 0.8363 0.0952 0.8612
15 0.8342 0.1194 0.7428 0.0968 0.7547 0.0022 0.8461 0.0248
15 0.6601 0.9417 0.6548 0.9840 0.6090 0.9727 0.6144 0.9304
15 0.6463 0.3148 0.6137 0.3621 0.5797 0.3160 0.6123 0.2687
