0 0.9789 0.3221 0.7327 0.8528 0.5619 0.6975 0.8081 0.1668
0 0.3291 0.2592 0.3389 0.3371 0.2800 0.3516 0.2702 0.2737
0 0.8483 0.1438 0.5872 0.1565 0.5837 0.0142 0.8448 0.0015
0 0.2835 0.6139 0.3623 0.7365 0.2900 0.8277 0.2111 0.7051
1 0.4732 0.6622 0.4664 0.6896 0.4362 0.6750 0.4430 0.6476
1 0.4410 0.3290 0.4390 0.3189 0.4579 0.3118 0.4598 0.3219
1 0.0718 0.7534 0.1023 0.7542 0.1014 0.8314 0.0708 0.8306
1 0.9766 0.8663 0.9637 0.8686 0.9634 0.8653 0.9763 0.8630
2 0.3847 0.0585 0.4871 0.0006 0.5104 0.0815 0.4081 0.1394
2 0.0231 0.0787 0.1540 0.0691 0.1775 0.6981 0.0466 0.7077
2 0.2091 0.4589 0.1863 0.4544 0.1915 0.4023 0.2143 0.4068
2 0.3638 0.4367 0.3630 0.4473 0.2845 0.4357 0.2852 0.4251
3 0.3728 0.2843 0.3963 0.2755 0.4138 0.3669 0.3903 0.3757
3 0.0151 0.8183 0.0212 0.8167 0.0349 0.9157 0.0288 0.9173
3 0.5298 0.0024 0.5552 0.0433 0.5470 0.0532 0.5217 0.0123
3 0.9191 0.9015 0.9494 0.8619 0.9543 0.8693 0.9240 0.9089
4 0.4541 0.8267 0.4535 0.8382 0.4488 0.8377 0.4493 0.8262
4 0.5039 0.5091 0.5097 0.4879 0.5175 0.4921 0.5117 0.5133
4 0.4250 0.4392 0.3892 0.4410 0.3887 0.4216 0.4245 0.4198
4 0.4896 0.4989 0.4879 0.4926 0.5004 0.4859 0.5021 0.4922
6 0.7429 0.9761 0.6666 0.9968 0.6517 0.8895 0.7280 0.8688
6 0.5169 0.1747 0.5252 0.2155 0.4960 0.2273 0.4876 0.1865
6 0.3564 0.8887 0.2646 0.9022 0.2613 0.8589 0.3532 0.8454
7 0.5071 0.7600 0.5398 0.5443 0.5520 0.5480 0.5193 0.7637
7 0.3603 0.1812 0.4365 0.1424 0.4400 0.1560 0.3638 0.1948
7 0.2339 0.2341 0.2134 0.2219 0.2323 0.1595 0.2529 0.1717
7 0.5610 0.2647 0.5415 0.2657 0.5390 0.1649 0.5585 0.1639
9 0.3964 0.7963 0.4347 0.8038 0.4213 0.9373 0.3830 0.9298
9 0.2599 0.0787 0.2916 0.0498 0.3430 0.1605 0.3112 0.1894
9 0.9358 0.1126 0.9205 0.1513 0.8516 0.0978 0.8669 0.0591
12 0.5421 0.8527 0.4760 0.8673 0.4753 0.8609 0.5414 0.8463
12 0.4669 0.5547 0.4190 0.6438 0.3988 0.6225 0.4467 0.5334
12 0.1115 0.0072 0.1421 0.0548 0.1313 0.0684 0.1007 0.0208
13 0.0173 0.2586 0.0152 0.2621 0.0084 0.2542 0.0105 0.2507
13 0.1935 0.1042 0.1816 0.1054 0.1811 0.0942 0.1929 0.0930
13 0.4143 0.6533 0.4205 0.6503 0.4229 0.6599 0.4166 0.6629
13 0.9526 0.0446 0.9397 0.0550 0.9317 0.0354 0.9445 0.0250
15 0.5665 0.9954 0.4593 0.9769 0.4686 0.8714 0.5758 0.8899
15 0.0871 0.9981 0.0611 0.9078 0.1126 0.8787 0.1386 0.9690
