0 0.7003 0.8366 0.6854 0.7529 0.8717 0.6878 0.8866 0.7715
0 0.1988 0.8529 0.1959 0.7374 0.3149 0.7315 0.3178 0.8470
0 0.3518 0.8789 0.3505 0.9805 0.3091 0.9795 0.3103 0.8779
0 0.4447 0.0238 0.8038 0.3380 0.7027 0.5646 0.3436 0.2504
1 0.4873 0.8973 0.5106 0.8814 0.5121 0.8859 0.4889 0.9018
1 0.0785 0.3012 0.0850 0.2936 0.0883 0.2992 0.0819 0.3068
1 0.8869 0.2961 0.8676 0.2545 0.9211 0.2059 0.9404 0.2475
1 0.0991 0.5273 0.0954 0.5111 0.0989 0.5095 0.1026 0.5257
2 0.7004 0.8918 0.6522 0.9881 0.6025 0.9394 0.6507 0.8431
2 0.2591 0.4110 0.2732 0.4575 0.2081 0.4962 0.1940 0.4497
2 0.1476 0.8058 0.1709 0.8826 0.1312 0.9062 0.1080 0.8294
2 0.1235 0.0389 0.1085 0.0359 0.1116 0.0051 0.1266 0.0081
3 0.1999 0.6613 0.2613 0.5235 0.2833 0.5427 0.2218 0.6805
3 0.0211 0.2569 0.0724 0.2067 0.0804 0.2227 0.0291 0.2729
3 0.1194 0.3290 0.1807 0.3092 0.1832 0.3242 0.1219 0.3440
3 0.9829 0.7835 0.9430 0.8524 0.9311 0.8389 0.9710 0.7700
4 0.0942 0.2119 0.1087 0.2087 0.1133 0.2493 0.0988 0.2525
4 0.9660 0.3623 0.9750 0.3920 0.9640 0.3985 0.9550 0.3688
4 0.9972 0.6787 0.9990 0.6873 0.9931 0.6897 0.9913 0.6811
4 0.9932 0.5612 0.9681 0.5674 0.9611 0.5116 0.9862 0.5054
6 0.0678 0.4309 0.0129 0.4458 0.0093 0.4199 0.0642 0.4050
6 0.4993 0.8468 0.4465 0.8006 0.5130 0.6516 0.5658 0.6978
6 0.1249 0.7298 0.0662 0.7182 0.0828 0.5526 0.1416 0.5642
6 0.2250 0.2288 0.2415 0.2341 0.2376 0.2576 0.2211 0.2523
7 0.0511 0.9703 0.0590 0.9675 0.0629 0.9893 0.0550 0.9921
7 0.8048 0.1068 0.8190 0.1022 0.8378 0.2164 0.8236 0.2210
7 0.9478 0.6765 0.9408 0.6784 0.9376 0.6551 0.9446 0.6532
7 0.2164 0.2699 0.2152 0.2888 0.1733 0.2837 0.1745 0.2648
9 0.6717 0.6802 0.6668 0.6151 0.8329 0.5906 0.8378 0.6557
9 0.9504 0.4960 0.8962 0.5553 0.8099 0.4008 0.8641 0.3415
9 0.1463 0.1693 0.1324 0.1213 0.2134 0.0755 0.2273 0.1235
12 0.4052 0.6390 0.4327 0.6595 0.3499 0.8774 0.3225 0.8569
12 0.2798 0.0294 0.2741 0.1833 0.2427 0.1810 0.2485 0.0271
13 0.1110 0.9139 0.1179 0.9162 0.1135 0.9405 0.1067 0.9382
13 0.8546 0.8933 0.7682 0.9212 0.7603 0.8731 0.8467 0.8452
13 0.0105 0.1660 0.0303 0.1575 0.0329 0.1696 0.0131 0.1781
13 0.9407 0.1908 0.9111 0.1820 0.9138 0.1640 0.9435 0.1728
15 0.9376 0.9965 0.8817 0.9182 0.9247 0.8579 0.9806 0.9362
15 0.6666 0.7289 0.6321 0.7653 0.6060 0.7167 0.6404 0.6803
15 0.9812 0.0370 0.9938 0.0731 0.9213 0.1226 0.9088 0.0865
15 0.0341 0.9554 0.0219 0.7924 0.0933 0.7818 0.1055 0.9448
