0 0.0654 0.0531 0.2464 0.0888 0.1964 0.5869 0.0154 0.5512
0 0.4252 0.5442 0.4043 0.6101 0.2576 0.5186 0.2786 0.4527
0 0.8938 0.0679 0.9403 0.1763 0.7313 0.3521 0.6848 0.2437
0 0.3362 0.7418 0.4107 0.6792 0.4652 0.8062 0.3907 0.8688
1 0.8122 0.7381 0.8117 0.7347 0.8424 0.7263 0.8429 0.7297
1 0.4656 0.6278 0.4577 0.6341 0.4459 0.6054 0.4537 0.5991
1 0.4105 0.6607 0.4107 0.6558 0.4586 0.6593 0.4584 0.6642
1 0.1063 0.6808 0.1006 0.6697 0.1128 0.6572 0.1186 0.6683
2 0.4753 0.1292 0.4497 0.1582 0.4153 0.0988 0.4409 0.0698
2 0.7458 0.6999 0.7207 0.8525 0.5068 0.7833 0.5319 0.6307
2 0.5791 0.9762 0.5327 0.9647 0.5358 0.9406 0.5821 0.9521
2 0.4814 0.2831 0.5280 0.1603 0.6240 0.2317 0.5774 0.3545
3 0.9243 0.5997 0.8848 0.5404 0.8920 0.5311 0.9314 0.5904
3 0.7145 0.4176 0.7253 0.4095 0.7412 0.4516 0.7304 0.4597
3 0.3417 0.0236 0.3490 0.0059 0.4129 0.0576 0.4056 0.0753
3 0.0789 0.7902 0.0817 0.8105 0.0080 0.8306 0.0051 0.8103
4 0.7014 0.3752 0.7169 0.3752 0.7169 0.3964 0.7014 0.3964
4 0.9373 0.3645 0.9363 0.3725 0.9193 0.3687 0.9202 0.3607
4 0.7965 0.6739 0.8225 0.6502 0.8290 0.6641 0.8029 0.6878
4 0.6602 0.9697 0.6565 0.9634 0.6664 0.9523 0.6700 0.9586
6 0.8402 0.9876 0.7605 0.9798 0.7718 0.7552 0.8515 0.7630
6 0.1272 0.9291 0.1003 0.9810 0.0754 0.9557 0.1023 0.9038
6 0.5517 0.4190 0.5949 0.4222 0.5926 0.4830 0.5494 0.4798
6 0.2800 0.9345 0.2057 0.7859 0.2591 0.7335 0.3335 0.8821
7 0.9069 0.4573 0.9003 0.4424 0.9031 0.4399 0.9097 0.4548
7 0.8562 0.8718 0.8791 0.8575 0.8824 0.8678 0.8594 0.8821
7 0.9829 0.4044 0.9820 0.4384 0.9165 0.4352 0.9174 0.4012
7 0.7202 0.5154 0.7258 0.4710 0.8652 0.5054 0.8596 0.5498
9 0.6865 0.6152 0.6586 0.5416 0.6709 0.5324 0.6989 0.6060
9 0.9632 0.8900 0.9178 0.9070 0.8891 0.7572 0.9345 0.7402
12 0.3956 0.2402 0.3989 0.2934 0.3762 0.2962 0.3728 0.2430
12 0.4615 0.2562 0.4544 0.3970 0.4225 0.3938 0.4296 0.2530
12 0.0946 0.6003 0.1690 0.6322 0.1646 0.6525 0.0901 0.6206
12 0.3350 0.7137 0.3210 0.7274 0.2719 0.6291 0.2858 0.6154
13 0.5753 0.5854 0.5559 0.5969 0.5513 0.5818 0.5707 0.5703
13 0.6620 0.4793 0.6590 0.4818 0.6543 0.4703 0.6573 0.4678
13 0.1954 0.8119 0.1972 0.8254 0.1915 0.8269 0.1896 0.8134
13 0.8825 0.9444 0.8770 0.9316 0.8832 0.9264 0.8887 0.9392
15 0.8713 0.3667 0.9074 0.3694 0.9058 0.4117 0.8697 0.4090
15 0.3470 0.1901 0.3018 0.2741 0.2607 0.2307 0.3059 0.1467
15 0.4097 0.9794 0.3890 0.9533 0.4414 0.8718 0.4621 0.8979
15 0.5635 0.0759 0.5318 0.0921 0.5165 0.0333 0.5482 0.0171
