0 0.6114 0.0666 0.6515 0.0666 0.6515 0.5998 0.6114 0.5998
0 0.4749 0.4948 0.4157 0.3925 0.5248 0.2688 0.5840 0.3711
0 0.6581 0.6617 0.5117 0.6546 0.5131 0.6003 0.6594 0.6074
0 0.3675 0.6439 0.2440 0.7397 0.0425 0.2309 0.1660 0.1351
1 0.7395 0.2506 0.7368 0.2480 0.7470 0.2258 0.7498 0.2284
1 0.8475 0.5548 0.8378 0.5553 0.8370 0.5232 0.8467 0.5227
1 0.0334 0.1446 0.0361 0.1452 0.0309 0.1970 0.0282 0.1964
1 0.2630 0.7799 0.2663 0.8002 0.2616 0.8017 0.2583 0.7814
2 0.6653 0.5894 0.6614 0.5829 0.7093 0.5266 0.7132 0.5331
2 0.7142 0.4414 0.6794 0.3075 0.7769 0.2578 0.8117 0.3917
2 0.9958 0.0943 0.9824 0.1138 0.9634 0.0881 0.9768 0.0686
3 0.4432 0.6202 0.4809 0.6354 0.4782 0.6482 0.4406 0.6330
3 0.1056 0.9186 0.1786 0.8359 0.1889 0.8538 0.1160 0.9365
3 0.2382 0.0615 0.2452 0.0774 0.2138 0.1049 0.2068 0.0890
3 0.2194 0.9680 0.2521 0.9072 0.2597 0.9152 0.2270 0.9760
4 0.9813 0.4738 0.9756 0.4653 0.9819 0.4570 0.9875 0.4655
4 0.8381 0.9096 0.8940 0.9801 0.8850 0.9940 0.8291 0.9235
4 0.9667 0.5857 0.9512 0.6046 0.9488 0.6007 0.9642 0.5818
4 0.8685 0.6603 0.8721 0.6595 0.8726 0.6641 0.8690 0.6649
6 0.7343 0.9768 0.7277 0.9185 0.8115 0.9000 0.8180 0.9583
6 0.4746 0.1249 0.4162 0.1468 0.4005 0.0647 0.4589 0.0428
6 0.3451 0.9648 0.3265 0.9564 0.3326 0.9300 0.3512 0.9384
6 0.7581 0.8293 0.7361 0.8718 0.7290 0.8647 0.7511 0.8222
7 0.5823 0.0425 0.5753 0.0766 0.5657 0.0727 0.5727 0.0386
7 0.6671 0.4043 0.6704 0.4077 0.6571 0.4333 0.6539 0.4299
7 0.3949 0.7336 0.3914 0.7163 0.4648 0.6868 0.4683 0.7041
7 0.9543 0.6624 0.9547 0.6515 0.9783 0.6532 0.9779 0.6641
9 0.8584 0.8908 0.7885 0.7783 0.8107 0.7512 0.8807 0.8637
9 0.2700 0.9017 0.3382 0.8651 0.3443 0.8875 0.2761 0.9241
9 0.3759 0.9108 0.3980 0.8528 0.5012 0.9296 0.4792 0.9876
9 0.8532 0.2990 0.9018 0.3646 0.8908 0.3806 0.8422 0.3150
12 0.6397 0.6702 0.7655 0.7599 0.7480 0.8078 0.6223 0.7181
12 0.5727 0.7669 0.5602 0.6912 0.5639 0.6899 0.5764 0.7656
12 0.8323 0.5359 0.7960 0.6357 0.7662 0.6145 0.8026 0.5147
12 0.6776 0.1834 0.6797 0.1651 0.7801 0.1874 0.7780 0.2057
13 0.5937 0.3202 0.5865 0.3155 0.6020 0.2686 0.6093 0.2733
13 0.8516 0.6280 0.8516 0.6032 0.8636 0.6032 0.8636 0.6280
13 0.7653 0.6927 0.7769 0.6747 0.7830 0.6825 0.7714 0.7005
13 0.9812 0.7940 0.9691 0.8340 0.9562 0.8264 0.9684 0.7864
15 0.9327 0.1506 0.9094 0.2724 0.8565 0.2526 0.8798 0.1308
15 0.4910 0.2026 0.5217 0.1251 0.5753 0.1666 0.5446 0.2441
15 0.8877 0.8000 0.9159 0.7692 0.9460 0.8232 0.9179 0.8540
15 0.2429 0.7834 0.2569 0.8562 0.2142 0.8722 0.2003 0.7994
