0 0.7523 0.4978 0.7311 0.3446 0.7737 0.3330 0.7949 0.4862
0 0.5420 0.8127 0.4559 0.8169 0.4500 0.5797 0.5361 0.5755
0 0.3679 0.5197 0.3007 0.2981 0.4984 0.1807 0.5655 0.4023
0 0.7572 0.5223 0.8418 0.6289 0.6360 0.9489 0.5513 0.8423
1 0.2814 0.2518 0.2826 0.2610 0.2326 0.2746 0.2314 0.2654
1 0.8161 0.2799 0.8198 0.2819 0.8108 0.3149 0.8070 0.3129
1 0.4418 0.0051 0.4424 0.0108 0.4173 0.0157 0.4168 0.0100
1 0.6202 0.1794 0.6276 0.1492 0.6347 0.1526 0.6272 0.1828
2 0.9931 0.7707 1.0000 0.7933 0.9771 0.8069 0.9703 0.7843
2 0.8876 0.2050 0.9047 0.1668 0.9072 0.1690 0.8902 0.2072
2 0.1759 0.6433 0.1511 0.5899 0.1547 0.5867 0.1794 0.6401
2 0.1234 0.8804 0.1549 0.8643 0.1592 0.8808 0.1277 0.8969
3 0.0134 0.6713 0.0116 0.6574 0.0618 0.6451 0.0635 0.6590
3 0.3399 0.1347 0.3985 0.1112 0.4032 0.1341 0.3446 0.1576
3 0.9294 0.9165 0.9380 0.9064 0.9775 0.9723 0.9689 0.9824
3 0.5192 0.1225 0.5132 0.1349 0.4685 0.0927 0.4745 0.0803
4 0.2427 0.8147 0.2660 0.8107 0.2667 0.8189 0.2434 0.8229
4 0.2045 0.4263 0.2092 0.5536 0.2030 0.5541 0.1982 0.4268
4 0.7046 0.0881 0.6922 0.0659 0.6962 0.0615 0.7086 0.0837
4 0.1714 0.1072 0.1955 0.1162 0.1923 0.1328 0.1682 0.1238
6 0.6022 0.5138 0.5742 0.4635 0.5983 0.4370 0.6264 0.4873
6 0.7679 0.2409 0.7328 0.2357 0.7341 0.2191 0.7692 0.2243
6 0.7985 0.0244 0.8521 0.0643 0.8329 0.1148 0.7793 0.0749
7 0.7715 0.3179 0.7601 0.3260 0.7345 0.2557 0.7459 0.2476
7 0.2118 0.1760 0.1977 0.1681 0.2282 0.0624 0.2423 0.0703
7 0.9625 0.1745 0.9450 0.0688 0.9675 0.0615 0.9850 0.1672
7 0.8944 0.4212 0.8785 0.4649 0.8733 0.4612 0.8892 0.4175
9 0.1495 0.4828 0.0541 0.4898 0.0439 0.2176 0.1394 0.2106
9 0.7945 0.2109 0.8041 0.1776 0.8635 0.2111 0.8539 0.2444
9 0.6287 0.3513 0.6613 0.3399 0.6815 0.4535 0.6490 0.4649
9 0.2308 0.6391 0.3755 0.7049 0.3646 0.7517 0.2200 0.6859
12 0.6751 0.2378 0.6560 0.2326 0.6678 0.1474 0.6869 0.1526
12 0.1104 0.8280 0.1206 0.9294 0.1156 0.9304 0.1054 0.8290
12 0.1625 0.7735 0.1695 0.7524 0.1789 0.7585 0.1719 0.7796
12 0.9890 0.5583 0.9819 0.5818 0.9285 0.5501 0.9356 0.5266
13 0.3736 0.1102 0.3290 0.0408 0.3609 0.0006 0.4055 0.0700
13 0.8627 0.7363 0.8924 0.5226 0.9213 0.5305 0.8916 0.7442
13 0.8734 0.9736 0.8389 0.9894 0.8340 0.9684 0.8686 0.9526
13 0.2399 0.8280 0.4281 0.9187 0.4158 0.9684 0.2277 0.8777
15 0.0742 0.7103 0.0772 0.7886 0.0352 0.7917 0.0323 0.7134
15 0.1834 0.9073 0.1811 0.8457 0.2232 0.8427 0.2255 0.9043
15 0.5238 0.8688 0.5181 0.8964 0.4982 0.8884 0.5039 0.8608
