0 0.8758 0.8174 0.8107 0.9261 0.6133 0.6942 0.6785 0.5855
0 0.0831 0.8788 0.0491 0.8027 0.1067 0.7524 0.1406 0.8285
0 0.2404 0.4322 0.1979 0.2594 0.2842 0.2178 0.3267 0.3906
0 0.4877 0.2726 0.6051 0.3921 0.4820 0.6294 0.3646 0.5099
1 0.0807 0.1926 0.0811 0.1864 0.0927 0.1878 0.0923 0.1940
1 0.4782 0.8437 0.4931 0.8423 0.4938 0.8551 0.4789 0.8565
1 0.5200 0.0199 0.5290 0.0668 0.5180 0.0709 0.5090 0.0240
1 0.7063 0.9736 0.7092 0.9686 0.7295 0.9924 0.7265 0.9974
2 0.1338 0.0414 0.2155 0.1480 0.1776 0.2050 0.0959 0.0984
2 0.6541 0.2652 0.6170 0.4080 0.6076 0.4032 0.6447 0.2604
2 0.1429 0.5465 0.1230 0.5416 0.1242 0.5319 0.1441 0.5368
2 0.6372 0.4563 0.7463 0.5594 0.7385 0.5757 0.6294 0.4726
3 0.1612 0.6767 0.1562 0.6822 0.1365 0.6469 0.1415 0.6414
3 0.2366 0.8981 0.2930 0.8218 0.3066 0.8415 0.2501 0.9178
3 0.9410 0.3449 0.8326 0.4125 0.8242 0.3859 0.9325 0.3183
3 0.0947 0.3160 0.0960 0.3075 0.1664 0.3284 0.1651 0.3369
4 0.9489 0.7625 0.9417 0.7980 0.9314 0.7939 0.9386 0.7584
4 0.7612 0.1980 0.7496 0.1921 0.7517 0.1844 0.7632 0.1903
4 0.9417 0.5726 0.9359 0.5675 0.9388 0.5610 0.9446 0.5661
4 0.4196 0.9236 0.4344 0.9483 0.4159 0.9700 0.4010 0.9453
6 0.6716 0.9519 0.6595 0.9824 0.6544 0.9785 0.6665 0.9480
6 0.1539 0.5451 0.1643 0.5931 0.1564 0.5965 0.1459 0.5485
6 0.3141 0.1417 0.2907 0.1922 0.2182 0.1263 0.2416 0.0758
6 0.3267 0.7181 0.3204 0.8021 0.1996 0.7843 0.2059 0.7003
7 0.1721 0.0066 0.1713 0.0168 0.1510 0.0138 0.1518 0.0036
7 0.9234 0.8099 0.9361 0.8170 0.9180 0.8797 0.9053 0.8726
7 0.6748 0.3665 0.6825 0.3231 0.7641 0.3515 0.7563 0.3949
7 0.2641 0.6466 0.2599 0.6320 0.2913 0.6142 0.2955 0.6288
9 0.8922 0.2376 0.7970 0.2236 0.7998 0.1868 0.8950 0.2008
9 0.0790 0.4762 0.0591 0.3724 0.0765 0.3658 0.0963 0.4696
9 0.5840 0.6775 0.5757 0.7513 0.4443 0.7221 0.4526 0.6483
9 0.3863 0.0909 0.3808 0.2380 0.3354 0.2347 0.3409 0.0876
12 0.6527 0.1487 0.6798 0.2094 0.6716 0.2165 0.6445 0.1558
12 0.3551 0.5509 0.2544 0.5311 0.2589 0.4863 0.3596 0.5061
12 0.0459 0.4998 0.0847 0.4998 0.0847 0.6730 0.0459 0.6730
13 0.0874 0.0293 0.1033 0.0008 0.1146 0.0131 0.0987 0.0416
13 0.0770 0.2803 0.1182 0.2246 0.1361 0.2505 0.0949 0.3062
13 0.2455 0.4928 0.2498 0.4951 0.2025 0.6676 0.1982 0.6653
13 0.0273 0.1126 0.0349 0.1204 0.0078 0.1726 0.0002 0.1648
15 0.3461 0.9164 0.3122 0.8597 0.3399 0.8272 0.3738 0.8839
15 0.4856 0.0892 0.5312 0.1467 0.4984 0.1976 0.4528 0.1401
15 0.7148 0.0211 0.7570 0.0890 0.7166 0.1381 0.6744 0.0702
15 0.4747 0.8569 0.4249 0.9094 0.3759 0.8183 0.4257 0.7658
