0 0.1322 0.6089 0.0385 0.4527 0.1996 0.2635 0.2932 0.4197
0 0.8490 0.1714 0.8635 0.3157 0.5602 0.3754 0.5457 0.2311
0 0.4813 0.5815 0.3826 0.6237 0.3059 0.2725 0.4046 0.2303
0 0.4911 0.7850 0.5463 0.7823 0.5492 0.8978 0.4940 0.9005
1 0.2949 0.6995 0.2639 0.7188 0.2620 0.7129 0.2930 0.6936
1 0.7415 0.4440 0.7426 0.4500 0.7180 0.4592 0.7168 0.4532
1 0.9182 0.8436 0.9372 0.8897 0.8778 0.9376 0.8588 0.8915
1 0.0943 0.1085 0.0859 0.1012 0.0934 0.0843 0.1018 0.0916
2 0.2327 0.7216 0.2237 0.7417 0.2159 0.7348 0.2248 0.7147
2 0.5804 0.4682 0.6275 0.5127 0.5651 0.6422 0.5180 0.5977
2 0.0669 0.6736 0.0898 0.8246 0.0528 0.8356 0.0299 0.6846
2 0.7052 0.6756 0.6989 0.6952 0.6565 0.6688 0.6628 0.6492
3 0.8164 0.4975 0.8151 0.5046 0.7565 0.4841 0.7577 0.4770
3 0.9354 0.8232 0.9166 0.8232 0.9166 0.6824 0.9354 0.6824
3 0.1683 0.1090 0.1643 0.1625 0.1571 0.1614 0.1611 0.1079
3 0.3084 0.1833 0.2700 0.1937 0.2682 0.1807 0.3066 0.1703
4 0.7168 0.5539 0.7261 0.5516 0.7275 0.5625 0.7182 0.5648
4 0.2481 0.9776 0.2371 0.9832 0.2291 0.9524 0.2401 0.9468
4 0.2612 0.0569 0.2549 0.0797 0.2471 0.0755 0.2534 0.0527
4 0.3526 0.8318 0.3430 0.8372 0.3279 0.7850 0.3376 0.7796
6 0.9006 0.3601 0.9730 0.3548 0.9769 0.4567 0.9044 0.4620
6 0.9535 0.6186 0.8840 0.5925 0.8965 0.5270 0.9660 0.5531
6 0.0899 0.1785 0.1409 0.1467 0.1561 0.1947 0.1051 0.2265
6 0.1980 0.8715 0.1588 0.8862 0.1377 0.7757 0.1769 0.7610
7 0.9816 0.8603 0.9835 0.8455 0.9873 0.8465 0.9854 0.8613
7 0.8076 0.6907 0.8123 0.6852 0.8213 0.7001 0.8165 0.7056
7 0.6774 0.7148 0.6694 0.7136 0.6697 0.7096 0.6777 0.7108
7 0.7648 0.8251 0.8280 0.8968 0.8035 0.9393 0.7403 0.8676
9 0.8793 0.0558 0.9472 0.0658 0.9327 0.2594 0.8648 0.2494
9 0.7718 0.0647 0.6432 0.1645 0.6268 0.1229 0.7553 0.0231
9 0.4646 0.2226 0.4168 0.1791 0.4899 0.0214 0.5378 0.0649
12 0.4382 0.6403 0.4737 0.6429 0.4609 0.9845 0.4254 0.9819
12 0.5842 0.7942 0.6052 0.7628 0.6192 0.7810 0.5983 0.8124
12 0.3235 0.8592 0.3472 0.8783 0.2974 0.9992 0.2736 0.9801
13 0.1075 0.6158 0.1299 0.6339 0.1256 0.6442 0.1033 0.6261
13 0.5187 0.7360 0.5099 0.7202 0.5181 0.7112 0.5270 0.7270
13 0.1970 0.0763 0.2063 0.0747 0.2078 0.0917 0.1985 0.0933
15 0.7976 0.7290 0.8605 0.7259 0.8618 0.7798 0.7990 0.7829
15 0.8168 0.5602 0.8217 0.5046 0.8515 0.5098 0.8466 0.5654
15 0.0386 0.9588 0.0143 0.9102 0.0614 0.8640 0.0857 0.9126
15 0.5008 0.9416 0.5198 0.9383 0.5229 0.9736 0.5039 0.9769
