0 0.5942 0.1162 0.6529 0.1047 0.6629 0.2046 0.6043 0.2161
0 0.8550 0.8438 0.6890 0.8111 0.7381 0.3222 0.9041 0.3549
0 0.4703 0.0346 0.5921 0.2174 0.2811 0.6234 0.1594 0.4406
1 0.0557 0.6617 0.0365 0.6580 0.0369 0.6543 0.0561 0.6580
1 0.0283 0.7380 0.0473 0.7319 0.0540 0.7728 0.0350 0.7789
1 0.4763 0.8916 0.4753 0.9108 0.4428 0.9076 0.4438 0.8884
1 0.9359 0.6657 0.9342 0.6564 0.9438 0.6531 0.9455 0.6624
2 0.8234 0.9949 0.7434 0.9890 0.7477 0.8747 0.8277 0.8806
2 0.6105 0.5544 0.6048 0.5496 0.6101 0.5372 0.6158 0.5420
2 0.1370 0.1548 0.1496 0.1961 0.0770 0.2392 0.0644 0.1979
2 0.2614 0.7104 0.4280 0.6347 0.4337 0.6596 0.2672 0.7353
3 0.7598 0.2033 0.7565 0.1853 0.8271 0.1607 0.8303 0.1787
3 0.7326 0.0360 0.7039 0.0913 0.6928 0.0800 0.7215 0.0247
3 0.6876 0.6743 0.6371 0.6880 0.6347 0.6709 0.6852 0.6572
3 0.0850 0.6104 0.0660 0.5110 0.0784 0.5064 0.0974 0.6058
4 0.6310 0.6313 0.6291 0.5931 0.6456 0.5915 0.6475 0.6297
4 0.6783 0.5236 0.6597 0.5151 0.6694 0.4732 0.6880 0.4817
4 0.3184 0.8252 0.3154 0.8354 0.3016 0.8276 0.3046 0.8174
4 0.0408 0.0742 0.0268 0.0700 0.0283 0.0598 0.0424 0.0640
6 0.2475 0.9561 0.1988 0.9353 0.2088 0.8895 0.2575 0.9103
6 0.6545 0.8805 0.6887 0.8602 0.7032 0.9083 0.6691 0.9286
6 0.2587 0.7904 0.2367 0.8061 0.2253 0.7748 0.2473 0.7591
7 0.8567 0.9521 0.8732 0.9191 0.9190 0.9639 0.9025 0.9969
7 0.8762 0.8949 0.8793 0.8600 0.9321 0.8691 0.9290 0.9040
7 0.1178 0.4376 0.0808 0.4227 0.1039 0.3100 0.1409 0.3249
7 0.6708 0.8083 0.6715 0.8366 0.6321 0.8385 0.6313 0.8102
9 0.6865 0.2836 0.6926 0.2144 0.8697 0.2448 0.8637 0.3140
9 0.5221 0.8251 0.5806 0.6991 0.6196 0.7345 0.5611 0.8605
9 0.1076 0.9253 0.1478 0.8240 0.1678 0.8395 0.1277 0.9408
9 0.0716 0.6686 0.0956 0.6424 0.1618 0.7610 0.1378 0.7872
12 0.9010 0.2134 0.9222 0.2118 0.9230 0.2318 0.9018 0.2334
12 0.4071 0.8538 0.4718 0.8427 0.4741 0.8686 0.4093 0.8797
13 0.0563 0.9319 0.0406 0.9361 0.0346 0.8929 0.0503 0.8887
13 0.0926 0.9102 0.0770 0.9169 0.0711 0.8898 0.0867 0.8831
13 0.8601 0.1400 0.8591 0.1428 0.7542 0.0680 0.7552 0.0652
13 0.0351 0.4618 0.0632 0.5180 0.0454 0.5354 0.0174 0.4792
15 0.8749 0.1874 0.8613 0.0522 0.9200 0.0406 0.9336 0.1758
15 0.2879 0.9285 0.3455 0.8559 0.3861 0.9191 0.3285 0.9917
15 0.9827 0.3657 0.9042 0.3321 0.9187 0.2655 0.9973 0.2991
15 0.5920 0.4325 0.6080 0.3054 0.6632 0.3191 0.6472 0.4462
