0 0.5044 0.5790 0.5709 0.6518 0.4616 0.8478 0.3951 0.7750
0 0.2453 0.4778 0.2414 0.7908 0.1821 0.7894 0.1860 0.4764
0 0.9291 0.3773 0.8649 0.4845 0.6580 0.2415 0.7223 0.1343
0 0.1263 0.1390 0.2227 0.1248 0.2412 0.3706 0.1447 0.3848
1 0.5520 0.0502 0.5612 0.0518 0.5532 0.1430 0.5440 0.1414
1 0.4666 0.4888 0.4796 0.5029 0.4763 0.5088 0.4633 0.4947
1 0.9845 0.1472 0.9923 0.1639 0.9641 0.1896 0.9563 0.1729
1 0.8001 0.8360 0.7554 0.8600 0.7245 0.7472 0.7692 0.7232
2 0.7390 0.0347 0.7385 0.0769 0.7222 0.0765 0.7227 0.0343
2 0.8468 0.5306 0.9184 0.5306 0.9184 0.6314 0.8468 0.6314
2 0.5640 0.9087 0.5694 0.9000 0.5952 0.9313 0.5897 0.9400
2 0.3606 0.2891 0.3663 0.2324 0.3914 0.2373 0.3857 0.2940
3 0.5318 0.3901 0.5310 0.3977 0.5036 0.3923 0.5044 0.3847
3 0.3036 0.6406 0.3309 0.5356 0.3519 0.5462 0.3246 0.6512
3 0.0816 0.4723 0.0831 0.4328 0.0910 0.4333 0.0895 0.4728
3 0.4703 0.2223 0.5201 0.3084 0.5048 0.3257 0.4550 0.2396
4 0.2566 0.2090 0.2533 0.1985 0.2974 0.1710 0.3007 0.1815
4 0.9388 0.3828 0.9359 0.3675 0.9412 0.3656 0.9441 0.3809
4 0.1572 0.4629 0.1431 0.4336 0.1534 0.4239 0.1675 0.4532
4 0.1215 0.8347 0.0999 0.8401 0.0979 0.8245 0.1195 0.8191
6 0.9781 0.9474 0.8841 0.9901 0.8688 0.9238 0.9627 0.8811
6 0.9700 0.7559 0.9853 0.7344 0.9889 0.7393 0.9735 0.7608
6 0.1203 0.5209 0.1164 0.4871 0.1220 0.4859 0.1258 0.5197
6 0.3110 0.6687 0.3229 0.7027 0.3173 0.7065 0.3054 0.6725
7 0.4296 0.5488 0.4243 0.5440 0.4309 0.5296 0.4363 0.5344
7 0.6152 0.1922 0.6128 0.1861 0.6214 0.1794 0.6238 0.1855
7 0.7160 0.9214 0.6945 0.9241 0.6905 0.8606 0.7121 0.8579
7 0.5998 0.8132 0.6158 0.8283 0.6007 0.8596 0.5847 0.8445
9 0.7114 0.6750 0.7069 0.6972 0.6406 0.6706 0.6451 0.6484
9 0.1458 0.6604 0.1475 0.7277 0.0342 0.7332 0.0325 0.6659
9 0.7505 0.5818 0.7684 0.5255 0.7958 0.5426 0.7779 0.5989
12 0.3617 0.3390 0.3853 0.3242 0.4161 0.4210 0.3924 0.4358
12 0.5788 0.3735 0.5886 0.3531 0.6418 0.4033 0.6320 0.4237
12 0.5881 0.5284 0.5784 0.4950 0.6439 0.4580 0.6536 0.4914
12 0.0604 0.9397 0.0024 0.8890 0.0128 0.8659 0.0707 0.9166
13 0.0928 0.7542 0.1114 0.7380 0.1263 0.7714 0.1077 0.7876
13 0.8190 0.7927 0.8193 0.7850 0.8230 0.7853 0.8227 0.7930
13 0.9747 0.0375 0.9837 0.0384 0.9831 0.0521 0.9740 0.0512
13 0.0481 0.2838 0.0440 0.3169 0.0007 0.3062 0.0049 0.2731
15 0.3409 0.0511 0.3678 0.1162 0.3071 0.1653 0.2802 0.1002
15 0.8334 0.0810 0.8574 0.0019 0.9009 0.0278 0.8769 0.1069
15 0.3000 0.8765 0.2231 0.9669 0.1788 0.8931 0.2558 0.8027
15 0.1077 0.6017 0.0442 0.6413 0.0220 0.5715 0.0855 0.5319
