0 0.4689 0.0384 0.6974 0.0384 0.6974 0.1232 0.4689 0.1232
0 0.1514 0.4984 0.4546 0.4984 0.4546 0.6896 0.1514 0.6896
0 0.8037 0.2516 0.9106 0.2516 0.9106 0.6556 0.8037 0.6556
0 0.1286 0.0764 0.2617 0.0764 0.2617 0.4428 0.1286 0.4428
1 0.4700 0.2828 0.4900 0.2828 0.4900 0.2912 0.4700 0.2912
1 0.2657 0.9108 0.2706 0.9108 0.2706 0.9528 0.2657 0.9528
1 0.9389 0.2420 0.9531 0.2420 0.9531 0.2728 0.9389 0.2728
1 0.6594 0.1884 0.6626 0.1884 0.6626 0.2136 0.6594 0.2136
2 0.2506 0.6696 0.3240 0.6696 0.3240 0.7944 0.2506 0.7944
2 0.4411 0.5284 0.6697 0.5284 0.6697 0.5952 0.4411 0.5952
2 0.7163 0.7660 0.8094 0.7660 0.8094 0.8384 0.7163 0.8384
2 0.6929 0.3408 0.7620 0.3408 0.7620 0.3964 0.6929 0.3964
3 0.3071 0.1480 0.3566 0.1480 0.3566 0.1648 0.3071 0.1648
3 0.4434 0.3020 0.5177 0.3020 0.5177 0.3248 0.4434 0.3248
3 0.4306 0.3648 0.5106 0.3648 0.5106 0.3844 0.4306 0.3844
3 0.1740 0.6176 0.1903 0.6176 0.1903 0.7424 0.1740 0.7424
4 0.9706 0.3288 0.9909 0.3288 0.9909 0.3424 0.9706 0.3424
4 0.2640 0.2976 0.2871 0.2976 0.2871 0.3292 0.2640 0.3292
4 0.3049 0.1340 0.3263 0.1340 0.3263 0.1464 0.3049 0.1464
4 0.1660 0.1400 0.1751 0.1400 0.1751 0.1668 0.1660 0.1668
6 0.0734 0.1884 0.1080 0.1884 0.1080 0.1996 0.0734 0.1996
6 0.2923 0.0012 0.3100 0.0012 0.3100 0.0264 0.2923 0.0264
6 0.2174 0.6900 0.2760 0.6900 0.2760 0.7724 0.2174 0.7724
6 0.3591 0.9136 0.4246 0.9136 0.4246 0.9444 0.3591 0.9444
7 0.6734 0.3272 0.7034 0.3272 0.7034 0.4384 0.6734 0.4384
7 0.2263 0.1612 0.2609 0.1612 0.2609 0.2760 0.2263 0.2760
7 0.0986 0.2172 0.1323 0.2172 0.1323 0.3528 0.0986 0.3528
7 0.1689 0.4924 0.1834 0.4924 0.1834 0.5320 0.1689 0.5320
9 0.6206 0.6072 0.6623 0.6072 0.6623 0.8164 0.6206 0.8164
9 0.0849 0.4720 0.1420 0.4720 0.1420 0.5264 0.0849 0.5264
9 0.0671 0.1084 0.1946 0.1084 0.1946 0.1496 0.0671 0.1496
9 0.3489 0.0620 0.4209 0.0620 0.4209 0.2944 0.3489 0.2944
12 0.3606 0.8868 0.4551 0.8868 0.4551 0.9228 0.3606 0.9228
12 0.1606 0.5324 0.2326 0.5324 0.2326 0.5644 0.1606 0.5644
12 0.1560 0.6832 0.1614 0.6832 0.1614 0.8848 0.1560 0.8848
12 0.8743 0.1536 0.8797 0.1536 0.8797 0.3552 0.8743 0.3552
13 0.5086 0.8472 0.5191 0.8472 0.5191 0.8608 0.5086 0.8608
13 0.7237 0.2324 0.7637 0.2324 0.7637 0.2572 0.7237 0.2572
13 0.9477 0.5452 0.9740 0.5452 0.9740 0.5908 0.9477 0.5908
13 0.3037 0.0424 0.3114 0.0424 0.3114 0.0548 0.3037 0.0548
15 0.3960 0.1480 0.4254 0.1480 0.4254 0.2076 0.3960 0.2076
15 0.5691 0.8000 0.6734 0.8000 0.6734 0.9124 0.5691 0.9124
15 0.4783 0.7228 0.5317 0.7228 0.5317 0.7868 0.4783 0.7868
15 0.8646 0.4352 0.9211 0.4352 0.9211 0.5184 0.8646 0.5184
