0 0.1491 0.2080 0.4729 0.2080 0.4729 0.2880 0.1491 0.2880
0 0.5674 0.5948 0.7560 0.5948 0.7560 0.6976 0.5674 0.6976
0 0.6717 0.3592 0.7383 0.3592 0.7383 0.4296 0.6717 0.4296
0 0.0769 0.1304 0.1837 0.1304 0.1837 0.5344 0.0769 0.5344
1 0.1491 0.5816 0.1840 0.5816 0.1840 0.6696 0.1491 0.6696
1 0.5743 0.5448 0.5854 0.5448 0.5854 0.5816 0.5743 0.5816
1 0.2391 0.1012 0.2423 0.1012 0.2423 0.1264 0.2391 0.1264
1 0.5514 0.4764 0.5646 0.4764 0.5646 0.5028 0.5514 0.5028
2 0.3846 0.9864 0.4437 0.9864 0.4437 0.9940 0.3846 0.9940
2 0.3574 0.4056 0.4514 0.4056 0.4514 0.5496 0.3574 0.5496
2 0.3737 0.0116 0.4677 0.0116 0.4677 0.1556 0.3737 0.1556
2 0.6689 0.2472 0.7134 0.2472 0.7134 0.3024 0.6689 0.3024
3 0.7894 0.1024 0.8846 0.1024 0.8846 0.1248 0.7894 0.1248
3 0.5897 0.7784 0.6640 0.7784 0.6640 0.8012 0.5897 0.8012
3 0.0549 0.1652 0.1243 0.1652 0.1243 0.1836 0.0549 0.1836
3 0.5351 0.8552 0.6146 0.8552 0.6146 0.8800 0.5351 0.8800
4 0.5426 0.7800 0.5629 0.7800 0.5629 0.7936 0.5426 0.7936
4 0.7520 0.6184 0.7660 0.6184 0.7660 0.6280 0.7520 0.6280
4 0.8329 0.2520 0.8474 0.2520 0.8474 0.2928 0.8329 0.2928
4 0.9683 0.1300 0.9886 0.1300 0.9886 0.1436 0.9683 0.1436
6 0.1266 0.7584 0.1920 0.7584 0.1920 0.7892 0.1266 0.7892
6 0.6349 0.2104 0.7023 0.2104 0.7023 0.4004 0.6349 0.4004
6 0.8303 0.0928 0.8977 0.0928 0.8977 0.2828 0.8303 0.2828
6 0.9486 0.7484 0.9983 0.7484 0.9983 0.7952 0.9486 0.7952
7 0.0834 0.5292 0.1086 0.5292 0.1086 0.6560 0.0834 0.6560
7 0.9651 0.4712 0.9766 0.4712 0.9766 0.5128 0.9651 0.5128
7 0.0383 0.9576 0.0451 0.9576 0.0451 0.9880 0.0383 0.9880
7 0.4077 0.6868 0.4151 0.6868 0.4151 0.7544 0.4077 0.7544
9 0.9397 0.1240 0.9717 0.1240 0.9717 0.2820 0.9397 0.2820
9 0.7974 0.6264 0.9249 0.6264 0.9249 0.6676 0.7974 0.6676
9 0.5714 0.1784 0.6034 0.1784 0.6034 0.3364 0.5714 0.3364
9 0.5526 0.4308 0.6800 0.4308 0.6800 0.4720 0.5526 0.4720
12 0.3520 0.1804 0.3606 0.1804 0.3606 0.4776 0.3520 0.4776
12 0.3437 0.1864 0.3823 0.1864 0.3823 0.2228 0.3437 0.2228
12 0.5109 0.8376 0.6054 0.8376 0.6054 0.8736 0.5109 0.8736
12 0.3669 0.0772 0.8080 0.0772 0.8080 0.1584 0.3669 0.1584
13 0.7137 0.3168 0.7243 0.3168 0.7243 0.3304 0.7137 0.3304
13 0.8871 0.6936 0.8997 0.6936 0.8997 0.7080 0.8871 0.7080
13 0.1717 0.0872 0.1860 0.0872 0.1860 0.2072 0.1717 0.2072
13 0.1229 0.3796 0.1286 0.3796 0.1286 0.4000 0.1229 0.4000
15 0.5783 0.0768 0.6211 0.0768 0.6211 0.1392 0.5783 0.1392
15 0.8466 0.4320 0.9411 0.4320 0.9411 0.5132 0.8466 0.5132
15 0.8900 0.2584 0.9631 0.2584 0.9631 0.3304 0.8900 0.3304
15 0.2583 0.2436 0.3383 0.2436 0.3383 0.3264 0.2583 0.3264
