0 0.3757 0.3632 0.4100 0.3632 0.4100 0.8192 0.3757 0.8192
0 0.7526 0.4276 0.8071 0.4276 0.8071 0.6656 0.7526 0.6656
0 0.7120 0.3700 0.8189 0.3700 0.8189 0.7740 0.7120 0.7740
0 0.4454 0.1384 0.5583 0.1384 0.5583 0.3308 0.4454 0.3308
1 0.3363 0.3524 0.3391 0.3524 0.3391 0.3776 0.3363 0.3776
1 0.6386 0.2964 0.6457 0.2964 0.6457 0.3224 0.6386 0.3224
1 0.6766 0.0172 0.7114 0.0172 0.7114 0.1052 0.6766 0.1052
1 0.2580 0.9292 0.2794 0.9292 0.2794 0.9408 0.2580 0.9408
2 0.0300 0.4048 0.0509 0.4048 0.0509 0.4776 0.0300 0.4776
2 0.7329 0.8344 0.8260 0.8344 0.8260 0.9068 0.7329 0.9068
2 0.6054 0.7140 0.7177 0.7140 0.7177 0.7888 0.6054 0.7888
2 0.7249 0.8908 0.7503 0.8908 0.7503 0.9100 0.7249 0.9100
3 0.6129 0.9180 0.7074 0.9180 0.7074 0.9412 0.6129 0.9412
3 0.9311 0.7616 0.9414 0.7616 0.9414 0.8344 0.9311 0.8344
3 0.2374 0.8224 0.2477 0.8224 0.2477 0.8956 0.2374 0.8956
3 0.0960 0.0900 0.1760 0.0900 0.1760 0.1096 0.0960 0.1096
4 0.3734 0.2488 0.3923 0.2488 0.3923 0.2624 0.3734 0.2624
4 0.9737 0.9116 0.9866 0.9116 0.9866 0.9224 0.9737 0.9224
4 0.6817 0.7780 0.6909 0.7780 0.6909 0.7912 0.6817 0.7912
4 0.7369 0.4512 0.7434 0.4512 0.7434 0.4760 0.7369 0.4760
6 0.6351 0.3432 0.6529 0.3432 0.6529 0.3684 0.6351 0.3684
6 0.6254 0.6864 0.6600 0.6864 0.6600 0.6976 0.6254 0.6976
6 0.0337 0.5700 0.0683 0.5700 0.0683 0.5812 0.0337 0.5812
6 0.4743 0.6092 0.5397 0.6092 0.5397 0.6400 0.4743 0.6400
7 0.6097 0.0000 0.6217 0.0000 0.6217 0.0392 0.6097 0.0392
7 0.0114 0.5808 0.0580 0.5808 0.0580 0.7152 0.0114 0.7152
7 0.4869 0.5660 0.5069 0.5660 0.5069 0.6360 0.4869 0.6360
7 0.8980 0.2408 0.9680 0.2408 0.9680 0.3036 0.8980 0.3036
9 0.6889 0.1912 0.8117 0.1912 0.8117 0.2388 0.6889 0.2388
9 0.2717 0.2464 0.3134 0.2464 0.3134 0.4556 0.2717 0.4556
9 0.4634 0.7956 0.6351 0.7956 0.6351 0.8996 0.4634 0.8996
9 0.4446 0.1788 0.4746 0.1788 0.4746 0.3544 0.4446 0.3544
12 0.6154 0.8784 0.6763 0.8784 0.6763 0.9140 0.6154 0.9140
12 0.6006 0.2424 0.6951 0.2424 0.6951 0.2784 0.6006 0.2784
12 0.9474 0.6188 0.9529 0.6188 0.9529 0.8204 0.9474 0.8204
12 0.1914 0.0760 0.2860 0.0760 0.2860 0.1120 0.1914 0.1120
13 0.4549 0.6012 0.4663 0.6012 0.4663 0.6352 0.4549 0.6352
13 0.0449 0.1168 0.0666 0.1168 0.0666 0.1724 0.0449 0.1724
13 0.9129 0.7556 0.9437 0.7556 0.9437 0.7868 0.9129 0.7868
13 0.7311 0.0696 0.7483 0.0696 0.7483 0.0856 0.7311 0.0856
15 0.0009 0.4520 0.0603 0.4520 0.0603 0.5212 0.0009 0.5212
15 0.3674 0.0560 0.4523 0.0560 0.4523 0.1648 0.3674 0.1648
15 0.8626 0.7364 0.9240 0.7364 0.9240 0.8488 0.8626 0.8488
15 0.4583 0.7508 0.5323 0.7508 0.5323 0.8136 0.4583 0.8136
