0 0.8851 0.0228 0.9920 0.0228 0.9920 0.4268 0.8851 0.4268
0 0.3854 0.6048 0.5374 0.6048 0.5374 0.9924 0.3854 0.9924
0 0.2294 0.0144 0.5531 0.0144 0.5531 0.0944 0.2294 0.0944
0 0.7126 0.4588 0.7960 0.4588 0.7960 0.6332 0.7126 0.6332
1 0.2286 0.5900 0.2363 0.5900 0.2363 0.6732 0.2286 0.6732
1 0.1174 0.9644 0.1206 0.9644 0.1206 0.9896 0.1174 0.9896
1 0.7626 0.2504 0.7757 0.2504 0.7757 0.2768 0.7626 0.2768
1 0.0803 0.3344 0.1051 0.3344 0.1051 0.3392 0.0803 0.3392
2 0.5740 0.6236 0.6680 0.6236 0.6680 0.7676 0.5740 0.7676
2 0.2254 0.4548 0.2474 0.4548 0.2474 0.5480 0.2254 0.5480
2 0.1500 0.9416 0.1574 0.9416 0.1574 0.9840 0.1500 0.9840
2 0.7557 0.6600 0.9943 0.6600 0.9943 0.8156 0.7557 0.8156
3 0.3071 0.8656 0.3134 0.8656 0.3134 0.9676 0.3071 0.9676
3 0.2074 0.3308 0.2626 0.3308 0.2626 0.3524 0.2074 0.3524
3 0.9069 0.3876 0.9171 0.3876 0.9171 0.4608 0.9069 0.4608
3 0.3094 0.5368 0.3894 0.5368 0.3894 0.5564 0.3094 0.5564
4 0.5063 0.2476 0.5240 0.2476 0.5240 0.2604 0.5063 0.2604
4 0.8923 0.2412 0.9111 0.2412 0.9111 0.2540 0.8923 0.2540
4 0.8480 0.2680 0.8683 0.2680 0.8683 0.2816 0.8480 0.2816
4 0.0514 0.0460 0.0629 0.0460 0.0629 0.0520 0.0514 0.0520
6 0.2280 0.7108 0.2457 0.7108 0.2457 0.7360 0.2280 0.7360
6 0.7117 0.6228 0.7294 0.6228 0.7294 0.6480 0.7117 0.6480
6 0.1194 0.3200 0.3106 0.3200 0.3106 0.4548 0.1194 0.4548
6 0.7634 0.3580 0.9546 0.3580 0.9546 0.4928 0.7634 0.4928
7 0.1203 0.5156 0.1737 0.5156 0.1737 0.5384 0.1203 0.5384
7 0.7766 0.7416 0.7903 0.7416 0.7903 0.7896 0.7766 0.7896
7 0.5806 0.1196 0.6200 0.1196 0.6200 0.2588 0.5806 0.2588
7 0.8097 0.1288 0.8206 0.1288 0.8206 0.2188 0.8097 0.2188
9 0.2600 0.3772 0.2977 0.3772 0.2977 0.5088 0.2600 0.5088
9 0.2854 0.2236 0.4571 0.2236 0.4571 0.3276 0.2854 0.3276
9 0.3246 0.5964 0.3623 0.5964 0.3623 0.7280 0.3246 0.7280
9 0.8051 0.2992 0.9209 0.2992 0.9209 0.3372 0.8051 0.3372
12 0.3371 0.5548 0.3546 0.5548 0.3546 0.6772 0.3371 0.6772
12 0.6434 0.3944 0.6820 0.3944 0.6820 0.4308 0.6434 0.4308
12 0.4809 0.4840 0.4894 0.4840 0.4894 0.7812 0.4809 0.7812
12 0.3543 0.3192 0.3806 0.3192 0.3806 0.6016 0.3543 0.6016
13 0.4266 0.6736 0.4437 0.6736 0.4437 0.6896 0.4266 0.6896
13 0.7751 0.6464 0.7806 0.6464 0.7806 0.8644 0.7751 0.8644
13 0.1197 0.5188 0.1254 0.5188 0.1254 0.5392 0.1197 0.5392
13 0.6509 0.8524 0.6740 0.8524 0.6740 0.9160 0.6509 0.9160
15 0.1946 0.8268 0.2409 0.8268 0.2409 0.8952 0.1946 0.8952
15 0.6746 0.7452 0.7089 0.7452 0.7089 0.7928 0.6746 0.7928
15 0.0749 0.5312 0.1491 0.5312 0.1491 0.5916 0.0749 0.5916
15 0.4346 0.0484 0.4809 0.0484 0.4809 0.1168 0.4346 0.1168
