0 0.0666 0.2784 0.1711 0.2784 0.1711 0.7092 0.0666 0.7092
0 0.1714 0.7516 0.4746 0.7516 0.4746 0.9428 0.1714 0.9428
0 0.7611 0.1984 0.8657 0.1984 0.8657 0.6292 0.7611 0.6292
0 0.5926 0.3944 0.6931 0.3944 0.6931 0.5976 0.5926 0.5976
1 0.3000 0.5532 0.3029 0.5532 0.3029 0.6088 0.3000 0.6088
1 0.3660 0.8920 0.3860 0.8920 0.3860 0.9004 0.3660 0.9004
1 0.7686 0.8344 0.7757 0.8344 0.7757 0.8604 0.7686 0.8604
1 0.5649 0.5884 0.5697 0.5884 0.5697 0.6304 0.5649 0.6304
2 0.5266 0.5296 0.6003 0.5296 0.6003 0.5908 0.5266 0.5908
2 0.6423 0.5500 0.6623 0.5500 0.6623 0.5948 0.6423 0.5948
2 0.1686 0.9060 0.2263 0.9060 0.2263 0.9644 0.1686 0.9644
2 0.4931 0.7196 0.5689 0.7196 0.5689 0.7724 0.4931 0.7724
3 0.9394 0.3280 0.9497 0.3280 0.9497 0.4012 0.9394 0.4012
3 0.1586 0.3364 0.2137 0.3364 0.2137 0.3556 0.1586 0.3556
3 0.5097 0.0728 0.5200 0.0728 0.5200 0.1456 0.5097 0.1456
3 0.5786 0.0752 0.6480 0.0752 0.6480 0.0936 0.5786 0.0936
4 0.1046 0.0832 0.1174 0.0832 0.1174 0.0936 0.1046 0.0936
4 0.4863 0.9500 0.4971 0.9500 0.4971 0.9660 0.4863 0.9660
4 0.5940 0.0744 0.6111 0.0744 0.6111 0.0976 0.5940 0.0976
4 0.2269 0.1944 0.2503 0.1944 0.2503 0.2056 0.2269 0.2056
6 0.7463 0.8008 0.9374 0.8008 0.9374 0.9356 0.7463 0.9356
6 0.9306 0.1608 0.9651 0.1608 0.9651 0.1720 0.9306 0.1720
6 0.0486 0.6720 0.1160 0.6720 0.1160 0.8620 0.0486 0.8620
6 0.8014 0.7012 0.8689 0.7012 0.8689 0.8912 0.8014 0.8912
7 0.3711 0.6484 0.3849 0.6484 0.3849 0.6964 0.3711 0.6964
7 0.1286 0.0940 0.1520 0.0940 0.1520 0.2040 0.1286 0.2040
7 0.9140 0.3560 0.9406 0.3560 0.9406 0.4344 0.9140 0.4344
7 0.2414 0.7004 0.2537 0.7004 0.2537 0.7592 0.2414 0.7592
9 0.0483 0.4632 0.0857 0.4632 0.0857 0.6504 0.0483 0.6504
9 0.8706 0.6340 0.9006 0.6340 0.9006 0.8096 0.8706 0.8096
9 0.5097 0.3260 0.6251 0.3260 0.6251 0.3636 0.5097 0.3636
9 0.4917 0.1516 0.5217 0.1516 0.5217 0.3272 0.4917 0.3272
12 0.4049 0.8308 0.5180 0.8308 0.5180 0.8616 0.4049 0.8616
12 0.7151 0.5868 0.7237 0.5868 0.7237 0.8840 0.7151 0.8840
12 0.7620 0.3848 0.7706 0.3848 0.7706 0.6820 0.7620 0.6820
12 0.0931 0.0728 0.2977 0.0728 0.2977 0.1084 0.0931 0.1084
13 0.3094 0.0616 0.3194 0.0616 0.3194 0.0816 0.3094 0.0816
13 0.3483 0.5460 0.3949 0.5460 0.3949 0.5876 0.3483 0.5876
13 0.8566 0.6248 0.8691 0.6248 0.8691 0.6332 0.8566 0.6332
13 0.7723 0.5320 0.8046 0.5320 0.8046 0.5468 0.7723 0.5468
15 0.5169 0.5516 0.5891 0.5516 0.5891 0.6324 0.5169 0.6324
15 0.5171 0.0780 0.5383 0.0780 0.5383 0.1612 0.5171 0.1612
15 0.7566 0.0652 0.8414 0.0652 0.8414 0.1740 0.7566 0.1740
15 0.7083 0.9204 0.7617 0.9204 0.7617 0.9844 0.7083 0.9844
