0 0.2351 0.4120 0.2694 0.4120 0.2694 0.8680 0.2351 0.8680
0 0.4497 0.2144 0.5331 0.2144 0.5331 0.3888 0.4497 0.3888
0 0.6631 0.2504 0.7677 0.2504 0.7677 0.6812 0.6631 0.6812
0 0.2769 0.6920 0.3780 0.6920 0.3780 0.8420 0.2769 0.8420
1 0.0854 0.1828 0.0926 0.1828 0.0926 0.2088 0.0854 0.2088
1 0.9677 0.3824 0.9697 0.3824 0.9697 0.4180 0.9677 0.4180
1 0.6491 0.6328 0.6706 0.6328 0.6706 0.6444 0.6491 0.6444
1 0.6429 0.2012 0.6629 0.2012 0.6629 0.2096 0.6429 0.2096
2 0.0689 0.5168 0.1454 0.5168 0.1454 0.7272 0.0689 0.7272
2 0.5834 0.4128 0.6869 0.4128 0.6869 0.4724 0.5834 0.4724
2 0.5217 0.4904 0.5660 0.4904 0.5660 0.5036 0.5217 0.5036
2 0.0334 0.7572 0.0937 0.7572 0.0937 0.7888 0.0334 0.7888
3 0.6726 0.0956 0.7666 0.0956 0.7666 0.1180 0.6726 0.1180
3 0.5526 0.0032 0.5663 0.0032 0.5663 0.1056 0.5526 0.1056
3 0.8720 0.5160 0.8883 0.5160 0.8883 0.6408 0.8720 0.6408
3 0.2749 0.1776 0.3300 0.1776 0.3300 0.1992 0.2749 0.1992
4 0.5329 0.5580 0.5609 0.5580 0.5609 0.5652 0.5329 0.5652
4 0.0769 0.7432 0.0940 0.7432 0.0940 0.7832 0.0769 0.7832
4 0.8711 0.1776 0.8857 0.1776 0.8857 0.2184 0.8711 0.2184
4 0.7174 0.9712 0.7334 0.9712 0.7334 0.9768 0.7174 0.9768
6 0.9011 0.8796 0.9666 0.8796 0.9666 0.9104 0.9011 0.9104
6 0.9477 0.7252 0.9654 0.7252 0.9654 0.7504 0.9477 0.7504
6 0.8471 0.2652 0.8817 0.2652 0.8817 0.2764 0.8471 0.2764
6 0.9009 0.2824 0.9506 0.2824 0.9506 0.3292 0.9009 0.3292
7 0.6603 0.5772 0.6663 0.5772 0.6663 0.5972 0.6603 0.5972
7 0.0091 0.2488 0.0203 0.2488 0.0203 0.3180 0.0091 0.3180
7 0.4760 0.3848 0.5049 0.3848 0.5049 0.5272 0.4760 0.5272
7 0.3137 0.6040 0.3303 0.6040 0.3303 0.6692 0.3137 0.6692
9 0.5266 0.7588 0.5709 0.7588 0.5709 0.9872 0.5266 0.9872
9 0.5971 0.4940 0.6691 0.4940 0.6691 0.7264 0.5971 0.7264
9 0.2217 0.0952 0.3934 0.0952 0.3934 0.1992 0.2217 0.1992
9 0.6680 0.6588 0.7400 0.6588 0.7400 0.8912 0.6680 0.8912
12 0.4043 0.2228 0.5017 0.2228 0.5017 0.2484 0.4043 0.2484
12 0.9043 0.4388 0.9483 0.4388 0.9483 0.8636 0.9043 0.8636
12 0.2940 0.2236 0.3171 0.2236 0.3171 0.3384 0.2940 0.3384
12 0.4657 0.3424 0.4880 0.3424 0.4880 0.6024 0.4657 0.6024
13 0.5957 0.1960 0.6260 0.1960 0.6260 0.2216 0.5957 0.2216
13 0.7837 0.2744 0.7980 0.2744 0.7980 0.3944 0.7837 0.3944
13 0.8406 0.8692 0.8511 0.8692 0.8511 0.8780 0.8406 0.8780
13 0.9460 0.3824 0.9560 0.3824 0.9560 0.3976 0.9460 0.3976
15 0.6231 0.3352 0.6443 0.3352 0.6443 0.4184 0.6231 0.4184
15 0.8491 0.1224 0.8826 0.1224 0.8826 0.1704 0.8491 0.1704
15 0.8717 0.4424 0.9260 0.4424 0.9260 0.5152 0.8717 0.5152
15 0.3094 0.2480 0.3389 0.2480 0.3389 0.3076 0.3094 0.3076
