0 0.4114 0.5776 0.5446 0.5776 0.5446 0.9440 0.4114 0.9440
0 0.1374 0.5392 0.2894 0.5392 0.2894 0.9268 0.1374 0.9268
0 0.3574 0.3092 0.3917 0.3092 0.3917 0.7652 0.3574 0.7652
0 0.2283 0.0880 0.3117 0.0880 0.3117 0.2624 0.2283 0.2624
1 0.8789 0.0808 0.8866 0.0808 0.8866 0.1640 0.8789 0.1640
1 0.1540 0.6204 0.1683 0.6204 0.1683 0.6512 0.1540 0.6512
1 0.6746 0.5816 0.6766 0.5816 0.6766 0.6172 0.6746 0.6172
1 0.2931 0.0304 0.3180 0.0304 0.3180 0.0352 0.2931 0.0352
2 0.7831 0.0348 0.8537 0.0348 0.8537 0.1460 0.7831 0.1460
2 0.6649 0.1160 0.8251 0.1160 0.8251 0.2596 0.6649 0.2596
2 0.6866 0.5380 0.7623 0.5380 0.7623 0.5908 0.6866 0.5908
2 0.4114 0.4136 0.4323 0.4136 0.4323 0.4864 0.4114 0.4864
3 0.3237 0.2988 0.3931 0.2988 0.3931 0.3172 0.3237 0.3172
3 0.2431 0.3472 0.2534 0.3472 0.2534 0.4200 0.2431 0.4200
3 0.9029 0.7696 0.9829 0.7696 0.9829 0.7892 0.9029 0.7892
3 0.4886 0.3716 0.4989 0.3716 0.4989 0.4444 0.4886 0.4444
4 0.2500 0.8448 0.2731 0.8448 0.2731 0.8836 0.2500 0.8836
4 0.9729 0.1560 0.9837 0.1560 0.9837 0.1720 0.9729 0.1720
4 0.2943 0.0404 0.3023 0.0404 0.3023 0.0660 0.2943 0.0660
4 0.5871 0.5256 0.6049 0.5256 0.6049 0.5388 0.5871 0.5388
6 0.8940 0.2956 0.9614 0.2956 0.9614 0.4856 0.8940 0.4856
6 0.3003 0.5136 0.3500 0.5136 0.3500 0.5604 0.3003 0.5604
6 0.7920 0.4540 0.8594 0.4540 0.8594 0.6440 0.7920 0.6440
6 0.1277 0.4748 0.1931 0.4748 0.1931 0.5056 0.1277 0.5056
7 0.3831 0.0608 0.4071 0.0608 0.4071 0.1432 0.3831 0.1432
7 0.2900 0.6972 0.3146 0.6972 0.3146 0.7472 0.2900 0.7472
7 0.1677 0.4020 0.1831 0.4020 0.1831 0.4432 0.1677 0.4432
7 0.8466 0.4792 0.8629 0.4792 0.8629 0.4880 0.8466 0.4880
9 0.5834 0.2216 0.6546 0.2216 0.6546 0.4244 0.5834 0.4244
9 0.2274 0.4640 0.3431 0.4640 0.3431 0.5020 0.2274 0.5020
9 0.6440 0.7032 0.6760 0.7032 0.6760 0.8612 0.6440 0.8612
9 0.0534 0.0088 0.0911 0.0088 0.0911 0.1404 0.0534 0.1404
12 0.1206 0.2496 0.1777 0.2496 0.1777 0.7992 0.1206 0.7992
12 0.6454 0.8072 0.6686 0.8072 0.6686 0.9908 0.6454 0.9908
12 0.0669 0.3852 0.1389 0.3852 0.1389 0.4172 0.0669 0.4172
12 0.2737 0.1496 0.3309 0.1496 0.3309 0.6992 0.2737 0.6992
13 0.6903 0.7784 0.6983 0.7784 0.6983 0.7996 0.6903 0.7996
13 0.5891 0.5824 0.6011 0.5824 0.6011 0.5936 0.5891 0.5936
13 0.2591 0.0292 0.2614 0.0292 0.2614 0.1544 0.2591 0.1544
13 0.5711 0.3304 0.5763 0.3304 0.5763 0.3496 0.5711 0.3496
15 0.3397 0.2996 0.3991 0.2996 0.3991 0.3620 0.3397 0.3620
15 0.4911 0.2584 0.5711 0.2584 0.5711 0.3412 0.4911 0.3412
15 0.0891 0.4728 0.1226 0.4728 0.1226 0.5208 0.0891 0.5208
15 0.7089 0.9396 0.7397 0.9396 0.7397 0.9988 0.7089 0.9988
