0 0.4589 0.7788 0.5263 0.7788 0.5263 0.8328 0.4589 0.8328
0 0.3631 0.7592 0.4637 0.7592 0.4637 0.9624 0.3631 0.9624
0 0.1900 0.4460 0.2969 0.4460 0.2969 0.8500 0.1900 0.8500
0 0.6177 0.8280 0.9414 0.8280 0.9414 0.9080 0.6177 0.9080
1 0.3366 0.5532 0.3497 0.5532 0.3497 0.5796 0.3366 0.5796
1 0.4806 0.2356 0.4880 0.2356 0.4880 0.2628 0.4806 0.2628
1 0.4574 0.8016 0.4923 0.8016 0.4923 0.8896 0.4574 0.8896
1 0.7146 0.2768 0.7271 0.2768 0.7271 0.2876 0.7146 0.2876
2 0.2577 0.8232 0.3451 0.8232 0.3451 0.8956 0.2577 0.8956
2 0.3566 0.8400 0.3746 0.8400 0.3746 0.8756 0.3566 0.8756
2 0.3217 0.9524 0.4346 0.9524 0.4346 0.9724 0.3217 0.9724
2 0.4966 0.4972 0.5557 0.4972 0.5557 0.5048 0.4966 0.5048
3 0.1977 0.1880 0.2777 0.1880 0.2777 0.2076 0.1977 0.2076
3 0.7506 0.3412 0.7609 0.3412 0.7609 0.4140 0.7506 0.4140
3 0.4374 0.5060 0.4477 0.5060 0.4477 0.5788 0.4374 0.5788
3 0.6757 0.4008 0.6860 0.4008 0.6860 0.4736 0.6757 0.4736
4 0.4540 0.3528 0.4720 0.3528 0.4720 0.3792 0.4540 0.3792
4 0.6054 0.2332 0.6166 0.2332 0.6166 0.2544 0.6054 0.2544
4 0.4283 0.8504 0.4946 0.8504 0.4946 0.8720 0.4283 0.8720
4 0.1160 0.3048 0.1411 0.3048 0.1411 0.3180 0.1160 0.3180
6 0.6640 0.6496 0.7226 0.6496 0.7226 0.7320 0.6640 0.7320
6 0.0683 0.4572 0.0860 0.4572 0.0860 0.4824 0.0683 0.4824
6 0.5534 0.8048 0.6031 0.8048 0.6031 0.8516 0.5534 0.8516
6 0.8714 0.8076 0.9369 0.8076 0.9369 0.8384 0.8714 0.8384
7 0.3186 0.0544 0.3337 0.0544 0.3337 0.0620 0.3186 0.0620
7 0.6340 0.0424 0.6583 0.0424 0.6583 0.1384 0.6340 0.1384
7 0.6014 0.0436 0.6369 0.0436 0.6369 0.1648 0.6014 0.1648
7 0.6394 0.1600 0.6734 0.1600 0.6734 0.3600 0.6394 0.3600
9 0.3671 0.4932 0.4049 0.4932 0.4049 0.6248 0.3671 0.6248
9 0.2686 0.1388 0.3257 0.1388 0.3257 0.1932 0.2686 0.1932
9 0.3706 0.3504 0.5909 0.3504 0.5909 0.4228 0.3706 0.4228
9 0.2240 0.3044 0.3294 0.3044 0.3294 0.3648 0.2240 0.3648
12 0.9126 0.6328 0.9511 0.6328 0.9511 0.6692 0.9126 0.6692
12 0.4349 0.5888 0.5069 0.5888 0.5069 0.6208 0.4349 0.6208
12 0.5689 0.2304 0.6731 0.2304 0.6731 0.2720 0.5689 0.2720
12 0.3409 0.6792 0.3614 0.6792 0.3614 0.8240 0.3409 0.8240
13 0.1497 0.6844 0.1640 0.6844 0.1640 0.8044 0.1497 0.8044
13 0.1140 0.4988 0.1266 0.4988 0.1266 0.5072 0.1140 0.5072
13 0.5174 0.7008 0.5231 0.7008 0.5231 0.7212 0.5174 0.7212
13 0.8320 0.7432 0.8731 0.7432 0.8731 0.7728 0.8320 0.7728
15 0.5474 0.1760 0.6209 0.1760 0.6209 0.2464 0.5474 0.2464
15 0.3303 0.6412 0.3614 0.6412 0.3614 0.7004 0.3303 0.7004
15 0.0223 0.9212 0.0754 0.9212 0.0754 0.9832 0.0223 0.9832
15 0.5886 0.0636 0.6220 0.0636 0.6220 0.1116 0.5886 0.1116
