0 0.5597 0.5888 0.7117 0.5888 0.7117 0.9764 0.5597 0.9764
0 0.5563 0.4224 0.6631 0.4224 0.6631 0.8264 0.5563 0.8264
0 0.4623 0.0756 0.5669 0.0756 0.5669 0.5064 0.4623 0.5064
0 0.6623 0.0644 0.8100 0.0644 0.8100 0.5568 0.6623 0.5568
1 0.5463 0.8592 0.5491 0.8592 0.5491 0.8844 0.5463 0.8844
1 0.2131 0.6296 0.2257 0.6296 0.2257 0.6404 0.2131 0.6404
1 0.1363 0.3832 0.1489 0.3832 0.1489 0.3940 0.1363 0.3940
1 0.1057 0.7476 0.1189 0.7476 0.1189 0.7740 0.1057 0.7740
2 0.5397 0.8400 0.8726 0.8400 0.8726 0.9216 0.5397 0.9216
2 0.4794 0.0448 0.5103 0.0448 0.5103 0.1772 0.4794 0.1772
2 0.4446 0.0980 0.5137 0.0980 0.5137 0.1536 0.4446 0.1536
2 0.3920 0.6852 0.4511 0.6852 0.4511 0.6928 0.3920 0.6928
3 0.8866 0.3572 0.8969 0.3572 0.8969 0.4300 0.8866 0.4300
3 0.1391 0.5528 0.1943 0.5528 0.1943 0.5720 0.1391 0.5720
3 0.5474 0.6140 0.6217 0.6140 0.6217 0.6368 0.5474 0.6368
3 0.4371 0.9444 0.5166 0.9444 0.5166 0.9692 0.4371 0.9692
4 0.4760 0.3352 0.5046 0.3352 0.5046 0.3424 0.4760 0.3424
4 0.1280 0.4196 0.1346 0.4196 0.1346 0.4284 0.1280 0.4284
4 0.2526 0.4224 0.2657 0.4224 0.2657 0.4412 0.2526 0.4412
4 0.3154 0.9500 0.3554 0.9500 0.3554 0.9584 0.3154 0.9584
6 0.2903 0.2644 0.3489 0.2644 0.3489 0.3468 0.2903 0.3468
6 0.4977 0.6624 0.5563 0.6624 0.5563 0.7448 0.4977 0.7448
6 0.2420 0.1940 0.2766 0.1940 0.2766 0.2052 0.2420 0.2052
6 0.9089 0.7796 0.9763 0.7796 0.9763 0.9696 0.9089 0.9696
7 0.0660 0.6212 0.0889 0.6212 0.0889 0.7140 0.0660 0.7140
7 0.3831 0.7956 0.3946 0.7956 0.3946 0.8376 0.3831 0.8376
7 0.7640 0.0868 0.7746 0.0868 0.7746 0.1220 0.7640 0.1220
7 0.8354 0.1828 0.8543 0.1828 0.8543 0.2628 0.8354 0.2628
9 0.3057 0.1048 0.3431 0.1048 0.3431 0.2920 0.3057 0.2920
9 0.2780 0.1428 0.3294 0.1428 0.3294 0.3124 0.2780 0.3124
9 0.6540 0.2068 0.7054 0.2068 0.7054 0.3764 0.6540 0.3764
9 0.6760 0.6312 0.7480 0.6312 0.7480 0.8636 0.6760 0.8636
12 0.7100 0.7128 0.8074 0.7128 0.8074 0.7384 0.7100 0.7384
12 0.2011 0.0848 0.2397 0.0848 0.2397 0.1212 0.2011 0.1212
12 0.7434 0.5304 0.8477 0.5304 0.8477 0.5720 0.7434 0.5720
12 0.6286 0.3020 0.7006 0.3020 0.7006 0.3340 0.6286 0.3340
13 0.7540 0.8220 0.7609 0.8220 0.7609 0.8416 0.7540 0.8416
13 0.9420 0.1540 0.9549 0.1540 0.9549 0.1648 0.9420 0.1648
13 0.2117 0.4264 0.2517 0.4264 0.2517 0.4512 0.2117 0.4512
13 0.1020 0.4564 0.1191 0.4564 0.1191 0.4648 0.1020 0.4648
15 0.1309 0.8404 0.1643 0.8404 0.1643 0.8884 0.1309 0.8884
15 0.2134 0.0036 0.2429 0.0036 0.2429 0.0632 0.2134 0.0632
15 0.1437 0.0812 0.2031 0.0812 0.2031 0.1436 0.1437 0.1436
15 0.0546 0.1024 0.1394 0.1024 0.1394 0.2112 0.0546 0.2112
