0 0.2831 0.1432 0.3497 0.1432 0.3497 0.6588 0.2831 0.6588
0 0.3606 0.7768 0.4734 0.7768 0.4734 0.9692 0.3606 0.9692
0 0.1511 0.4008 0.2186 0.4008 0.2186 0.4548 0.1511 0.4548
0 0.8769 0.2084 0.9774 0.2084 0.9774 0.4116 0.8769 0.4116
1 0.0097 0.7100 0.0297 0.7100 0.0297 0.7184 0.0097 0.7184
1 0.8214 0.8192 0.8243 0.8192 0.8243 0.8748 0.8214 0.8748
1 0.8629 0.5220 0.8691 0.5220 0.8691 0.6032 0.8629 0.6032
1 0.1763 0.4108 0.1791 0.4108 0.1791 0.4664 0.1763 0.4664
2 0.6991 0.7708 0.8974 0.7708 0.8974 0.8876 0.6991 0.8876
2 0.2489 0.2540 0.3254 0.2540 0.3254 0.4644 0.2489 0.4644
2 0.3120 0.2992 0.3994 0.2992 0.3994 0.3716 0.3120 0.3716
2 0.1646 0.0132 0.2351 0.0132 0.2351 0.1244 0.1646 0.1244
3 0.2489 0.2648 0.2660 0.2648 0.2660 0.3316 0.2489 0.3316
3 0.9037 0.0216 0.9831 0.0216 0.9831 0.0464 0.9037 0.0464
3 0.9334 0.3412 0.9886 0.3412 0.9886 0.3628 0.9334 0.3628
3 0.5740 0.2980 0.5877 0.2980 0.5877 0.4004 0.5740 0.4004
4 0.3394 0.0660 0.3566 0.0660 0.3566 0.1060 0.3394 0.1060
4 0.3777 0.7836 0.3917 0.7836 0.3917 0.7932 0.3777 0.7932
4 0.9614 0.6992 0.9746 0.6992 0.9746 0.7092 0.9614 0.7092
4 0.1689 0.2568 0.1974 0.2568 0.1974 0.2640 0.1689 0.2640
6 0.5069 0.2528 0.5723 0.2528 0.5723 0.2836 0.5069 0.2836
6 0.3923 0.7936 0.4577 0.7936 0.4577 0.8244 0.3923 0.8244
6 0.9411 0.7284 0.9997 0.7284 0.9997 0.8108 0.9411 0.8108
6 0.8594 0.6600 0.9269 0.6600 0.9269 0.8500 0.8594 0.8500
7 0.3286 0.2900 0.3466 0.2900 0.3466 0.3456 0.3286 0.3456
7 0.5797 0.7420 0.5929 0.7420 0.5929 0.7896 0.5797 0.7896
7 0.8209 0.3036 0.8694 0.3036 0.8694 0.4024 0.8209 0.4024
7 0.9520 0.4204 0.9820 0.4204 0.9820 0.5592 0.9520 0.5592
9 0.9051 0.4056 0.9454 0.4056 0.9454 0.6020 0.9051 0.6020
9 0.6103 0.3480 0.7260 0.3480 0.7260 0.3860 0.6103 0.3860
9 0.3403 0.0224 0.3703 0.0224 0.3703 0.1980 0.3403 0.1980
9 0.4186 0.4832 0.6389 0.4832 0.6389 0.5556 0.4186 0.5556
12 0.7971 0.3408 0.8263 0.3408 0.8263 0.3652 0.7971 0.3652
12 0.3963 0.6224 0.4226 0.6224 0.4226 0.9048 0.3963 0.9048
12 0.7411 0.5976 0.7646 0.5976 0.7646 0.6876 0.7411 0.6876
12 0.0114 0.0840 0.0426 0.0840 0.0426 0.1112 0.0114 0.1112
13 0.2137 0.3344 0.2440 0.3344 0.2440 0.3528 0.2137 0.3528
13 0.9186 0.3340 0.9417 0.3340 0.9417 0.3976 0.9186 0.3976
13 0.9346 0.4164 0.9757 0.4164 0.9757 0.4460 0.9346 0.4460
13 0.2123 0.4216 0.2229 0.4216 0.2229 0.4304 0.2123 0.4304
15 0.6346 0.4872 0.6960 0.4872 0.6960 0.5996 0.6346 0.5996
15 0.1057 0.7660 0.1349 0.7660 0.1349 0.8200 0.1057 0.8200
15 0.1140 0.6624 0.1351 0.6624 0.1351 0.7456 0.1140 0.7456
15 0.1660 0.6196 0.2394 0.6196 0.2394 0.6900 0.1660 0.6900
