0 0.8663 0.5896 0.9957 0.5896 0.9957 0.9708 0.8663 0.9708
0 0.1391 0.8104 0.4629 0.8104 0.4629 0.8904 0.1391 0.8904
0 0.3206 0.0968 0.4883 0.0968 0.4883 0.3900 0.3206 0.3900
0 0.4246 0.1676 0.4589 0.1676 0.4589 0.6236 0.4246 0.6236
1 0.6729 0.7348 0.6977 0.7348 0.6977 0.7396 0.6729 0.7396
1 0.9283 0.3256 0.9454 0.3256 0.9454 0.3300 0.9283 0.3300
1 0.5403 0.1344 0.5466 0.1344 0.5466 0.2156 0.5403 0.2156
1 0.6266 0.5296 0.6466 0.5296 0.6466 0.5380 0.6266 0.5380
2 0.0303 0.0760 0.0654 0.0760 0.0654 0.1324 0.0303 0.1324
2 0.1669 0.9184 0.2226 0.9184 0.2226 0.9592 0.1669 0.9592
2 0.3494 0.2384 0.4329 0.2384 0.4329 0.3400 0.3494 0.3400
2 0.8420 0.9316 0.8651 0.9316 0.8651 0.9572 0.8420 0.9572
3 0.5266 0.3920 0.6211 0.3920 0.6211 0.4152 0.5266 0.4152
3 0.2943 0.8192 0.3114 0.8192 0.3114 0.9412 0.2943 0.9412
3 0.1643 0.0608 0.1746 0.0608 0.1746 0.1336 0.1643 0.1336
3 0.4354 0.2552 0.4457 0.2552 0.4457 0.3280 0.4354 0.3280
4 0.6263 0.6968 0.7551 0.6968 0.7551 0.7092 0.6263 0.7092
4 0.4620 0.6532 0.4749 0.6532 0.4749 0.6640 0.4620 0.6640
4 0.4314 0.2160 0.4354 0.2160 0.4354 0.2212 0.4314 0.2212
4 0.6060 0.8612 0.6206 0.8612 0.6206 0.9020 0.6060 0.9020
6 0.6457 0.0748 0.8369 0.0748 0.8369 0.2096 0.6457 0.2096
6 0.2637 0.0476 0.3311 0.0476 0.3311 0.2376 0.2637 0.2376
6 0.1771 0.4828 0.2357 0.4828 0.2357 0.5652 0.1771 0.5652
6 0.0666 0.6096 0.1251 0.6096 0.1251 0.6920 0.0666 0.6920
7 0.9211 0.0976 0.9443 0.0976 0.9443 0.2332 0.9211 0.2332
7 0.7991 0.2472 0.8137 0.2472 0.8137 0.2868 0.7991 0.2868
7 0.0043 0.1356 0.0114 0.1356 0.0114 0.1660 0.0043 0.1660
7 0.3760 0.4020 0.4106 0.4020 0.4106 0.5168 0.3760 0.5168
9 0.6977 0.1640 0.7354 0.1640 0.7354 0.2956 0.6977 0.2956
9 0.8829 0.3892 0.9129 0.3892 0.9129 0.5648 0.8829 0.5648
9 0.1037 0.6320 0.1749 0.6320 0.1749 0.8348 0.1037 0.8348
9 0.5949 0.9156 0.7103 0.9156 0.7103 0.9532 0.5949 0.9532
12 0.5251 0.1976 0.6383 0.1976 0.6383 0.2284 0.5251 0.2284
12 0.0286 0.4272 0.0577 0.4272 0.0577 0.4516 0.0286 0.4516
12 0.0534 0.0052 0.0589 0.0052 0.0589 0.2068 0.0534 0.2068
12 0.7269 0.2084 0.9923 0.2084 0.9923 0.2676 0.7269 0.2676
13 0.6691 0.5464 0.6746 0.5464 0.6746 0.7644 0.6691 0.7644
13 0.9526 0.8820 0.9829 0.8820 0.9829 0.9004 0.9526 0.9004
13 0.2814 0.8408 0.3117 0.8408 0.3117 0.8664 0.2814 0.8664
13 0.5280 0.4436 0.5337 0.4436 0.5337 0.4640 0.5280 0.4640
15 0.5754 0.8024 0.7003 0.8024 0.7003 0.9056 0.5754 0.9056
15 0.3034 0.8528 0.3774 0.8528 0.3774 0.9156 0.3034 0.9156
15 0.6626 0.4748 0.6920 0.4748 0.6920 0.5344 0.6626 0.5344
15 0.8437 0.5800 0.9146 0.5800 0.9146 0.6760 0.8437 0.6760
