0 0.8246 0.5004 0.9923 0.5004 0.9923 0.7936 0.8246 0.7936
0 0.7060 0.1736 0.7606 0.1736 0.7606 0.4116 0.7060 0.4116
0 0.5420 0.7876 0.6549 0.7876 0.6549 0.9800 0.5420 0.9800
0 0.6863 0.0716 0.8340 0.0716 0.8340 0.5640 0.6863 0.5640
1 0.4423 0.8044 0.4454 0.8044 0.4454 0.8296 0.4423 0.8296
1 0.7114 0.8944 0.7143 0.8944 0.7143 0.9196 0.7114 0.9196
1 0.2966 0.6300 0.2997 0.6300 0.2997 0.6552 0.2966 0.6552
1 0.1620 0.0264 0.1649 0.0264 0.1649 0.0820 0.1620 0.0820
2 0.8643 0.6164 0.8874 0.6164 0.8874 0.6420 0.8643 0.6420
2 0.2060 0.7516 0.2409 0.7516 0.2409 0.8472 0.2060 0.8472
2 0.7871 0.8768 0.8117 0.8768 0.8117 0.9020 0.7871 0.9020
2 0.7660 0.4716 0.7857 0.4716 0.7857 0.4992 0.7660 0.4992
3 0.5231 0.7412 0.6171 0.7412 0.6171 0.7636 0.5231 0.7636
3 0.2369 0.1448 0.2540 0.1448 0.2540 0.2668 0.2369 0.2668
3 0.5569 0.4188 0.6520 0.4188 0.6520 0.4412 0.5569 0.4412
3 0.2626 0.8680 0.2797 0.8680 0.2797 0.9900 0.2626 0.9900
4 0.4403 0.4504 0.4637 0.4504 0.4637 0.4824 0.4403 0.4824
4 0.0523 0.1108 0.0600 0.1108 0.0600 0.1448 0.0523 0.1448
4 0.5049 0.5080 0.5140 0.5080 0.5140 0.5212 0.5049 0.5212
4 0.8474 0.8808 0.8706 0.8808 0.8706 0.9196 0.8474 0.9196
6 0.1086 0.7216 0.1671 0.7216 0.1671 0.8040 0.1086 0.8040
6 0.9526 0.5752 0.9871 0.5752 0.9871 0.5864 0.9526 0.5864
6 0.2343 0.3296 0.4254 0.3296 0.4254 0.4644 0.2343 0.4644
6 0.2391 0.9548 0.2737 0.9548 0.2737 0.9660 0.2391 0.9660
7 0.0946 0.8012 0.1011 0.8012 0.1011 0.8304 0.0946 0.8304
7 0.3783 0.6336 0.3991 0.6336 0.3991 0.7120 0.3783 0.7120
7 0.1397 0.9672 0.1503 0.9672 0.1503 0.9964 0.1397 0.9964
7 0.8006 0.1900 0.8240 0.1900 0.8240 0.1988 0.8006 0.1988
9 0.2269 0.4732 0.2643 0.4732 0.2643 0.6604 0.2269 0.6604
9 0.4949 0.0908 0.5249 0.0908 0.5249 0.2664 0.4949 0.2664
9 0.5303 0.2108 0.7020 0.2108 0.7020 0.3148 0.5303 0.3148
9 0.8663 0.9032 0.9891 0.9032 0.9891 0.9508 0.8663 0.9508
12 0.1129 0.5328 0.1569 0.5328 0.1569 0.9576 0.1129 0.9576
12 0.2543 0.4596 0.5197 0.4596 0.5197 0.5188 0.2543 0.5188
12 0.7860 0.5516 0.8094 0.5516 0.8094 0.6416 0.7860 0.6416
12 0.7800 0.5596 0.9846 0.5596 0.9846 0.5952 0.7800 0.5952
13 0.7383 0.2480 0.7646 0.2480 0.7646 0.2936 0.7383 0.2936
13 0.8234 0.4860 0.8329 0.4860 0.8329 0.5180 0.8234 0.5180
13 0.8931 0.0612 0.9331 0.0612 0.9331 0.0860 0.8931 0.0860
13 0.7900 0.8584 0.8311 0.8584 0.8311 0.8880 0.7900 0.8880
15 0.1549 0.3564 0.1829 0.3564 0.1829 0.4092 0.1549 0.4092
15 0.8414 0.0584 0.8723 0.0584 0.8723 0.1176 0.8414 0.1176
15 0.4374 0.9168 0.4917 0.9168 0.4917 0.9896 0.4374 0.9896
15 0.5254 0.4956 0.6300 0.4956 0.6300 0.6104 0.5254 0.6104
