0 0.2923 0.0456 0.3469 0.0456 0.3469 0.2836 0.2923 0.2836
0 0.0289 0.4700 0.1357 0.4700 0.1357 0.8740 0.0289 0.8740
0 0.4717 0.5680 0.5763 0.5680 0.5763 0.9988 0.4717 0.9988
0 0.4734 0.3168 0.6066 0.3168 0.6066 0.6832 0.4734 0.6832
1 0.5274 0.6680 0.5351 0.6680 0.5351 0.7512 0.5274 0.7512
1 0.1746 0.0148 0.1809 0.0148 0.1809 0.0960 0.1746 0.0960
1 0.5086 0.9672 0.5334 0.9672 0.5334 0.9720 0.5086 0.9720
1 0.5291 0.4340 0.5640 0.4340 0.5640 0.5220 0.5291 0.5220
2 0.2460 0.5988 0.2631 0.5988 0.2631 0.6420 0.2460 0.6420
2 0.2311 0.6016 0.3017 0.6016 0.3017 0.7128 0.2311 0.7128
2 0.3134 0.0300 0.3486 0.0300 0.3486 0.0864 0.3134 0.0864
2 0.2263 0.0296 0.2377 0.0296 0.2377 0.1816 0.2263 0.1816
3 0.6154 0.4060 0.6649 0.4060 0.6649 0.4228 0.6154 0.4228
3 0.4360 0.6364 0.5160 0.6364 0.5160 0.6560 0.4360 0.6560
3 0.9354 0.0972 0.9417 0.0972 0.9417 0.1992 0.9354 0.1992
3 0.0091 0.0284 0.0263 0.0284 0.0263 0.1504 0.0091 0.1504
4 0.3831 0.3480 0.4003 0.3480 0.4003 0.3880 0.3831 0.3880
4 0.6626 0.7852 0.6737 0.7852 0.6737 0.8176 0.6626 0.8176
4 0.6506 0.7088 0.6737 0.7088 0.6737 0.7404 0.6506 0.7404
4 0.0929 0.8344 0.1180 0.8344 0.1180 0.8476 0.0929 0.8476
6 0.0500 0.6944 0.0997 0.6944 0.0997 0.7412 0.0500 0.7412
6 0.5440 0.1960 0.5937 0.1960 0.5937 0.2428 0.5440 0.2428
6 0.4957 0.0240 0.5454 0.0240 0.5454 0.0708 0.4957 0.0708
6 0.0074 0.4512 0.0251 0.4512 0.0251 0.4764 0.0074 0.4764
7 0.3077 0.3244 0.3140 0.3244 0.3140 0.3484 0.3077 0.3484
7 0.1686 0.4852 0.1857 0.4852 0.1857 0.4916 0.1686 0.4916
7 0.7831 0.6008 0.8017 0.6008 0.8017 0.7076 0.7831 0.7076
7 0.2794 0.7444 0.2923 0.7444 0.2923 0.7804 0.2794 0.7804
9 0.2363 0.1276 0.3637 0.1276 0.3637 0.1688 0.2363 0.1688
9 0.4414 0.6800 0.6617 0.6800 0.6617 0.7524 0.4414 0.7524
9 0.6700 0.3604 0.7271 0.3604 0.7271 0.4148 0.6700 0.4148
9 0.4991 0.3196 0.5711 0.3196 0.5711 0.5520 0.4991 0.5520
12 0.1611 0.2988 0.4266 0.2988 0.4266 0.3580 0.1611 0.3580
12 0.9057 0.3924 0.9303 0.3924 0.9303 0.5176 0.9057 0.5176
12 0.1443 0.8372 0.3489 0.8372 0.3489 0.8728 0.1443 0.8728
12 0.6429 0.4636 0.6483 0.4636 0.6483 0.6652 0.6429 0.6652
13 0.6363 0.5572 0.6460 0.5572 0.6460 0.5664 0.6363 0.5664
13 0.6131 0.3592 0.6271 0.3592 0.6271 0.3720 0.6131 0.3720
13 0.6294 0.6920 0.6423 0.6920 0.6423 0.7028 0.6294 0.7028
13 0.9134 0.6688 0.9203 0.6688 0.9203 0.7156 0.9134 0.7156
15 0.7020 0.7416 0.7314 0.7416 0.7314 0.8012 0.7020 0.8012
15 0.5414 0.6312 0.6006 0.6312 0.6006 0.6992 0.5414 0.6992
15 0.5851 0.6692 0.6446 0.6692 0.6446 0.7384 0.5851 0.7384
15 0.2146 0.7532 0.2880 0.7532 0.2880 0.8236 0.2146 0.8236
