0 0.3620 0.2944 0.4631 0.2944 0.4631 0.4444 0.3620 0.4444
0 0.2206 0.7192 0.2880 0.7192 0.2880 0.7732 0.2206 0.7732
0 0.7046 0.3612 0.7389 0.3612 0.7389 0.8172 0.7046 0.8172
0 0.7709 0.2260 0.8720 0.2260 0.8720 0.3760 0.7709 0.3760
1 0.2654 0.2092 0.3003 0.2092 0.3003 0.2972 0.2654 0.2972
1 0.9271 0.9516 0.9303 0.9516 0.9303 0.9768 0.9271 0.9768
1 0.6863 0.8160 0.7034 0.8160 0.7034 0.8204 0.6863 0.8204
1 0.4034 0.0432 0.4066 0.0432 0.4066 0.0684 0.4034 0.0684
2 0.6294 0.2976 0.6643 0.2976 0.6643 0.4176 0.6294 0.4176
2 0.3980 0.0636 0.4329 0.0636 0.4329 0.1836 0.3980 0.1836
2 0.8857 0.2164 0.9769 0.2164 0.9769 0.2708 0.8857 0.2708
2 0.5440 0.4288 0.6694 0.4288 0.6694 0.7336 0.5440 0.7336
3 0.1989 0.5616 0.2091 0.5616 0.2091 0.6344 0.1989 0.6344
3 0.1183 0.1428 0.1246 0.1428 0.1246 0.2448 0.1183 0.2448
3 0.4186 0.4624 0.4289 0.4624 0.4289 0.5352 0.4186 0.5352
3 0.4357 0.2488 0.5309 0.2488 0.5309 0.2712 0.4357 0.2712
4 0.9291 0.7152 0.9420 0.7152 0.9420 0.7256 0.9291 0.7256
4 0.6546 0.5624 0.7400 0.5624 0.7400 0.5744 0.6546 0.5744
4 0.3871 0.4844 0.4294 0.4844 0.4294 0.4956 0.3871 0.4956
4 0.4723 0.3388 0.4917 0.3388 0.4917 0.3532 0.4723 0.3532
6 0.3883 0.3592 0.4557 0.3592 0.4557 0.5492 0.3883 0.5492
6 0.4320 0.6312 0.4497 0.6312 0.4497 0.6564 0.4320 0.6564
6 0.7337 0.7676 0.7683 0.7676 0.7683 0.7788 0.7337 0.7788
6 0.4374 0.4648 0.4551 0.4648 0.4551 0.4900 0.4374 0.4900
7 0.2034 0.5856 0.2351 0.5856 0.2351 0.5940 0.2034 0.5940
7 0.2303 0.4204 0.2886 0.4204 0.2886 0.5960 0.2303 0.5960
7 0.6743 0.0348 0.6871 0.0348 0.6871 0.0708 0.6743 0.0708
7 0.1311 0.8592 0.1394 0.8592 0.1394 0.8900 0.1311 0.8900
9 0.0151 0.0076 0.1380 0.0076 0.1380 0.0552 0.0151 0.0552
9 0.0689 0.4856 0.1106 0.4856 0.1106 0.6948 0.0689 0.6948
9 0.3960 0.4704 0.4337 0.4704 0.4337 0.6020 0.3960 0.6020
9 0.6734 0.5232 0.8451 0.5232 0.8451 0.6272 0.6734 0.6272
12 0.0283 0.7380 0.4694 0.7380 0.4694 0.8192 0.0283 0.8192
12 0.2629 0.8336 0.3237 0.8336 0.3237 0.8692 0.2629 0.8692
12 0.4829 0.0072 0.5060 0.0072 0.5060 0.1220 0.4829 0.1220
12 0.0691 0.9656 0.1391 0.9656 0.1391 0.9724 0.0691 0.9724
13 0.7017 0.6432 0.7877 0.6432 0.7877 0.6508 0.7017 0.6508
13 0.1074 0.7688 0.1437 0.7688 0.1437 0.8340 0.1074 0.8340
13 0.4237 0.2156 0.4363 0.2156 0.4363 0.2300 0.4237 0.2300
13 0.4086 0.4324 0.4229 0.4324 0.4229 0.5524 0.4086 0.5524
15 0.2960 0.1252 0.3906 0.1252 0.3906 0.2064 0.2960 0.2064
15 0.8394 0.8460 0.9111 0.8460 0.9111 0.9300 0.8394 0.9300
15 0.6369 0.6412 0.7077 0.6412 0.7077 0.7372 0.6369 0.7372
15 0.6086 0.9008 0.6297 0.9008 0.6297 0.9840 0.6086 0.9840
