0 0.3969 0.8724 0.5854 0.8724 0.5854 0.9752 0.3969 0.9752
0 0.0346 0.0848 0.1011 0.0848 0.1011 0.1552 0.0346 0.1552
0 0.8337 0.1784 0.9466 0.1784 0.9466 0.3708 0.8337 0.3708
0 0.2540 0.0092 0.4217 0.0092 0.4217 0.3024 0.2540 0.3024
1 0.7894 0.6400 0.7969 0.6400 0.7969 0.6672 0.7894 0.6672
1 0.4740 0.1216 0.4851 0.1216 0.4851 0.1584 0.4740 0.1584
1 0.4574 0.6344 0.4646 0.6344 0.4646 0.6604 0.4574 0.6604
1 0.7506 0.6852 0.7537 0.6852 0.7537 0.7104 0.7506 0.7104
2 0.8323 0.4808 0.8989 0.4808 0.8989 0.6040 0.8323 0.6040
2 0.6329 0.0496 0.7446 0.0496 0.7446 0.1032 0.6329 0.1032
2 0.4531 0.6736 0.6169 0.6736 0.6169 0.7324 0.4531 0.7324
2 0.8180 0.6412 0.8411 0.6412 0.8411 0.6668 0.8180 0.6668
3 0.9220 0.4744 0.9914 0.4744 0.9914 0.4928 0.9220 0.4928
3 0.7969 0.8600 0.8920 0.8600 0.8920 0.8824 0.7969 0.8824
3 0.3540 0.0592 0.3603 0.0592 0.3603 0.1612 0.3540 0.1612
3 0.4097 0.4452 0.4649 0.4452 0.4649 0.4668 0.4097 0.4668
4 0.4077 0.2152 0.4143 0.2152 0.4143 0.2780 0.4077 0.2780
4 0.2643 0.8816 0.2771 0.8816 0.2771 0.8924 0.2643 0.8924
4 0.5251 0.7680 0.5329 0.7680 0.5329 0.8020 0.5251 0.8020
4 0.5854 0.9436 0.6031 0.9436 0.6031 0.9720 0.5854 0.9720
6 0.1443 0.6716 0.2029 0.6716 0.2029 0.7540 0.1443 0.7540
6 0.7234 0.8104 0.7731 0.8104 0.7731 0.8572 0.7234 0.8572
6 0.8080 0.3280 0.8426 0.3280 0.8426 0.3392 0.8080 0.3392
6 0.5477 0.6124 0.6151 0.6124 0.6151 0.8024 0.5477 0.8024
7 0.8737 0.5012 0.8994 0.5012 0.8994 0.5820 0.8737 0.5820
7 0.8451 0.7176 0.8566 0.7176 0.8566 0.7596 0.8451 0.7596
7 0.8371 0.5768 0.9017 0.5768 0.9017 0.7432 0.8371 0.7432
7 0.3557 0.7484 0.3906 0.7484 0.3906 0.8572 0.3557 0.8572
9 0.6397 0.4140 0.7117 0.4140 0.7117 0.6464 0.6397 0.6464
9 0.4231 0.1060 0.5949 0.1060 0.5949 0.2100 0.4231 0.2100
9 0.3826 0.2092 0.4546 0.2092 0.4546 0.4416 0.3826 0.4416
9 0.4794 0.2964 0.6511 0.2964 0.6511 0.4004 0.4794 0.4004
12 0.1111 0.0032 0.1166 0.0032 0.1166 0.2048 0.1111 0.2048
12 0.5909 0.5320 0.6220 0.5320 0.6220 0.5592 0.5909 0.5592
12 0.8197 0.0624 0.8897 0.0624 0.8897 0.0692 0.8197 0.0692
12 0.2751 0.3496 0.7163 0.3496 0.7163 0.4308 0.2751 0.4308
13 0.6849 0.1768 0.6994 0.1768 0.6994 0.2068 0.6849 0.2068
13 0.8051 0.2136 0.8283 0.2136 0.8283 0.2316 0.8051 0.2316
13 0.6643 0.5124 0.6814 0.5124 0.6814 0.5188 0.6643 0.5188
13 0.4609 0.6696 0.5074 0.6696 0.5074 0.7112 0.4609 0.7112
15 0.4563 0.5648 0.5129 0.5648 0.5129 0.6480 0.4563 0.6480
15 0.7071 0.5284 0.7414 0.5284 0.7414 0.5760 0.7071 0.5760
15 0.2729 0.1276 0.3157 0.1276 0.3157 0.1900 0.2729 0.1900
15 0.5826 0.3792 0.6360 0.3792 0.6360 0.4432 0.5826 0.4432
