0 0.7440 0.4520 0.8917 0.4520 0.8917 0.9444 0.7440 0.9444
0 0.3260 0.0548 0.4937 0.0548 0.4937 0.3480 0.3260 0.3480
0 0.5271 0.4320 0.6603 0.4320 0.6603 0.7984 0.5271 0.7984
0 0.5403 0.4728 0.6069 0.4728 0.6069 0.9884 0.5403 0.9884
1 0.6400 0.8224 0.6420 0.8224 0.6420 0.8580 0.6400 0.8580
1 0.0594 0.3780 0.0626 0.3780 0.0626 0.4032 0.0594 0.4032
1 0.7854 0.7464 0.7980 0.7464 0.7980 0.7572 0.7854 0.7572
1 0.3791 0.7408 0.3820 0.7408 0.3820 0.7660 0.3791 0.7660
2 0.2491 0.2940 0.4489 0.2940 0.4489 0.4152 0.2491 0.4152
2 0.5663 0.3312 0.6100 0.3312 0.6100 0.4312 0.5663 0.4312
2 0.9297 0.1940 0.9429 0.1940 0.9429 0.3500 0.9297 0.3500
2 0.2200 0.7592 0.2400 0.7592 0.2400 0.8040 0.2200 0.8040
3 0.2446 0.8808 0.2617 0.8808 0.2617 0.9476 0.2446 0.9476
3 0.2569 0.6640 0.3311 0.6640 0.3311 0.6868 0.2569 0.6868
3 0.4943 0.5132 0.5437 0.5132 0.5437 0.5300 0.4943 0.5300
3 0.9269 0.1460 0.9820 0.1460 0.9820 0.1676 0.9269 0.1676
4 0.1866 0.3420 0.2077 0.3420 0.2077 0.3896 0.1866 0.3896
4 0.2871 0.2228 0.3017 0.2228 0.3017 0.2636 0.2871 0.2636
4 0.4557 0.5920 0.4771 0.5920 0.4771 0.6044 0.4557 0.6044
4 0.2509 0.0284 0.2566 0.0284 0.2566 0.0352 0.2509 0.0352
6 0.5449 0.3700 0.5626 0.3700 0.5626 0.3952 0.5449 0.3952
6 0.1960 0.3224 0.2306 0.3224 0.2306 0.3336 0.1960 0.3336
6 0.8574 0.0952 0.8751 0.0952 0.8751 0.1204 0.8574 0.1204
6 0.3323 0.2940 0.3909 0.2940 0.3909 0.3764 0.3323 0.3764
7 0.5594 0.8836 0.5677 0.8836 0.5677 0.9044 0.5594 0.9044
7 0.0109 0.0456 0.0171 0.0456 0.0171 0.0740 0.0109 0.0740
7 0.8680 0.6800 0.8740 0.6800 0.8740 0.6968 0.8680 0.6968
7 0.2509 0.4668 0.2689 0.4668 0.2689 0.5224 0.2509 0.5224
9 0.0817 0.7264 0.1191 0.7264 0.1191 0.9136 0.0817 0.9136
9 0.2426 0.5488 0.3654 0.5488 0.3654 0.5964 0.2426 0.5964
9 0.1523 0.2548 0.1966 0.2548 0.1966 0.4832 0.1523 0.4832
9 0.8897 0.6924 0.9197 0.6924 0.9197 0.8680 0.8897 0.8680
12 0.5111 0.4824 0.7766 0.4824 0.7766 0.5416 0.5111 0.5416
12 0.3831 0.0972 0.4963 0.0972 0.4963 0.1280 0.3831 0.1280
12 0.5534 0.5344 0.5826 0.5344 0.5826 0.5588 0.5534 0.5588
12 0.5486 0.6392 0.9897 0.6392 0.9897 0.7204 0.5486 0.7204
13 0.7574 0.2044 0.7837 0.2044 0.7837 0.2500 0.7574 0.2500
13 0.5420 0.4204 0.5637 0.4204 0.5637 0.4760 0.5420 0.4760
13 0.8160 0.1400 0.8291 0.1400 0.8291 0.1512 0.8160 0.1512
13 0.7229 0.1476 0.7326 0.1476 0.7326 0.1568 0.7229 0.1568
15 0.1269 0.2240 0.1480 0.2240 0.1480 0.3072 0.1269 0.3072
15 0.8183 0.7792 0.8797 0.7792 0.8797 0.8916 0.8183 0.8916
15 0.4411 0.7260 0.5111 0.7260 0.5111 0.8448 0.4411 0.8448
15 0.0703 0.6008 0.1043 0.6008 0.1043 0.6488 0.0703 0.6488
