0 0.7571 0.3204 0.8246 0.3204 0.8246 0.3744 0.7571 0.3744
0 0.8620 0.8348 0.9631 0.8348 0.9631 0.9848 0.8620 0.9848
0 0.1989 0.7000 0.2534 0.7000 0.2534 0.9380 0.1989 0.9380
0 0.1866 0.4828 0.3197 0.4828 0.3197 0.8492 0.1866 0.8492
1 0.3137 0.9840 0.3400 0.9840 0.3400 0.9960 0.3137 0.9960
1 0.5546 0.6044 0.5623 0.6044 0.5623 0.6876 0.5546 0.6876
1 0.4909 0.0896 0.4937 0.0896 0.4937 0.1148 0.4909 0.1148
1 0.3466 0.5144 0.3714 0.5144 0.3714 0.5192 0.3466 0.5192
2 0.8531 0.1160 0.9566 0.1160 0.9566 0.1756 0.8531 0.1756
2 0.1754 0.8312 0.2743 0.8312 0.2743 0.9116 0.1754 0.9116
2 0.0751 0.8720 0.0949 0.8720 0.0949 0.8996 0.0751 0.8996
2 0.3877 0.1432 0.4480 0.1432 0.4480 0.1784 0.3877 0.1784
3 0.0786 0.4568 0.1337 0.4568 0.1337 0.4760 0.0786 0.4760
3 0.6271 0.4032 0.6334 0.4032 0.6334 0.5052 0.6271 0.5052
3 0.8123 0.5676 0.8186 0.5676 0.8186 0.6696 0.8123 0.6696
3 0.1126 0.1016 0.1926 0.1016 0.1926 0.1212 0.1126 0.1212
4 0.6500 0.8896 0.6580 0.8896 0.6580 0.9152 0.6500 0.9152
4 0.3169 0.1396 0.3283 0.1396 0.3283 0.1444 0.3169 0.1444
4 0.2863 0.1896 0.3040 0.1896 0.3040 0.2180 0.2863 0.2180
4 0.1677 0.5224 0.2340 0.5224 0.2340 0.5440 0.1677 0.5440
6 0.6209 0.6704 0.6706 0.6704 0.6706 0.7172 0.6209 0.7172
6 0.9354 0.1100 0.9700 0.1100 0.9700 0.1212 0.9354 0.1212
6 0.4057 0.3332 0.4643 0.3332 0.4643 0.4156 0.4057 0.4156
6 0.2774 0.7496 0.3449 0.7496 0.3449 0.9396 0.2774 0.9396
7 0.6329 0.7512 0.6631 0.7512 0.6631 0.8820 0.6329 0.8820
7 0.6717 0.0632 0.7134 0.0632 0.7134 0.1692 0.6717 0.1692
7 0.1543 0.9096 0.1763 0.9096 0.1763 0.9944 0.1543 0.9944
7 0.1960 0.8572 0.2057 0.8572 0.2057 0.8956 0.1960 0.8956
9 0.9154 0.1296 0.9531 0.1296 0.9531 0.2612 0.9154 0.2612
9 0.4271 0.6800 0.5429 0.6800 0.5429 0.7180 0.4271 0.7180
9 0.4371 0.2508 0.6089 0.2508 0.6089 0.3548 0.4371 0.3548
9 0.2574 0.0208 0.2949 0.0208 0.2949 0.2080 0.2574 0.2080
12 0.5771 0.2736 0.6211 0.2736 0.6211 0.6984 0.5771 0.6984
12 0.8820 0.2640 0.9000 0.2640 0.9000 0.3552 0.8820 0.3552
12 0.0609 0.2924 0.0840 0.2924 0.0840 0.4760 0.0609 0.4760
12 0.3554 0.0228 0.4500 0.0228 0.4500 0.0588 0.3554 0.0588
13 0.4820 0.3908 0.4949 0.3908 0.4949 0.4016 0.4820 0.4016
13 0.4320 0.6900 0.4377 0.6900 0.4377 0.7104 0.4320 0.7104
13 0.0991 0.0364 0.1294 0.0364 0.1294 0.0548 0.0991 0.0548
13 0.9600 0.1520 0.9729 0.1520 0.9729 0.1628 0.9600 0.1628
15 0.9269 0.9032 0.9986 0.9032 0.9986 0.9872 0.9269 0.9872
15 0.5400 0.3628 0.5991 0.3628 0.5991 0.4308 0.5400 0.4308
15 0.9143 0.6612 0.9874 0.6612 0.9874 0.7332 0.9143 0.7332
15 0.7097 0.5380 0.7389 0.5380 0.7389 0.5920 0.7097 0.5920
