0 0.1926 0.6256 0.3603 0.6256 0.3603 0.9188 0.1926 0.9188
0 0.3243 0.2596 0.4249 0.2596 0.4249 0.4628 0.3243 0.4628
0 0.7917 0.0224 0.8751 0.0224 0.8751 0.1968 0.7917 0.1968
0 0.1191 0.1928 0.2486 0.1928 0.2486 0.5740 0.1191 0.5740
1 0.5677 0.6884 0.5751 0.6884 0.5751 0.7156 0.5677 0.7156
1 0.4160 0.0876 0.4209 0.0876 0.4209 0.1296 0.4160 0.1296
1 0.6014 0.8292 0.6363 0.8292 0.6363 0.9172 0.6014 0.9172
1 0.6620 0.9288 0.6731 0.9288 0.6731 0.9656 0.6620 0.9656
2 0.8017 0.2360 0.9003 0.2360 0.9003 0.7096 0.8017 0.7096
2 0.1391 0.5480 0.3389 0.5480 0.3389 0.6692 0.1391 0.6692
2 0.0906 0.5328 0.1217 0.5328 0.1217 0.8952 0.0906 0.8952
2 0.5274 0.7244 0.5451 0.7244 0.5451 0.7608 0.5274 0.7608
3 0.3260 0.2880 0.3431 0.2880 0.3431 0.3548 0.3260 0.3548
3 0.2963 0.5304 0.3066 0.5304 0.3066 0.6032 0.2963 0.6032
3 0.8431 0.0140 0.9126 0.0140 0.9126 0.0324 0.8431 0.0324
3 0.1217 0.0120 0.1280 0.0120 0.1280 0.1140 0.1217 0.1140
4 0.2597 0.3084 0.2769 0.3084 0.2769 0.3208 0.2597 0.3208
4 0.0317 0.7996 0.0489 0.7996 0.0489 0.8396 0.0317 0.8396
4 0.8120 0.0872 0.8251 0.0872 0.8251 0.1084 0.8120 0.1084
4 0.5040 0.1568 0.5171 0.1568 0.5171 0.1756 0.5040 0.1756
6 0.7726 0.0216 0.9637 0.0216 0.9637 0.1564 0.7726 0.1564
6 0.1569 0.9512 0.2223 0.9512 0.2223 0.9820 0.1569 0.9820
6 0.8277 0.6712 0.8454 0.6712 0.8454 0.6964 0.8277 0.6964
6 0.2620 0.0880 0.3206 0.0880 0.3206 0.1704 0.2620 0.1704
7 0.1311 0.8168 0.1651 0.8168 0.1651 0.9380 0.1311 0.9380
7 0.6020 0.2440 0.6129 0.2440 0.6129 0.2724 0.6020 0.2724
7 0.4380 0.9352 0.4906 0.9352 0.4906 0.9604 0.4380 0.9604
7 0.2777 0.1400 0.3143 0.1400 0.3143 0.2420 0.2777 0.2420
9 0.2437 0.6976 0.2811 0.6976 0.2811 0.8848 0.2437 0.8848
9 0.4309 0.5608 0.4823 0.5608 0.4823 0.7304 0.4309 0.7304
9 0.3006 0.1800 0.3326 0.1800 0.3326 0.3380 0.3006 0.3380
9 0.6823 0.2872 0.7877 0.2872 0.7877 0.3476 0.6823 0.3476
12 0.8803 0.7056 0.9523 0.7056 0.9523 0.7376 0.8803 0.7376
12 0.0931 0.3964 0.1106 0.3964 0.1106 0.5188 0.0931 0.5188
12 0.3174 0.5612 0.3406 0.5612 0.3406 0.6760 0.3174 0.6760
12 0.5843 0.8408 0.6049 0.8408 0.6049 0.9856 0.5843 0.9856
13 0.0694 0.5624 0.0800 0.5624 0.0800 0.5760 0.0694 0.5760
13 0.2237 0.6704 0.2380 0.6704 0.2380 0.7904 0.2237 0.7904
13 0.0360 0.7756 0.0457 0.7756 0.0457 0.7848 0.0360 0.7848
13 0.2940 0.0452 0.3066 0.0452 0.3066 0.0596 0.2940 0.0596
15 0.0834 0.1256 0.1543 0.1256 0.1543 0.2216 0.0834 0.2216
15 0.4609 0.6420 0.5554 0.6420 0.5554 0.7232 0.4609 0.7232
15 0.3946 0.5472 0.4689 0.5472 0.4689 0.6076 0.3946 0.6076
15 0.7983 0.4656 0.8446 0.4656 0.8446 0.5340 0.7983 0.5340
