0 0.5991 0.8236 0.7877 0.8236 0.7877 0.9264 0.5991 0.9264
0 0.5900 0.4816 0.7280 0.4816 0.7280 0.6412 0.5900 0.6412
0 0.5040 0.1460 0.6334 0.1460 0.6334 0.5272 0.5040 0.5272
0 0.6789 0.3556 0.9820 0.3556 0.9820 0.5468 0.6789 0.5468
1 0.9643 0.9540 0.9674 0.9540 0.9674 0.9792 0.9643 0.9792
1 0.3500 0.5116 0.3749 0.5116 0.3749 0.5164 0.3500 0.5164
1 0.5037 0.2632 0.5286 0.2632 0.5286 0.2680 0.5037 0.2680
1 0.6037 0.3776 0.6180 0.3776 0.6180 0.4084 0.6037 0.4084
2 0.7203 0.8084 0.7840 0.8084 0.7840 0.8296 0.7203 0.8296
2 0.3234 0.5372 0.4351 0.5372 0.4351 0.5908 0.3234 0.5908
2 0.6366 0.2644 0.8363 0.2644 0.8363 0.3856 0.6366 0.3856
2 0.1783 0.2312 0.3386 0.2312 0.3386 0.3748 0.1783 0.3748
3 0.0340 0.8924 0.0834 0.8924 0.0834 0.9092 0.0340 0.9092
3 0.2174 0.8284 0.2726 0.8284 0.2726 0.8500 0.2174 0.8500
3 0.6177 0.8380 0.6971 0.8380 0.6971 0.8628 0.6177 0.8628
3 0.2643 0.5212 0.2746 0.5212 0.2746 0.5940 0.2643 0.5940
4 0.7900 0.4640 0.8089 0.4640 0.8089 0.4740 0.7900 0.4740
4 0.9397 0.6972 0.9537 0.6972 0.9537 0.7068 0.9397 0.7068
4 0.2286 0.1360 0.2474 0.1360 0.2474 0.1488 0.2286 0.1488
4 0.5286 0.6288 0.5366 0.6288 0.5366 0.6544 0.5286 0.6544
6 0.1317 0.7480 0.1991 0.7480 0.1991 0.9380 0.1317 0.9380
6 0.8169 0.1700 0.8823 0.1700 0.8823 0.2008 0.8169 0.2008
6 0.1597 0.1924 0.1943 0.1924 0.1943 0.2036 0.1597 0.2036
6 0.1694 0.4360 0.2191 0.4360 0.2191 0.4828 0.1694 0.4828
7 0.5234 0.7012 0.5423 0.7012 0.5423 0.7872 0.5234 0.7872
7 0.7249 0.1904 0.7449 0.1904 0.7449 0.2756 0.7249 0.2756
7 0.4957 0.2504 0.5300 0.2504 0.5300 0.2604 0.4957 0.2604
7 0.6803 0.3148 0.6991 0.3148 0.6991 0.3844 0.6803 0.3844
9 0.1980 0.5080 0.2397 0.5080 0.2397 0.7172 0.1980 0.7172
9 0.0257 0.6240 0.0557 0.6240 0.0557 0.7996 0.0257 0.7996
9 0.2517 0.3964 0.3140 0.3964 0.3140 0.6020 0.2517 0.6020
9 0.8131 0.0400 0.8451 0.0400 0.8451 0.1980 0.8131 0.1980
12 0.1294 0.4416 0.5706 0.4416 0.5706 0.5228 0.1294 0.5228
12 0.2400 0.8588 0.2691 0.8588 0.2691 0.8832 0.2400 0.8832
12 0.6129 0.6224 0.8174 0.6224 0.8174 0.6580 0.6129 0.6580
12 0.3706 0.8812 0.4680 0.8812 0.4680 0.9068 0.3706 0.9068
13 0.0800 0.2444 0.0823 0.2444 0.0823 0.3696 0.0800 0.3696
13 0.2414 0.8136 0.2809 0.8136 0.2809 0.8384 0.2414 0.8384
13 0.3069 0.3068 0.3240 0.3068 0.3240 0.3228 0.3069 0.3228
13 0.0040 0.3124 0.0206 0.3124 0.0206 0.3192 0.0040 0.3192
15 0.6940 0.0548 0.7880 0.0548 0.7880 0.1348 0.6940 0.1348
15 0.2177 0.7104 0.2977 0.7104 0.2977 0.7932 0.2177 0.7932
15 0.8180 0.6892 0.9126 0.6892 0.9126 0.7704 0.8180 0.7704
15 0.4234 0.0716 0.4769 0.0716 0.4769 0.1356 0.4234 0.1356
