0 0.2349 0.2172 0.3354 0.2172 0.3354 0.4204 0.2349 0.4204
0 0.3191 0.4344 0.4237 0.4344 0.4237 0.8652 0.3191 0.8652
0 0.2180 0.0548 0.3014 0.0548 0.3014 0.2292 0.2180 0.2292
0 0.1120 0.0396 0.3406 0.0396 0.3406 0.1244 0.1120 0.1244
1 0.1749 0.0208 0.1874 0.0208 0.1874 0.0316 0.1749 0.0316
1 0.2854 0.8132 0.3054 0.8132 0.3054 0.8216 0.2854 0.8216
1 0.5057 0.3148 0.5200 0.3148 0.5200 0.3456 0.5057 0.3456
1 0.4277 0.5808 0.4306 0.5808 0.4306 0.6060 0.4277 0.6060
2 0.5780 0.1052 0.6223 0.1052 0.6223 0.1184 0.5780 0.1184
2 0.1689 0.2468 0.2089 0.2468 0.2089 0.3608 0.1689 0.3608
2 0.7123 0.9008 0.7746 0.9008 0.7746 0.9660 0.7123 0.9660
2 0.3431 0.3668 0.4686 0.3668 0.4686 0.6716 0.3431 0.6716
3 0.9883 0.1800 0.9986 0.1800 0.9986 0.2528 0.9883 0.2528
3 0.1651 0.3672 0.1754 0.3672 0.1754 0.4400 0.1651 0.4400
3 0.9049 0.6828 0.9151 0.6828 0.9151 0.7556 0.9049 0.7556
3 0.2197 0.6648 0.2749 0.6648 0.2749 0.6864 0.2197 0.6864
4 0.1860 0.1644 0.1951 0.1644 0.1951 0.1912 0.1860 0.1912
4 0.7974 0.8292 0.8049 0.8292 0.8049 0.8400 0.7974 0.8400
4 0.2037 0.4740 0.2286 0.4740 0.2286 0.4908 0.2037 0.4908
4 0.3354 0.0624 0.3746 0.0624 0.3746 0.0720 0.3354 0.0720
6 0.3777 0.2912 0.4274 0.2912 0.4274 0.3380 0.3777 0.3380
6 0.6951 0.1924 0.8863 0.1924 0.8863 0.3272 0.6951 0.3272
6 0.8906 0.1324 0.9580 0.1324 0.9580 0.3224 0.8906 0.3224
6 0.2900 0.2148 0.3397 0.2148 0.3397 0.2616 0.2900 0.2616
7 0.2683 0.3908 0.2754 0.3908 0.2754 0.4512 0.2683 0.4512
7 0.3700 0.4884 0.3851 0.4884 0.3851 0.4960 0.3700 0.4960
7 0.3794 0.7268 0.4563 0.7268 0.4563 0.8816 0.3794 0.8816
7 0.0823 0.0676 0.0991 0.0676 0.0991 0.1048 0.0823 0.1048
9 0.1997 0.2284 0.4200 0.2284 0.4200 0.3008 0.1997 0.3008
9 0.5657 0.5040 0.6031 0.5040 0.6031 0.6912 0.5657 0.6912
9 0.8174 0.5024 0.9449 0.5024 0.9449 0.5436 0.8174 0.5436
9 0.1017 0.5900 0.1460 0.5900 0.1460 0.8184 0.1017 0.8184
12 0.3243 0.1492 0.3629 0.1492 0.3629 0.1856 0.3243 0.1856
12 0.2589 0.2424 0.2820 0.2424 0.2820 0.3572 0.2589 0.3572
12 0.5457 0.4628 0.5511 0.4628 0.5511 0.6644 0.5457 0.6644
12 0.7706 0.8984 0.8426 0.8984 0.8426 0.9304 0.7706 0.9304
13 0.5469 0.1616 0.5597 0.1616 0.5597 0.1724 0.5469 0.1724
13 0.1749 0.7132 0.1800 0.7132 0.1800 0.7324 0.1749 0.7324
13 0.2709 0.1248 0.2874 0.1248 0.2874 0.1368 0.2709 0.1368
13 0.6786 0.7728 0.6911 0.7728 0.6911 0.7812 0.6786 0.7812
15 0.8506 0.1320 0.9240 0.1320 0.9240 0.2024 0.8506 0.2024
15 0.5097 0.1172 0.5526 0.1172 0.5526 0.1796 0.5097 0.1796
15 0.6414 0.2332 0.6694 0.2332 0.6694 0.2860 0.6414 0.2860
15 0.3203 0.4568 0.3666 0.4568 0.3666 0.5252 0.3203 0.5252
