0 0.5903 0.5796 0.7423 0.5796 0.7423 0.9672 0.5903 0.9672
0 0.8303 0.1000 0.9371 0.1000 0.9371 0.5040 0.8303 0.5040
0 0.5209 0.7884 0.6220 0.7884 0.6220 0.9384 0.5209 0.9384
0 0.6069 0.8004 0.8354 0.8004 0.8354 0.8852 0.6069 0.8852
1 0.3631 0.4524 0.3706 0.4524 0.3706 0.4796 0.3631 0.4796
1 0.5617 0.3376 0.5743 0.3376 0.5743 0.3484 0.5617 0.3484
1 0.4426 0.4928 0.4674 0.4928 0.4674 0.4976 0.4426 0.4976
1 0.1969 0.6716 0.2000 0.6716 0.2000 0.6968 0.1969 0.6968
2 0.8591 0.4560 0.9466 0.4560 0.9466 0.5284 0.8591 0.5284
2 0.1020 0.8324 0.2580 0.8324 0.2580 0.9616 0.1020 0.9616
2 0.5157 0.9036 0.5411 0.9036 0.5411 0.9228 0.5157 0.9228
2 0.0286 0.1452 0.0889 0.1452 0.0889 0.1804 0.0286 0.1804
3 0.3414 0.7588 0.3477 0.7588 0.3477 0.8608 0.3414 0.8608
3 0.3303 0.0720 0.3406 0.0720 0.3406 0.1452 0.3303 0.1452
3 0.0180 0.3432 0.0731 0.3432 0.0731 0.3624 0.0180 0.3624
3 0.8100 0.4104 0.9051 0.4104 0.9051 0.4328 0.8100 0.4328
4 0.8320 0.2452 0.8694 0.2452 0.8694 0.2488 0.8320 0.2488
4 0.7531 0.7564 0.7643 0.7564 0.7643 0.7668 0.7531 0.7668
4 0.3057 0.0720 0.3343 0.0720 0.3343 0.0792 0.3057 0.0792
4 0.0280 0.6888 0.0360 0.6888 0.0360 0.7144 0.0280 0.7144
6 0.0437 0.9540 0.1091 0.9540 0.1091 0.9848 0.0437 0.9848
6 0.3726 0.2008 0.4380 0.2008 0.4380 0.2316 0.3726 0.2316
6 0.1177 0.3140 0.1831 0.3140 0.1831 0.3448 0.1177 0.3448
6 0.4934 0.8560 0.5111 0.8560 0.5111 0.8812 0.4934 0.8812
7 0.1677 0.5256 0.2163 0.5256 0.2163 0.6244 0.1677 0.6244
7 0.3071 0.1516 0.3151 0.1516 0.3151 0.1708 0.3071 0.1708
7 0.8837 0.1376 0.9071 0.1376 0.9071 0.1524 0.8837 0.1524
7 0.5449 0.5316 0.5563 0.5316 0.5563 0.6096 0.5449 0.6096
9 0.3494 0.0672 0.4723 0.0672 0.4723 0.1148 0.3494 0.1148
9 0.1609 0.6224 0.1986 0.6224 0.1986 0.7540 0.1609 0.7540
9 0.0409 0.8412 0.2126 0.8412 0.2126 0.9452 0.0409 0.9452
9 0.6617 0.0780 0.7240 0.0780 0.7240 0.2836 0.6617 0.2836
12 0.1980 0.7396 0.4026 0.7396 0.4026 0.7752 0.1980 0.7752
12 0.0977 0.5844 0.5389 0.5844 0.5389 0.6656 0.0977 0.6656
12 0.4017 0.1636 0.4251 0.1636 0.4251 0.2536 0.4017 0.2536
12 0.5689 0.7444 0.6634 0.7444 0.6634 0.7804 0.5689 0.7804
13 0.5474 0.9064 0.5629 0.9064 0.5629 0.9716 0.5474 0.9716
13 0.3591 0.2732 0.3986 0.2732 0.3986 0.2980 0.3591 0.2980
13 0.9569 0.7756 0.9871 0.7756 0.9871 0.7940 0.9569 0.7940
13 0.2431 0.4844 0.2480 0.4844 0.2480 0.5028 0.2431 0.5028
15 0.3540 0.4640 0.4283 0.4640 0.4283 0.5244 0.3540 0.5244
15 0.4751 0.2232 0.5346 0.2232 0.5346 0.2924 0.4751 0.2924
15 0.4751 0.3744 0.5483 0.3744 0.5483 0.4592 0.4751 0.4592
15 0.1129 0.4556 0.1380 0.4556 0.1380 0.5088 0.1129 0.5088
