0 0.7800 0.9188 0.8474 0.9188 0.8474 0.9728 0.7800 0.9728
0 0.4166 0.2440 0.5497 0.2440 0.5497 0.6104 0.4166 0.6104
0 0.7497 0.0936 0.8503 0.0936 0.8503 0.2968 0.7497 0.2968
0 0.1091 0.1748 0.1757 0.1748 0.1757 0.2452 0.1091 0.2452
1 0.5894 0.4940 0.5969 0.4940 0.5969 0.5212 0.5894 0.5212
1 0.4143 0.8516 0.4314 0.8516 0.4314 0.8560 0.4143 0.8560
1 0.4326 0.9308 0.4451 0.9308 0.4451 0.9416 0.4326 0.9416
1 0.5551 0.4424 0.5663 0.4424 0.5663 0.4792 0.5551 0.4792
2 0.7820 0.7244 0.9389 0.7244 0.9389 0.7520 0.7820 0.7520
2 0.4311 0.7460 0.5069 0.7460 0.5069 0.7988 0.4311 0.7988
2 0.6006 0.3428 0.7040 0.3428 0.7040 0.4024 0.6006 0.4024
2 0.6423 0.5164 0.6726 0.5164 0.6726 0.5276 0.6423 0.5276
3 0.0563 0.2812 0.1114 0.2812 0.1114 0.3028 0.0563 0.3028
3 0.1529 0.4748 0.1631 0.4748 0.1631 0.5476 0.1529 0.5476
3 0.4500 0.0568 0.5440 0.0568 0.5440 0.0792 0.4500 0.0792
3 0.4986 0.7172 0.5089 0.7172 0.5089 0.7900 0.4986 0.7900
4 0.1503 0.3096 0.1600 0.3096 0.1600 0.3880 0.1503 0.3880
4 0.2369 0.8484 0.2449 0.8484 0.2449 0.8740 0.2369 0.8740
4 0.4443 0.5424 0.4574 0.5424 0.4574 0.5636 0.4443 0.5636
4 0.8443 0.5620 0.8623 0.5620 0.8623 0.5884 0.8443 0.5884
6 0.0577 0.5212 0.1163 0.5212 0.1163 0.6036 0.0577 0.6036
6 0.7503 0.8488 0.8000 0.8488 0.8000 0.8956 0.7503 0.8956
6 0.0577 0.3224 0.0923 0.3224 0.0923 0.3336 0.0577 0.3336
6 0.7077 0.7024 0.7663 0.7024 0.7663 0.7848 0.7077 0.7848
7 0.8023 0.4160 0.8294 0.4160 0.8294 0.5436 0.8023 0.5436
7 0.4906 0.1812 0.4997 0.1812 0.4997 0.3152 0.4906 0.3152
7 0.3309 0.7300 0.3414 0.7300 0.3414 0.8300 0.3309 0.8300
7 0.2869 0.4600 0.3011 0.4600 0.3011 0.5604 0.2869 0.5604
9 0.6209 0.5648 0.7926 0.5648 0.7926 0.6688 0.6209 0.6688
9 0.6403 0.3828 0.6703 0.3828 0.6703 0.5584 0.6403 0.5584
9 0.5274 0.4532 0.5994 0.4532 0.5994 0.6856 0.5274 0.6856
9 0.2206 0.3688 0.2580 0.3688 0.2580 0.5560 0.2206 0.5560
12 0.3340 0.6220 0.3571 0.6220 0.3571 0.7368 0.3340 0.7368
12 0.2726 0.8188 0.2957 0.8188 0.2957 0.9336 0.2726 0.9336
12 0.8137 0.5348 0.8317 0.5348 0.8317 0.6260 0.8137 0.6260
12 0.7531 0.3364 0.8574 0.3364 0.8574 0.3780 0.7531 0.3780
13 0.3549 0.1340 0.3626 0.1340 0.3626 0.1464 0.3549 0.1464
13 0.6423 0.6664 0.6543 0.6664 0.6543 0.6776 0.6423 0.6776
13 0.7520 0.4992 0.7626 0.4992 0.7626 0.5080 0.7520 0.5080
13 0.2260 0.0116 0.2283 0.0116 0.2283 0.1368 0.2260 0.1368
15 0.5611 0.1028 0.6351 0.1028 0.6351 0.1656 0.5611 0.1656
15 0.3249 0.0712 0.3843 0.0712 0.3843 0.1404 0.3249 0.1404
15 0.9200 0.6592 0.9943 0.6592 0.9943 0.7196 0.9200 0.7196
15 0.1949 0.4692 0.2483 0.4692 0.2483 0.5332 0.1949 0.5332
