0 0.6646 0.6288 0.8931 0.6288 0.8931 0.7136 0.6646 0.7136
0 0.4491 0.1524 0.4834 0.1524 0.4834 0.6084 0.4491 0.6084
0 0.5009 0.4700 0.6894 0.4700 0.6894 0.5728 0.5009 0.5728
0 0.6797 0.1512 0.7140 0.1512 0.7140 0.6072 0.6797 0.6072
1 0.5180 0.7500 0.5243 0.7500 0.5243 0.8312 0.5180 0.8312
1 0.7529 0.3464 0.7557 0.3464 0.7557 0.4020 0.7529 0.4020
1 0.4960 0.4468 0.5037 0.4468 0.5037 0.5300 0.4960 0.5300
1 0.3171 0.9040 0.3200 0.9040 0.3200 0.9292 0.3171 0.9292
2 0.5657 0.6236 0.6423 0.6236 0.6423 0.8340 0.5657 0.8340
2 0.7454 0.8436 0.9740 0.8436 0.9740 0.9104 0.7454 0.9104
2 0.2249 0.6824 0.2686 0.6824 0.2686 0.7824 0.2249 0.7824
2 0.7831 0.6136 0.8097 0.6136 0.8097 0.6644 0.7831 0.6644
3 0.5826 0.2356 0.5929 0.2356 0.5929 0.3084 0.5826 0.3084
3 0.1554 0.1320 0.2500 0.1320 0.2500 0.1552 0.1554 0.1552
3 0.9254 0.8928 0.9391 0.8928 0.9391 0.9952 0.9254 0.9952
3 0.3360 0.6416 0.4160 0.6416 0.4160 0.6612 0.3360 0.6612
4 0.3120 0.3260 0.3400 0.3260 0.3400 0.3332 0.3120 0.3332
4 0.4857 0.5084 0.5051 0.5084 0.5051 0.5228 0.4857 0.5228
4 0.3246 0.1196 0.3326 0.1196 0.3326 0.1452 0.3246 0.1452
4 0.0429 0.1420 0.1023 0.1420 0.1023 0.1620 0.0429 0.1620
6 0.3291 0.3844 0.3877 0.3844 0.3877 0.4668 0.3291 0.4668
6 0.8223 0.2216 0.8809 0.2216 0.8809 0.3040 0.8223 0.3040
6 0.5940 0.7444 0.6286 0.7444 0.6286 0.7556 0.5940 0.7556
6 0.6469 0.9064 0.7054 0.9064 0.7054 0.9888 0.6469 0.9888
7 0.7329 0.8080 0.7523 0.8080 0.7523 0.8780 0.7329 0.8780
7 0.7017 0.6240 0.7180 0.6240 0.7180 0.7128 0.7017 0.7128
7 0.4243 0.7912 0.4583 0.7912 0.4583 0.9912 0.4243 0.9912
7 0.3546 0.0256 0.3600 0.0256 0.3600 0.0412 0.3546 0.0412
9 0.7760 0.0440 0.8177 0.0440 0.8177 0.2532 0.7760 0.2532
9 0.9409 0.6068 0.9923 0.6068 0.9923 0.7764 0.9409 0.7764
9 0.2429 0.8352 0.3586 0.8352 0.3586 0.8732 0.2429 0.8732
9 0.6840 0.7672 0.7140 0.7672 0.7140 0.9428 0.6840 0.9428
12 0.3897 0.5936 0.4243 0.5936 0.4243 0.7480 0.3897 0.7480
12 0.1069 0.8448 0.1454 0.8448 0.1454 0.8812 0.1069 0.8812
12 0.9157 0.1100 0.9597 0.1100 0.9597 0.5348 0.9157 0.5348
12 0.6789 0.3488 0.7174 0.3488 0.7174 0.3852 0.6789 0.3852
13 0.6300 0.6968 0.6663 0.6968 0.6663 0.7620 0.6300 0.7620
13 0.3640 0.9544 0.3697 0.9544 0.3697 0.9748 0.3640 0.9748
13 0.6274 0.6148 0.6420 0.6148 0.6420 0.6448 0.6274 0.6448
13 0.6986 0.8416 0.7217 0.8416 0.7217 0.9052 0.6986 0.9052
15 0.0429 0.0868 0.1151 0.0868 0.1151 0.1676 0.0429 0.1676
15 0.0900 0.8448 0.1151 0.8448 0.1151 0.8980 0.0900 0.8980
15 0.2477 0.6116 0.3417 0.6116 0.3417 0.6916 0.2477 0.6916
15 0.1566 0.1916 0.2100 0.1916 0.2100 0.2556 0.1566 0.2556
