0 0.4269 0.2212 0.5600 0.2212 0.5600 0.5876 0.4269 0.5876
0 0.2829 0.1112 0.3874 0.1112 0.3874 0.5420 0.2829 0.5420
0 0.1057 0.0688 0.2063 0.0688 0.2063 0.2720 0.1057 0.2720
0 0.5526 0.6388 0.6191 0.6388 0.6191 0.7092 0.5526 0.7092
1 0.9566 0.7512 0.9637 0.7512 0.9637 0.7772 0.9566 0.7772
1 0.6974 0.7776 0.7100 0.7776 0.7100 0.7884 0.6974 0.7884
1 0.8783 0.5892 0.8831 0.5892 0.8831 0.6312 0.8783 0.6312
1 0.0231 0.8588 0.0363 0.8588 0.0363 0.8852 0.0231 0.8852
2 0.8880 0.6068 0.9614 0.6068 0.9614 0.7316 0.8880 0.7316
2 0.7926 0.5828 0.8491 0.5828 0.8491 0.6180 0.7926 0.6180
2 0.4131 0.0556 0.6417 0.0556 0.6417 0.1224 0.4131 0.1224
2 0.5800 0.4812 0.6000 0.4812 0.6000 0.5260 0.5800 0.5260
3 0.4746 0.6308 0.5489 0.6308 0.5489 0.6536 0.4746 0.6536
3 0.6169 0.8428 0.7120 0.8428 0.7120 0.8652 0.6169 0.8652
3 0.8137 0.8708 0.8274 0.8708 0.8274 0.9732 0.8137 0.9732
3 0.4051 0.4704 0.4154 0.4704 0.4154 0.5432 0.4051 0.5432
4 0.3877 0.3976 0.4731 0.3976 0.4731 0.4096 0.3877 0.4096
4 0.2697 0.3440 0.2971 0.3440 0.2971 0.3592 0.2697 0.3592
4 0.8866 0.6540 0.8923 0.6540 0.8923 0.6764 0.8866 0.6764
4 0.4469 0.7560 0.4549 0.7560 0.4549 0.7660 0.4469 0.7660
6 0.4169 0.0144 0.4823 0.0144 0.4823 0.0452 0.4169 0.0452
6 0.5277 0.4068 0.5951 0.4068 0.5951 0.5968 0.5277 0.5968
6 0.5169 0.3720 0.5823 0.3720 0.5823 0.4028 0.5169 0.4028
6 0.3334 0.6400 0.3989 0.6400 0.3989 0.6708 0.3334 0.6708
7 0.5906 0.5248 0.6017 0.5248 0.6017 0.5940 0.5906 0.5940
7 0.3460 0.1504 0.3574 0.1504 0.3574 0.1920 0.3460 0.1920
7 0.5314 0.1524 0.5446 0.1524 0.5446 0.2276 0.5314 0.2276
7 0.4414 0.3052 0.4514 0.3052 0.4514 0.3668 0.4414 0.3668
9 0.1446 0.7920 0.1960 0.7920 0.1960 0.9616 0.1446 0.9616
9 0.6917 0.1972 0.7971 0.1972 0.7971 0.2576 0.6917 0.2576
9 0.6743 0.0300 0.7186 0.0300 0.7186 0.2584 0.6743 0.2584
9 0.4849 0.4208 0.6006 0.4208 0.6006 0.4588 0.4849 0.4588
12 0.6020 0.2456 0.6294 0.2456 0.6294 0.3580 0.6020 0.3580
12 0.1651 0.0400 0.2626 0.0400 0.2626 0.0656 0.1651 0.0656
12 0.8709 0.0152 0.9000 0.0152 0.9000 0.0396 0.8709 0.0396
12 0.8051 0.5076 0.8491 0.5076 0.8491 0.9324 0.8051 0.9324
13 0.2531 0.5544 0.2657 0.5544 0.2657 0.5688 0.2531 0.5688
13 0.9640 0.5292 0.9754 0.5292 0.9754 0.5708 0.9640 0.5708
13 0.1617 0.7160 0.1783 0.7160 0.1783 0.7280 0.1617 0.7280
13 0.5494 0.7516 0.5666 0.7516 0.5666 0.7676 0.5494 0.7676
15 0.4317 0.3688 0.4597 0.3688 0.4597 0.4216 0.4317 0.4216
15 0.3289 0.5216 0.3623 0.5216 0.3623 0.5696 0.3289 0.5696
15 0.9197 0.2104 0.9540 0.2104 0.9540 0.2580 0.9197 0.2580
15 0.1540 0.3748 0.2154 0.3748 0.2154 0.4872 0.1540 0.4872
