0 0.6520 0.2156 0.7851 0.2156 0.7851 0.5820 0.6520 0.5820
0 0.8091 0.3708 0.8926 0.3708 0.8926 0.5452 0.8091 0.5452
0 0.5709 0.4040 0.6937 0.4040 0.6937 0.8412 0.5709 0.8412
0 0.0611 0.2964 0.2497 0.2964 0.2497 0.3992 0.0611 0.3992
1 0.1011 0.9712 0.1040 0.9712 0.1040 0.9964 0.1011 0.9964
1 0.8969 0.7468 0.9140 0.7468 0.9140 0.7512 0.8969 0.7512
1 0.6477 0.7440 0.6506 0.7440 0.6506 0.7692 0.6477 0.7692
1 0.1420 0.1780 0.1494 0.1780 0.1494 0.2052 0.1420 0.2052
2 0.6966 0.4408 0.7040 0.4408 0.7040 0.4832 0.6966 0.4832
2 0.1083 0.8064 0.1917 0.8064 0.1917 0.9080 0.1083 0.9080
2 0.8643 0.6340 0.9631 0.6340 0.9631 0.7144 0.8643 0.7144
2 0.5057 0.0916 0.5534 0.0916 0.5534 0.2024 0.5057 0.2024
3 0.3669 0.2828 0.3771 0.2828 0.3771 0.3556 0.3669 0.3556
3 0.2549 0.6264 0.3043 0.6264 0.3043 0.6432 0.2549 0.6432
3 0.1754 0.5364 0.2497 0.5364 0.2497 0.5592 0.1754 0.5592
3 0.3231 0.9508 0.4171 0.9508 0.4171 0.9732 0.3231 0.9732
4 0.7709 0.0728 0.8563 0.0728 0.8563 0.0848 0.7709 0.0848
4 0.9154 0.6532 0.9243 0.6532 0.9243 0.7012 0.9154 0.7012
4 0.7489 0.3688 0.8151 0.3688 0.8151 0.3904 0.7489 0.3904
4 0.4349 0.7936 0.4389 0.7936 0.4389 0.7988 0.4349 0.7988
6 0.3706 0.7868 0.4203 0.7868 0.4203 0.8336 0.3706 0.8336
6 0.5800 0.0908 0.6474 0.0908 0.6474 0.2808 0.5800 0.2808
6 0.4080 0.4988 0.5991 0.4988 0.5991 0.6336 0.4080 0.6336
6 0.8803 0.0036 0.9300 0.0036 0.9300 0.0504 0.8803 0.0504
7 0.7066 0.5404 0.7531 0.5404 0.7531 0.5684 0.7066 0.5684
7 0.1986 0.4372 0.2166 0.4372 0.2166 0.5268 0.1986 0.5268
7 0.2431 0.1280 0.4326 0.1280 0.4326 0.3372 0.2431 0.3372
7 0.4223 0.4340 0.4497 0.4340 0.4497 0.5356 0.4223 0.5356
9 0.7714 0.3764 0.8871 0.3764 0.8871 0.4144 0.7714 0.4144
9 0.3303 0.2748 0.3706 0.2748 0.3706 0.4712 0.3303 0.4712
9 0.5074 0.2508 0.6349 0.2508 0.6349 0.2920 0.5074 0.2920
9 0.2263 0.2836 0.2666 0.2836 0.2666 0.4800 0.2263 0.4800
12 0.3046 0.0288 0.3251 0.0288 0.3251 0.2672 0.3046 0.2672
12 0.5049 0.1896 0.5103 0.1896 0.5103 0.3912 0.5049 0.3912
12 0.0497 0.2856 0.0551 0.2856 0.0551 0.4872 0.0497 0.4872
12 0.4969 0.3104 0.9380 0.3104 0.9380 0.3916 0.4969 0.3916
13 0.3934 0.9292 0.4946 0.9292 0.4946 0.9368 0.3934 0.9368
13 0.1880 0.9552 0.2740 0.9552 0.2740 0.9628 0.1880 0.9628
13 0.3349 0.0308 0.4209 0.0308 0.4209 0.0384 0.3349 0.0384
13 0.5094 0.5716 0.5209 0.5716 0.5209 0.6132 0.5094 0.6132
15 0.3634 0.7824 0.4434 0.7824 0.4434 0.8652 0.3634 0.8652
15 0.4746 0.2612 0.5209 0.2612 0.5209 0.3296 0.4746 0.3296
15 0.2694 0.5328 0.3426 0.5328 0.3426 0.6048 0.2694 0.6048
15 0.8420 0.3988 0.9466 0.3988 0.9466 0.5136 0.8420 0.5136
