0 0.5951 0.2676 0.6617 0.2676 0.6617 0.7832 0.5951 0.7832
0 0.0717 0.3140 0.2603 0.3140 0.2603 0.4168 0.0717 0.4168
0 0.3131 0.3992 0.3966 0.3992 0.3966 0.5736 0.3131 0.5736
0 0.7323 0.9032 0.7997 0.9032 0.7997 0.9572 0.7323 0.9572
1 0.1709 0.5380 0.1780 0.5380 0.1780 0.5640 0.1709 0.5640
1 0.5303 0.0648 0.5446 0.0648 0.5446 0.0956 0.5303 0.0956
1 0.7314 0.9228 0.7386 0.9228 0.7386 0.9488 0.7314 0.9488
1 0.1311 0.2516 0.1331 0.2516 0.1331 0.2872 0.1311 0.2872
2 0.0131 0.7244 0.0897 0.7244 0.0897 0.9348 0.0131 0.9348
2 0.7083 0.6540 0.7280 0.6540 0.7280 0.6816 0.7083 0.6816
2 0.8151 0.4944 0.8551 0.4944 0.8551 0.6084 0.8151 0.6084
2 0.5054 0.0556 0.5760 0.0556 0.5760 0.1668 0.5054 0.1668
3 0.5637 0.3656 0.6583 0.3656 0.6583 0.3888 0.5637 0.3888
3 0.0117 0.7320 0.0220 0.7320 0.0220 0.8048 0.0117 0.8048
3 0.1931 0.6100 0.2877 0.6100 0.2877 0.6332 0.1931 0.6332
3 0.0389 0.9656 0.1131 0.9656 0.1131 0.9884 0.0389 0.9884
4 0.7923 0.0580 0.8940 0.0580 0.8940 0.0880 0.7923 0.0880
4 0.6051 0.0272 0.6243 0.0272 0.6243 0.0360 0.6051 0.0360
4 0.6183 0.2008 0.6254 0.2008 0.6254 0.2092 0.6183 0.2092
4 0.2331 0.2536 0.2591 0.2536 0.2591 0.2684 0.2331 0.2684
6 0.0011 0.5980 0.0686 0.5980 0.0686 0.7880 0.0011 0.7880
6 0.5146 0.6676 0.7057 0.6676 0.7057 0.8024 0.5146 0.8024
6 0.2503 0.4804 0.4414 0.4804 0.4414 0.6152 0.2503 0.6152
6 0.5429 0.8204 0.5606 0.8204 0.5606 0.8456 0.5429 0.8456
7 0.6246 0.6412 0.6557 0.6412 0.6557 0.6668 0.6246 0.6668
7 0.2214 0.0464 0.2749 0.0464 0.2749 0.0692 0.2214 0.0692
7 0.9037 0.5452 0.9106 0.5452 0.9106 0.5624 0.9037 0.5624
7 0.7197 0.1212 0.7397 0.1212 0.7397 0.2236 0.7197 0.2236
9 0.1786 0.8760 0.3060 0.8760 0.3060 0.9172 0.1786 0.9172
9 0.8037 0.5832 0.8440 0.5832 0.8440 0.7796 0.8037 0.7796
9 0.3491 0.3860 0.4766 0.3860 0.4766 0.4272 0.3491 0.4272
9 0.2026 0.7580 0.2540 0.7580 0.2540 0.9276 0.2026 0.9276
12 0.1423 0.3684 0.2031 0.3684 0.2031 0.4040 0.1423 0.4040
12 0.9771 0.4076 0.9857 0.4076 0.9857 0.7048 0.9771 0.7048
12 0.5997 0.6044 0.6343 0.6044 0.6343 0.7588 0.5997 0.7588
12 0.9926 0.1148 0.9980 0.1148 0.9980 0.3164 0.9926 0.3164
13 0.7834 0.6708 0.7954 0.6708 0.7954 0.6820 0.7834 0.6820
13 0.7563 0.0440 0.7620 0.0440 0.7620 0.0644 0.7563 0.0644
13 0.7211 0.1280 0.7309 0.1280 0.7309 0.1372 0.7211 0.1372
13 0.4229 0.2540 0.5951 0.2540 0.5951 0.2996 0.4229 0.2996
15 0.0629 0.7764 0.1383 0.7764 0.1383 0.8388 0.0629 0.8388
15 0.0117 0.0884 0.1160 0.0884 0.1160 0.2008 0.0117 0.2008
15 0.2454 0.6980 0.3209 0.6980 0.3209 0.7604 0.2454 0.7604
15 0.2814 0.4228 0.3126 0.4228 0.3126 0.4820 0.2814 0.4820
