0 0.7614 0.0416 0.8946 0.0416 0.8946 0.4080 0.7614 0.4080
0 0.0663 0.0476 0.1329 0.0476 0.1329 0.1180 0.0663 0.1180
0 0.2980 0.3500 0.4209 0.3500 0.4209 0.7872 0.2980 0.7872
0 0.8414 0.2900 0.9934 0.2900 0.9934 0.6776 0.8414 0.6776
1 0.1980 0.0192 0.2111 0.0192 0.2111 0.0456 0.1980 0.0456
1 0.5094 0.6192 0.5226 0.6192 0.5226 0.6456 0.5094 0.6456
1 0.6083 0.2496 0.6157 0.2496 0.6157 0.2768 0.6083 0.2768
1 0.9680 0.8008 0.9700 0.8008 0.9700 0.8364 0.9680 0.8364
2 0.4966 0.4296 0.5657 0.4296 0.5657 0.4852 0.4966 0.4852
2 0.5634 0.8596 0.6391 0.8596 0.6391 0.9124 0.5634 0.9124
2 0.1031 0.4524 0.1697 0.4524 0.1697 0.5756 0.1031 0.5756
2 0.3940 0.5720 0.4811 0.5720 0.4811 0.8284 0.3940 0.8284
3 0.7737 0.0528 0.8531 0.0528 0.8531 0.0776 0.7737 0.0776
3 0.0466 0.1484 0.0569 0.1484 0.0569 0.2216 0.0466 0.2216
3 0.4311 0.8648 0.4414 0.8648 0.4414 0.9380 0.4311 0.9380
3 0.8471 0.3212 0.9266 0.3212 0.9266 0.3460 0.8471 0.3460
4 0.9017 0.5244 0.9060 0.5244 0.9060 0.5696 0.9017 0.5696
4 0.8054 0.1540 0.8577 0.1540 0.8577 0.1860 0.8054 0.1860
4 0.4640 0.2312 0.4771 0.2312 0.4771 0.2412 0.4640 0.2412
4 0.2194 0.6620 0.2394 0.6620 0.2394 0.7064 0.2194 0.7064
6 0.9143 0.0288 0.9489 0.0288 0.9489 0.0400 0.9143 0.0400
6 0.8031 0.8012 0.8686 0.8012 0.8686 0.8320 0.8031 0.8320
6 0.1754 0.2388 0.3666 0.2388 0.3666 0.3736 0.1754 0.3736
6 0.1706 0.2036 0.2360 0.2036 0.2360 0.2344 0.1706 0.2344
7 0.7397 0.1208 0.7560 0.1208 0.7560 0.2012 0.7397 0.2012
7 0.5331 0.2864 0.5446 0.2864 0.5446 0.3284 0.5331 0.3284
7 0.8871 0.1708 0.9100 0.1708 0.9100 0.2636 0.8871 0.2636
7 0.2046 0.8144 0.2117 0.8144 0.2117 0.8436 0.2046 0.8436
9 0.3554 0.0228 0.4829 0.0228 0.4829 0.0640 0.3554 0.0640
9 0.8286 0.6240 0.8663 0.6240 0.8663 0.7556 0.8286 0.7556
9 0.0806 0.1396 0.2523 0.1396 0.2523 0.2436 0.0806 0.2436
9 0.4943 0.8720 0.5514 0.8720 0.5514 0.9264 0.4943 0.9264
12 0.6731 0.4872 0.7863 0.4872 0.7863 0.5180 0.6731 0.5180
12 0.2889 0.5484 0.3497 0.5484 0.3497 0.5840 0.2889 0.5840
12 0.5831 0.1100 0.6217 0.1100 0.6217 0.1464 0.5831 0.1464
12 0.5177 0.1768 0.5897 0.1768 0.5897 0.2088 0.5177 0.2088
13 0.5486 0.3544 0.5540 0.3544 0.5540 0.5724 0.5486 0.5724
13 0.9397 0.0732 0.9431 0.0732 0.9431 0.1824 0.9397 0.1824
13 0.5560 0.7236 0.5731 0.7236 0.5731 0.7396 0.5560 0.7396
13 0.0766 0.8556 0.1029 0.8556 0.1029 0.9012 0.0766 0.9012
15 0.3594 0.4960 0.4326 0.4960 0.4326 0.5808 0.3594 0.5808
15 0.9051 0.7136 0.9303 0.7136 0.9303 0.7668 0.9051 0.7668
15 0.6063 0.1352 0.6654 0.1352 0.6654 0.2032 0.6063 0.2032
15 0.2634 0.8684 0.3249 0.8684 0.3249 0.9808 0.2634 0.9808
