0 0.0339 0.4759 0.2232 0.4759 0.2232 0.9969 0.0339 0.9969
0 0.0123 0.1979 0.2694 0.1979 0.2694 0.3601 0.0123 0.3601
0 0.1646 0.4940 0.4126 0.4940 0.4126 0.5860 0.1646 0.5860
0 0.8062 0.4858 0.8946 0.4858 0.8946 0.5566 0.8062 0.5566
1 0.4010 0.3096 0.4067 0.3096 0.4067 0.3708 0.4010 0.3708
1 0.9893 0.4127 0.9952 0.4127 0.9952 0.4321 0.9893 0.4321
1 0.7768 0.5086 0.7804 0.5086 0.7804 0.5794 0.7768 0.5794
1 0.7043 0.0423 0.7303 0.0423 0.7303 0.0541 0.7043 0.0541
2 0.4385 0.8408 0.4504 0.8408 0.4504 0.9984 0.4385 0.9984
2 0.2511 0.4227 0.3912 0.4227 0.3912 0.5141 0.2511 0.5141
2 0.8402 0.4370 0.8584 0.4370 0.8584 0.4438 0.8402 0.4438
2 0.8082 0.0099 0.8707 0.0099 0.8707 0.0873 0.8082 0.0873
3 0.4233 0.6518 0.5089 0.6518 0.5089 0.6786 0.4233 0.6786
3 0.0342 0.8983 0.0438 0.8983 0.0438 0.9357 0.0342 0.9357
3 0.2499 0.6664 0.2567 0.6664 0.2567 0.7140 0.2499 0.7140
3 0.6219 0.0572 0.6961 0.0572 0.6961 0.0748 0.6219 0.0748
4 0.1193 0.3982 0.1273 0.3982 0.1273 0.4294 0.1193 0.4294
4 0.0376 0.2335 0.0930 0.2335 0.0930 0.2389 0.0376 0.2389
4 0.7213 0.5522 0.7401 0.5522 0.7401 0.5570 0.7213 0.5570
4 0.5770 0.8635 0.5907 0.8635 0.5907 0.8693 0.5770 0.8693
6 0.7230 0.1822 0.7930 0.1822 0.7930 0.3794 0.7230 0.3794
6 0.1268 0.8635 0.1460 0.8635 0.1460 0.8909 0.1268 0.8909
6 0.2774 0.8720 0.3624 0.8720 0.3624 0.9120 0.2774 0.9120
6 0.0931 0.5363 0.1541 0.5363 0.1541 0.5937 0.0931 0.5937
7 0.0865 0.2426 0.1015 0.2426 0.1015 0.2834 0.0865 0.2834
7 0.9688 0.6079 0.9932 0.6079 0.9932 0.6641 0.9688 0.6641
7 0.2551 0.3419 0.2629 0.3419 0.2629 0.3633 0.2551 0.3633
7 0.4228 0.3300 0.4635 0.3300 0.4635 0.4536 0.4228 0.4536
9 0.9607 0.7046 0.9955 0.7046 0.9955 0.8194 0.9607 0.8194
9 0.1687 0.6191 0.3030 0.6191 0.3030 0.6633 0.1687 0.6633
9 0.8691 0.5210 0.9200 0.5210 0.9200 0.6662 0.8691 0.6662
9 0.5005 0.4755 0.5746 0.4755 0.5746 0.4997 0.5005 0.4997
12 0.1368 0.0451 0.4443 0.0451 0.4443 0.1017 0.1368 0.1017
12 0.8339 0.2136 0.8538 0.2136 0.8538 0.4448 0.8339 0.4448
12 0.2681 0.0643 0.2841 0.0643 0.2841 0.1453 0.2681 0.1453
12 0.5762 0.4583 0.5938 0.4583 0.5938 0.6637 0.5762 0.6637
13 0.1622 0.1571 0.1841 0.1571 0.1841 0.2173 0.1622 0.2173
13 0.3517 0.3811 0.3592 0.3811 0.3592 0.4081 0.3517 0.4081
13 0.8148 0.3979 0.8257 0.3979 0.8257 0.4057 0.8148 0.4057
13 0.4339 0.1323 0.4456 0.1323 0.4456 0.1433 0.4339 0.1433
15 0.0108 0.1228 0.0635 0.1228 0.0635 0.1860 0.0108 0.1860
15 0.2894 0.7391 0.3221 0.7391 0.3221 0.7997 0.2894 0.7997
15 0.6842 0.0724 0.7272 0.0724 0.7272 0.1596 0.6842 0.1596
15 0.0224 0.2072 0.0910 0.2072 0.0910 0.3000 0.0224 0.3000
