0 0.8483 0.1756 0.9289 0.1756 0.9289 0.5272 0.8483 0.5272
0 0.5949 0.4626 0.7403 0.4626 0.7403 0.9802 0.5949 0.9802
0 0.4290 0.5495 0.4861 0.5495 0.4861 0.6689 0.4290 0.6689
0 0.5091 0.3820 0.6400 0.3820 0.6400 0.6464 0.5091 0.6464
1 0.7819 0.1363 0.7855 0.1363 0.7855 0.1821 0.7819 0.1821
1 0.7188 0.1703 0.7375 0.1703 0.7375 0.1865 0.7188 0.1865
1 0.8776 0.0462 0.8815 0.0462 0.8815 0.0966 0.8776 0.0966
1 0.8099 0.5458 0.8215 0.5458 0.8215 0.5842 0.8099 0.5842
2 0.5027 0.6558 0.6064 0.6558 0.6064 0.9078 0.5027 0.9078
2 0.3462 0.5939 0.8252 0.5939 0.8252 0.7113 0.3462 0.7113
2 0.0540 0.8211 0.1323 0.8211 0.1323 0.8757 0.0540 0.8757
2 0.8354 0.3312 0.9003 0.3312 0.9003 0.4888 0.8354 0.4888
3 0.7102 0.3863 0.8266 0.3863 0.8266 0.4149 0.7102 0.4149
3 0.3019 0.5548 0.3121 0.5548 0.3121 0.6268 0.3019 0.6268
3 0.1845 0.5691 0.1930 0.5691 0.1930 0.6341 0.1845 0.6341
3 0.5166 0.4448 0.5317 0.4448 0.5317 0.5608 0.5166 0.5608
4 0.8093 0.7455 0.8187 0.7455 0.8187 0.7693 0.8093 0.7693
4 0.2445 0.9331 0.2621 0.9331 0.2621 0.9465 0.2445 0.9465
4 0.8728 0.7872 0.9209 0.7872 0.9209 0.7972 0.8728 0.7972
4 0.5225 0.8966 0.5326 0.8966 0.5326 0.9130 0.5225 0.9130
6 0.2665 0.0735 0.3212 0.0735 0.3212 0.0993 0.2665 0.0993
6 0.3677 0.3539 0.3900 0.3539 0.3900 0.3857 0.3677 0.3857
6 0.8980 0.5358 0.9109 0.5358 0.9109 0.5542 0.8980 0.5542
6 0.4039 0.8158 0.4464 0.8158 0.4464 0.8358 0.4039 0.8358
7 0.4822 0.2324 0.4932 0.2324 0.4932 0.2728 0.4822 0.2728
7 0.9591 0.1896 0.9946 0.1896 0.9946 0.3160 0.9591 0.3160
7 0.6268 0.8742 0.6635 0.8742 0.6635 0.9898 0.6268 0.9898
7 0.9073 0.7919 0.9324 0.7919 0.9324 0.8037 0.9073 0.8037
9 0.6339 0.2347 0.6666 0.2347 0.6666 0.3981 0.6339 0.3981
9 0.4894 0.5783 0.5492 0.5783 0.5492 0.8785 0.4894 0.8785
9 0.4533 0.5799 0.5601 0.5799 0.5601 0.6213 0.4533 0.6213
9 0.7719 0.5246 0.8410 0.5246 0.8410 0.7526 0.7719 0.7526
12 0.9342 0.2443 0.9638 0.2443 0.9638 0.5901 0.9342 0.5901
12 0.0511 0.8367 0.0877 0.8367 0.0877 0.8713 0.0511 0.8713
12 0.2413 0.1783 0.2673 0.1783 0.2673 0.3605 0.2413 0.3605
12 0.7389 0.2787 0.7609 0.2787 0.7609 0.4333 0.7389 0.4333
13 0.3371 0.6835 0.3495 0.6835 0.3495 0.6953 0.3371 0.6953
13 0.7617 0.1723 0.7700 0.1723 0.7700 0.1849 0.7617 0.1849
13 0.7397 0.8962 0.7466 0.8962 0.7466 0.9218 0.7397 0.9218
13 0.2562 0.2214 0.2693 0.2214 0.2693 0.2414 0.2562 0.2414
15 0.2873 0.7903 0.3470 0.7903 0.3470 0.8781 0.2873 0.8781
15 0.8799 0.7207 0.9484 0.7207 0.9484 0.8461 0.8799 0.8461
15 0.3405 0.1807 0.4387 0.1807 0.4387 0.3473 0.3405 0.3473
15 0.3674 0.7859 0.4175 0.7859 0.4175 0.8273 0.3674 0.8273
