0 0.7442 0.1911 0.8826 0.1911 0.8826 0.7613 0.7442 0.7613
0 0.0113 0.2282 0.1353 0.2282 0.1353 0.5934 0.0113 0.5934
0 0.7419 0.5636 0.8558 0.5636 0.8558 0.9944 0.7419 0.9944
0 0.8717 0.0207 0.9461 0.0207 0.9461 0.5969 0.8717 0.5969
1 0.1191 0.7983 0.1466 0.7983 0.1466 0.8677 0.1191 0.8677
1 0.1448 0.9147 0.1555 0.9147 0.1555 0.9361 0.1448 0.9361
1 0.0037 0.7871 0.0220 0.7871 0.0220 0.8029 0.0037 0.8029
1 0.8811 0.3448 0.9072 0.3448 0.9072 0.3588 0.8811 0.3588
2 0.2733 0.6851 0.3158 0.6851 0.3158 0.8193 0.2733 0.8193
2 0.2611 0.1999 0.3346 0.1999 0.3346 0.5533 0.2611 0.5533
2 0.0734 0.3336 0.0800 0.3336 0.0800 0.3712 0.0734 0.3712
2 0.5748 0.4411 0.5935 0.4411 0.5935 0.4769 0.5748 0.4769
3 0.7842 0.4667 0.8275 0.4667 0.8275 0.4773 0.7842 0.4773
3 0.0056 0.6146 0.0292 0.6146 0.0292 0.7954 0.0056 0.7954
3 0.9350 0.1736 0.9436 0.1736 0.9436 0.2340 0.9350 0.2340
3 0.2468 0.0627 0.2884 0.0627 0.2884 0.0729 0.2468 0.0729
4 0.7823 0.2590 0.7852 0.2590 0.7852 0.2734 0.7823 0.2734
4 0.4851 0.5388 0.5335 0.5388 0.5335 0.5516 0.4851 0.5516
4 0.6156 0.2352 0.6298 0.2352 0.6298 0.2388 0.6156 0.2388
4 0.2471 0.5802 0.2789 0.5802 0.2789 0.5986 0.2471 0.5986
6 0.2640 0.2638 0.3340 0.2638 0.3340 0.3298 0.2640 0.3298
6 0.5576 0.6975 0.5913 0.6975 0.5913 0.7085 0.5576 0.7085
6 0.5119 0.3594 0.5458 0.3594 0.5458 0.3754 0.5119 0.3754
6 0.4720 0.3763 0.5269 0.3763 0.5269 0.5309 0.4720 0.5309
7 0.2559 0.7612 0.2601 0.7612 0.2601 0.7768 0.2559 0.7768
7 0.7685 0.5862 0.7761 0.5862 0.7761 0.6074 0.7685 0.6074
7 0.0556 0.1795 0.0673 0.1795 0.0673 0.2381 0.0556 0.2381
7 0.8279 0.6342 0.8618 0.6342 0.8618 0.7602 0.8279 0.7602
9 0.7522 0.6899 0.7795 0.6899 0.7795 0.8245 0.7522 0.8245
9 0.8442 0.8615 0.9823 0.8615 0.9823 0.9065 0.8442 0.9065
9 0.1722 0.6452 0.2195 0.6452 0.2195 0.8100 0.1722 0.8100
9 0.4396 0.7518 0.5152 0.7518 0.5152 0.9958 0.4396 0.9958
12 0.5599 0.0886 0.5881 0.0886 0.5881 0.4186 0.5599 0.4186
12 0.0756 0.1151 0.0961 0.1151 0.0961 0.3517 0.0756 0.3517
12 0.0936 0.0216 0.3898 0.0216 0.3898 0.0876 0.0936 0.0876
12 0.7453 0.5775 0.9738 0.5775 0.9738 0.6173 0.7453 0.6173
13 0.4128 0.5279 0.4326 0.5279 0.4326 0.5433 0.4128 0.5433
13 0.2977 0.7766 0.2995 0.7766 0.2995 0.9050 0.2977 0.9050
13 0.3588 0.0320 0.3744 0.0320 0.3744 0.0396 0.3588 0.0396
13 0.4184 0.7656 0.4356 0.7656 0.4356 0.7852 0.4184 0.7852
15 0.5939 0.9467 0.6255 0.9467 0.6255 0.9921 0.5939 0.9921
15 0.4348 0.2862 0.5358 0.2862 0.5358 0.4158 0.4348 0.4158
15 0.2362 0.5563 0.2647 0.5563 0.2647 0.5965 0.2362 0.5965
15 0.4617 0.0691 0.5517 0.0691 0.5517 0.1661 0.4617 0.1661
