0 0.2068 0.3258 0.3009 0.3258 0.3009 0.6814 0.2068 0.6814
0 0.7239 0.5419 0.8587 0.5419 0.8587 0.7717 0.7239 0.7717
0 0.5950 0.4380 0.7555 0.4380 0.7555 0.7116 0.5950 0.7116
0 0.5063 0.6318 0.5686 0.6318 0.5686 0.7242 0.5063 0.7242
1 0.8556 0.1899 0.8576 0.1899 0.8576 0.2281 0.8556 0.2281
1 0.6956 0.7370 0.7149 0.7370 0.7149 0.7858 0.6956 0.7858
1 0.0150 0.3395 0.0221 0.3395 0.0221 0.4161 0.0150 0.4161
1 0.5214 0.5068 0.5443 0.5068 0.5443 0.5192 0.5214 0.5192
2 0.8605 0.0292 0.8780 0.0292 0.8780 0.1032 0.8605 0.1032
2 0.1756 0.5752 0.2207 0.5752 0.2207 0.6240 0.1756 0.6240
2 0.0954 0.7980 0.2438 0.7980 0.2438 0.9208 0.0954 0.9208
2 0.1642 0.4520 0.2052 0.4520 0.2052 0.9284 0.1642 0.9284
3 0.0293 0.8079 0.0389 0.8079 0.0389 0.8797 0.0293 0.8797
3 0.3519 0.9491 0.4335 0.9491 0.4335 0.9745 0.3519 0.9745
3 0.7954 0.3986 0.9158 0.3986 0.9158 0.4282 0.7954 0.4282
3 0.3242 0.2807 0.3389 0.2807 0.3389 0.3905 0.3242 0.3905
4 0.3445 0.4054 0.3538 0.4054 0.3538 0.4810 0.3445 0.4810
4 0.7751 0.2531 0.8626 0.2531 0.8626 0.2789 0.7751 0.2789
4 0.8865 0.0955 0.9166 0.0955 0.9166 0.1129 0.8865 0.1129
4 0.7213 0.1846 0.7367 0.1846 0.7367 0.1942 0.7213 0.1942
6 0.8817 0.1292 0.9017 0.1292 0.9017 0.1356 0.8817 0.1356
6 0.9373 0.7684 0.9647 0.7684 0.9647 0.7772 0.9373 0.7772
6 0.9539 0.1791 0.9978 0.1791 0.9978 0.2409 0.9539 0.2409
6 0.7162 0.7598 0.7715 0.7598 0.7715 0.9158 0.7162 0.9158
7 0.3363 0.7903 0.3515 0.7903 0.3515 0.8317 0.3363 0.8317
7 0.2809 0.2040 0.3017 0.2040 0.3017 0.2464 0.2809 0.2464
7 0.5162 0.9439 0.5281 0.9439 0.5281 0.9889 0.5162 0.9889
7 0.3940 0.6780 0.4017 0.6780 0.4017 0.7084 0.3940 0.7084
9 0.0054 0.3888 0.0583 0.3888 0.0583 0.6620 0.0054 0.6620
9 0.1771 0.6143 0.3744 0.6143 0.3744 0.7337 0.1771 0.7337
9 0.0699 0.2832 0.0935 0.2832 0.0935 0.4216 0.0699 0.4216
9 0.5316 0.2256 0.5809 0.2256 0.5809 0.4720 0.5316 0.4720
12 0.3248 0.3934 0.3518 0.3934 0.3518 0.4190 0.3248 0.4190
12 0.3454 0.7566 0.3557 0.7566 0.3557 0.8090 0.3454 0.8090
12 0.1991 0.8083 0.2520 0.8083 0.2520 0.8581 0.1991 0.8581
12 0.5419 0.0127 0.5478 0.0127 0.5478 0.2189 0.5419 0.2189
13 0.1964 0.4499 0.1981 0.4499 0.1981 0.5429 0.1964 0.5429
13 0.4945 0.5467 0.5000 0.5467 0.5000 0.5825 0.4945 0.5825
13 0.0730 0.8287 0.0895 0.8287 0.0895 0.8741 0.0730 0.8741
13 0.3831 0.1138 0.4089 0.1138 0.4089 0.1298 0.3831 0.1298
15 0.3531 0.5786 0.4192 0.5786 0.4192 0.6774 0.3531 0.6774
15 0.2491 0.0054 0.3086 0.0054 0.3086 0.0818 0.2491 0.0818
15 0.3050 0.5627 0.4078 0.5627 0.4078 0.7161 0.3050 0.7161
15 0.6484 0.8907 0.6647 0.8907 0.6647 0.9213 0.6484 0.9213
