0 0.5126 0.5931 0.6749 0.5931 0.6749 0.6533 0.5126 0.6533
0 0.6460 0.4867 0.6980 0.4867 0.6980 0.7137 0.6460 0.7137
0 0.1354 0.6199 0.4463 0.6199 0.4463 0.7353 0.1354 0.7353
0 0.0693 0.4858 0.2795 0.4858 0.2795 0.5638 0.0693 0.5638
1 0.4479 0.0363 0.4527 0.0363 0.4527 0.0541 0.4479 0.0541
1 0.3731 0.4454 0.3777 0.4454 0.3777 0.4826 0.3731 0.4826
1 0.0783 0.8730 0.0866 0.8730 0.0866 0.9006 0.0783 0.9006
1 0.1645 0.2603 0.1798 0.2603 0.1798 0.3109 0.1645 0.3109
2 0.0383 0.5554 0.3254 0.5554 0.3254 0.6394 0.0383 0.6394
2 0.2631 0.5698 0.4644 0.5698 0.4644 0.7502 0.2631 0.7502
2 0.5719 0.7430 0.6401 0.7430 0.6401 0.8390 0.5719 0.8390
2 0.6536 0.7359 0.7018 0.7359 0.7018 0.8133 0.6536 0.8133
3 0.2062 0.0479 0.3078 0.0479 0.3078 0.0749 0.2062 0.0749
3 0.2120 0.0150 0.2271 0.0150 0.2271 0.1222 0.2120 0.1222
3 0.3957 0.1239 0.5306 0.1239 0.5306 0.1557 0.3957 0.1557
3 0.6160 0.2023 0.6580 0.2023 0.6580 0.2165 0.6160 0.2165
4 0.0497 0.1270 0.0600 0.1270 0.0600 0.1318 0.0497 0.1318
4 0.1654 0.5631 0.1901 0.5631 0.1901 0.5809 0.1654 0.5809
4 0.1282 0.7827 0.1358 0.7827 0.1358 0.8161 0.1282 0.8161
4 0.7920 0.8208 0.8163 0.8208 0.8163 0.8748 0.7920 0.8748
6 0.7691 0.4803 0.8418 0.4803 0.8418 0.5145 0.7691 0.5145
6 0.7322 0.8280 0.7541 0.8280 0.7541 0.8592 0.7322 0.8592
6 0.0376 0.5039 0.2818 0.5039 0.2818 0.6761 0.0376 0.6761
6 0.8988 0.3659 0.9503 0.3659 0.9503 0.3825 0.8988 0.3825
7 0.5531 0.6643 0.5644 0.6643 0.5644 0.7201 0.5531 0.7201
7 0.3331 0.4096 0.3586 0.4096 0.3586 0.5052 0.3331 0.5052
7 0.5873 0.3947 0.5913 0.3947 0.5913 0.4085 0.5873 0.4085
7 0.2276 0.4595 0.2361 0.4595 0.2361 0.5069 0.2276 0.5069
9 0.6785 0.6187 0.7129 0.6187 0.7129 0.7321 0.6785 0.7321
9 0.5484 0.5420 0.6550 0.5420 0.6550 0.8456 0.5484 0.8456
9 0.2213 0.4923 0.2687 0.4923 0.2687 0.6453 0.2213 0.6453
9 0.4157 0.5308 0.4537 0.5308 0.4537 0.7532 0.4157 0.7532
12 0.7254 0.4699 0.7540 0.4699 0.7540 0.6713 0.7254 0.6713
12 0.4813 0.3952 0.5064 0.3952 0.5064 0.5232 0.4813 0.5232
12 0.6928 0.8507 0.8615 0.8507 0.8615 0.8801 0.6928 0.8801
12 0.0133 0.7458 0.0307 0.7458 0.0307 0.9466 0.0133 0.9466
13 0.1068 0.5670 0.1226 0.5670 0.1226 0.5874 0.1068 0.5874
13 0.5374 0.6900 0.5437 0.6900 0.5437 0.7140 0.5374 0.7140
13 0.3697 0.4435 0.4023 0.4435 0.4023 0.4637 0.3697 0.4637
13 0.7665 0.5880 0.7949 0.5880 0.7949 0.6168 0.7665 0.6168
15 0.8525 0.0906 0.9095 0.0906 0.9095 0.1506 0.8525 0.1506
15 0.2319 0.6703 0.2733 0.6703 0.2733 0.7165 0.2319 0.7165
15 0.1860 0.2615 0.2235 0.2615 0.2235 0.3169 0.1860 0.3169
15 0.9074 0.8632 0.9432 0.8632 0.9432 0.9008 0.9074 0.9008
