0 0.3474 0.3143 0.5286 0.3143 0.5286 0.9593 0.3474 0.9593
0 0.2587 0.1980 0.3841 0.1980 0.3841 0.7144 0.2587 0.7144
0 0.2325 0.4719 0.3555 0.4719 0.3555 0.7857 0.2325 0.7857
0 0.3717 0.5475 0.4640 0.5475 0.4640 0.8761 0.3717 0.8761
1 0.6560 0.1552 0.6646 0.1552 0.6646 0.1836 0.6560 0.1836
1 0.2508 0.2107 0.2823 0.2107 0.2823 0.2901 0.2508 0.2901
1 0.8048 0.9026 0.8084 0.9026 0.8084 0.9314 0.8048 0.9314
1 0.9837 0.6600 0.9938 0.6600 0.9938 0.7680 0.9837 0.7680
2 0.1062 0.2222 0.1126 0.2222 0.1126 0.2926 0.1062 0.2926
2 0.2582 0.3287 0.2875 0.3287 0.2875 0.3757 0.2582 0.3757
2 0.9496 0.6147 0.9701 0.6147 0.9701 0.6569 0.9496 0.6569
2 0.4780 0.3920 0.5132 0.3920 0.5132 0.4484 0.4780 0.4484
3 0.8520 0.8222 0.8663 0.8222 0.8663 0.9290 0.8520 0.9290
3 0.4559 0.9443 0.5044 0.9443 0.5044 0.9633 0.4559 0.9633
3 0.2573 0.2379 0.2875 0.2379 0.2875 0.2481 0.2573 0.2481
3 0.8328 0.7579 0.8481 0.7579 0.8481 0.8661 0.8328 0.8661
4 0.4023 0.7394 0.4103 0.7394 0.4103 0.7510 0.4023 0.7510
4 0.0842 0.5051 0.0935 0.5051 0.0935 0.5121 0.0842 0.5121
4 0.5777 0.1832 0.5872 0.1832 0.5872 0.1920 0.5777 0.1920
4 0.6262 0.9695 0.6492 0.9695 0.6492 0.9849 0.6262 0.9849
6 0.1217 0.3279 0.1566 0.3279 0.1566 0.3769 0.1217 0.3769
6 0.3476 0.6631 0.4032 0.6631 0.4032 0.8197 0.3476 0.8197
6 0.0474 0.3731 0.2194 0.3731 0.2194 0.4945 0.0474 0.4945
6 0.1228 0.4279 0.1863 0.4279 0.1863 0.4577 0.1228 0.4577
7 0.4473 0.5842 0.4530 0.5842 0.4530 0.6026 0.4473 0.6026
7 0.8176 0.8007 0.8369 0.8007 0.8369 0.8137 0.8176 0.8137
7 0.6997 0.6055 0.7677 0.6055 0.7677 0.6253 0.6997 0.6253
7 0.8811 0.2280 0.8866 0.2280 0.8866 0.2576 0.8811 0.2576
9 0.4728 0.6992 0.5332 0.6992 0.5332 0.8984 0.4728 0.8984
9 0.7876 0.1154 0.8367 0.1154 0.8367 0.3610 0.7876 0.3610
9 0.7289 0.8882 0.7577 0.8882 0.7577 0.9890 0.7289 0.9890
9 0.2911 0.9362 0.4332 0.9362 0.4332 0.9822 0.2911 0.9822
12 0.8643 0.3423 0.9612 0.3423 0.9612 0.3809 0.8643 0.3809
12 0.7193 0.8795 0.7798 0.8795 0.7798 0.9065 0.7193 0.9065
12 0.0891 0.5823 0.1055 0.5823 0.1055 0.6661 0.0891 0.6661
12 0.5297 0.3999 0.6846 0.3999 0.6846 0.4421 0.5297 0.4421
13 0.3408 0.4615 0.3461 0.4615 0.3461 0.4813 0.3408 0.4813
13 0.8050 0.3106 0.8227 0.3106 0.8227 0.3286 0.8050 0.3286
13 0.1022 0.4011 0.1092 0.4011 0.1092 0.4077 0.1022 0.4077
13 0.2528 0.4192 0.2615 0.4192 0.2615 0.4332 0.2528 0.4332
15 0.9465 0.4816 0.9918 0.4816 0.9918 0.5424 0.9465 0.5424
15 0.3777 0.0783 0.4432 0.0783 0.4432 0.1981 0.3777 0.1981
15 0.3219 0.2948 0.3786 0.2948 0.3786 0.3708 0.3219 0.3708
15 0.1856 0.7662 0.2647 0.7662 0.2647 0.8306 0.1856 0.8306
