0 0.3683 0.0474 0.4680 0.0474 0.4680 0.1018 0.3683 0.1018
0 0.6048 0.0379 0.6924 0.0379 0.6924 0.7165 0.6048 0.7165
0 0.1488 0.2975 0.2712 0.2975 0.2712 0.8013 0.1488 0.8013
0 0.3363 0.5395 0.4489 0.5395 0.4489 0.8493 0.3363 0.8493
1 0.0877 0.7220 0.0949 0.7220 0.0949 0.7456 0.0877 0.7456
1 0.5108 0.2423 0.5149 0.2423 0.5149 0.2781 0.5108 0.2781
1 0.8954 0.2222 0.9166 0.2222 0.9166 0.2758 0.8954 0.2758
1 0.2053 0.5723 0.2170 0.5723 0.2170 0.5973 0.2053 0.5973
2 0.2026 0.1128 0.2363 0.1128 0.2363 0.1492 0.2026 0.1492
2 0.6714 0.6623 0.6898 0.6623 0.6898 0.6881 0.6714 0.6881
2 0.0979 0.9883 0.1513 0.9883 0.1513 0.9953 0.0979 0.9953
2 0.7897 0.9399 0.8677 0.9399 0.8677 0.9937 0.7897 0.9937
3 0.6105 0.5774 0.6203 0.5774 0.6203 0.6470 0.6105 0.6470
3 0.6265 0.6403 0.6344 0.6403 0.6344 0.7677 0.6265 0.7677
3 0.4031 0.6175 0.4249 0.6175 0.4249 0.7725 0.4031 0.7725
3 0.8848 0.6615 0.9584 0.6615 0.9584 0.6865 0.8848 0.6865
4 0.2419 0.0535 0.2495 0.0535 0.2495 0.0625 0.2419 0.0625
4 0.6442 0.4799 0.6601 0.4799 0.6601 0.4949 0.6442 0.4949
4 0.9297 0.2847 0.9466 0.2847 0.9466 0.2961 0.9297 0.2961
4 0.8507 0.3216 0.8575 0.3216 0.8575 0.3496 0.8507 0.3496
6 0.1217 0.4127 0.2066 0.4127 0.2066 0.6521 0.1217 0.6521
6 0.4491 0.6639 0.5261 0.6639 0.5261 0.8809 0.4491 0.8809
6 0.1659 0.3267 0.2344 0.3267 0.2344 0.4229 0.1659 0.4229
6 0.3654 0.8567 0.4312 0.8567 0.4312 0.8877 0.3654 0.8877
7 0.4614 0.7723 0.4700 0.7723 0.4700 0.7913 0.4614 0.7913
7 0.2591 0.8084 0.2680 0.8084 0.2680 0.8324 0.2591 0.8324
7 0.5793 0.4810 0.6078 0.4810 0.6078 0.6566 0.5793 0.6566
7 0.1093 0.0866 0.1710 0.0866 0.1710 0.2078 0.1093 0.2078
9 0.0205 0.1971 0.2095 0.1971 0.2095 0.2581 0.0205 0.2581
9 0.7380 0.5518 0.7880 0.5518 0.7880 0.7170 0.7380 0.7170
9 0.0399 0.3772 0.1555 0.3772 0.1555 0.4148 0.0399 0.4148
9 0.4097 0.5270 0.4755 0.5270 0.4755 0.7394 0.4097 0.7394
12 0.2577 -0.0002 0.3823 -0.0002 0.3823 0.0326 0.2577 0.0326
12 0.1771 0.4767 0.2460 0.4767 0.2460 0.5041 0.1771 0.5041
12 0.4128 0.6072 0.4886 0.6072 0.4886 0.6484 0.4128 0.6484
12 0.2488 0.7427 0.4366 0.7427 0.4366 0.7753 0.2488 0.7753
13 0.0916 0.3630 0.1264 0.3630 0.1264 0.3982 0.0916 0.3982
13 0.5634 0.5499 0.5832 0.5499 0.5832 0.7161 0.5634 0.7161
13 0.8808 0.7582 0.8927 0.7582 0.8927 0.8582 0.8808 0.8582
13 0.3190 0.8607 0.3224 0.8607 0.3224 0.8721 0.3190 0.8721
15 0.3131 0.7719 0.3789 0.7719 0.3789 0.8485 0.3131 0.8485
15 0.3285 0.1066 0.3520 0.1066 0.3520 0.1542 0.3285 0.1542
15 0.8396 0.6759 0.9661 0.6759 0.9661 0.7805 0.8396 0.7805
15 0.3623 0.5998 0.4020 0.5998 0.4020 0.6474 0.3623 0.6474
