0 0.7728 0.3950 0.8537 0.3950 0.8537 0.5642 0.7728 0.5642
0 0.7531 0.4460 0.8803 0.4460 0.8803 0.6628 0.7531 0.6628
0 0.2214 0.2651 0.4035 0.2651 0.4035 0.4433 0.2214 0.4433
0 0.2736 0.2576 0.5433 0.2576 0.5433 0.5216 0.2736 0.5216
1 0.9008 0.3915 0.9161 0.3915 0.9161 0.4245 0.9008 0.4245
1 0.8370 0.3499 0.8447 0.3499 0.8447 0.4325 0.8370 0.4325
1 0.0508 0.3063 0.0626 0.3063 0.0626 0.3453 0.0508 0.3453
1 0.9608 0.9583 0.9795 0.9583 0.9795 0.9661 0.9608 0.9661
2 0.4956 0.8763 0.5267 0.8763 0.5267 0.9357 0.4956 0.9357
2 0.3885 0.2427 0.5158 0.2427 0.5158 0.4245 0.3885 0.4245
2 0.6402 0.1339 0.7478 0.1339 0.7478 0.2817 0.6402 0.2817
2 0.3257 0.1203 0.3838 0.1203 0.3838 0.2093 0.3257 0.2093
3 0.2134 0.3551 0.2760 0.3551 0.2760 0.3717 0.2134 0.3717
3 0.7922 0.3752 0.8652 0.3752 0.8652 0.4000 0.7922 0.4000
3 0.9857 0.8523 0.9920 0.8523 0.9920 0.8973 0.9857 0.8973
3 0.4197 0.8528 0.4283 0.8528 0.4283 0.9140 0.4197 0.9140
4 0.9297 0.6847 0.9503 0.6847 0.9503 0.6985 0.9297 0.6985
4 0.2865 0.0027 0.2950 0.0027 0.2950 0.0153 0.2865 0.0153
4 0.7593 0.0270 0.7624 0.0270 0.7624 0.0402 0.7593 0.0402
4 0.1620 0.1368 0.2749 0.1368 0.2749 0.1700 0.1620 0.1700
6 0.9162 0.8574 0.9738 0.8574 0.9738 0.8846 0.9162 0.8846
6 0.4083 0.4572 0.4529 0.4572 0.4529 0.4716 0.4083 0.4716
6 0.5440 0.1543 0.6163 0.1543 0.6163 0.2225 0.5440 0.2225
6 0.5057 0.7283 0.5300 0.7283 0.5300 0.7629 0.5057 0.7629
7 0.1779 0.7467 0.2021 0.7467 0.2021 0.8257 0.1779 0.8257
7 0.8609 0.1600 0.8900 0.1600 0.8900 0.3052 0.8609 0.3052
7 0.1886 0.0726 0.1974 0.0726 0.1974 0.0970 0.1886 0.0970
7 0.5619 0.2858 0.5784 0.2858 0.5784 0.3194 0.5619 0.3194
9 0.9625 0.5127 0.9826 0.5127 0.9826 0.6301 0.9625 0.6301
9 0.5167 0.6364 0.5867 0.6364 0.5867 0.6764 0.5167 0.6764
9 0.6313 0.2486 0.7450 0.2486 0.7450 0.2854 0.6313 0.2854
9 0.3237 0.0859 0.3723 0.0859 0.3723 0.2553 0.3237 0.2553
12 0.9251 0.8711 0.9820 0.8711 0.9820 0.9249 0.9251 0.9249
12 0.3751 0.1120 0.3778 0.1120 0.3778 0.2128 0.3751 0.2128
12 0.8376 0.0078 0.8458 0.0078 0.8458 0.2910 0.8376 0.2910
12 0.0999 0.4534 0.2138 0.4534 0.2138 0.4834 0.0999 0.4834
13 0.2809 0.5739 0.2991 0.5739 0.2991 0.5893 0.2809 0.5893
13 0.1207 0.4660 0.1273 0.4660 0.1273 0.4892 0.1207 0.4892
13 0.9548 0.0931 0.9678 0.0931 0.9678 0.1025 0.9548 0.1025
13 0.2220 0.2808 0.2497 0.2808 0.2497 0.2976 0.2220 0.2976
15 0.3465 0.3631 0.3817 0.3631 0.3817 0.4137 0.3465 0.4137
15 0.4405 0.8679 0.4950 0.8679 0.4950 0.9493 0.4405 0.9493
15 0.1325 0.8094 0.1952 0.8094 0.1952 0.8822 0.1325 0.8822
15 0.1082 0.1699 0.1526 0.1699 0.1526 0.2301 0.1082 0.2301
