0 0.8665 0.1259 0.9898 0.1259 0.9898 0.4889 0.8665 0.4889
0 0.4219 0.4151 0.5252 0.4151 0.5252 0.8057 0.4219 0.8057
0 0.0559 0.0835 0.3595 0.0835 0.3595 0.1585 0.0559 0.1585
0 0.1216 0.2023 0.3195 0.2023 0.3195 0.7469 0.1216 0.7469
1 0.1696 0.4596 0.1727 0.4596 0.1727 0.4856 0.1696 0.4856
1 0.7094 0.1855 0.7280 0.1855 0.7280 0.2257 0.7094 0.2257
1 0.4039 0.6450 0.4078 0.6450 0.4078 0.6798 0.4039 0.6798
1 0.5496 0.6780 0.5575 0.6780 0.5575 0.7632 0.5496 0.7632
2 0.4673 0.6531 0.5150 0.6531 0.5150 0.6781 0.4673 0.6781
2 0.1128 0.7166 0.1572 0.7166 0.1572 0.7990 0.1128 0.7990
2 0.2948 0.2975 0.3144 0.2975 0.3144 0.3817 0.2948 0.3817
2 0.8453 0.1139 0.9398 0.1139 0.9398 0.2437 0.8453 0.2437
3 0.3568 0.1112 0.4509 0.1112 0.4509 0.1336 0.3568 0.1336
3 0.0028 0.0682 0.1252 0.0682 0.1252 0.0974 0.0028 0.0974
3 0.1682 0.1126 0.1764 0.1126 0.1764 0.1706 0.1682 0.1706
3 0.5891 0.1131 0.6600 0.1131 0.6600 0.1305 0.5891 0.1305
4 0.2933 0.9019 0.2958 0.9019 0.2958 0.9049 0.2933 0.9049
4 0.7508 0.6574 0.8081 0.6574 0.8081 0.6718 0.7508 0.6718
4 0.9130 0.0615 0.9453 0.0615 0.9453 0.0833 0.9130 0.0833
4 0.8596 0.6408 0.9013 0.6408 0.9013 0.6512 0.8596 0.6512
6 0.9479 0.1863 0.9830 0.1863 0.9830 0.2853 0.9479 0.2853
6 0.0837 0.0579 0.3534 0.0579 0.3534 0.2481 0.0837 0.2481
6 0.3208 0.8406 0.3343 0.8406 0.3343 0.8598 0.3208 0.8598
6 0.7805 0.0279 0.8295 0.0279 0.8295 0.0509 0.7805 0.0509
7 0.4614 0.8519 0.4760 0.8519 0.4760 0.9093 0.4614 0.9093
7 0.0516 0.4390 0.0729 0.4390 0.0729 0.5878 0.0516 0.5878
7 0.6022 0.4192 0.6181 0.4192 0.6181 0.5180 0.6022 0.5180
7 0.7939 0.7927 0.8044 0.7927 0.8044 0.8509 0.7939 0.8509
9 0.3939 0.5222 0.4627 0.5222 0.4627 0.5878 0.3939 0.5878
9 0.9050 0.3515 0.9924 0.3515 0.9924 0.6337 0.9050 0.6337
9 0.4145 0.6555 0.4475 0.6555 0.4475 0.7709 0.4145 0.7709
9 0.8488 0.4067 0.9409 0.4067 0.9409 0.7105 0.8488 0.7105
12 0.0642 0.5522 0.0795 0.5522 0.0795 0.7158 0.0642 0.7158
12 0.3790 0.1775 0.4155 0.1775 0.4155 0.2081 0.3790 0.2081
12 0.0442 0.0450 0.0907 0.0450 0.0907 0.0890 0.0442 0.0890
12 0.4354 0.8523 0.4809 0.8523 0.4809 0.8789 0.4354 0.8789
13 0.6271 0.1559 0.6335 0.1559 0.6335 0.1601 0.6271 0.1601
13 0.5949 0.0808 0.6011 0.0808 0.6011 0.0860 0.5949 0.0860
13 0.8267 0.3826 0.8793 0.3826 0.8793 0.4770 0.8267 0.4770
13 0.1711 0.7891 0.1755 0.7891 0.1755 0.8049 0.1711 0.8049
15 0.0916 0.2439 0.1313 0.2439 0.1313 0.2977 0.0916 0.2977
15 0.8102 0.9275 0.8572 0.9275 0.8572 0.9837 0.8102 0.9837
15 0.2142 0.7875 0.3555 0.7875 0.3555 0.9397 0.2142 0.9397
15 0.5408 0.5339 0.5986 0.5339 0.5986 0.6189 0.5408 0.6189
