0 0.4874 0.4319 0.6306 0.4319 0.6306 0.7213 0.4874 0.7213
0 0.1302 0.7163 0.2164 0.7163 0.2164 0.8965 0.1302 0.8965
0 0.2765 0.4699 0.4006 0.4699 0.4006 0.9813 0.2765 0.9813
0 0.1570 0.1523 0.2333 0.1523 0.2333 0.2133 0.1570 0.2133
1 0.0080 0.0663 0.0234 0.0663 0.0234 0.0973 0.0080 0.0973
1 0.7648 0.3303 0.7798 0.3303 0.7798 0.3341 0.7648 0.3341
1 0.8565 0.8375 0.8673 0.8375 0.8673 0.9529 0.8565 0.9529
1 0.3313 0.4611 0.3353 0.4611 0.3353 0.4961 0.3313 0.4961
2 0.3664 0.2218 0.5473 0.2218 0.5473 0.3838 0.3664 0.3838
2 0.0702 0.7487 0.1575 0.7487 0.1575 0.8129 0.0702 0.8129
2 0.6516 0.3902 0.6604 0.3902 0.6604 0.4406 0.6516 0.4406
2 0.8070 0.3891 0.8293 0.3891 0.8293 0.3973 0.8070 0.3973
3 0.4934 0.1267 0.5015 0.1267 0.5015 0.1841 0.4934 0.1841
3 0.2853 0.6372 0.2952 0.6372 0.2952 0.7072 0.2853 0.7072
3 0.0366 0.8103 0.0429 0.8103 0.0429 0.9125 0.0366 0.9125
3 0.6454 0.5720 0.6586 0.5720 0.6586 0.6708 0.6454 0.6708
4 0.1268 0.2318 0.1458 0.2318 0.1458 0.2446 0.1268 0.2446
4 0.2407 0.4215 0.2530 0.4215 0.2530 0.5225 0.2407 0.5225
4 0.0077 0.8479 0.0178 0.8479 0.0178 0.8525 0.0077 0.8525
4 0.7108 0.1068 0.7287 0.1068 0.7287 0.1164 0.7108 0.1164
6 0.8301 0.8494 0.8819 0.8494 0.8819 0.8738 0.8301 0.8738
6 0.0165 0.0792 0.1129 0.0792 0.1129 0.3508 0.0165 0.3508
6 0.3763 0.8436 0.5789 0.8436 0.5789 0.9864 0.3763 0.9864
6 0.7659 0.0255 0.7949 0.0255 0.7949 0.0529 0.7659 0.0529
7 0.7336 0.6087 0.7538 0.6087 0.7538 0.7173 0.7336 0.7173
7 0.6860 0.6382 0.7094 0.6382 0.7094 0.7150 0.6860 0.7150
7 0.5405 0.8272 0.5578 0.8272 0.5578 0.8652 0.5405 0.8652
7 0.6373 0.1874 0.6432 0.1874 0.6432 0.2134 0.6373 0.2134
9 0.3765 0.7500 0.4267 0.7500 0.4267 0.9252 0.3765 0.9252
9 0.2611 0.1702 0.4004 0.1702 0.4004 0.2546 0.2611 0.2546
9 0.7833 0.1030 0.9233 0.1030 0.9233 0.1490 0.7833 0.1490
9 0.9222 0.1148 0.9929 0.1148 0.9929 0.3480 0.9222 0.3480
12 0.1054 0.7178 0.5743 0.7178 0.5743 0.8042 0.1054 0.8042
12 0.5944 0.3287 0.6156 0.3287 0.6156 0.4357 0.5944 0.4357
12 0.1053 0.4048 0.1370 0.4048 0.1370 0.5620 0.1053 0.5620
12 0.1550 0.2822 0.1787 0.2822 0.1787 0.3998 0.1550 0.3998
13 0.7276 0.6982 0.7327 0.6982 0.7327 0.7170 0.7276 0.7170
13 0.3770 0.0059 0.3801 0.0059 0.3801 0.1745 0.3770 0.1745
13 0.0196 0.9051 0.0324 0.9051 0.0324 0.9377 0.0196 0.9377
13 0.3063 0.6910 0.3074 0.6910 0.3074 0.7554 0.3063 0.7554
15 0.4145 0.2455 0.4675 0.2455 0.4675 0.3173 0.4145 0.3173
15 0.7010 0.6723 0.7181 0.6723 0.7181 0.6969 0.7010 0.6969
15 0.6257 0.1339 0.6449 0.1339 0.6449 0.1745 0.6257 0.1745
15 0.1373 0.3840 0.1881 0.3840 0.1881 0.4556 0.1373 0.4556
