0 0.6563 0.3007 0.7275 0.3007 0.7275 0.3577 0.6563 0.3577
0 0.1759 0.5215 0.6604 0.5215 0.6604 0.6413 0.1759 0.6413
0 0.2245 0.0675 0.3606 0.0675 0.3606 0.2249 0.2245 0.2249
0 0.1022 0.0252 0.4044 0.0252 0.4044 0.1372 0.1022 0.1372
1 0.6377 0.3139 0.6420 0.3139 0.6420 0.3513 0.6377 0.3513
1 0.0526 0.2306 0.0574 0.2306 0.0574 0.2934 0.0526 0.2934
1 0.4037 0.9463 0.4058 0.9463 0.4058 0.9649 0.4037 0.9649
1 0.9897 0.1963 0.9949 0.1963 0.9949 0.2153 0.9897 0.2153
2 0.5489 0.0866 0.5817 0.0866 0.5817 0.1662 0.5489 0.1662
2 0.1660 0.9094 0.2057 0.9094 0.2057 0.9398 0.1660 0.9398
2 0.2563 0.0199 0.3237 0.0199 0.3237 0.0649 0.2563 0.0649
2 0.4427 0.3962 0.6298 0.3962 0.6298 0.4634 0.4427 0.4634
3 0.5737 0.0667 0.5789 0.0667 0.5789 0.1513 0.5737 0.1513
3 0.1588 0.2102 0.2666 0.2102 0.2666 0.2434 0.1588 0.2434
3 0.0537 0.5178 0.0603 0.5178 0.0603 0.5650 0.0537 0.5650
3 0.2730 0.2447 0.3452 0.2447 0.3452 0.2669 0.2730 0.2669
4 0.0690 0.7522 0.0901 0.7522 0.0901 0.7674 0.0690 0.7674
4 0.1367 0.7079 0.1496 0.7079 0.1496 0.7469 0.1367 0.7469
4 0.5660 0.3619 0.5923 0.3619 0.5923 0.3773 0.5660 0.3773
4 0.5351 0.5887 0.5406 0.5887 0.5406 0.6049 0.5351 0.6049
6 0.9419 0.3987 0.9635 0.3987 0.9635 0.4293 0.9419 0.4293
6 0.6461 0.2984 0.7390 0.2984 0.7390 0.5600 0.6461 0.5600
6 0.1310 0.1911 0.2696 0.1911 0.2696 0.2889 0.1310 0.2889
6 0.3299 0.3146 0.3953 0.3146 0.3953 0.4066 0.3299 0.4066
7 0.2559 0.2870 0.2621 0.2870 0.2621 0.3410 0.2559 0.3410
7 0.7959 -0.0001 0.8061 -0.0001 0.8061 0.0509 0.7959 0.0509
7 0.4191 0.5283 0.4317 0.5283 0.4317 0.6057 0.4191 0.6057
7 0.8813 0.3815 0.9124 0.3815 0.9124 0.5025 0.8813 0.5025
9 0.8559 0.1411 0.9176 0.1411 0.9176 0.1613 0.8559 0.1613
9 0.5399 0.5604 0.6206 0.5604 0.6206 0.8208 0.5399 0.8208
9 0.2259 0.2419 0.5115 0.2419 0.5115 0.3357 0.2259 0.3357
9 0.8102 0.3407 0.8587 0.3407 0.8587 0.5773 0.8102 0.5773
12 0.6750 0.0891 0.9730 0.0891 0.9730 0.1409 0.6750 0.1409
12 0.8479 0.7687 0.8798 0.7687 0.8798 0.9317 0.8479 0.9317
12 0.9676 0.1647 0.9747 0.1647 0.9747 0.4293 0.9676 0.4293
12 0.2479 0.2139 0.4641 0.2139 0.4641 0.2621 0.2479 0.2621
13 0.9744 0.2846 0.9873 0.2846 0.9873 0.2994 0.9744 0.2994
13 0.8091 0.5752 0.8121 0.5752 0.8121 0.5860 0.8091 0.5860
13 0.7990 0.6003 0.8078 0.6003 0.8078 0.6265 0.7990 0.6265
13 0.6256 0.9171 0.8413 0.9171 0.8413 0.9741 0.6256 0.9741
15 0.6108 0.2406 0.6606 0.2406 0.6606 0.2830 0.6108 0.2830
15 0.4367 0.6647 0.4967 0.6647 0.4967 0.7533 0.4367 0.7533
15 0.6608 0.0299 0.7452 0.0299 0.7452 0.1173 0.6608 0.1173
15 0.2037 0.7963 0.2369 0.7963 0.2369 0.8665 0.2037 0.8665
