0 0.4357 0.8659 0.4786 0.8659 0.4786 0.9113 0.4357 0.9113
0 0.2451 0.6118 0.5766 0.6118 0.5766 0.6938 0.2451 0.6938
0 0.6685 0.8514 0.7404 0.8514 0.7404 0.9582 0.6685 0.9582
0 0.6165 0.3387 0.7758 0.3387 0.7758 0.7449 0.6165 0.7449
1 0.4711 0.6940 0.4749 0.6940 0.4749 0.7276 0.4711 0.7276
1 0.9530 0.9594 0.9550 0.9594 0.9550 0.9766 0.9530 0.9766
1 0.2414 0.0751 0.2441 0.0751 0.2441 0.0989 0.2414 0.0989
1 0.1267 0.0348 0.1293 0.0348 0.1293 0.0568 0.1267 0.0568
2 0.2103 0.4526 0.4512 0.4526 0.4512 0.5114 0.2103 0.5114
2 0.1405 0.8211 0.3841 0.8211 0.3841 0.8805 0.1405 0.8805
2 0.0780 0.0975 0.0814 0.0975 0.0814 0.1477 0.0780 0.1477
2 0.4985 0.4979 0.6210 0.4979 0.6210 0.5701 0.4985 0.5701
3 0.5482 0.3222 0.6303 0.3222 0.6303 0.3474 0.5482 0.3474
3 0.6827 0.5878 0.7607 0.5878 0.7607 0.6070 0.6827 0.6070
3 0.8123 0.4415 0.8537 0.4415 0.8537 0.4525 0.8123 0.4525
3 0.7954 0.6910 0.8106 0.6910 0.8106 0.7986 0.7954 0.7986
4 0.8971 0.9459 0.9055 0.9459 0.9055 0.9553 0.8971 0.9553
4 0.5303 0.1275 0.5426 0.1275 0.5426 0.1445 0.5303 0.1445
4 0.7548 0.3135 0.7635 0.3135 0.7635 0.3353 0.7548 0.3353
4 0.4356 0.2247 0.4435 0.2247 0.4435 0.2597 0.4356 0.2597
6 0.4707 0.7211 0.5073 0.7211 0.5073 0.7329 0.4707 0.7329
6 0.6228 0.5931 0.6947 0.5931 0.6947 0.7957 0.6228 0.7957
6 0.2324 0.9239 0.2433 0.9239 0.2433 0.9393 0.2324 0.9393
6 0.6628 0.3816 0.6995 0.3816 0.6995 0.4848 0.6628 0.4848
7 0.8474 0.5870 0.8666 0.5870 0.8666 0.5958 0.8474 0.5958
7 0.7433 0.5087 0.7487 0.5087 0.7487 0.5221 0.7433 0.5221
7 0.6545 0.5350 0.6718 0.5350 0.6718 0.5430 0.6545 0.5430
7 0.6002 0.7036 0.6218 0.7036 0.6218 0.7768 0.6002 0.7768
9 0.2631 0.3711 0.2989 0.3711 0.2989 0.4893 0.2631 0.4893
9 0.4045 0.4382 0.4572 0.4382 0.4572 0.6122 0.4045 0.6122
9 0.8196 0.1491 0.8933 0.1491 0.8933 0.3921 0.8196 0.3921
9 0.0299 0.7015 0.1750 0.7015 0.1750 0.7893 0.0299 0.7893
12 0.7945 0.4098 0.8049 0.4098 0.8049 0.4830 0.7945 0.4830
12 0.3140 0.1840 0.3357 0.1840 0.3357 0.3368 0.3140 0.3368
12 0.5197 0.6539 0.5517 0.6539 0.5517 0.9977 0.5197 0.9977
12 0.8600 0.4983 0.8866 0.4983 0.8866 0.8089 0.8600 0.8089
13 0.3462 0.9591 0.3504 0.9591 0.3504 0.9749 0.3462 0.9749
13 0.2342 0.8023 0.2403 0.8023 0.2403 0.8249 0.2342 0.8249
13 0.7770 0.5114 0.8272 0.5114 0.8272 0.5426 0.7770 0.5426
13 0.0126 0.7463 0.0292 0.7463 0.0292 0.7617 0.0126 0.7617
15 0.0197 0.6083 0.0546 0.6083 0.0546 0.6753 0.0197 0.6753
15 0.1503 0.1935 0.1680 0.1935 0.1680 0.2185 0.1503 0.2185
15 0.2734 0.8404 0.3255 0.8404 0.3255 0.9356 0.2734 0.9356
15 0.1993 0.1322 0.3052 0.1322 0.3052 0.2506 0.1993 0.2506
