0 0.2491 0.0290 0.4269 0.0290 0.4269 0.0730 0.2491 0.0730
0 0.1193 0.1555 0.2579 0.1555 0.2579 0.3977 0.1193 0.3977
0 0.5534 0.0790 0.7123 0.0790 0.7123 0.6798 0.5534 0.6798
0 0.2499 0.3499 0.3901 0.3499 0.3901 0.9273 0.2499 0.9273
1 0.2974 0.2866 0.3009 0.2866 0.3009 0.3154 0.2974 0.3154
1 0.5925 0.3631 0.5990 0.3631 0.5990 0.3869 0.5925 0.3869
1 0.8262 0.1224 0.8452 0.1224 0.8452 0.1272 0.8262 0.1272
1 0.6542 0.4590 0.6636 0.4590 0.6636 0.5594 0.6542 0.5594
2 0.4459 0.7299 0.5286 0.7299 0.5286 0.7985 0.4459 0.7985
2 0.2590 0.3835 0.3690 0.3835 0.3690 0.4029 0.2590 0.4029
2 0.3170 0.2644 0.5478 0.2644 0.5478 0.4520 0.3170 0.4520
2 0.8097 0.4766 0.8503 0.4766 0.8503 0.5882 0.8097 0.5882
3 0.8911 0.6467 0.9047 0.6467 0.9047 0.7481 0.8911 0.7481
3 0.4187 0.7602 0.5104 0.7602 0.5104 0.7818 0.4187 0.7818
3 0.0042 0.8794 0.0175 0.8794 0.0175 0.9742 0.0042 0.9742
3 0.2277 0.1263 0.3260 0.1263 0.3260 0.1565 0.2277 0.1565
4 0.5600 0.3839 0.5726 0.3839 0.5726 0.3913 0.5600 0.3913
4 0.7985 0.3692 0.8018 0.3692 0.8018 0.4008 0.7985 0.4008
4 0.1999 0.5704 0.2115 0.5704 0.2115 0.5776 0.1999 0.5776
4 0.5287 0.9827 0.5367 0.9827 0.5367 0.9881 0.5287 0.9881
6 0.4297 0.6659 0.4700 0.6659 0.4700 0.6849 0.4297 0.6849
6 0.8056 0.8675 0.8335 0.8675 0.8335 0.8765 0.8056 0.8765
6 0.6907 0.2707 0.7593 0.2707 0.7593 0.3029 0.6907 0.3029
6 0.5939 0.1256 0.6186 0.1256 0.6186 0.1336 0.5939 0.1336
7 0.2108 0.3650 0.2347 0.3650 0.2347 0.4774 0.2108 0.4774
7 0.4411 0.8252 0.4449 0.8252 0.4449 0.8372 0.4411 0.8372
7 0.6490 0.3747 0.6752 0.3747 0.6752 0.4757 0.6490 0.4757
7 0.1856 0.3191 0.2061 0.3191 0.2061 0.3637 0.1856 0.3637
9 0.2054 0.3486 0.2598 0.3486 0.2598 0.5386 0.2054 0.5386
9 0.3940 0.6322 0.5280 0.6322 0.5280 0.6842 0.3940 0.6842
9 0.5896 0.8024 0.7567 0.8024 0.7567 0.8572 0.5896 0.8572
9 0.0319 0.9047 0.1921 0.9047 0.1921 0.9565 0.0319 0.9565
12 0.3334 0.8215 0.4486 0.8215 0.4486 0.8517 0.3334 0.8517
12 0.0242 0.7310 0.1292 0.7310 0.1292 0.7882 0.0242 0.7882
12 0.4817 0.6028 0.5089 0.6028 0.5089 0.7072 0.4817 0.7072
12 0.2590 0.0886 0.8804 0.0886 0.8804 0.2030 0.2590 0.2030
13 0.2265 0.9714 0.2709 0.9714 0.2709 0.9990 0.2265 0.9990
13 0.0977 0.9230 0.2054 0.9230 0.2054 0.9830 0.0977 0.9830
13 0.6986 0.9324 0.7080 0.9324 0.7080 0.9404 0.6986 0.9404
13 0.4639 0.1074 0.4758 0.1074 0.4758 0.1186 0.4639 0.1186
15 0.5002 0.3571 0.5363 0.3571 0.5363 0.4089 0.5002 0.4089
15 0.2548 0.0499 0.4084 0.0499 0.4084 0.1769 0.2548 0.1769
15 0.6351 0.8031 0.7115 0.8031 0.7115 0.8821 0.6351 0.8821
15 0.8522 0.0419 0.8812 0.0419 0.8812 0.1005 0.8522 0.1005
