0 0.2816 0.6038 0.4113 0.6038 0.4113 0.7538 0.2816 0.7538
0 0.1676 0.2483 0.2932 0.2483 0.2932 0.4345 0.1676 0.4345
0 0.0225 0.4566 0.1404 0.4566 0.1404 0.9422 0.0225 0.9422
0 0.3350 0.3430 0.4875 0.3430 0.4875 0.8514 0.3350 0.8514
1 0.7633 0.9366 0.7753 0.9366 0.7753 0.9762 0.7633 0.9762
1 0.3231 0.0786 0.3289 0.0786 0.3289 0.0998 0.3231 0.0998
1 0.5013 0.1104 0.5161 0.1104 0.5161 0.1132 0.5013 0.1132
1 0.8720 0.0928 0.8740 0.0928 0.8740 0.1112 0.8720 0.1112
2 0.9131 0.1935 0.9294 0.1935 0.9294 0.2257 0.9131 0.2257
2 0.4460 0.6548 0.4637 0.6548 0.4637 0.8652 0.4460 0.8652
2 0.6096 0.7116 0.6215 0.7116 0.6215 0.7532 0.6096 0.7532
2 0.3208 0.4979 0.4601 0.4979 0.4601 0.8365 0.3208 0.8365
3 0.6016 0.4044 0.6833 0.4044 0.6833 0.4244 0.6016 0.4244
3 0.1320 0.6951 0.2432 0.6951 0.2432 0.7293 0.1320 0.7293
3 0.8379 0.3974 0.8467 0.3974 0.8467 0.4598 0.8379 0.4598
3 0.9140 0.1975 0.9235 0.1975 0.9235 0.2685 0.9140 0.2685
4 0.9033 0.9570 0.9135 0.9570 0.9135 0.9718 0.9033 0.9718
4 0.3610 0.6418 0.3644 0.6418 0.3644 0.6478 0.3610 0.6478
4 0.8151 0.1903 0.8263 0.1903 0.8263 0.2241 0.8151 0.2241
4 0.2531 0.5884 0.2763 0.5884 0.2763 0.6204 0.2531 0.6204
6 0.1885 0.1850 0.2675 0.1850 0.2675 0.2962 0.1885 0.2962
6 0.2119 0.3830 0.2769 0.3830 0.2769 0.4442 0.2119 0.4442
6 0.6943 0.4651 0.7243 0.4651 0.7243 0.4749 0.6943 0.4749
6 0.6243 0.2195 0.7166 0.2195 0.7166 0.2629 0.6243 0.2629
7 0.6254 0.1855 0.6346 0.1855 0.6346 0.1901 0.6254 0.1901
7 0.5199 0.5231 0.5806 0.5231 0.5806 0.5489 0.5199 0.5489
7 0.5056 0.2383 0.5407 0.2383 0.5407 0.3077 0.5056 0.3077
7 0.8425 0.7419 0.8589 0.7419 0.8589 0.8221 0.8425 0.8221
9 0.0902 0.0387 0.1629 0.0387 0.1629 0.2785 0.0902 0.2785
9 0.2407 0.5766 0.2704 0.5766 0.2704 0.6802 0.2407 0.6802
9 0.6816 0.2931 0.7061 0.2931 0.7061 0.4157 0.6816 0.4157
9 0.5274 0.1614 0.5829 0.1614 0.5829 0.3446 0.5274 0.3446
12 0.7565 0.8712 0.7680 0.8712 0.7680 0.9520 0.7565 0.9520
12 0.5205 0.6035 0.6709 0.6035 0.6709 0.6297 0.5205 0.6297
12 0.1634 0.7615 0.2403 0.7615 0.2403 0.7825 0.1634 0.7825
12 0.8928 0.5226 0.9123 0.5226 0.9123 0.7482 0.8928 0.7482
13 0.5034 0.7399 0.5120 0.7399 0.5120 0.7481 0.5034 0.7481
13 0.2630 0.7871 0.3181 0.7871 0.3181 0.8217 0.2630 0.8217
13 0.8608 0.5758 0.8692 0.5758 0.8692 0.5894 0.8608 0.5894
13 0.8874 0.4427 0.8929 0.4427 0.8929 0.4805 0.8874 0.4805
15 0.7668 0.2364 0.8080 0.2364 0.8080 0.2964 0.7668 0.2964
15 0.6033 0.7971 0.6827 0.7971 0.6827 0.8921 0.6033 0.8921
15 0.0054 0.6843 0.0726 0.6843 0.0726 0.7413 0.0054 0.7413
15 0.2925 0.2966 0.3684 0.2966 0.3684 0.4082 0.2925 0.4082
