0 0.6222 0.4511 0.7201 0.4511 0.7201 0.7205 0.6222 0.7205
0 0.1414 0.4459 0.2372 0.4459 0.2372 0.5473 0.1414 0.5473
0 0.3348 0.4092 0.3757 0.4092 0.3757 0.5876 0.3348 0.5876
0 0.5251 0.4100 0.7255 0.4100 0.7255 0.9208 0.5251 0.9208
1 0.5324 0.5990 0.5473 0.5990 0.5473 0.6310 0.5324 0.6310
1 0.1700 0.2178 0.1786 0.2178 0.1786 0.3106 0.1700 0.3106
1 0.3720 0.0762 0.3866 0.0762 0.3866 0.0842 0.3720 0.0842
1 0.0008 0.8423 0.0035 0.8423 0.0035 0.8905 0.0008 0.8905
2 0.3639 0.4684 0.4938 0.4684 0.4938 0.5448 0.3639 0.5448
2 0.8525 0.6300 0.9569 0.6300 0.9569 0.7124 0.8525 0.7124
2 0.2454 0.6278 0.2569 0.6278 0.2569 0.7638 0.2454 0.7638
2 0.6894 0.6924 0.8615 0.6924 0.8615 0.8284 0.6894 0.8284
3 0.5599 0.3454 0.5744 0.3454 0.5744 0.4534 0.5599 0.4534
3 0.0637 0.1059 0.1095 0.1059 0.1095 0.1181 0.0637 0.1181
3 0.8474 0.0680 0.8843 0.0680 0.8843 0.0824 0.8474 0.0824
3 0.0879 0.4210 0.1849 0.4210 0.1849 0.4442 0.0879 0.4442
4 0.0659 0.4511 0.0761 0.4511 0.0761 0.4565 0.0659 0.4565
4 0.7306 0.3894 0.7669 0.3894 0.7669 0.3986 0.7306 0.3986
4 0.7930 0.6467 0.8118 0.6467 0.8118 0.6593 0.7930 0.6593
4 0.6862 0.8274 0.6998 0.8274 0.6998 0.8366 0.6862 0.8366
6 0.9081 0.1747 0.9196 0.1747 0.9196 0.1909 0.9081 0.1909
6 0.5188 0.9224 0.5521 0.9224 0.5521 0.9692 0.5188 0.9692
6 0.6773 0.7499 0.7372 0.7499 0.7372 0.8341 0.6773 0.8341
6 0.4642 0.1628 0.5281 0.1628 0.5281 0.1928 0.4642 0.1928
7 0.4151 0.0052 0.4529 0.0052 0.4529 0.0220 0.4151 0.0220
7 0.5231 0.6542 0.5338 0.6542 0.5338 0.6774 0.5231 0.6774
7 0.7831 0.7632 0.8555 0.7632 0.8555 0.7940 0.7831 0.7940
7 0.1559 0.7628 0.1912 0.7628 0.1912 0.8320 0.1559 0.8320
9 0.1191 0.8360 0.2312 0.8360 0.2312 0.8728 0.1191 0.8728
9 0.8080 0.6550 0.8737 0.6550 0.8737 0.8718 0.8080 0.8718
9 0.7510 0.4082 0.9244 0.4082 0.9244 0.4754 0.7510 0.4754
9 0.1094 0.2904 0.1777 0.2904 0.1777 0.3124 0.1094 0.3124
12 0.7765 0.0760 0.8281 0.0760 0.8281 0.1040 0.7765 0.1040
12 0.9667 0.8578 0.9947 0.8578 0.9947 0.9654 0.9667 0.9654
12 0.3939 0.6516 0.4009 0.6516 0.4009 0.9108 0.3939 0.9108
12 0.4710 0.2650 0.5358 0.2650 0.5358 0.8910 0.4710 0.8910
13 0.2296 0.3379 0.2433 0.3379 0.2433 0.3509 0.2296 0.3509
13 0.5048 0.5451 0.5175 0.5451 0.5175 0.5681 0.5048 0.5681
13 0.2979 0.0807 0.3253 0.0807 0.3253 0.1053 0.2979 0.1053
13 0.5336 0.9155 0.5787 0.9155 0.5787 0.9361 0.5336 0.9361
15 0.1819 0.1208 0.2415 0.1208 0.2415 0.1824 0.1819 0.1824
15 0.0050 0.1808 0.0318 0.1808 0.0318 0.2312 0.0050 0.2312
15 0.1774 0.4519 0.2612 0.4519 0.2612 0.5753 0.1774 0.5753
15 0.6856 0.1087 0.8101 0.1087 0.8101 0.2429 0.6856 0.2429
