0 0.2471 0.7727 0.4757 0.7727 0.4757 0.9169 0.2471 0.9169
0 0.5277 0.7196 0.6915 0.7196 0.6915 0.9988 0.5277 0.9988
0 0.2116 0.3286 0.2521 0.3286 0.2521 0.8666 0.2116 0.8666
0 0.6574 0.0451 0.8080 0.0451 0.8080 0.2685 0.6574 0.2685
1 0.7496 0.4184 0.7861 0.4184 0.7861 0.5104 0.7496 0.5104
1 0.4739 0.4011 0.5041 0.4011 0.5041 0.4149 0.4739 0.4149
1 0.3248 0.3438 0.3355 0.3438 0.3355 0.3830 0.3248 0.3830
1 0.2948 0.3518 0.2986 0.3518 0.2986 0.3858 0.2948 0.3858
2 0.1594 0.3916 0.2509 0.3916 0.2509 0.4220 0.1594 0.4220
2 0.0131 0.7119 0.1163 0.7119 0.1163 0.7301 0.0131 0.7301
2 0.4963 0.6243 0.5397 0.6243 0.5397 0.7237 0.4963 0.7237
2 0.4329 0.4820 0.4777 0.4820 0.4777 0.5040 0.4329 0.5040
3 0.4811 0.0698 0.5186 0.0698 0.5186 0.0798 0.4811 0.0798
3 0.0665 0.2907 0.1140 0.2907 0.1140 0.3093 0.0665 0.3093
3 0.1722 0.1930 0.2876 0.1930 0.2876 0.2214 0.1722 0.2214
3 0.9162 0.3856 0.9218 0.3856 0.9218 0.4760 0.9162 0.4760
4 0.1987 0.2912 0.2230 0.2912 0.2230 0.3092 0.1987 0.3092
4 0.9102 0.2470 0.9241 0.2470 0.9241 0.2570 0.9102 0.2570
4 0.8402 0.6208 0.8472 0.6208 0.8472 0.6856 0.8402 0.6856
4 0.9405 0.9019 0.9643 0.9019 0.9643 0.9133 0.9405 0.9133
6 0.1743 0.6984 0.4432 0.6984 0.4432 0.8880 0.1743 0.8880
6 0.7071 0.1271 0.7375 0.1271 0.7375 0.1557 0.7071 0.1557
6 0.6880 0.0832 0.7277 0.0832 0.7277 0.1952 0.6880 0.1952
6 0.1114 0.5907 0.2689 0.5907 0.2689 0.7017 0.1114 0.7017
7 0.0939 0.7526 0.1052 0.7526 0.1052 0.7894 0.0939 0.7894
7 0.8954 0.6492 0.9003 0.6492 0.9003 0.6692 0.8954 0.6692
7 0.0191 -0.0002 0.0372 -0.0002 0.0372 0.0394 0.0191 0.0394
7 0.5960 0.8887 0.6895 0.8887 0.6895 0.9773 0.5960 0.9773
9 0.0846 0.2660 0.1586 0.2660 0.1586 0.3364 0.0846 0.3364
9 0.5109 0.1391 0.8071 0.1391 0.8071 0.2365 0.5109 0.2365
9 0.4513 0.4415 0.5244 0.4415 0.5244 0.6825 0.4513 0.6825
9 0.1831 0.4648 0.2289 0.4648 0.2289 0.5084 0.1831 0.5084
12 0.6393 0.8566 0.8024 0.8566 0.8024 0.9010 0.6393 0.9010
12 0.1004 0.5128 0.2438 0.5128 0.2438 0.5504 0.1004 0.5504
12 0.6685 0.2598 0.8058 0.2598 0.8058 0.3146 0.6685 0.3146
12 0.6010 0.1368 0.6584 0.1368 0.6584 0.1524 0.6010 0.1524
13 0.5728 0.6079 0.5806 0.6079 0.5806 0.6301 0.5728 0.6301
13 0.0559 0.5272 0.0618 0.5272 0.0618 0.5328 0.0559 0.5328
13 0.4816 0.8631 0.4927 0.8631 0.4927 0.8757 0.4816 0.8757
13 0.5057 0.2067 0.5189 0.2067 0.5189 0.2201 0.5057 0.2201
15 0.6510 0.5280 0.7747 0.5280 0.7747 0.6332 0.6510 0.6332
15 0.0682 0.3447 0.1072 0.3447 0.1072 0.3777 0.0682 0.3777
15 0.5937 0.8387 0.6203 0.8387 0.6203 0.8925 0.5937 0.8925
15 0.3194 0.4799 0.4235 0.4799 0.4235 0.5661 0.3194 0.5661
