0 0.5005 0.7212 0.5198 0.7212 0.5198 0.9788 0.5005 0.9788
0 0.6467 0.3227 0.7647 0.3227 0.7647 0.4977 0.6467 0.4977
0 0.2268 0.1599 0.3772 0.1599 0.3772 0.4161 0.2268 0.4161
0 0.5905 0.3448 0.6273 0.3448 0.6273 0.5052 0.5905 0.5052
1 0.9016 0.5551 0.9110 0.5551 0.9110 0.5893 0.9016 0.5893
1 0.2325 0.1483 0.2353 0.1483 0.2353 0.1981 0.2325 0.1981
1 0.6414 0.1430 0.6518 0.1430 0.6518 0.1810 0.6414 0.1810
1 0.9407 0.7504 0.9535 0.7504 0.9535 0.8872 0.9407 0.8872
2 0.5688 0.5458 0.6675 0.5458 0.6675 0.7858 0.5688 0.7858
2 0.1617 0.7996 0.2700 0.7996 0.2700 0.8876 0.1617 0.8876
2 0.7837 0.8363 0.7895 0.8363 0.7895 0.8489 0.7837 0.8489
2 0.8291 0.6658 0.8855 0.6658 0.8855 0.7230 0.8291 0.7230
3 0.6760 0.5815 0.6809 0.5815 0.6809 0.6617 0.6760 0.6617
3 0.5611 0.6775 0.6646 0.6775 0.6646 0.7093 0.5611 0.7093
3 0.4460 0.4304 0.5038 0.4304 0.5038 0.4500 0.4460 0.4500
3 0.5056 0.1431 0.5149 0.1431 0.5149 0.2093 0.5056 0.2093
4 0.7763 0.5458 0.7840 0.5458 0.7840 0.5578 0.7763 0.5578
4 0.6162 0.2339 0.6807 0.2339 0.6807 0.2549 0.6162 0.2549
4 0.9570 0.1268 0.9664 0.1268 0.9664 0.1568 0.9570 0.1568
4 0.5040 0.2783 0.5066 0.2783 0.5066 0.2817 0.5040 0.2817
6 0.7883 0.1063 0.8566 0.1063 0.8566 0.1705 0.7883 0.1705
6 0.2228 0.9132 0.2995 0.9132 0.2995 0.9492 0.2228 0.9492
6 0.8402 0.2131 0.8633 0.2131 0.8633 0.2205 0.8402 0.2205
6 0.4399 0.2471 0.4686 0.2471 0.4686 0.2741 0.4399 0.2741
7 0.3940 0.4870 0.4420 0.4870 0.4420 0.6326 0.3940 0.6326
7 0.7905 0.0272 0.8532 0.0272 0.8532 0.0704 0.7905 0.0704
7 0.2222 0.0406 0.2284 0.0406 0.2284 0.0578 0.2222 0.0578
7 0.1251 0.6415 0.1857 0.6415 0.1857 0.7973 0.1251 0.7973
9 0.3271 0.2902 0.3678 0.2902 0.3678 0.4914 0.3271 0.4914
9 0.9027 0.3559 0.9481 0.3559 0.9481 0.5025 0.9027 0.5025
9 0.4353 0.6851 0.4673 0.6851 0.4673 0.8429 0.4353 0.8429
9 0.5262 0.4996 0.6826 0.4996 0.6826 0.5892 0.5262 0.5892
12 0.6771 0.6759 0.7132 0.6759 0.7132 0.8601 0.6771 0.8601
12 0.3073 0.9506 0.3693 0.9506 0.3693 0.9754 0.3073 0.9754
12 0.0408 0.7102 0.0824 0.7102 0.0824 0.7466 0.0408 0.7466
12 0.8131 0.7704 0.8289 0.7704 0.8289 0.8484 0.8131 0.8484
13 0.0974 0.4003 0.1466 0.4003 0.1466 0.4889 0.0974 0.4889
13 0.9096 0.2382 0.9126 0.2382 0.9126 0.3342 0.9096 0.3342
13 0.2025 0.7276 0.2052 0.7276 0.2052 0.7376 0.2025 0.7376
13 0.5591 0.9239 0.5743 0.9239 0.5743 0.9413 0.5591 0.9413
15 0.1107 0.1238 0.1556 0.1238 0.1556 0.1882 0.1107 0.1882
15 0.3611 0.7375 0.4595 0.7375 0.4595 0.8213 0.3611 0.8213
15 0.2063 0.4944 0.3772 0.4944 0.3772 0.6356 0.2063 0.6356
15 0.9397 0.2810 0.9754 0.2810 0.9754 0.3186 0.9397 0.3186
