0 0.7077 0.1611 0.7729 0.1611 0.7729 0.2301 0.7077 0.2301
0 0.2853 0.5535 0.3633 0.5535 0.3633 0.8745 0.2853 0.8745
0 0.3365 0.6320 0.6492 0.6320 0.6492 0.9380 0.3365 0.9380
0 0.6790 0.1083 0.7510 0.1083 0.7510 0.4049 0.6790 0.4049
1 0.2974 0.4710 0.3000 0.4710 0.3000 0.5214 0.2974 0.5214
1 0.3805 0.3974 0.3918 0.3974 0.3918 0.4350 0.3805 0.4350
1 0.6642 0.6482 0.6663 0.6482 0.6663 0.6650 0.6642 0.6650
1 0.9129 0.7351 0.9194 0.7351 0.9194 0.7593 0.9129 0.7593
2 0.5033 0.4830 0.5499 0.4830 0.5499 0.5958 0.5033 0.5958
2 0.0374 0.2588 0.2200 0.2588 0.2200 0.3032 0.0374 0.3032
2 0.4194 0.4935 0.5363 0.4935 0.5363 0.5885 0.4194 0.5885
2 0.5654 0.9571 0.6315 0.9571 0.6315 0.9917 0.5654 0.9917
3 0.5356 0.8934 0.5447 0.8934 0.5447 0.9578 0.5356 0.9578
3 0.1788 0.1739 0.1895 0.1739 0.1895 0.2557 0.1788 0.2557
3 0.3362 0.5350 0.4512 0.5350 0.4512 0.5710 0.3362 0.5710
3 0.5951 0.2888 0.5992 0.2888 0.5992 0.3544 0.5951 0.3544
4 0.6288 0.2602 0.6400 0.2602 0.6400 0.2686 0.6288 0.2686
4 0.2885 0.6252 0.3155 0.6252 0.3155 0.6452 0.2885 0.6452
4 0.7379 0.0823 0.7461 0.0823 0.7461 0.1141 0.7379 0.1141
4 0.5948 0.0103 0.6178 0.0103 0.6178 0.0257 0.5948 0.0257
6 0.0397 0.4530 0.0906 0.4530 0.0906 0.5010 0.0397 0.5010
6 0.6316 0.6783 0.8169 0.6783 0.8169 0.8089 0.6316 0.8089
6 0.7894 0.9464 0.8149 0.9464 0.8149 0.9704 0.7894 0.9704
6 0.9208 0.5686 0.9589 0.5686 0.9589 0.5810 0.9208 0.5810
7 0.7742 0.8919 0.8487 0.8919 0.8487 0.9625 0.7742 0.9625
7 0.6282 0.3432 0.6498 0.3432 0.6498 0.4400 0.6282 0.4400
7 0.0470 0.0039 0.0624 0.0039 0.0624 0.0301 0.0470 0.0301
7 0.7225 0.7351 0.7887 0.7351 0.7887 0.9261 0.7225 0.9261
9 0.3194 0.8203 0.3971 0.8203 0.3971 0.8649 0.3194 0.8649
9 0.3256 0.3819 0.4293 0.3819 0.4293 0.4157 0.3256 0.4157
9 0.9445 0.7435 0.9861 0.7435 0.9861 0.9493 0.9445 0.9493
9 0.8325 0.4763 0.8935 0.4763 0.8935 0.5113 0.8325 0.5113
12 0.3719 0.3722 0.3949 0.3722 0.3949 0.6402 0.3719 0.6402
12 0.0547 0.2947 0.0907 0.2947 0.0907 0.3261 0.0547 0.3261
12 0.2079 0.8114 0.4909 0.8114 0.4909 0.8746 0.2079 0.8746
12 0.4711 0.7964 0.5089 0.7964 0.5089 0.9652 0.4711 0.9652
13 0.2796 0.8922 0.2958 0.8922 0.2958 0.9406 0.2796 0.9406
13 0.4837 0.8760 0.5077 0.8760 0.5077 0.8984 0.4837 0.8984
13 0.1525 0.1930 0.1598 0.1930 0.1598 0.4890 0.1525 0.4890
13 0.3896 0.9220 0.4004 0.9220 0.4004 0.9272 0.3896 0.9272
15 0.2600 0.3503 0.2903 0.3503 0.2903 0.4085 0.2600 0.4085
15 0.3039 0.3611 0.3932 0.3611 0.3932 0.4349 0.3039 0.4349
15 0.1122 0.6412 0.2038 0.6412 0.2038 0.7360 0.1122 0.7360
15 0.3843 0.4884 0.4523 0.4884 0.4523 0.5536 0.3843 0.5536
