0 0.8253 0.3823 0.9007 0.3823 0.9007 0.9661 0.8253 0.9661
0 0.0494 0.3979 0.1652 0.3979 0.1652 0.6401 0.0494 0.6401
0 0.6936 0.4174 0.7838 0.4174 0.7838 0.7382 0.6936 0.7382
0 0.2959 0.4052 0.3932 0.4052 0.3932 0.7728 0.2959 0.7728
1 0.4871 0.3067 0.5129 0.3067 0.5129 0.3721 0.4871 0.3721
1 0.5645 0.2983 0.5721 0.2983 0.5721 0.3965 0.5645 0.3965
1 0.8673 0.3063 0.8741 0.3063 0.8741 0.3649 0.8673 0.3649
1 0.2654 0.1235 0.2669 0.1235 0.2669 0.1365 0.2654 0.1365
2 0.9185 0.5420 0.9318 0.5420 0.9318 0.7184 0.9185 0.7184
2 0.9419 0.5012 0.9784 0.5012 0.9784 0.6052 0.9419 0.6052
2 0.2813 0.7751 0.3629 0.7751 0.3629 0.8577 0.2813 0.8577
2 0.5288 0.6263 0.6020 0.6263 0.6020 0.6833 0.5288 0.6833
3 0.8314 0.6283 0.9126 0.6283 0.9126 0.6565 0.8314 0.6565
3 0.8205 0.5835 0.8432 0.5835 0.8432 0.6721 0.8205 0.6721
3 0.8668 0.2410 0.8761 0.2410 0.8761 0.2774 0.8668 0.2774
3 0.3465 0.3823 0.3535 0.3823 0.3535 0.4945 0.3465 0.4945
4 0.9819 0.7935 0.9859 0.7935 0.9859 0.8101 0.9819 0.8101
4 0.5382 0.2079 0.5407 0.2079 0.5407 0.2205 0.5382 0.2205
4 0.2233 0.0807 0.2361 0.0807 0.2361 0.0977 0.2233 0.0977
4 0.7557 0.4471 0.7760 0.4471 0.7760 0.4569 0.7557 0.4569
6 0.6999 0.3524 0.7467 0.3524 0.7467 0.3744 0.6999 0.3744
6 0.5811 0.1030 0.6061 0.1030 0.6061 0.1386 0.5811 0.1386
6 0.2151 0.0784 0.2461 0.0784 0.2461 0.1220 0.2151 0.1220
6 0.0250 0.8682 0.0727 0.8682 0.0727 0.9354 0.0250 0.9354
7 0.7485 0.8135 0.7653 0.8135 0.7653 0.8805 0.7485 0.8805
7 0.1539 0.6878 0.1993 0.6878 0.1993 0.7502 0.1539 0.7502
7 0.1967 0.1090 0.2030 0.1090 0.2030 0.1322 0.1967 0.1322
7 0.0063 0.6244 0.0166 0.6244 0.0166 0.6296 0.0063 0.6296
9 0.6133 0.3283 0.6812 0.3283 0.6812 0.3929 0.6133 0.3929
9 0.6685 0.8110 0.7961 0.8110 0.7961 0.8842 0.6685 0.8842
9 0.2807 0.6251 0.3273 0.6251 0.3273 0.7577 0.2807 0.7577
9 0.8028 0.1192 0.9774 0.1192 0.9774 0.1756 0.8028 0.1756
12 0.7914 0.0506 0.8117 0.0506 0.8117 0.1286 0.7914 0.1286
12 0.5034 0.1371 0.5266 0.1371 0.5266 0.2553 0.5034 0.2553
12 0.5857 0.4038 0.6189 0.4038 0.6189 0.7606 0.5857 0.7606
12 0.1956 0.5536 0.2544 0.5536 0.2544 0.5796 0.1956 0.5796
13 0.7556 0.7826 0.7647 0.7826 0.7647 0.8134 0.7556 0.8134
13 0.6760 0.4788 0.6820 0.4788 0.6820 0.7224 0.6760 0.7224
13 0.5603 0.1775 0.5797 0.1775 0.5797 0.2597 0.5603 0.2597
13 0.5571 0.0759 0.5643 0.0759 0.5643 0.1029 0.5571 0.1029
15 0.1039 0.2352 0.1736 0.2352 0.1736 0.3020 0.1039 0.3020
15 0.6654 0.0388 0.7686 0.0388 0.7686 0.1928 0.6654 0.1928
15 0.6583 0.2259 0.7500 0.2259 0.7500 0.3285 0.6583 0.3285
15 0.7310 0.6075 0.8419 0.6075 0.8419 0.7293 0.7310 0.7293
