0 0.5813 0.0378 0.8704 0.0378 0.8704 0.2202 0.5813 0.2202
0 0.3310 0.8487 0.4538 0.8487 0.4538 0.9157 0.3310 0.9157
0 0.1351 0.3358 0.3355 0.3358 0.3355 0.8470 0.1351 0.8470
0 0.0739 0.5708 0.2567 0.5708 0.2567 0.6704 0.0739 0.6704
1 0.8082 0.8303 0.8290 0.8303 0.8290 0.8357 0.8082 0.8357
1 0.8200 0.6620 0.8315 0.6620 0.8315 0.7760 0.8200 0.7760
1 0.9313 0.0822 0.9484 0.0822 0.9484 0.0894 0.9313 0.0894
1 0.8886 0.6622 0.9151 0.6622 0.9151 0.6766 0.8886 0.6766
2 0.1556 0.2027 0.1678 0.2027 0.1678 0.2277 0.1556 0.2277
2 0.2265 0.2447 0.3055 0.2447 0.3055 0.2745 0.2265 0.2745
2 0.7337 0.4578 0.8675 0.4578 0.8675 0.4970 0.7337 0.4970
2 0.6351 0.5187 0.6726 0.5187 0.6726 0.6257 0.6351 0.6257
3 0.3797 0.5846 0.3889 0.5846 0.3889 0.6494 0.3797 0.6494
3 0.4645 0.0554 0.5604 0.0554 0.5604 0.0790 0.4645 0.0790
3 0.0071 0.4088 0.0160 0.4088 0.0160 0.5532 0.0071 0.5532
3 0.4563 0.7523 0.4640 0.7523 0.4640 0.8073 0.4563 0.8073
4 0.2894 0.4844 0.3303 0.4844 0.3303 0.4944 0.2894 0.4944
4 0.1062 0.6715 0.1304 0.6715 0.1304 0.6877 0.1062 0.6877
4 0.3653 0.3842 0.3799 0.3842 0.3799 0.4266 0.3653 0.4266
4 0.4888 0.5576 0.4940 0.5576 0.4940 0.5640 0.4888 0.5640
6 0.1645 0.0839 0.1784 0.0839 0.1784 0.1037 0.1645 0.1037
6 0.5500 0.9370 0.5769 0.9370 0.5769 0.9458 0.5500 0.9458
6 0.5754 0.6159 0.5918 0.6159 0.5918 0.6393 0.5754 0.6393
6 0.3666 0.3083 0.3912 0.3083 0.3912 0.3433 0.3666 0.3433
7 0.2739 0.7227 0.2829 0.7227 0.2829 0.7717 0.2739 0.7717
7 0.6113 0.7363 0.6244 0.7363 0.6244 0.8121 0.6113 0.8121
7 0.6476 0.9579 0.6749 0.9579 0.6749 0.9801 0.6476 0.9801
7 0.3371 0.2270 0.3518 0.2270 0.3518 0.3186 0.3371 0.3186
9 0.6574 0.0263 0.8212 0.0263 0.8212 0.0801 0.6574 0.0801
9 0.1565 0.2855 0.1818 0.2855 0.1818 0.4157 0.1565 0.4157
9 0.2265 0.6975 0.3586 0.6975 0.3586 0.7405 0.2265 0.7405
9 0.7540 0.4975 0.7766 0.4975 0.7766 0.6077 0.7540 0.6077
12 0.6867 0.1666 0.7884 0.1666 0.7884 0.2118 0.6867 0.2118
12 0.7245 0.2274 0.8186 0.2274 0.8186 0.2522 0.7245 0.2522
12 0.2423 0.1543 0.3132 0.1543 0.3132 0.8361 0.2423 0.8361
12 0.7139 0.8911 0.7775 0.8911 0.7775 0.9193 0.7139 0.9193
13 0.9302 0.4654 0.9318 0.4654 0.9318 0.5490 0.9302 0.5490
13 0.1794 0.8895 0.2012 0.8895 0.2012 0.9453 0.1794 0.9453
13 0.9411 0.5384 0.9863 0.5384 0.9863 0.5668 0.9411 0.5668
13 0.0705 0.7314 0.0790 0.7314 0.0790 0.7394 0.0705 0.7394
15 0.7219 0.3575 0.8761 0.3575 0.8761 0.4849 0.7219 0.4849
15 0.5862 0.4520 0.6552 0.4520 0.6552 0.5112 0.5862 0.5112
15 0.6905 0.7304 0.7704 0.7304 0.7704 0.7964 0.6905 0.7964
15 0.2088 0.4115 0.2532 0.4115 0.2532 0.4629 0.2088 0.4629
