0 0.1605 0.6992 0.4195 0.6992 0.4195 0.8404 0.1605 0.8404
0 0.6819 0.1538 0.7638 0.1538 0.7638 0.4914 0.6819 0.4914
0 0.8487 0.6210 0.9355 0.6210 0.9355 0.9786 0.8487 0.9786
0 0.3748 0.2076 0.4375 0.2076 0.4375 0.3144 0.3748 0.3144
1 0.9048 0.2987 0.9406 0.2987 0.9406 0.3889 0.9048 0.3889
1 0.5223 0.6179 0.5294 0.6179 0.5294 0.6797 0.5223 0.6797
1 0.5476 0.1988 0.5704 0.1988 0.5704 0.2032 0.5476 0.2032
1 0.0282 0.9111 0.0323 0.9111 0.0323 0.9905 0.0282 0.9905
2 0.0614 0.4003 0.2738 0.4003 0.2738 0.5761 0.0614 0.5761
2 0.0930 0.8438 0.1221 0.8438 0.1221 0.9090 0.0930 0.9090
2 0.4770 0.5287 0.5798 0.5287 0.5798 0.5901 0.4770 0.5901
2 0.3756 0.8050 0.4038 0.8050 0.4038 0.9258 0.3756 0.9258
3 0.5464 0.6598 0.5690 0.6598 0.5690 0.7478 0.5464 0.7478
3 0.1517 0.7278 0.1655 0.7278 0.1655 0.8262 0.1517 0.8262
3 0.2996 0.7026 0.4101 0.7026 0.4101 0.7286 0.2996 0.7286
3 0.1073 0.1703 0.1833 0.1703 0.1833 0.1885 0.1073 0.1885
4 0.5177 0.3147 0.5411 0.3147 0.5411 0.3229 0.5177 0.3229
4 0.5028 0.1743 0.5075 0.1743 0.5075 0.1801 0.5028 0.1801
4 0.8203 0.7771 0.8332 0.7771 0.8332 0.8145 0.8203 0.8145
4 0.6679 0.4298 0.6718 0.4298 0.6718 0.4346 0.6679 0.4346
6 0.9691 0.2252 0.9866 0.2252 0.9866 0.2500 0.9691 0.2500
6 0.4391 0.6802 0.4789 0.6802 0.4789 0.6990 0.4391 0.6990
6 0.4471 0.2843 0.5021 0.2843 0.5021 0.3361 0.4471 0.3361
6 0.5449 0.5276 0.5894 0.5276 0.5894 0.5420 0.5449 0.5420
7 0.5942 0.7135 0.6181 0.7135 0.6181 0.8517 0.5942 0.8517
7 0.2130 0.2654 0.2633 0.2654 0.2633 0.4674 0.2130 0.4674
7 0.3194 0.8240 0.3255 0.8240 0.3255 0.8464 0.3194 0.8464
7 0.0756 0.6860 0.0853 0.6860 0.0853 0.7120 0.0756 0.7120
9 0.3456 0.4388 0.3955 0.4388 0.3955 0.6960 0.3456 0.6960
9 0.5460 0.0375 0.6626 0.0375 0.6626 0.1081 0.5460 0.1081
9 0.6519 0.6311 0.7338 0.6311 0.7338 0.6577 0.6519 0.6577
9 0.8668 0.0524 0.8940 0.0524 0.8940 0.1472 0.8668 0.1472
12 0.8840 0.4110 0.9172 0.4110 0.9172 0.6746 0.8840 0.6746
12 0.4591 0.2175 0.4706 0.2175 0.4706 0.2981 0.4591 0.2981
12 0.1530 0.5011 0.1867 0.5011 0.1867 0.5293 0.1530 0.5293
12 0.3884 0.2940 0.4561 0.2940 0.4561 0.3240 0.3884 0.3240
13 0.2219 0.0335 0.2510 0.0335 0.2510 0.0561 0.2219 0.0561
13 0.2568 0.1135 0.2634 0.1135 0.2634 0.1381 0.2568 0.1381
13 0.3256 0.2254 0.3352 0.2254 0.3352 0.2334 0.3256 0.2334
13 0.6402 0.8072 0.6715 0.8072 0.6715 0.8336 0.6402 0.8336
15 0.4585 0.0031 0.5164 0.0031 0.5164 0.0773 0.4585 0.0773
15 0.0131 0.5123 0.1183 0.5123 0.1183 0.6549 0.0131 0.6549
15 0.3662 0.7622 0.4378 0.7622 0.4378 0.8690 0.3662 0.8690
15 0.9203 0.9227 0.9857 0.9227 0.9857 0.9945 0.9203 0.9945
