0 0.4556 0.5826 0.5718 0.5826 0.5718 0.6258 0.4556 0.6258
0 0.8068 0.3911 0.9746 0.3911 0.9746 0.9505 0.8068 0.9505
0 0.0379 0.8247 0.3426 0.8247 0.3426 0.9001 0.0379 0.9001
0 0.3007 0.1376 0.3467 0.1376 0.3467 0.7484 0.3007 0.7484
1 0.3366 0.0910 0.3534 0.0910 0.3534 0.1002 0.3366 0.1002
1 0.7554 0.8308 0.7591 0.8308 0.7591 0.8444 0.7554 0.8444
1 0.0339 0.3171 0.0361 0.3171 0.0361 0.3365 0.0339 0.3365
1 0.3100 0.2147 0.3166 0.2147 0.3166 0.2865 0.3100 0.2865
2 0.2825 0.8304 0.4486 0.8304 0.4486 0.9100 0.2825 0.9100
2 0.3427 0.1822 0.4818 0.1822 0.4818 0.2642 0.3427 0.2642
2 0.0196 0.1672 0.1509 0.1672 0.1509 0.2692 0.0196 0.2692
2 0.2230 0.6555 0.2479 0.6555 0.2479 0.7133 0.2230 0.7133
3 0.1139 0.3731 0.1204 0.3731 0.1204 0.4189 0.1139 0.4189
3 0.5017 0.7467 0.5563 0.7467 0.5563 0.7657 0.5017 0.7657
3 0.3114 0.7438 0.3215 0.7438 0.3215 0.7830 0.3114 0.7830
3 0.4420 0.6896 0.4912 0.6896 0.4912 0.7016 0.4420 0.7016
4 0.8990 0.3403 0.9061 0.3403 0.9061 0.3609 0.8990 0.3609
4 0.1768 0.0554 0.1995 0.0554 0.1995 0.0678 0.1768 0.0678
4 0.3500 0.6367 0.3563 0.6367 0.3563 0.6781 0.3500 0.6781
4 0.1503 0.6010 0.1675 0.6010 0.1675 0.6126 0.1503 0.6126
6 0.8776 0.7860 0.9595 0.7860 0.9595 0.9012 0.8776 0.9012
6 0.1125 0.3707 0.1790 0.3707 0.1790 0.5581 0.1125 0.5581
6 0.0850 0.2979 0.1775 0.2979 0.1775 0.5585 0.0850 0.5585
6 0.5973 0.6667 0.6378 0.6667 0.6378 0.7049 0.5973 0.7049
7 0.5017 0.0123 0.5103 0.0123 0.5103 0.0577 0.5017 0.0577
7 0.8674 0.3307 0.8843 0.3307 0.8843 0.3929 0.8674 0.3929
7 0.3117 0.8856 0.3257 0.8856 0.3257 0.9760 0.3117 0.9760
7 0.4313 0.2850 0.4361 0.2850 0.4361 0.2966 0.4313 0.2966
9 0.2593 0.0874 0.3770 0.0874 0.3770 0.1258 0.2593 0.1258
9 0.7757 0.0495 0.8143 0.0495 0.8143 0.2433 0.7757 0.2433
9 0.3554 0.4126 0.4018 0.4126 0.4018 0.5450 0.3554 0.5450
9 0.6376 0.0586 0.6726 0.0586 0.6726 0.2338 0.6376 0.2338
12 0.5830 0.3151 0.6027 0.3151 0.6027 0.3957 0.5830 0.3957
12 0.2833 0.7395 0.4524 0.7395 0.4524 0.7689 0.2833 0.7689
12 0.8337 0.0134 0.8989 0.0134 0.8989 0.6430 0.8337 0.6430
12 0.2071 0.4100 0.2295 0.4100 0.2295 0.5680 0.2071 0.5680
13 0.1451 0.9539 0.1540 0.9539 0.1540 0.9653 0.1451 0.9653
13 0.3962 0.5091 0.3980 0.5091 0.3980 0.6401 0.3962 0.6401
13 0.5582 0.3044 0.5681 0.3044 0.5681 0.3092 0.5582 0.3092
13 0.6722 0.3255 0.6909 0.3255 0.6909 0.3369 0.6722 0.3369
15 0.0282 0.6860 0.0838 0.6860 0.0838 0.7392 0.0282 0.7392
15 0.8611 0.1363 0.9278 0.1363 0.9278 0.2137 0.8611 0.2137
15 0.0094 0.7267 0.0535 0.7267 0.0535 0.7761 0.0094 0.7761
15 0.2440 0.1951 0.3206 0.1951 0.3206 0.3353 0.2440 0.3353
