0 0.3720 0.1843 0.4780 0.1843 0.4780 0.4061 0.3720 0.4061
0 0.1442 0.5191 0.2532 0.5191 0.2532 0.9685 0.1442 0.9685
0 0.5402 0.2468 0.6524 0.2468 0.6524 0.4132 0.5402 0.4132
0 0.2162 0.1599 0.4321 0.1599 0.4321 0.7105 0.2162 0.7105
1 0.9697 0.1303 0.9892 0.1303 0.9892 0.1409 0.9697 0.1409
1 0.2937 0.2179 0.3037 0.2179 0.3037 0.3173 0.2937 0.3173
1 0.8380 0.6356 0.8552 0.6356 0.8552 0.6428 0.8380 0.6428
1 0.9442 0.5987 0.9544 0.5987 0.9544 0.6013 0.9442 0.6013
2 0.7067 0.8364 0.7718 0.8364 0.7718 0.8580 0.7067 0.8580
2 0.3650 0.4483 0.5758 0.4483 0.5758 0.4997 0.3650 0.4997
2 0.3728 0.9379 0.3878 0.9379 0.3878 0.9589 0.3728 0.9589
2 0.6374 0.5043 0.8332 0.5043 0.8332 0.6321 0.6374 0.6321
3 0.6117 0.1496 0.6846 0.1496 0.6846 0.1720 0.6117 0.1720
3 0.4402 0.2803 0.4455 0.2803 0.4455 0.3661 0.4402 0.3661
3 0.5194 0.8623 0.5846 0.8623 0.5846 0.8849 0.5194 0.8849
3 0.8962 0.4991 0.9072 0.4991 0.9072 0.5773 0.8962 0.5773
4 0.0625 0.7171 0.0838 0.7171 0.0838 0.7325 0.0625 0.7325
4 0.7257 0.6087 0.7306 0.6087 0.7306 0.6281 0.7257 0.6281
4 0.7547 0.4636 0.7670 0.4636 0.7670 0.4712 0.7547 0.4712
4 0.2419 0.5794 0.2698 0.5794 0.2698 0.5982 0.2419 0.5982
6 0.2328 0.2858 0.2909 0.2858 0.2909 0.3406 0.2328 0.3406
6 0.2762 0.6311 0.3078 0.6311 0.3078 0.6609 0.2762 0.6609
6 0.4234 0.6656 0.6021 0.6656 0.6021 0.7916 0.4234 0.7916
6 0.7123 0.6051 0.9889 0.6051 0.9889 0.8001 0.7123 0.8001
7 0.7171 0.5051 0.7237 0.5051 0.7237 0.5281 0.7171 0.5281
7 0.2548 0.9026 0.2664 0.9026 0.2664 0.9378 0.2548 0.9378
7 0.4099 0.5258 0.4218 0.5258 0.4218 0.5658 0.4099 0.5658
7 0.3442 0.3924 0.3889 0.3924 0.3889 0.4352 0.3442 0.4352
9 0.5696 0.2855 0.6258 0.2855 0.6258 0.4817 0.5696 0.4817
9 0.4506 0.4123 0.4786 0.4123 0.4786 0.5489 0.4506 0.5489
9 0.3566 0.7318 0.3811 0.7318 0.3811 0.8586 0.3566 0.8586
9 0.6117 0.0482 0.7131 0.0482 0.7131 0.3374 0.6117 0.3374
12 0.2951 0.0680 0.3206 0.0680 0.3206 0.3412 0.2951 0.3412
12 0.7194 0.7871 0.7432 0.7871 0.7432 0.9053 0.7194 0.9053
12 0.4959 0.5059 0.5672 0.5059 0.5672 0.5129 0.4959 0.5129
12 0.2319 0.7950 0.2561 0.7950 0.2561 0.8878 0.2319 0.8878
13 0.8513 0.3171 0.8813 0.3171 0.8813 0.3441 0.8513 0.3441
13 0.5113 0.1170 0.5147 0.1170 0.5147 0.2250 0.5113 0.2250
13 0.6422 0.2012 0.6767 0.2012 0.6767 0.2280 0.6422 0.2280
13 0.6190 0.8346 0.6364 0.8346 0.6364 0.8418 0.6190 0.8418
15 0.0067 0.3391 0.0687 0.3391 0.0687 0.4221 0.0067 0.4221
15 0.1182 0.3094 0.2001 0.3094 0.2001 0.4594 0.1182 0.4594
15 0.2083 0.1404 0.2409 0.1404 0.2409 0.2024 0.2083 0.2024
15 0.4776 0.7815 0.5121 0.7815 0.5121 0.8477 0.4776 0.8477
