0 0.2466 0.2066 0.4114 0.2066 0.4114 0.7934 0.2466 0.7934
0 0.0816 0.1599 0.2718 0.1599 0.2718 0.7201 0.0816 0.7201
0 0.7840 0.2127 0.8477 0.2127 0.8477 0.4753 0.7840 0.4753
0 0.2826 0.4190 0.3809 0.4190 0.3809 0.6698 0.2826 0.6698
1 0.9070 0.4530 0.9116 0.4530 0.9116 0.4894 0.9070 0.4894
1 0.0110 0.6975 0.0181 0.6975 0.0181 0.7737 0.0110 0.7737
1 0.0828 0.6019 0.0941 0.6019 0.0941 0.7141 0.0828 0.7141
1 0.6974 0.5895 0.7171 0.5895 0.7171 0.5977 0.6974 0.5977
2 0.8351 0.3371 0.8429 0.3371 0.8429 0.3821 0.8351 0.3821
2 0.5737 0.3939 0.6094 0.3939 0.6094 0.4209 0.5737 0.4209
2 0.0217 0.6035 0.0569 0.6035 0.0569 0.7001 0.0217 0.7001
2 0.3450 0.1575 0.5055 0.1575 0.5055 0.2905 0.3450 0.2905
3 0.3302 0.5514 0.3387 0.5514 0.3387 0.6162 0.3302 0.6162
3 0.0773 0.8211 0.1727 0.8211 0.1727 0.8509 0.0773 0.8509
3 0.7711 0.9774 0.8575 0.9774 0.8575 0.9986 0.7711 0.9986
3 0.6800 0.5912 0.6863 0.5912 0.6863 0.6360 0.6800 0.6360
4 0.2022 0.8063 0.2103 0.8063 0.2103 0.8309 0.2022 0.8309
4 0.0699 0.1867 0.1395 0.1867 0.1395 0.2041 0.0699 0.2041
4 0.4631 0.8111 0.4726 0.8111 0.4726 0.9085 0.4631 0.9085
4 0.5774 0.6459 0.5875 0.6459 0.5875 0.6517 0.5774 0.6517
6 0.6414 0.6506 0.6634 0.6506 0.6634 0.6578 0.6414 0.6578
6 0.1403 0.8643 0.2926 0.8643 0.2926 0.9717 0.1403 0.9717
6 0.7437 0.4067 0.8540 0.4067 0.8540 0.4845 0.7437 0.4845
6 0.8426 0.4414 0.9940 0.4414 0.9940 0.5482 0.8426 0.5482
7 0.9251 0.5735 0.9675 0.5735 0.9675 0.5901 0.9251 0.5901
7 0.8974 0.6520 0.9049 0.6520 0.9049 0.6700 0.8974 0.6700
7 0.2777 0.2708 0.2886 0.2708 0.2886 0.3132 0.2777 0.3132
7 0.0600 0.9234 0.0737 0.9234 0.0737 0.9302 0.0600 0.9302
9 0.5122 0.8891 0.5346 0.8891 0.5346 0.9997 0.5122 0.9997
9 0.6293 0.3222 0.6907 0.3222 0.6907 0.6302 0.6293 0.6302
9 0.2014 0.4954 0.2512 0.4954 0.2512 0.7450 0.2014 0.7450
9 0.4563 0.6852 0.4892 0.6852 0.4892 0.8000 0.4563 0.8000
12 0.2622 0.0980 0.3198 0.0980 0.3198 0.6540 0.2622 0.6540
12 0.4716 0.4359 0.5058 0.4359 0.5058 0.7657 0.4716 0.7657
12 0.0193 0.0316 0.6107 0.0316 0.6107 0.1404 0.0193 0.1404
12 0.2425 0.3422 0.4683 0.3422 0.4683 0.3926 0.2425 0.3926
13 0.7536 0.0468 0.7641 0.0468 0.7641 0.0588 0.7536 0.0588
13 0.6293 0.8376 0.6395 0.8376 0.6395 0.8472 0.6293 0.8472
13 0.9834 0.1999 0.9889 0.1999 0.9889 0.2209 0.9834 0.2209
13 0.7662 0.7294 0.7723 0.7294 0.7723 0.9742 0.7662 0.9742
15 0.4771 0.0971 0.5184 0.0971 0.5184 0.1377 0.4771 0.1377
15 0.0842 0.8355 0.1249 0.8355 0.1249 0.8693 0.0842 0.8693
15 0.1168 0.5167 0.1358 0.5167 0.1358 0.5525 0.1168 0.5525
15 0.2630 0.3202 0.3210 0.3202 0.3210 0.3758 0.2630 0.3758
