7 0.433579 0.671257 0.472158 0.671257 0.472158 0.687747 0.433579 0.687747
7 0.516306 0.578649 0.532851 0.578649 0.532851 0.595062 0.516306 0.595062
7 0.387763 0.659714 0.410738 0.659714 0.410738 0.670381 0.387763 0.670381
12 0.386802 0.480988 0.496267 0.480988 0.496267 0.512125 0.386802 0.512125
1 0.357984 0.480624 0.372131 0.480624 0.372131 0.509320 0.357984 0.509320
1 0.354024 0.275169 0.362258 0.275169 0.362258 0.293972 0.354024 0.293972
2 0.240408 0.526058 0.333443 0.526058 0.333443 0.660154 0.240408 0.660154
0 0.240704 0.424233 0.281593 0.424233 0.281593 0.525220 0.240704 0.525220
0 0.239940 0.273305 0.353204 0.273305 0.353204 0.424716 0.239940 0.424716
7 0.619042 0.538696 0.649906 0.538696 0.649906 0.555571 0.619042 0.555571
7 0.619042 0.556156 0.654021 0.556156 0.654021 0.570415 0.619042 0.570415
7 0.620287 0.318756 0.644465 0.318756 0.644465 0.340581 0.620287 0.340581
7 0.515178 0.362407 0.531983 0.362407 0.531983 0.376229 0.515178 0.376229
7 0.618900 0.360949 0.645647 0.360949 0.645647 0.376956 0.618900 0.376956
7 0.620151 0.402420 0.652730 0.402420 0.652730 0.420120 0.620151 0.420120
7 0.620100 0.434673 0.649420 0.434673 0.649420 0.451402 0.620100 0.451402
2 0.282025 0.425652 0.352449 0.425652 0.352449 0.458581 0.282025 0.458581
2 0.282512 0.458914 0.358192 0.458914 0.358192 0.524327 0.282512 0.524327
2 0.362083 0.346623 0.362391 0.471385 0.353715 0.471428 0.353407 0.346666
7 0.619042 0.576815 0.646203 0.576815 0.646203 0.596024 0.619042 0.596024
13 0.282204 0.504570 0.288434 0.504570 0.288434 0.523450 0.282204 0.523450
9 0.362122 0.346080 0.398283 0.346080 0.398283 0.530457 0.362122 0.530457
