13 0.8786 0.0036 0.9141 0.0036 0.9141 0.0272 0.8786 0.0272
2 0.4434 0.1466 0.5276 0.1466 0.5276 0.2161 0.4434 0.2161
4 0.1633 0.6702 0.2150 0.6702 0.2150 0.7031 0.1633 0.7031
2 0.6640 0.1920 0.7242 0.1920 0.7242 0.3806 0.6640 0.3806
4 0.8444 0.0852 0.8687 0.0852 0.8687 0.0985 0.8444 0.0985
7 0.7127 0.5653 0.7289 0.5653 0.7289 0.5735 0.7127 0.5735
7 0.0599 0.3948 0.3330 0.3948 0.3330 0.5849 0.0599 0.5849
7 0.6417 0.3522 0.7550 0.3522 0.7550 0.4284 0.6417 0.4284
15 0.2398 0.0732 0.3301 0.0732 0.3301 0.1436 0.2398 0.1436
7 0.0209 0.0160 0.1855 0.0160 0.1855 0.1255 0.0209 0.1255
7 0.7448 0.7047 0.7708 0.7047 0.7708 0.7279 0.7448 0.7279
7 0.5874 0.2672 0.6246 0.2672 0.6246 0.3392 0.5874 0.3392
7 0.3779 0.3881 0.3852 0.3881 0.3852 0.3963 0.3779 0.3963
7 0.3437 0.1478 0.4006 0.1478 0.4006 0.2170 0.3437 0.2170
7 0.1650 0.7170 0.2099 0.7170 0.2099 0.7573 0.1650 0.7573
2 0.6105 0.4423 0.7217 0.4423 0.7217 0.5248 0.6105 0.5248
4 0.2403 0.3836 0.2501 0.3836 0.2501 0.3921 0.2403 0.3921
7 0.4493 0.7427 0.5327 0.7427 0.5327 0.7799 0.4493 0.7799
7 0.5827 0.5992 0.6062 0.5992 0.6062 0.6134 0.5827 0.6134
4 0.5327 0.8546 0.5468 0.8546 0.5468 0.8975 0.5327 0.8975
4 0.0304 0.7781 0.0492 0.7781 0.0492 0.7905 0.0304 0.7905
7 0.0312 0.7479 0.0731 0.7479 0.0731 0.7651 0.0312 0.7651
12 0.7674 0.4265 0.8940 0.4265 0.8940 0.4804 0.7674 0.4804
7 0.0522 0.6493 0.0718 0.6493 0.0718 0.6696 0.0522 0.6696
1 0.1505 0.5015 0.1740 0.5015 0.1740 0.5242 0.1505 0.5242
4 0.3416 0.4683 0.3493 0.4683 0.3493 0.4734 0.3416 0.4734
2 0.7713 0.8123 0.8965 0.8123 0.8965 0.8788 0.7713 0.8788
0 0.2471 0.2409 0.7354 0.2409 0.7354 0.5686 0.2471 0.5686
7 0.7867 0.4997 0.8350 0.4997 0.8350 0.5402 0.7867 0.5402
15 0.8546 0.7086 0.9243 0.7086 0.9243 0.7449 0.8546 0.7449
13 0.2954 0.4317 0.3155 0.4317 0.3155 0.4447 0.2954 0.4447
7 0.7118 0.4510 0.7268 0.4510 0.7268 0.4631 0.7118 0.4631
12 0.7691 0.3661 0.8226 0.3661 0.8226 0.4072 0.7691 0.4072
0 0.4297 0.8144 0.6426 0.8144 0.6426 0.9849 0.4297 0.9849
7 0.6704 0.6206 0.7161 0.6206 0.7161 0.6684 0.6704 0.6684
6 0.3873 0.5124 0.4391 0.5124 0.4391 0.5493 0.3873 0.5493
7 0.2240 0.6868 0.3168 0.6868 0.3168 0.7597 0.2240 0.7597
2 0.7567 0.4247 0.9936 0.4247 0.9936 0.5662 0.7567 0.5662
2 0.2835 0.0562 0.4750 0.0562 0.4750 0.2636 0.2835 0.2636
7 0.8820 0.2721 0.9004 0.2721 0.9004 0.2860 0.8820 0.2860
7 0.0945 0.3226 0.2206 0.3226 0.2206 0.3842 0.0945 0.3842
7 0.4964 0.1904 0.5780 0.1904 0.5780 0.2455 0.4964 0.2455
7 0.8290 0.6194 0.8529 0.6194 0.8529 0.6385 0.8290 0.6385
2 0.3591 0.1143 0.4160 0.1143 0.4160 0.1342 0.3591 0.1342
2 0.4912 0.0922 0.5331 0.0922 0.5331 0.1306 0.4912 0.1306
