7 0.7696 0.7683 0.7938 0.7683 0.7938 0.8345 0.7696 0.8345
7 0.2101 0.6426 0.2796 0.6426 0.2796 0.7914 0.2101 0.7914
7 0.4589 0.2634 0.4807 0.2634 0.4807 0.2984 0.4589 0.2984
7 0.0880 0.0962 0.1167 0.0962 0.1167 0.1548 0.0880 0.1548
4 0.7660 0.6469 0.7799 0.6469 0.7799 0.6593 0.7660 0.6593
7 0.0447 0.8786 0.0599 0.8786 0.0599 0.9021 0.0447 0.9021
2 0.1726 0.4066 0.3289 0.4066 0.3289 0.5767 0.1726 0.5767
12 0.7929 0.3707 0.8117 0.3707 0.8117 0.4301 0.7929 0.4301
7 0.1569 0.5648 0.1717 0.5648 0.1717 0.5947 0.1569 0.5947
2 0.4788 0.6045 0.4985 0.6045 0.4985 0.6276 0.4788 0.6276
4 0.2932 0.6161 0.3102 0.6161 0.3102 0.6396 0.2932 0.6396
13 0.6747 0.0650 0.6932 0.0650 0.6932 0.0868 0.6747 0.0868
4 0.5054 0.3134 0.5351 0.3134 0.5351 0.3442 0.5054 0.3442
4 0.1215 0.7097 0.1421 0.7097 0.1421 0.7383 0.1215 0.7383
7 0.5692 0.6327 0.5798 0.6327 0.5798 0.6434 0.5692 0.6434
0 0.2881 0.1449 0.6300 0.1449 0.6300 0.5498 0.2881 0.5498
7 0.5051 0.3536 0.5934 0.3536 0.5934 0.4361 0.5051 0.4361
15 0.4894 0.7982 0.6061 0.7982 0.6061 0.9513 0.4894 0.9513
7 0.9882 0.4382 0.9973 0.4382 0.9973 0.4558 0.9882 0.4558
2 0.7282 0.1180 0.7648 0.1180 0.7648 0.1697 0.7282 0.1697
7 0.2833 0.2591 0.2938 0.2591 0.2938 0.2941 0.2833 0.2941
7 0.0190 0.6866 0.0484 0.6866 0.0484 0.7161 0.0190 0.7161
2 0.6796 0.6161 0.7146 0.6161 0.7146 0.6490 0.6796 0.6490
7 0.7839 0.2629 0.8307 0.2629 0.8307 0.3407 0.7839 0.3407
7 0.4927 0.0633 0.5178 0.0633 0.5178 0.0889 0.4927 0.0889
4 0.9722 0.4767 0.9897 0.4767 0.9897 0.5011 0.9722 0.5011
7 0.6590 0.3219 0.6708 0.3219 0.6708 0.3442 0.6590 0.3442
13 0.0175 0.3617 0.0565 0.3617 0.0565 0.4036 0.0175 0.4036
7 0.5973 0.6302 0.6327 0.6302 0.6327 0.6990 0.5973 0.6990
13 0.0290 0.8149 0.0883 0.8149 0.0883 0.8726 0.0290 0.8726
0 0.4695 0.1355 0.8398 0.1355 0.8398 0.7935 0.4695 0.7935
12 0.4761 0.0000 0.6109 0.0000 0.6109 0.0577 0.4761 0.0577
7 0.6944 0.8880 0.7074 0.8880 0.7074 0.9607 0.6944 0.9607
7 0.4807 0.6888 0.4873 0.6888 0.4873 0.7050 0.4807 0.7050
7 0.9214 0.3724 0.9637 0.3724 0.9637 0.4335 0.9214 0.4335
7 0.7609 0.1086 0.7908 0.1086 0.7908 0.1650 0.7609 0.1650
7 0.8156 0.2121 0.8594 0.2121 0.8594 0.2296 0.8156 0.2296
7 0.3150 0.1706 0.3226 0.1706 0.3226 0.1800 0.3150 0.1800
7 0.7772 0.4887 0.8301 0.4887 0.8301 0.5562 0.7772 0.5562
7 0.4873 0.1680 0.5079 0.1680 0.5079 0.2022 0.4873 0.2022
6 0.4556 0.6178 0.5190 0.6178 0.5190 0.6815 0.4556 0.6815
7 0.0375 0.7952 0.0889 0.7952 0.0889 0.8658 0.0375 0.8658
7 0.5783 0.8345 0.6025 0.8345 0.6025 0.8841 0.5783 0.8841
4 0.5985 0.8516 0.6106 0.8516 0.6106 0.8679 0.5985 0.8679
12 0.3222 0.8405 0.3673 0.8405 0.3673 0.9953 0.3222 0.9953
