0 0.7581 0.5403 0.8734 0.5573 0.8553 0.7985 0.7400 0.7815
0 0.4943 0.3372 0.4989 0.7024 0.3165 0.7068 0.3120 0.3416
0 0.8419 0.4765 0.5756 0.2866 0.6704 0.0259 0.9367 0.2158
0 0.2909 0.3216 0.1521 0.4966 0.0488 0.3360 0.1876 0.1610
1 0.8218 0.9501 0.8145 0.9439 0.8213 0.9279 0.8287 0.9341
1 0.0544 0.6993 0.0490 0.7105 0.0302 0.6927 0.0356 0.6815
1 0.5430 0.9968 0.5459 0.9775 0.5478 0.9780 0.5449 0.9973
1 0.6082 0.6647 0.6123 0.6579 0.6495 0.7017 0.6454 0.7085
2 0.8447 0.9243 0.8819 0.9306 0.8798 0.9537 0.8427 0.9474
2 0.4787 0.0433 0.4714 0.0326 0.4790 0.0223 0.4863 0.0330
2 0.1668 0.5924 0.2244 0.7120 0.1770 0.7568 0.1193 0.6372
2 0.7319 0.6441 0.7096 0.7109 0.6799 0.6915 0.7021 0.6247
3 0.5685 0.8530 0.6726 0.8479 0.6732 0.8734 0.5692 0.8785
3 0.1948 0.5218 0.2030 0.5003 0.2458 0.5322 0.2376 0.5537
3 0.5454 0.2989 0.5289 0.2278 0.5375 0.2239 0.5540 0.2950
3 0.3485 0.8059 0.4479 0.7255 0.4575 0.7489 0.3581 0.8293
4 0.9678 0.6855 0.9755 0.7133 0.9719 0.7153 0.9643 0.6875
4 0.0101 0.5926 0.0136 0.5966 0.0048 0.6118 0.0013 0.6078
4 0.0750 0.5988 0.0841 0.5479 0.0981 0.5528 0.0891 0.6037
4 0.3004 0.6756 0.2893 0.7120 0.2805 0.7068 0.2915 0.6704
6 0.2388 0.6896 0.2744 0.6896 0.2744 0.7396 0.2388 0.7396
6 0.6042 0.7191 0.6770 0.7191 0.6770 0.7533 0.6042 0.7533
6 0.4325 0.2938 0.3856 0.0789 0.4629 0.0458 0.5098 0.2607
6 0.2416 0.5972 0.2606 0.6058 0.2544 0.6328 0.2354 0.6242
7 0.0732 0.7247 0.0368 0.9642 0.0122 0.9569 0.0486 0.7174
7 0.2532 0.7594 0.2554 0.7630 0.2505 0.7690 0.2483 0.7654
7 0.5133 0.8240 0.5358 0.8393 0.5318 0.8508 0.5093 0.8355
7 0.3182 0.0219 0.3328 0.0183 0.3426 0.0961 0.3280 0.0997
9 0.3276 0.8818 0.3154 0.9893 0.2942 0.9846 0.3063 0.8771
9 0.6865 0.8988 0.7765 0.8004 0.8053 0.8520 0.7152 0.9504
9 0.3647 0.1376 0.3410 0.3081 0.3125 0.3004 0.3361 0.1299
12 0.9439 0.9149 0.9328 0.8964 0.9796 0.8415 0.9906 0.8600
12 0.0624 0.1054 0.0130 0.1265 0.0082 0.1046 0.0576 0.0835
13 0.3082 0.8418 0.3129 0.8367 0.3169 0.8438 0.3122 0.8489
13 0.9605 0.6196 0.9530 0.6016 0.9575 0.5980 0.9650 0.6160
13 0.9874 0.2646 0.9716 0.2392 0.9809 0.2278 0.9967 0.2532
13 0.1161 0.7690 0.2007 0.9206 0.1802 0.9430 0.0956 0.7914
15 0.5079 0.5669 0.5621 0.4763 0.6153 0.5387 0.5610 0.6293
15 0.4285 0.8307 0.4592 0.9084 0.4061 0.9497 0.3753 0.8720
15 0.9401 0.8357 0.8850 0.7997 0.9061 0.7363 0.9612 0.7723
