0 0.7292 0.2077 0.6951 0.1177 0.7436 0.0815 0.7778 0.1715
0 0.7641 0.8529 0.6950 0.6630 0.8070 0.5831 0.8761 0.7730
0 0.3887 0.4002 0.2855 0.5990 0.1082 0.4186 0.2114 0.2198
0 0.3950 0.9398 0.4002 0.7326 0.4578 0.7354 0.4527 0.9426
1 0.2426 0.1401 0.2417 0.1492 0.1820 0.1375 0.1829 0.1284
1 0.5160 0.0338 0.4993 0.0325 0.4994 0.0282 0.5161 0.0295
1 0.0168 0.5780 0.0116 0.5608 0.0192 0.5564 0.0244 0.5736
1 0.2029 0.9459 0.2000 0.9477 0.1925 0.9241 0.1954 0.9223
2 0.4694 0.6028 0.6636 0.6314 0.6540 0.7580 0.4599 0.7294
2 0.3489 0.9322 0.3515 0.9556 0.3271 0.9610 0.3245 0.9376
2 0.5905 0.1936 0.6385 0.1679 0.6435 0.1860 0.5955 0.2117
3 0.3632 0.7260 0.3565 0.7273 0.3517 0.6796 0.3584 0.6783
3 0.1915 0.0263 0.2798 0.0371 0.2785 0.0581 0.1902 0.0473
3 0.8877 0.4170 0.8094 0.2766 0.8269 0.2574 0.9052 0.3978
3 0.5022 0.9351 0.5194 0.8651 0.5315 0.8709 0.5143 0.9409
4 0.5091 0.9872 0.4954 0.9651 0.5006 0.9588 0.5143 0.9809
4 0.0301 0.2657 0.0136 0.2657 0.0136 0.1131 0.0301 0.1131
4 0.9036 0.0905 0.8911 0.0656 0.9227 0.0347 0.9352 0.0596
4 0.2423 0.0722 0.2325 0.1045 0.2211 0.0978 0.2309 0.0655
6 0.5812 0.4118 0.4829 0.4166 0.4759 0.1394 0.5743 0.1346
6 0.7975 0.3469 0.6712 0.4410 0.6373 0.3519 0.7637 0.2578
6 0.4090 0.5765 0.4312 0.5555 0.4347 0.5627 0.4125 0.5837
6 0.3745 0.8907 0.3904 0.9550 0.3797 0.9601 0.3639 0.8958
7 0.0801 0.6590 0.0690 0.6360 0.1073 0.5998 0.1184 0.6228
7 0.9993 0.7121 0.9581 0.7365 0.9167 0.5999 0.9579 0.5755
7 0.0169 0.8960 0.0002 0.8458 0.1194 0.7680 0.1361 0.8182
7 0.7511 0.2512 0.7483 0.2398 0.7721 0.2284 0.7749 0.2398
9 0.2936 0.8857 0.2319 0.7004 0.2861 0.6651 0.3478 0.8504
9 0.9385 0.1248 0.9907 0.1222 0.9952 0.3044 0.9430 0.3070
12 0.6463 0.8050 0.6007 0.7805 0.6063 0.7602 0.6518 0.7847
12 0.4002 0.1178 0.3310 0.0662 0.3415 0.0386 0.4107 0.0902
12 0.3479 0.1545 0.2601 0.1328 0.2612 0.1243 0.3490 0.1460
13 0.9429 0.9549 0.9042 0.8683 0.9288 0.8467 0.9675 0.9333
13 0.6384 0.0161 0.6355 0.0389 0.5862 0.0267 0.5891 0.0039
13 0.6575 0.9234 0.6461 0.9453 0.6419 0.9410 0.6533 0.9191
13 0.0838 0.3130 0.0843 0.3222 0.0799 0.3226 0.0794 0.3134
15 0.8302 0.1987 0.8575 0.2055 0.8527 0.2441 0.8253 0.2373
15 0.9402 0.3693 0.9614 0.3375 0.9921 0.3775 0.9709 0.4093
15 0.7223 0.9238 0.7481 0.8659 0.7772 0.8914 0.7513 0.9493
15 0.7129 0.0593 0.6914 0.0760 0.6754 0.0355 0.6969 0.0188
