0 0.2139 0.6966 0.5150 0.1942 0.5784 0.2686 0.2773 0.7710
0 0.6336 0.2064 0.8325 0.1722 0.8390 0.2460 0.6401 0.2802
0 0.8044 0.7588 0.7184 0.8050 0.6708 0.6312 0.7567 0.5850
0 0.6491 0.4335 0.6980 0.3148 0.8764 0.4589 0.8274 0.5776
1 0.8465 0.7041 0.8407 0.7011 0.8601 0.6267 0.8658 0.6297
1 0.1754 0.6814 0.1845 0.6763 0.1940 0.7094 0.1849 0.7145
1 0.1833 0.7320 0.1905 0.7275 0.1924 0.7336 0.1853 0.7381
1 0.0241 0.8782 0.0062 0.8380 0.0156 0.8298 0.0335 0.8700
2 0.0965 0.4512 0.0490 0.2467 0.0795 0.2328 0.1270 0.4373
2 0.0488 0.0490 0.0965 0.0234 0.1323 0.1542 0.0847 0.1798
2 0.3567 0.8809 0.3412 0.9253 0.2893 0.8899 0.3048 0.8455
2 0.8707 0.1444 0.8585 0.1135 0.8667 0.1072 0.8789 0.1381
3 0.9337 0.4555 0.9869 0.5846 0.9663 0.6013 0.9131 0.4722
3 0.8335 0.0890 0.8254 0.0916 0.8150 0.0290 0.8232 0.0264
3 0.1038 0.6848 0.0748 0.5517 0.0956 0.5428 0.1247 0.6759
3 0.0584 0.6568 0.0206 0.5686 0.0313 0.5596 0.0691 0.6478
4 0.3539 0.1810 0.3676 0.1806 0.3678 0.1910 0.3541 0.1914
4 0.6607 0.0876 0.6528 0.0435 0.6585 0.0416 0.6663 0.0857
4 0.1156 0.2297 0.1148 0.2175 0.1244 0.2163 0.1252 0.2285
4 0.5830 0.5047 0.5964 0.4951 0.5987 0.5013 0.5853 0.5109
6 0.4950 0.8872 0.5351 0.8291 0.5630 0.8668 0.5229 0.9249
6 0.7188 0.1601 0.7171 0.0207 0.7672 0.0195 0.7689 0.1589
6 0.3127 0.0447 0.3198 0.1581 0.2384 0.1681 0.2313 0.0547
6 0.3887 0.0827 0.4002 0.0682 0.4107 0.0845 0.3992 0.0990
7 0.1488 0.8633 0.1666 0.8438 0.2358 0.9679 0.2180 0.9874
7 0.9610 0.8223 0.9554 0.8292 0.9388 0.8033 0.9443 0.7964
7 0.7829 0.8047 0.8172 0.8528 0.7186 0.9909 0.6842 0.9428
7 0.0866 0.8393 0.0655 0.8585 0.0385 0.8003 0.0596 0.7811
9 0.4204 0.0310 0.5560 0.0543 0.5522 0.0982 0.4165 0.0749
9 0.9188 0.3189 0.8983 0.2964 0.9557 0.1935 0.9763 0.2160
9 0.9319 0.7706 0.9698 0.6888 0.9833 0.7010 0.9454 0.7828
12 0.6220 0.7777 0.5954 0.7535 0.6428 0.6511 0.6695 0.6753
13 0.9561 0.9060 0.8603 0.9684 0.8579 0.9612 0.9537 0.8988
13 0.4762 0.8762 0.4912 0.8847 0.4847 0.9074 0.4696 0.8989
13 0.0022 0.5199 0.0274 0.4535 0.0304 0.4557 0.0052 0.5221
13 0.2063 0.4286 0.1956 0.4425 0.1360 0.3530 0.1467 0.3391
15 0.5143 0.1824 0.4757 0.1386 0.4971 0.1016 0.5357 0.1454
15 0.8164 0.1700 0.8153 0.1415 0.8362 0.1400 0.8373 0.1685
15 0.0968 0.5129 0.1297 0.4652 0.1504 0.4931 0.1174 0.5408
