0 0.6081 0.7173 0.5504 0.4358 0.9167 0.2887 0.9744 0.5702
0 0.4997 0.1308 0.5319 0.0730 0.6535 0.2060 0.6212 0.2638
0 0.1854 0.6580 0.1303 0.9921 0.0374 0.9620 0.0925 0.6279
0 0.2757 0.3303 0.3341 0.3584 0.2714 0.6133 0.2130 0.5852
1 0.3286 0.7896 0.3220 0.8478 0.2471 0.8312 0.2537 0.7730
1 0.1259 0.2624 0.1406 0.2734 0.1358 0.2860 0.1211 0.2750
1 0.0327 0.4852 0.0394 0.4998 0.0330 0.5056 0.0263 0.4910
1 0.3900 0.2282 0.3919 0.2144 0.4678 0.2350 0.4658 0.2488
2 0.3497 0.2354 0.2285 0.2176 0.2329 0.1594 0.3541 0.1772
2 0.4632 0.5625 0.4079 0.3377 0.4491 0.3179 0.5044 0.5427
2 0.2099 0.6208 0.2386 0.6583 0.2292 0.6724 0.2005 0.6349
3 0.7630 0.7954 0.7685 0.7920 0.7810 0.8310 0.7755 0.8344
3 0.4324 0.8957 0.4140 0.7844 0.4279 0.7799 0.4463 0.8912
3 0.0262 0.3214 0.0376 0.2074 0.0558 0.2110 0.0444 0.3250
3 0.8620 0.8502 0.8889 0.8248 0.8935 0.8342 0.8665 0.8596
4 0.3162 0.1089 0.4382 0.0663 0.4412 0.0835 0.3192 0.1261
4 0.8125 0.0915 0.9672 0.2020 0.9618 0.2169 0.8070 0.1064
4 0.3884 0.8390 0.3864 0.8612 0.3808 0.8602 0.3827 0.8380
4 0.8851 0.2794 0.8788 0.2578 0.8881 0.2526 0.8943 0.2742
6 0.3447 0.8105 0.3354 0.7493 0.3793 0.7363 0.3886 0.7975
6 0.1042 0.2924 0.1443 0.3859 0.1218 0.4048 0.0817 0.3113
6 0.5207 0.8312 0.5017 0.8089 0.5053 0.8028 0.5243 0.8251
6 0.7092 0.2433 0.6617 0.1912 0.7365 0.0571 0.7841 0.1092
7 0.1948 0.6896 0.2192 0.6811 0.2212 0.6924 0.1968 0.7009
7 0.7768 0.9770 0.7769 0.9858 0.7595 0.9862 0.7594 0.9774
7 0.1815 0.0818 0.1745 0.0949 0.1510 0.0702 0.1581 0.0571
7 0.2081 0.4658 0.2042 0.4809 0.1870 0.4722 0.1910 0.4571
9 0.6430 0.9134 0.7010 0.7311 0.7316 0.7502 0.6736 0.9325
9 0.6372 0.9918 0.5342 0.9817 0.5359 0.9478 0.6389 0.9579
9 0.5110 0.5734 0.5040 0.6660 0.4590 0.6594 0.4660 0.5668
9 0.5629 0.7563 0.5325 0.7710 0.5254 0.7421 0.5558 0.7274
12 0.8861 0.7760 0.8049 0.8086 0.7959 0.7644 0.8771 0.7318
12 0.2288 0.8487 0.2461 0.8644 0.2063 0.9501 0.1890 0.9344
12 0.4503 0.1360 0.4503 0.1460 0.2725 0.1460 0.2725 0.1360
13 0.4692 0.6780 0.3633 0.6962 0.3625 0.6868 0.4684 0.6686
13 0.4463 0.2895 0.4423 0.3049 0.4351 0.3013 0.4391 0.2859
13 0.0887 0.1779 0.1045 0.1672 0.1081 0.1777 0.0924 0.1884
15 0.1106 0.4770 0.1037 0.5269 0.0671 0.5170 0.0741 0.4671
15 0.4622 0.9724 0.4143 0.9368 0.4298 0.8960 0.4777 0.9316
15 0.9094 0.8047 0.9751 0.7983 0.9789 0.8753 0.9132 0.8817
