0 0.7492 0.3515 0.4575 0.3729 0.4548 0.3009 0.7465 0.2795
0 0.7183 0.5023 0.7393 0.5148 0.6548 0.7933 0.6339 0.7808
0 0.1211 0.7003 0.2430 0.6171 0.2921 0.7581 0.1702 0.8413
1 0.8689 0.2923 0.8704 0.2941 0.8623 0.3077 0.8607 0.3059
1 0.6717 0.4893 0.6705 0.4826 0.7000 0.4723 0.7012 0.4790
1 0.9776 0.6460 0.9883 0.6754 0.9504 0.7024 0.9397 0.6730
1 0.1562 0.2435 0.1623 0.2658 0.1395 0.2781 0.1334 0.2558
2 0.4303 0.7789 0.4133 0.8324 0.3194 0.7739 0.3364 0.7204
2 0.3770 0.4302 0.3302 0.5705 0.2262 0.5026 0.2729 0.3623
2 0.8723 0.5326 0.8399 0.5406 0.8334 0.4886 0.8658 0.4806
2 0.3869 0.2106 0.3666 0.3445 0.3171 0.3298 0.3374 0.1959
3 0.5047 0.5091 0.5786 0.6023 0.5670 0.6205 0.4931 0.5273
3 0.2212 0.9621 0.2192 0.9793 0.1571 0.9655 0.1591 0.9483
3 0.8602 0.9289 0.8534 0.9286 0.8561 0.8191 0.8629 0.8194
3 0.6666 0.4434 0.6657 0.4798 0.6594 0.4794 0.6603 0.4430
4 0.0389 0.4439 0.0412 0.4459 0.0351 0.4601 0.0328 0.4581
4 0.4465 0.0712 0.4636 0.0635 0.4746 0.1112 0.4576 0.1189
4 0.9780 0.0870 0.9679 0.0643 0.9763 0.0570 0.9864 0.0797
4 0.4939 0.4520 0.4862 0.4638 0.4376 0.4024 0.4452 0.3906
6 0.6983 0.2782 0.5587 0.1255 0.6137 0.0270 0.7533 0.1797
6 0.1258 0.5448 0.0742 0.4903 0.1525 0.3448 0.2041 0.3993
6 0.2365 0.2053 0.1754 0.2023 0.1761 0.1735 0.2372 0.1765
7 0.4529 0.8159 0.4712 0.8218 0.4600 0.8897 0.4417 0.8838
7 0.8639 0.7978 0.8454 0.7492 0.9084 0.7022 0.9269 0.7508
7 0.2470 0.8767 0.2540 0.8536 0.2953 0.8781 0.2883 0.9012
7 0.8568 0.3335 0.8572 0.3377 0.8389 0.3413 0.8385 0.3371
9 0.8258 0.3140 0.8251 0.2582 0.8522 0.2576 0.8529 0.3134
9 0.6645 0.9752 0.6673 0.9186 0.8364 0.9352 0.8336 0.9918
9 0.7602 0.1225 0.7811 0.0502 0.9098 0.1231 0.8889 0.1954
12 0.1554 0.0529 0.1493 0.0969 0.0631 0.0735 0.0692 0.0295
12 0.4059 0.2366 0.4263 0.2295 0.4413 0.3134 0.4208 0.3205
12 0.4767 0.8645 0.4846 0.8234 0.6510 0.8859 0.6431 0.9270
13 0.3944 0.5249 0.3925 0.5177 0.3999 0.5139 0.4018 0.5211
13 0.4607 0.7629 0.4348 0.7604 0.4356 0.7443 0.4615 0.7468
13 0.0268 0.2772 0.0310 0.2652 0.0486 0.2772 0.0444 0.2892
13 0.4698 0.1810 0.4701 0.1832 0.3888 0.2074 0.3885 0.2052
15 0.9314 0.3785 0.9472 0.3700 0.9555 0.4003 0.9397 0.4088
15 0.0261 0.8909 0.0176 0.8354 0.0657 0.8211 0.0741 0.8766
15 0.8418 0.6410 0.8314 0.6550 0.8179 0.6354 0.8283 0.6214
