0 0.2874 0.6024 0.3076 0.5288 0.3835 0.5696 0.3633 0.6432
0 0.1314 0.2409 0.1108 0.1250 0.2343 0.0819 0.2549 0.1978
0 0.5497 0.7814 0.4385 0.2387 0.6132 0.1686 0.7243 0.7113
0 0.2019 0.3899 0.2927 0.3534 0.3076 0.4261 0.2168 0.4626
1 0.9585 0.0315 0.9650 0.0291 0.9783 0.0989 0.9719 0.1013
1 0.1819 0.5035 0.1844 0.4979 0.2130 0.5229 0.2104 0.5285
1 0.6722 0.9408 0.6714 0.9378 0.7009 0.9220 0.7017 0.9250
1 0.0570 0.7426 0.0592 0.7437 0.0481 0.7866 0.0459 0.7855
2 0.7785 0.2282 0.8096 0.0043 0.8430 0.0134 0.8119 0.2373
2 0.9453 0.4894 0.9893 0.7039 0.9238 0.7302 0.8799 0.5157
2 0.3602 0.4092 0.3944 0.3888 0.3995 0.4056 0.3653 0.4260
3 0.1916 0.9225 0.0974 0.8432 0.1098 0.8143 0.2040 0.8936
3 0.0144 0.3464 0.0481 0.3846 0.0433 0.3928 0.0096 0.3546
3 0.1900 0.6807 0.1903 0.7044 0.1043 0.7065 0.1040 0.6828
3 0.0856 0.8441 0.0099 0.8330 0.0119 0.8067 0.0875 0.8178
4 0.8177 0.5326 0.8081 0.5085 0.8183 0.5006 0.8279 0.5247
4 0.9055 0.1042 0.8990 0.0678 0.9091 0.0642 0.9156 0.1006
4 0.0736 0.4465 0.0317 0.4403 0.0324 0.4315 0.0743 0.4377
4 0.2461 0.7793 0.2360 0.7785 0.2362 0.7731 0.2463 0.7739
6 0.3901 0.3623 0.3722 0.3812 0.3585 0.3557 0.3764 0.3368
6 0.6738 0.1109 0.6533 0.1261 0.6508 0.1195 0.6713 0.1043
6 0.0864 0.5049 0.0734 0.4896 0.0845 0.4711 0.0975 0.4864
6 0.7710 0.2962 0.7974 0.2370 0.8824 0.3114 0.8560 0.3706
7 0.6364 0.9535 0.6245 0.9592 0.6056 0.8825 0.6175 0.8768
7 0.4280 0.9042 0.4376 0.9306 0.4315 0.9350 0.4219 0.9086
7 0.7931 0.7619 0.8155 0.7619 0.8155 0.8321 0.7931 0.8321
7 0.3069 0.9220 0.2813 0.9258 0.2754 0.8468 0.3010 0.8430
9 0.8606 0.1727 0.9586 0.1799 0.9565 0.2361 0.8585 0.2289
9 0.3353 0.1582 0.4160 0.1681 0.4112 0.2450 0.3305 0.2351
9 0.4901 0.8071 0.5946 0.9135 0.5771 0.9473 0.4725 0.8409
12 0.8764 0.6824 0.8434 0.8093 0.8188 0.7968 0.8517 0.6699
12 0.0940 0.2784 0.0701 0.2790 0.0677 0.0888 0.0917 0.0882
13 0.1088 0.5913 0.0730 0.5878 0.0746 0.5555 0.1104 0.5590
13 0.8614 0.4201 0.8707 0.4028 0.8771 0.4095 0.8678 0.4268
13 0.6403 0.1383 0.6402 0.1473 0.6245 0.1469 0.6246 0.1379
13 0.1005 0.4628 0.1074 0.4018 0.1263 0.4060 0.1194 0.4670
15 0.3059 0.6888 0.3341 0.6579 0.3644 0.7120 0.3361 0.7429
15 0.3990 0.5228 0.3484 0.5012 0.3613 0.4424 0.4118 0.4640
15 0.4268 0.8018 0.3856 0.7987 0.3877 0.7414 0.4290 0.7445
15 0.6109 0.0719 0.6295 0.0938 0.6131 0.1213 0.5945 0.0994
