0 0.2540 0.7156 0.1332 0.8056 0.0651 0.6264 0.1860 0.5364
0 0.2749 0.3969 0.2041 0.4310 0.1282 0.1223 0.1990 0.0882
0 0.6364 0.1309 0.6232 0.2618 0.4836 0.2343 0.4968 0.1034
0 0.8832 0.2604 0.9836 0.4164 0.7491 0.7120 0.6487 0.5560
1 0.4164 0.1728 0.4105 0.1624 0.4676 0.1000 0.4735 0.1104
1 0.6157 0.0090 0.6178 0.0093 0.6166 0.0262 0.6145 0.0259
1 0.5328 0.9043 0.5424 0.8899 0.5487 0.8981 0.5391 0.9125
1 0.5834 0.4740 0.5909 0.4638 0.6426 0.5388 0.6351 0.5490
2 0.5501 0.9392 0.4816 0.9392 0.4816 0.9304 0.5501 0.9304
2 0.4383 0.7253 0.4026 0.4418 0.5169 0.4135 0.5526 0.6970
2 0.8824 0.2030 0.8234 0.2546 0.7459 0.0810 0.8049 0.0294
2 0.2950 0.9442 0.2173 0.9442 0.2173 0.8810 0.2950 0.8810
3 0.0972 0.4224 0.0770 0.4233 0.0731 0.2688 0.0933 0.2679
3 0.6906 0.7239 0.7464 0.8240 0.7343 0.8373 0.6784 0.7372
3 0.3663 0.0919 0.3565 0.1896 0.3448 0.1873 0.3546 0.0896
3 0.2590 0.0410 0.2702 0.0274 0.2972 0.0710 0.2861 0.0846
4 0.0257 0.9845 0.0145 0.9637 0.1023 0.8711 0.1135 0.8919
4 0.3303 0.8248 0.3226 0.8231 0.3280 0.7748 0.3357 0.7765
4 0.2141 0.0385 0.2088 0.0345 0.2147 0.0187 0.2201 0.0227
4 0.1589 0.8732 0.1601 0.9048 0.1331 0.9068 0.1319 0.8752
6 0.0549 0.1714 0.0193 0.2330 0.0045 0.2162 0.0401 0.1546
6 0.2075 0.8690 0.1896 0.8238 0.2005 0.8154 0.2184 0.8606
6 0.4791 0.7680 0.6217 0.7470 0.6292 0.8476 0.4866 0.8686
6 0.2088 0.5016 0.2285 0.4987 0.2306 0.5268 0.2109 0.5297
7 0.4005 0.1844 0.4196 0.2665 0.3995 0.2756 0.3804 0.1935
7 0.4288 0.9088 0.3511 0.8001 0.3883 0.7480 0.4660 0.8567
7 0.7098 0.1803 0.6857 0.1809 0.6842 0.0609 0.7083 0.0603
7 0.8118 0.8215 0.8316 0.8522 0.7682 0.9321 0.7484 0.9014
9 0.3189 0.7809 0.2870 0.7920 0.2683 0.6867 0.3001 0.6756
9 0.2822 0.2593 0.2912 0.2311 0.3612 0.2747 0.3522 0.3029
9 0.3748 0.3429 0.5289 0.2810 0.5412 0.3407 0.3871 0.4026
9 0.8631 0.7788 0.9023 0.7343 0.9772 0.8636 0.9379 0.9081
12 0.3429 0.5774 0.3106 0.5862 0.2751 0.3302 0.3074 0.3214
12 0.0237 0.0465 0.0343 0.0115 0.1252 0.0655 0.1146 0.1005
12 0.0572 0.7227 0.0475 0.7336 0.0191 0.6845 0.0288 0.6736
13 0.9502 0.1494 0.9833 0.1478 0.9840 0.1774 0.9510 0.1790
13 0.7083 0.8844 0.6604 0.9493 0.6308 0.9064 0.6788 0.8415
13 0.5714 0.5773 0.5697 0.5661 0.5866 0.5611 0.5883 0.5723
13 0.5780 0.4041 0.5615 0.4053 0.5611 0.3943 0.5776 0.3931
15 0.0853 0.5297 0.0262 0.4996 0.0441 0.4307 0.1032 0.4608
15 0.0572 0.3738 0.0156 0.3789 0.0126 0.3306 0.0541 0.3255
