0 0.2458 0.6475 0.1865 0.7056 0.1265 0.5857 0.1858 0.5276
0 0.6258 0.7437 0.5448 0.5304 0.7351 0.3887 0.8161 0.6020
0 0.2725 0.1206 0.3603 0.2838 0.1481 0.5078 0.0602 0.3446
0 0.4594 0.0996 0.5034 0.1138 0.4958 0.1604 0.4517 0.1462
1 0.3768 0.3195 0.3800 0.3170 0.3901 0.3425 0.3869 0.3450
1 0.4477 0.7640 0.4547 0.7811 0.3615 0.8564 0.3544 0.8393
1 0.5872 0.9022 0.6084 0.9085 0.6070 0.9174 0.5859 0.9111
1 0.5863 0.9597 0.5803 0.9438 0.6071 0.9239 0.6131 0.9398
2 0.4217 0.5236 0.3839 0.4760 0.4140 0.4292 0.4518 0.4768
2 0.9564 0.0222 0.9508 0.0628 0.9279 0.0566 0.9335 0.0160
2 0.8561 0.9289 0.8205 0.6724 0.8976 0.6515 0.9332 0.9080
2 0.6968 0.2184 0.8066 0.0143 0.8889 0.1012 0.7791 0.3053
3 0.1673 0.8454 0.0640 0.8093 0.0684 0.7846 0.1717 0.8207
3 0.3394 0.6056 0.3361 0.6113 0.2888 0.5576 0.2921 0.5519
3 0.7436 0.9845 0.7367 0.9769 0.7641 0.9279 0.7710 0.9355
3 0.6475 0.7937 0.5570 0.8160 0.5543 0.7939 0.6447 0.7716
4 0.0725 0.0799 0.0750 0.0754 0.1001 0.1029 0.0976 0.1074
4 0.9545 0.5845 0.9491 0.5691 0.9538 0.5659 0.9591 0.5813
4 0.6578 0.3055 0.6507 0.3112 0.6188 0.2337 0.6258 0.2280
4 0.0230 0.7100 0.0272 0.7112 0.0264 0.7164 0.0222 0.7152
6 0.1328 0.0617 0.0963 0.0441 0.0992 0.0323 0.1357 0.0499
6 0.4414 0.9706 0.3946 0.9881 0.3820 0.9222 0.4288 0.9047
6 0.0360 0.6063 0.0226 0.6233 0.0102 0.6041 0.0237 0.5871
7 0.7737 0.7784 0.7656 0.7716 0.7674 0.7676 0.7755 0.7744
7 0.7225 0.8471 0.7438 0.8644 0.7367 0.8817 0.7153 0.8644
7 0.1654 0.0365 0.1672 0.0079 0.1743 0.0087 0.1725 0.0373
7 0.6727 0.3212 0.6941 0.3091 0.7056 0.3488 0.6842 0.3609
9 0.8640 0.5084 0.9449 0.3466 0.9769 0.3780 0.8960 0.5398
9 0.6812 0.0612 0.6759 0.1464 0.5519 0.1312 0.5572 0.0460
9 0.4322 0.5518 0.4804 0.5974 0.4141 0.7350 0.3659 0.6894
12 0.5307 0.4437 0.5082 0.4454 0.5039 0.3315 0.5264 0.3298
12 0.8940 0.5720 0.8480 0.6021 0.8465 0.5976 0.8925 0.5675
12 0.4917 0.5159 0.5130 0.5190 0.5017 0.6689 0.4804 0.6658
12 0.4454 0.4013 0.4047 0.2358 0.4369 0.2203 0.4776 0.3858
13 0.2496 0.6824 0.2515 0.6772 0.3592 0.7540 0.3573 0.7592
13 0.0310 0.8857 0.0125 0.8538 0.0290 0.8351 0.0475 0.8670
13 0.9660 0.1815 0.9718 0.1711 0.9869 0.1877 0.9811 0.1981
13 0.0347 0.7765 0.0280 0.7570 0.1115 0.6999 0.1183 0.7194
15 0.2031 0.9210 0.2047 0.9635 0.1795 0.9654 0.1779 0.9229
15 0.4447 0.2185 0.3642 0.2046 0.3702 0.1363 0.4507 0.1502
15 0.7665 0.8840 0.7653 0.8366 0.7935 0.8352 0.7947 0.8826
15 0.5205 0.2621 0.4825 0.2070 0.5153 0.1627 0.5533 0.2178
