0 0.6336 0.5983 0.8017 0.8421 0.7710 0.8837 0.6028 0.6399
0 0.9303 0.0010 0.9529 0.0557 0.5817 0.3558 0.5591 0.3011
0 0.5155 0.1490 0.5155 0.5706 0.3050 0.5706 0.3050 0.1490
0 0.2110 0.5303 0.1336 0.5553 0.0779 0.2177 0.1553 0.1927
1 0.4326 0.6912 0.4340 0.6807 0.4917 0.6964 0.4903 0.7069
1 0.0548 0.9093 0.0704 0.8951 0.0743 0.9035 0.0588 0.9177
1 0.0458 0.8624 0.0451 0.8705 0.0096 0.8644 0.0103 0.8563
1 0.1280 0.0726 0.1341 0.0728 0.1331 0.1522 0.1270 0.1520
2 0.7082 0.5472 0.6908 0.5289 0.7309 0.4544 0.7483 0.4727
2 0.4451 0.8806 0.3288 0.8720 0.3323 0.7774 0.4486 0.7860
2 0.5927 0.5358 0.5891 0.4628 0.6402 0.4578 0.6438 0.5308
2 0.1838 0.8348 0.1243 0.7281 0.1990 0.6464 0.2586 0.7531
3 0.9682 0.5597 0.9611 0.4895 0.9733 0.4871 0.9803 0.5573
3 0.7826 0.9386 0.7194 0.9386 0.7194 0.9138 0.7826 0.9138
3 0.0942 0.0496 0.1015 0.0737 0.0141 0.1256 0.0068 0.1015
3 0.3134 0.1481 0.3120 0.1395 0.3429 0.1295 0.3443 0.1381
4 0.2629 0.5611 0.2804 0.5721 0.2766 0.5841 0.2591 0.5731
4 0.3946 0.7689 0.3854 0.7642 0.3900 0.7467 0.3992 0.7514
4 0.7775 0.3859 0.7620 0.4061 0.7585 0.4009 0.7740 0.3807
4 0.8094 0.7456 0.8243 0.7474 0.8223 0.7804 0.8074 0.7786
6 0.9245 0.6975 0.9854 0.7642 0.8895 0.9361 0.8286 0.8694
6 0.0425 0.5907 0.0752 0.6047 0.0729 0.6153 0.0402 0.6013
6 0.1592 0.8841 0.1576 0.8977 0.1477 0.8955 0.1492 0.8819
7 0.4513 0.9328 0.4737 0.8512 0.5810 0.9088 0.5586 0.9904
7 0.3130 0.8581 0.2921 0.8649 0.2810 0.7979 0.3019 0.7911
7 0.1455 0.5696 0.1469 0.5882 0.1425 0.5888 0.1411 0.5702
7 0.0710 0.8211 0.1112 0.7739 0.1204 0.7893 0.0803 0.8365
9 0.1070 0.6484 0.0384 0.6501 0.0382 0.6276 0.1067 0.6259
9 0.2874 0.4248 0.2482 0.4296 0.2360 0.2336 0.2752 0.2288
12 0.9785 0.3267 0.9996 0.3293 0.9984 0.3477 0.9773 0.3451
12 0.8058 0.5573 0.7993 0.5105 0.8219 0.5043 0.8284 0.5511
12 0.0403 0.6600 0.1035 0.7548 0.0903 0.7720 0.0271 0.6772
12 0.2956 0.7391 0.3232 0.6947 0.3421 0.7177 0.3146 0.7621
13 0.4058 0.9568 0.3751 0.9359 0.3834 0.9120 0.4141 0.9329
13 0.2978 0.5912 0.2862 0.5836 0.2894 0.5740 0.3010 0.5816
13 0.5523 0.6309 0.5352 0.6406 0.5331 0.6335 0.5503 0.6238
13 0.7591 0.4617 0.7645 0.4427 0.8055 0.4659 0.8000 0.4849
15 0.2225 0.4694 0.2611 0.4628 0.2652 0.5090 0.2266 0.5156
15 0.5241 0.8360 0.4947 0.7343 0.5711 0.6912 0.6004 0.7929
15 0.2612 0.1114 0.2324 0.1440 0.2131 0.1106 0.2419 0.0780
