0 0.4807 0.5178 0.5132 0.3859 0.6847 0.4686 0.6523 0.6005
0 0.2038 0.0366 0.4070 0.0920 0.3965 0.1674 0.1933 0.1120
0 0.1210 0.3184 0.0379 0.3585 0.0030 0.2168 0.0861 0.1767
0 0.6908 0.8307 0.6924 0.9553 0.2000 0.9673 0.1985 0.8427
1 0.6853 0.1989 0.6883 0.1971 0.6961 0.2231 0.6932 0.2249
1 0.5966 0.3434 0.5869 0.3806 0.5783 0.3762 0.5879 0.3390
1 0.2176 0.6131 0.2085 0.6460 0.1661 0.6233 0.1752 0.5904
1 0.1867 0.1355 0.1381 0.1616 0.1044 0.0389 0.1531 0.0128
2 0.2668 0.3051 0.3097 0.2491 0.3306 0.2805 0.2877 0.3365
2 0.9609 0.6734 0.9577 0.6900 0.9282 0.6790 0.9314 0.6624
2 0.0122 0.1067 0.0161 0.0551 0.0258 0.0565 0.0219 0.1081
2 0.2908 0.3929 0.4153 0.3494 0.4280 0.4211 0.3036 0.4646
3 0.4339 0.1833 0.4995 0.0915 0.5110 0.1075 0.4454 0.1993
3 0.4832 0.3341 0.4702 0.3268 0.4968 0.2347 0.5098 0.2420
3 0.0690 0.1472 0.0865 0.0835 0.0941 0.0876 0.0767 0.1513
3 0.7919 0.3066 0.7654 0.1459 0.7855 0.1394 0.8120 0.3001
4 0.0205 0.9092 0.0263 0.9216 0.0060 0.9400 0.0003 0.9276
4 0.9342 0.9701 0.9437 0.9634 0.9486 0.9771 0.9392 0.9838
4 0.7444 0.7521 0.7404 0.7544 0.7388 0.7491 0.7427 0.7468
4 0.6002 0.6853 0.5894 0.6837 0.5912 0.6595 0.6021 0.6611
6 0.5591 0.0987 0.5969 0.1159 0.5941 0.1281 0.5562 0.1109
6 0.9066 0.4249 0.8982 0.2914 0.9303 0.2875 0.9386 0.4210
6 0.6707 0.2681 0.6322 0.2756 0.6268 0.2215 0.6652 0.2140
6 0.1064 0.3884 0.0851 0.3889 0.0850 0.3820 0.1063 0.3815
7 0.1624 0.9085 0.1522 0.9042 0.1533 0.8991 0.1635 0.9034
7 0.3941 0.6627 0.3838 0.6897 0.3462 0.6617 0.3565 0.6347
7 0.3038 0.6443 0.2881 0.6540 0.2840 0.6409 0.2996 0.6312
7 0.0879 0.7659 0.1127 0.6590 0.2532 0.7229 0.2284 0.8298
9 0.7487 0.3178 0.8349 0.3457 0.7944 0.5914 0.7082 0.5635
9 0.8928 0.1144 0.7708 0.0965 0.7738 0.0564 0.8958 0.0743
9 0.8090 0.8472 0.7593 0.8796 0.7436 0.8324 0.7932 0.8000
9 -0.0001 0.6138 0.0623 0.4495 0.0896 0.4698 0.0272 0.6341
12 0.6509 0.0322 0.6509 0.0730 0.5045 0.0730 0.5045 0.0322
12 0.7251 0.1454 0.5973 0.1329 0.5998 0.0842 0.7275 0.0967
12 0.1565 0.1808 0.2152 0.3742 0.1932 0.3872 0.1345 0.1938
12 0.4926 0.7992 0.4936 0.7722 0.5500 0.7764 0.5490 0.8034
13 0.4962 0.0100 0.5135 0.0223 0.5112 0.0288 0.4939 0.0165
13 0.8343 0.7230 0.8498 0.7249 0.8483 0.7482 0.8328 0.7463
13 0.6070 0.7003 0.6129 0.7087 0.5839 0.7493 0.5779 0.7409
13 0.2412 0.4061 0.2320 0.4669 0.2096 0.4603 0.2189 0.3995
15 0.9622 0.0256 0.9853 0.1056 0.9258 0.1392 0.9027 0.0592
15 0.2491 0.4939 0.2552 0.4620 0.2778 0.4705 0.2717 0.5024
15 0.5298 0.7287 0.4629 0.7628 0.4393 0.6721 0.5063 0.6380
15 0.9463 0.8762 0.8536 0.8579 0.8625 0.7690 0.9552 0.7873
