0 0.2294 0.4440 0.1397 0.2351 0.3261 0.0784 0.4157 0.2873
0 0.6073 0.6308 0.8196 0.8801 0.7724 0.9588 0.5602 0.7095
0 0.4691 0.2956 0.5672 0.2195 0.6335 0.3868 0.5353 0.4629
0 0.0165 0.4838 0.1759 0.4564 0.2144 0.8950 0.0550 0.9224
1 0.8162 0.4384 0.8235 0.4343 0.8440 0.5056 0.8368 0.5097
1 0.9952 0.5071 0.9983 0.5101 0.9848 0.5381 0.9817 0.5351
1 0.9367 0.7649 0.9352 0.7674 0.9128 0.7411 0.9143 0.7386
1 0.0850 0.9726 0.0824 0.9740 0.0679 0.9238 0.0705 0.9224
2 0.8470 0.2673 0.8625 0.2299 0.8744 0.2395 0.8589 0.2769
2 0.9242 0.6689 0.9193 0.6465 0.9441 0.6359 0.9490 0.6583
2 0.5412 0.6155 0.4808 0.8249 0.4179 0.7893 0.4783 0.5799
2 0.6711 0.2631 0.7302 0.1744 0.8140 0.2837 0.7549 0.3724
3 0.0152 0.1457 0.0077 0.1446 0.0117 0.0915 0.0192 0.0926
3 0.8760 0.1125 0.8719 0.1093 0.8980 0.0435 0.9021 0.0467
3 0.9040 0.8986 0.9157 0.9009 0.9074 0.9838 0.8957 0.9815
3 0.9449 0.8857 0.9434 0.8793 0.9966 0.8551 0.9981 0.8615
4 0.8765 0.5202 0.8800 0.4727 0.8824 0.4730 0.8788 0.5205
4 0.8411 0.0972 0.8503 0.1032 0.8480 0.1100 0.8388 0.1040
4 0.8306 0.0929 0.8240 0.1024 0.8085 0.0815 0.8151 0.0720
4 0.6267 0.9971 0.6140 0.9990 0.6122 0.9749 0.6249 0.9730
6 0.7439 0.4344 0.7898 0.4311 0.7946 0.5604 0.7488 0.5637
6 0.8391 0.5758 0.9026 0.6013 0.8843 0.6906 0.8208 0.6651
6 0.0399 0.3756 0.0367 0.3477 0.0570 0.3432 0.0601 0.3711
6 0.9743 0.6971 0.9929 0.8197 0.9634 0.8285 0.9448 0.7059
7 0.3660 0.0345 0.3574 0.0396 0.3477 0.0075 0.3563 0.0024
7 0.3564 0.5081 0.3506 0.5328 0.3056 0.5123 0.3114 0.4876
7 0.6950 0.3912 0.7145 0.3878 0.7230 0.4848 0.7035 0.4882
7 0.2851 0.9348 0.2967 0.9319 0.3026 0.9784 0.2910 0.9813
9 0.5558 0.0223 0.6087 0.0478 0.5716 0.1985 0.5187 0.1730
9 0.2979 0.7347 0.3984 0.8659 0.3764 0.8989 0.2759 0.7677
9 0.9000 0.2114 0.9192 0.2191 0.8962 0.3310 0.8771 0.3233
9 0.8544 0.3617 0.8328 0.3541 0.8462 0.2787 0.8678 0.2863
12 0.0273 0.2344 0.1253 0.2002 0.1298 0.2260 0.0319 0.2602
12 0.3159 0.6732 0.3326 0.6410 0.3470 0.6556 0.3302 0.6878
12 0.7338 0.1205 0.7197 0.0922 0.7913 0.0219 0.8055 0.0502
13 0.9660 0.5470 0.9923 0.5748 0.9780 0.6014 0.9517 0.5736
13 0.2752 0.5379 0.2249 0.5529 0.2202 0.5217 0.2705 0.5067
13 0.8610 0.9675 0.8636 0.9172 0.8852 0.9193 0.8827 0.9696
13 0.9861 0.1597 0.9765 0.1296 0.9876 0.1227 0.9972 0.1528
15 0.7229 0.5782 0.6531 0.5937 0.6440 0.5134 0.7138 0.4979
15 0.4188 0.3034 0.4508 0.2994 0.4529 0.3330 0.4209 0.3370
15 0.8898 0.7953 0.8784 0.8420 0.8433 0.8251 0.8548 0.7784
15 0.1281 0.2746 0.1318 0.3343 0.0739 0.3414 0.0702 0.2817
