0 0.4629 0.3017 0.3655 0.4762 0.2625 0.3635 0.3599 0.1890
0 0.7600 0.2951 0.6875 0.3865 0.5591 0.1869 0.6317 0.0955
0 0.3757 0.9249 0.3502 0.8150 0.7845 0.6175 0.8100 0.7274
1 0.8287 0.0635 0.8398 0.0721 0.7928 0.1909 0.7816 0.1823
1 0.2056 0.1856 0.2093 0.1844 0.2209 0.2552 0.2173 0.2564
1 0.6178 0.5042 0.6215 0.5082 0.6142 0.5218 0.6105 0.5178
1 0.1043 0.1549 0.0928 0.1393 0.0943 0.1371 0.1058 0.1527
2 0.1849 0.6704 0.2113 0.6973 0.1920 0.7344 0.1656 0.7075
2 0.7712 0.4325 0.7311 0.4216 0.7331 0.4067 0.7732 0.4176
2 0.1585 0.5824 0.1244 0.4161 0.1915 0.3892 0.2256 0.5555
2 0.8311 0.4142 0.8898 0.3402 0.9423 0.4218 0.8836 0.4958
3 0.9220 0.5821 0.8904 0.6249 0.8837 0.6151 0.9153 0.5723
3 0.3353 0.1861 0.3191 0.1750 0.3613 0.0539 0.3775 0.0650
3 0.8542 0.7692 0.8606 0.7502 0.9295 0.7952 0.9232 0.8142
3 0.6477 0.5442 0.6971 0.5059 0.7023 0.5190 0.6529 0.5573
4 0.1169 0.8227 0.1195 0.8386 0.0665 0.8557 0.0639 0.8398
4 0.5306 0.2754 0.5280 0.2690 0.5363 0.2622 0.5389 0.2686
4 0.7944 0.5511 0.7969 0.5639 0.7304 0.5889 0.7280 0.5761
4 0.0249 0.8389 0.0183 0.7954 0.0486 0.7863 0.0552 0.8298
6 0.0127 0.1964 0.0396 0.2445 0.0316 0.2532 0.0047 0.2051
6 0.3181 0.8571 0.3085 0.9658 0.1522 0.9389 0.1618 0.8302
6 0.5501 0.0466 0.5391 0.1041 0.4979 0.0886 0.5089 0.0311
6 0.7501 0.0122 0.7488 0.0253 0.7393 0.0234 0.7406 0.0103
7 0.0911 0.2615 0.1047 0.2887 0.0486 0.3437 0.0350 0.3165
7 0.5157 0.3457 0.5226 0.3447 0.5258 0.3875 0.5189 0.3885
7 0.1376 0.7901 0.1406 0.7734 0.2267 0.8035 0.2237 0.8202
7 0.4576 0.5008 0.4589 0.5072 0.4332 0.5168 0.4320 0.5104
9 0.0469 0.7377 0.0279 0.6951 0.0997 0.6323 0.1187 0.6749
9 0.9995 0.8900 0.9662 0.9617 0.9542 0.9508 0.9875 0.8791
12 0.0139 0.3662 0.0350 0.3470 0.0849 0.4546 0.0638 0.4738
12 0.8712 0.3059 0.8701 0.3350 0.8039 0.3301 0.8050 0.3010
12 0.4654 0.5045 0.4628 0.4953 0.6381 0.4011 0.6406 0.4103
12 0.6498 0.9533 0.6482 0.9841 0.5237 0.9719 0.5252 0.9411
13 0.9853 0.1352 0.9700 0.1208 0.9767 0.1068 0.9920 0.1212
13 0.9489 0.8597 0.8227 0.9537 0.8100 0.9203 0.9362 0.8263
13 0.3180 0.5699 0.3250 0.5270 0.3420 0.5325 0.3350 0.5754
13 0.1096 0.3465 0.1085 0.3289 0.1264 0.3267 0.1275 0.3443
15 0.2131 0.7141 0.2242 0.6031 0.2729 0.6127 0.2618 0.7237
15 0.1119 0.3012 0.1310 0.1854 0.1958 0.2064 0.1767 0.3222
15 0.1135 0.5570 0.1062 0.6213 0.0739 0.6142 0.0812 0.5499
