0 0.7297 0.5248 0.6174 0.5083 0.6474 0.1084 0.7598 0.1249
0 0.6358 0.7576 0.5638 0.7754 0.5448 0.6248 0.6168 0.6070
0 0.6487 0.9647 0.6216 0.9800 0.5876 0.8621 0.6146 0.8468
0 0.4518 0.8623 0.4494 0.9281 0.0028 0.8953 0.0052 0.8295
1 0.5270 0.8665 0.5582 0.8619 0.5587 0.8679 0.5275 0.8725
1 0.3077 0.1305 0.2907 0.1031 0.2983 0.0939 0.3153 0.1213
1 0.2506 0.2904 0.2420 0.2883 0.2460 0.2568 0.2546 0.2589
1 0.5654 0.9141 0.5611 0.9059 0.5694 0.8971 0.5738 0.9053
2 0.4284 0.4820 0.2422 0.8156 0.1925 0.7612 0.3786 0.4276
2 0.8995 0.5720 0.9037 0.6277 0.8256 0.6392 0.8214 0.5835
2 0.5418 0.1742 0.5540 0.2550 0.5205 0.2650 0.5083 0.1842
2 0.1312 0.5505 0.1013 0.4968 0.1299 0.4655 0.1599 0.5192
3 0.0798 0.6359 0.0521 0.6485 0.0499 0.6389 0.0776 0.6263
3 0.7344 0.0377 0.7071 0.0945 0.7002 0.0879 0.7275 0.0311
3 0.7208 0.9024 0.7695 0.9519 0.7609 0.9684 0.7122 0.9189
3 0.7560 0.6220 0.7524 0.6461 0.6648 0.6200 0.6685 0.5959
4 0.3048 0.0624 0.3684 0.0863 0.3672 0.0924 0.3036 0.0685
4 0.4150 0.0574 0.4155 0.0775 0.3867 0.0790 0.3862 0.0589
4 0.8384 0.7719 0.8262 0.7740 0.8245 0.7545 0.8367 0.7524
4 0.7904 0.3674 0.7662 0.3132 0.7756 0.3050 0.7998 0.3592
6 0.8780 0.8867 0.8936 0.8518 0.9103 0.8665 0.8947 0.9014
6 0.4942 0.4203 0.5400 0.4475 0.5009 0.5765 0.4551 0.5493
6 0.1404 0.3604 0.1869 0.4094 0.1633 0.4532 0.1168 0.4042
6 0.7771 0.8362 0.7211 0.8181 0.7471 0.6602 0.8032 0.6783
7 0.8593 0.2321 0.8082 0.1031 0.9407 0.0003 0.9918 0.1293
7 0.8246 0.3172 0.8255 0.3244 0.8045 0.3296 0.8036 0.3224
7 0.7124 0.7480 0.6707 0.7741 0.6627 0.7492 0.7045 0.7231
7 0.5185 0.9765 0.5116 0.9707 0.5346 0.9171 0.5415 0.9229
9 0.3414 0.2549 0.2702 0.2084 0.2780 0.1851 0.3492 0.2316
9 0.1569 0.0440 0.1684 0.1347 0.0365 0.1672 0.0251 0.0765
9 0.3439 0.3171 0.3754 0.2664 0.4590 0.3681 0.4275 0.4188
12 0.6843 0.9277 0.6765 0.9206 0.7017 0.8663 0.7095 0.8734
12 0.0247 0.2529 0.0204 0.2192 0.2202 0.1699 0.2244 0.2036
12 0.8776 0.3778 0.8998 0.3455 0.9672 0.4366 0.9450 0.4689
12 0.2009 0.9737 0.2004 0.9784 0.1097 0.9583 0.1102 0.9536
13 0.4194 0.9775 0.4263 0.9727 0.4284 0.9785 0.4214 0.9833
13 0.7313 0.8783 0.7567 0.8839 0.7550 0.8993 0.7296 0.8937
13 0.6710 0.6940 0.6679 0.7129 0.6587 0.7100 0.6618 0.6911
13 0.3388 0.3071 0.3401 0.3089 0.2910 0.3801 0.2897 0.3783
15 0.1269 0.7045 0.0878 0.7073 0.0863 0.6663 0.1253 0.6635
15 0.9784 0.4932 0.9880 0.6026 0.9238 0.6136 0.9142 0.5042
15 0.8467 0.4894 0.7953 0.5417 0.7642 0.4818 0.8156 0.4295
15 0.4547 0.1896 0.3984 0.1883 0.3990 0.1404 0.4553 0.1417
