0 0.7638 0.2390 0.8278 0.3066 0.7262 0.4954 0.6622 0.4278
0 0.3722 0.2177 0.3005 0.1273 0.3493 0.0515 0.4209 0.1419
0 0.6446 0.9030 0.3214 0.7985 0.3345 0.7186 0.6578 0.8231
0 0.5347 0.4905 0.4346 0.6000 0.4042 0.5455 0.5042 0.4360
1 0.1590 0.3626 0.1588 0.3599 0.1696 0.3578 0.1698 0.3605
1 0.8915 0.4583 0.9078 0.4837 0.9008 0.4925 0.8845 0.4671
1 0.1601 0.3867 0.1573 0.4037 0.1499 0.4013 0.1527 0.3843
1 0.3443 0.9287 0.3410 0.9506 0.3314 0.9477 0.3347 0.9258
2 0.2300 0.1486 0.2914 0.1319 0.2946 0.1550 0.2332 0.1717
2 0.1930 0.6594 0.1031 0.6372 0.1196 0.5066 0.2094 0.5288
2 0.0442 0.9850 0.1244 0.9302 0.1281 0.9406 0.0478 0.9954
2 0.4520 0.3225 0.3819 0.3069 0.3902 0.2335 0.4603 0.2491
3 0.7415 0.4988 0.8400 0.5721 0.8311 0.5956 0.7326 0.5223
3 0.3123 0.4651 0.3172 0.4676 0.2963 0.5481 0.2913 0.5456
3 0.1077 0.7816 0.1378 0.7256 0.1478 0.7360 0.1176 0.7920
3 0.1084 0.0984 0.0489 0.2318 0.0322 0.2172 0.0917 0.0838
4 0.4912 0.3234 0.4830 0.3119 0.4908 0.3010 0.4990 0.3125
4 0.2666 0.8710 0.2747 0.8745 0.2726 0.8842 0.2645 0.8807
4 0.8618 0.2409 0.8434 0.2079 0.8525 0.1979 0.8709 0.2309
4 0.8070 0.0665 0.7986 0.0894 0.7685 0.0679 0.7768 0.0450
6 0.6938 0.6760 0.6434 0.6673 0.6496 0.5964 0.7000 0.6051
6 0.5619 0.3531 0.5889 0.3952 0.5587 0.4333 0.5316 0.3912
6 0.3507 0.3283 0.2191 0.4389 0.1793 0.3461 0.3109 0.2355
6 0.0194 0.3351 0.0514 0.3231 0.0543 0.3381 0.0223 0.3501
7 0.6076 0.9986 0.6019 0.9921 0.6138 0.9714 0.6195 0.9779
7 0.5300 0.0174 0.5524 0.0348 0.5254 0.1030 0.5030 0.0856
7 0.7294 0.6703 0.7393 0.6638 0.7515 0.7005 0.7415 0.7070
7 0.6810 0.2117 0.6631 0.1866 0.7173 0.1107 0.7352 0.1358
9 0.6962 0.9866 0.6628 0.9444 0.6832 0.9126 0.7167 0.9548
9 0.9235 0.6328 0.9798 0.6662 0.8942 0.9484 0.8379 0.9150
9 0.9653 0.2902 0.9786 0.3123 0.9392 0.3586 0.9260 0.3365
12 0.0334 0.7577 0.0008 0.7497 0.0486 0.3695 0.0812 0.3775
12 0.2144 0.9693 0.1997 0.9682 0.2036 0.8643 0.2183 0.8654
12 0.1536 0.8692 0.1398 0.8877 0.0976 0.8264 0.1113 0.8079
13 0.6330 0.7065 0.6225 0.6830 0.6270 0.6791 0.6375 0.7026
13 0.9343 0.1696 0.9409 0.1738 0.9328 0.1980 0.9263 0.1938
13 0.0106 0.8621 0.0062 0.8604 0.0094 0.8439 0.0138 0.8456
13 0.1177 0.4150 0.1418 0.3947 0.1466 0.4058 0.1225 0.4261
15 0.6233 0.4560 0.6589 0.4825 0.6330 0.5508 0.5974 0.5243
15 0.3496 0.6458 0.2388 0.7117 0.2102 0.6174 0.3210 0.5515
15 0.5449 0.9051 0.5603 0.9232 0.5471 0.9453 0.5317 0.9272
