0 0.4340 0.4052 0.5557 0.4231 0.5366 0.6776 0.4149 0.6597
0 0.7854 0.2676 0.7285 0.2119 0.8123 0.0444 0.8692 0.1001
0 0.1619 0.5743 0.3595 0.5452 0.3767 0.7737 0.1791 0.8028
0 0.8562 0.6149 0.7442 0.4833 0.8615 0.2875 0.9735 0.4191
1 0.1589 0.9351 0.1649 0.9402 0.1394 0.9997 0.1334 0.9946
1 0.7121 0.6418 0.7155 0.6468 0.6882 0.6838 0.6848 0.6788
1 0.6558 0.2402 0.6511 0.2322 0.6660 0.2154 0.6706 0.2234
1 0.2015 0.2214 0.1932 0.2333 0.1880 0.2262 0.1962 0.2143
2 0.2199 0.3221 0.2644 0.0015 0.3998 0.0383 0.3553 0.3589
2 0.5010 0.1103 0.5318 0.1103 0.5318 0.1217 0.5010 0.1217
2 0.6240 0.8185 0.6137 0.8221 0.5891 0.6843 0.5995 0.6807
2 0.0299 0.6026 0.0578 0.6146 0.0439 0.6786 0.0159 0.6666
3 0.9159 0.6495 0.9218 0.6658 0.8630 0.7077 0.8571 0.6914
3 0.0447 0.2451 0.0525 0.2374 0.0801 0.2925 0.0723 0.3002
3 0.5007 0.1632 0.5660 0.2845 0.5513 0.3000 0.4860 0.1787
3 0.9674 0.2701 0.8739 0.2005 0.8826 0.1775 0.9761 0.2471
4 0.4171 0.6871 0.3946 0.6956 0.3931 0.6881 0.4157 0.6796
4 0.7042 0.6210 0.6484 0.5096 0.6670 0.4914 0.7227 0.6028
4 0.1461 0.4888 0.1539 0.4888 0.1539 0.5624 0.1461 0.5624
4 0.7077 0.9007 0.7367 0.8572 0.7423 0.8645 0.7133 0.9080
6 0.5844 0.9016 0.6243 0.9556 0.6113 0.9744 0.5714 0.9204
6 0.5236 0.7581 0.4904 0.7083 0.4987 0.6975 0.5318 0.7473
6 0.9208 0.8968 0.9438 0.8244 0.9612 0.8352 0.9382 0.9076
7 0.1722 0.2264 0.1741 0.2364 0.1718 0.2372 0.1699 0.2272
7 0.1112 0.8888 0.1037 0.8681 0.1442 0.8392 0.1517 0.8599
7 0.0058 0.9273 0.0017 0.9144 0.0050 0.9123 0.0091 0.9252
7 0.3246 0.8172 0.3389 0.8394 0.2937 0.8964 0.2794 0.8742
9 0.7594 0.8525 0.7428 0.6627 0.7803 0.6563 0.7969 0.8461
9 0.3041 0.4321 0.3014 0.4757 0.2802 0.4731 0.2829 0.4295
9 0.2189 0.2964 0.1055 0.3605 0.0948 0.3232 0.2082 0.2591
9 0.6847 0.3677 0.5722 0.3104 0.5899 0.2423 0.7024 0.2996
12 0.7123 0.4600 0.7002 0.4491 0.7232 0.3996 0.7352 0.4105
12 0.5936 0.0259 0.6085 0.0183 0.6538 0.1925 0.6389 0.2001
12 0.0184 0.5638 0.0011 0.5165 0.0222 0.5014 0.0394 0.5487
12 0.8085 0.9308 0.8986 0.8171 0.9144 0.8416 0.8242 0.9553
13 0.3035 0.4982 0.3147 0.5059 0.3111 0.5162 0.2999 0.5085
13 0.4648 0.8505 0.3951 0.7687 0.4184 0.7299 0.4880 0.8117
13 0.0651 0.3814 0.0889 0.3820 0.0886 0.4062 0.0648 0.4056
13 0.5716 0.7037 0.5669 0.6942 0.5798 0.6815 0.5846 0.6910
15 0.0834 0.0206 0.1710 0.1033 0.1361 0.1758 0.0485 0.0931
15 0.2498 0.9288 0.1857 0.9512 0.1648 0.8340 0.2289 0.8116
15 0.6903 0.7441 0.6726 0.7134 0.6951 0.6879 0.7129 0.7186
15 0.2644 0.4429 0.1893 0.5061 0.1559 0.4283 0.2310 0.3651
