0 0.2832 0.9862 0.2453 0.8904 0.4465 0.7342 0.4844 0.8300
0 0.6320 0.0900 0.7458 0.4026 0.6866 0.4448 0.5728 0.1322
0 0.3872 0.4816 0.4537 0.4897 0.4453 0.6240 0.3788 0.6159
0 0.2563 0.3952 0.1696 0.6813 0.0900 0.6340 0.1767 0.3479
1 0.4939 0.6684 0.4969 0.6655 0.5258 0.7232 0.5228 0.7261
1 0.0918 0.0842 0.0811 0.0656 0.0850 0.0610 0.0958 0.0796
1 0.0668 0.6175 0.0767 0.6130 0.0843 0.6457 0.0744 0.6502
1 0.8457 0.0454 0.8649 0.0521 0.8640 0.0570 0.8448 0.0503
2 0.9060 0.7086 0.8817 0.6600 0.8946 0.6474 0.9189 0.6960
2 0.6346 0.9271 0.6132 0.9540 0.5940 0.9241 0.6153 0.8972
2 0.8209 0.4508 0.7457 0.4508 0.7457 0.4396 0.8209 0.4396
2 0.5544 0.1543 0.5544 0.1881 0.5268 0.1881 0.5268 0.1543
3 0.1246 0.9745 0.1198 0.9849 0.0822 0.9507 0.0871 0.9403
3 0.4854 0.1384 0.4970 0.1511 0.4512 0.2332 0.4396 0.2205
3 0.0411 0.7825 0.0417 0.7755 0.0998 0.7855 0.0991 0.7925
3 0.8108 0.5076 0.8105 0.4937 0.8612 0.4912 0.8615 0.5051
4 0.9011 0.2044 0.9241 0.2194 0.9186 0.2360 0.8956 0.2210
4 0.4218 0.4265 0.4040 0.4420 0.3834 0.3959 0.4012 0.3804
4 0.0561 0.1370 0.0544 0.1469 0.0485 0.1450 0.0501 0.1351
4 0.0557 0.6388 0.0479 0.6369 0.0514 0.6092 0.0592 0.6111
6 0.8774 0.5707 0.8947 0.5781 0.8935 0.5837 0.8762 0.5763
6 0.7045 0.5072 0.7061 0.5230 0.6946 0.5252 0.6930 0.5094
6 0.3088 0.4610 0.3488 0.4246 0.3749 0.4810 0.3349 0.5174
6 0.4292 0.2004 0.4212 0.2281 0.4011 0.2168 0.4091 0.1891
7 0.9090 0.3197 0.9031 0.3120 0.9202 0.2863 0.9261 0.2940
7 0.6697 0.9921 0.6619 0.9807 0.6834 0.9515 0.6913 0.9629
7 0.7865 0.1837 0.7788 0.1435 0.7884 0.1399 0.7961 0.1801
7 0.9856 0.5619 0.9872 0.5702 0.9716 0.5761 0.9700 0.5678
9 0.5323 0.7874 0.4947 0.7800 0.4983 0.7442 0.5358 0.7516
9 0.2320 0.1697 0.2320 0.0123 0.2780 0.0123 0.2780 0.1697
9 0.2100 0.3326 0.1448 0.2819 0.1694 0.2198 0.2346 0.2705
9 0.8362 0.8649 0.8531 0.7924 0.9752 0.8479 0.9584 0.9204
12 0.6596 0.6508 0.6407 0.6485 0.6418 0.6320 0.6607 0.6343
12 0.7861 0.8055 0.8043 0.8514 0.7839 0.8673 0.7657 0.8214
13 0.9454 0.7075 0.9460 0.6911 0.9494 0.6913 0.9488 0.7077
13 0.0842 0.8496 0.0869 0.8255 0.1184 0.8324 0.1157 0.8565
13 0.8323 0.7617 0.8267 0.7685 0.8214 0.7599 0.8270 0.7531
13 0.1199 0.0400 0.1213 0.0332 0.1313 0.0372 0.1299 0.0440
15 0.6831 0.8478 0.6642 0.7978 0.7157 0.7594 0.7347 0.8094
15 0.5463 0.7696 0.6001 0.7563 0.6092 0.8284 0.5554 0.8417
15 0.7731 0.7206 0.7892 0.7505 0.7569 0.7846 0.7408 0.7547
15 0.5146 0.5013 0.5105 0.4781 0.5571 0.4619 0.5612 0.4851
