0 0.6143 0.4461 0.5221 0.6449 0.4049 0.5383 0.4970 0.3395
0 0.9378 0.8483 0.8459 0.9642 0.6833 0.7113 0.7752 0.5954
0 0.8676 0.2621 0.8941 0.2071 0.9238 0.2351 0.8973 0.2901
0 0.5201 0.7066 0.6237 0.8008 0.5682 0.9206 0.4646 0.8264
1 0.9920 0.9716 0.9891 0.9892 0.9854 0.9880 0.9883 0.9704
1 0.0477 0.2144 0.0555 0.2340 0.0529 0.2360 0.0451 0.2164
1 0.3099 0.7925 0.2953 0.7854 0.2973 0.7775 0.3118 0.7846
1 0.1544 0.7487 0.1559 0.7490 0.1533 0.7745 0.1519 0.7742
2 0.6849 0.3371 0.6738 0.4106 0.6479 0.4029 0.6591 0.3294
2 0.3407 0.3216 0.3105 0.2809 0.3619 0.2064 0.3921 0.2471
2 0.1318 0.3188 0.2147 0.3831 0.1539 0.5364 0.0711 0.4721
2 0.5239 0.1912 0.5392 0.0704 0.7338 0.1184 0.7186 0.2392
3 0.2229 0.5517 0.2162 0.5441 0.2437 0.4967 0.2504 0.5043
3 0.7545 0.2798 0.7628 0.2195 0.7710 0.2218 0.7626 0.2821
3 0.3081 0.4720 0.2940 0.4485 0.3408 0.3936 0.3549 0.4171
3 0.0857 0.2083 0.1812 0.2271 0.1783 0.2565 0.0828 0.2377
4 0.6783 0.5705 0.6748 0.5790 0.6725 0.5771 0.6760 0.5686
4 0.6815 0.9862 0.6802 0.9941 0.6745 0.9922 0.6758 0.9843
4 0.3695 0.0765 0.3656 0.0900 0.3222 0.0655 0.3262 0.0520
4 0.9639 0.3201 0.9788 0.3043 0.9899 0.3247 0.9749 0.3405
6 0.3141 0.8534 0.3477 0.8877 0.2985 0.9826 0.2648 0.9483
6 0.6431 0.3092 0.6048 0.2688 0.6115 0.2564 0.6498 0.2968
6 0.7057 0.3848 0.7746 0.3095 0.8829 0.5036 0.8140 0.5789
7 0.3762 0.6798 0.4155 0.6750 0.4229 0.7946 0.3837 0.7994
7 0.2025 0.6011 0.2129 0.6205 0.1618 0.6745 0.1514 0.6551
7 0.6628 0.7396 0.6342 0.7333 0.6418 0.6668 0.6703 0.6731
7 0.7765 0.2266 0.7861 0.2178 0.8100 0.2694 0.8005 0.2782
9 0.8343 0.0957 0.8432 0.0458 0.9923 0.0979 0.9834 0.1478
9 0.1039 0.9654 0.0879 0.8815 0.1286 0.8662 0.1447 0.9501
9 0.2245 0.1979 0.3018 0.1903 0.3040 0.2345 0.2268 0.2421
9 0.2233 0.5999 0.2567 0.5707 0.3293 0.7333 0.2959 0.7625
12 0.0215 0.6501 0.0191 0.6435 0.1453 0.5535 0.1477 0.5601
12 0.0965 0.0498 0.3092 0.1524 0.3001 0.1894 0.0874 0.0868
13 0.3771 0.1146 0.3800 0.1927 0.3441 0.1954 0.3411 0.1173
13 0.1978 0.2226 0.1905 0.2167 0.2007 0.1918 0.2081 0.1977
13 0.9385 0.3390 0.9513 0.3291 0.9555 0.3398 0.9427 0.3497
13 0.5087 0.9430 0.5077 0.9223 0.5167 0.9214 0.5177 0.9421
15 0.0428 0.1121 0.0103 0.0517 0.0426 0.0175 0.0752 0.0779
15 0.0173 0.6950 0.1172 0.7351 0.0998 0.8202 -0.0001 0.7801
15 0.2326 0.3989 0.2236 0.3644 0.2568 0.3475 0.2658 0.3820
15 0.0881 0.8974 0.0127 0.9217 0.0024 0.8594 0.0778 0.8351
