0 0.2897 0.8738 0.1347 0.9121 0.0608 0.3258 0.2159 0.2875
0 0.7042 0.7338 0.7288 0.6275 0.8384 0.6774 0.8137 0.7837
0 0.6996 0.1988 0.8798 0.2906 0.7979 0.6056 0.6176 0.5138
0 0.3054 0.3320 0.3695 0.2250 0.4132 0.2764 0.3491 0.3834
1 0.4142 0.1039 0.4164 0.1160 0.3555 0.1373 0.3533 0.1252
1 0.5026 0.1247 0.4928 0.1297 0.4877 0.1101 0.4975 0.1051
1 0.1592 0.0211 0.1527 0.0286 0.1445 0.0145 0.1510 0.0070
1 0.2472 0.2039 0.2455 0.2049 0.2348 0.1713 0.2365 0.1703
2 0.5774 0.2227 0.5835 0.2633 0.5606 0.2701 0.5545 0.2295
2 0.3656 0.8209 0.3605 0.8023 0.4007 0.7807 0.4058 0.7993
2 0.8914 0.5348 0.8897 0.5801 0.8828 0.5796 0.8845 0.5343
3 0.3120 0.7544 0.3052 0.7574 0.2946 0.7088 0.3014 0.7058
3 0.6204 0.8677 0.6081 0.8952 0.5082 0.8079 0.5205 0.7804
3 0.5223 0.5322 0.4993 0.4484 0.5094 0.4430 0.5324 0.5268
3 0.5980 0.4847 0.6092 0.4901 0.5897 0.5693 0.5785 0.5639
4 0.5094 0.0767 0.5103 0.0383 0.5235 0.0389 0.5225 0.0773
4 0.0559 0.8366 0.0468 0.8295 0.0486 0.8250 0.0577 0.8321
4 0.9103 0.1268 0.8782 0.1517 0.8737 0.1404 0.9058 0.1155
4 0.4126 0.0922 0.4027 0.0813 0.4074 0.0730 0.4173 0.0839
6 0.9771 0.4674 0.9781 0.4267 0.9849 0.4270 0.9839 0.4677
6 0.8959 0.8808 0.9164 0.7808 0.9404 0.7904 0.9199 0.8904
6 0.2613 0.1717 0.2548 0.1145 0.3370 0.0963 0.3434 0.1535
7 0.1186 0.2023 0.1218 0.2236 0.0825 0.2353 0.0793 0.2140
7 0.3822 0.5976 0.3987 0.5691 0.4687 0.6484 0.4522 0.6769
7 0.4184 0.0482 0.4148 0.0526 0.4079 0.0414 0.4115 0.0370
7 0.0166 0.3466 0.0058 0.3469 0.0048 0.2730 0.0157 0.2727
9 0.4970 0.1834 0.5164 0.2047 0.4636 0.2994 0.4441 0.2781
9 0.6977 0.1171 0.6926 0.1761 0.5440 0.1505 0.5492 0.0915
9 0.7917 0.8351 0.8215 0.8120 0.8806 0.9613 0.8508 0.9844
12 0.9795 0.0355 0.9795 0.0605 0.9271 0.0605 0.9271 0.0355
12 0.0346 0.2472 0.0409 0.0787 0.0634 0.0804 0.0571 0.2489
13 0.3043 0.9754 0.2942 0.9857 0.2882 0.9742 0.2983 0.9639
13 0.7575 0.9003 0.7466 0.9089 0.7425 0.8985 0.7534 0.8899
13 0.5831 0.3234 0.5802 0.3102 0.5866 0.3074 0.5895 0.3206
13 0.0141 0.8704 0.0254 0.8644 0.0513 0.9588 0.0400 0.9648
15 0.0915 0.9187 0.1099 0.9714 0.0708 0.9981 0.0524 0.9454
15 0.7366 0.8388 0.6765 0.9505 0.6294 0.9008 0.6895 0.7891
15 0.3755 0.9624 0.3211 0.9677 0.3165 0.8756 0.3709 0.8703
