0 0.4330 0.1942 0.5101 0.3183 0.2492 0.6358 0.1722 0.5117
0 0.7890 0.7585 0.6857 0.7115 0.7341 0.5027 0.8375 0.5497
0 0.8835 0.0754 0.9044 0.1653 0.5490 0.3270 0.5282 0.2371
0 0.0196 0.5272 0.0898 0.5134 0.0972 0.5876 0.0271 0.6014
1 0.2140 0.9153 0.2091 0.8877 0.2394 0.8771 0.2443 0.9047
1 0.1341 0.7314 0.1415 0.7479 0.1233 0.7638 0.1160 0.7473
1 0.6726 0.5036 0.6736 0.5065 0.6448 0.5244 0.6439 0.5215
1 0.9767 0.2153 0.9651 0.1873 0.9688 0.1843 0.9803 0.2123
2 0.4084 0.1100 0.3617 0.0200 0.3790 0.0024 0.4257 0.0924
2 0.2897 0.9515 0.2857 0.9534 0.2803 0.9301 0.2843 0.9282
2 0.3018 0.0354 0.3046 0.0454 0.2368 0.0838 0.2339 0.0738
2 0.9771 0.1288 0.9321 0.1569 0.9120 0.0936 0.9570 0.0655
3 0.7410 0.4185 0.7399 0.3974 0.8162 0.3899 0.8172 0.4110
3 0.7025 0.9105 0.7884 0.8643 0.7947 0.8871 0.7087 0.9333
3 0.4711 0.7896 0.5383 0.6734 0.5523 0.6892 0.4851 0.8054
3 0.0899 0.7938 0.0859 0.7881 0.1064 0.7594 0.1104 0.7651
4 0.8073 0.8857 0.8225 0.8803 0.8241 0.8891 0.8089 0.8945
4 0.6725 0.9956 0.6699 0.9893 0.6740 0.9860 0.6766 0.9923
4 0.0374 0.9810 0.0357 0.9645 0.0409 0.9634 0.0426 0.9799
4 0.5619 0.7540 0.5633 0.7499 0.5658 0.7516 0.5645 0.7557
6 0.1869 0.0263 0.1889 0.0465 0.1743 0.0493 0.1722 0.0291
6 0.0566 0.3413 0.0807 0.2719 0.1306 0.3059 0.1064 0.3753
6 0.9299 0.4747 0.9975 0.5339 0.9124 0.7245 0.8448 0.6653
7 0.1076 0.2574 0.0936 0.2452 0.1524 0.1134 0.1664 0.1256
7 0.0956 0.9121 0.0846 0.9542 0.0747 0.9491 0.0857 0.9070
7 0.0586 0.6097 0.0558 0.6134 0.0505 0.6055 0.0534 0.6018
7 0.2936 0.8086 0.2785 0.7908 0.3144 0.7310 0.3295 0.7488
9 0.1319 0.9503 0.1964 0.8799 0.2081 0.9009 0.1436 0.9713
9 0.5481 0.4573 0.5460 0.3742 0.6668 0.3683 0.6689 0.4514
9 0.6386 0.8127 0.6484 0.8834 0.5226 0.9177 0.5128 0.8470
9 0.8646 0.9742 0.8262 0.9491 0.8894 0.7594 0.9278 0.7845
12 0.2831 0.7021 0.2880 0.6531 0.3998 0.6751 0.3948 0.7241
12 0.3442 0.8304 0.3544 0.8392 0.3020 0.9564 0.2919 0.9476
12 0.5959 0.7125 0.6331 0.5695 0.6458 0.5759 0.6086 0.7189
12 0.4732 0.9600 0.3923 0.8972 0.4045 0.8664 0.4854 0.9292
13 0.9453 0.4315 0.9437 0.4428 0.9322 0.4397 0.9337 0.4284
13 0.8985 0.3453 0.9163 0.3326 0.9229 0.3507 0.9051 0.3634
13 0.8582 0.4182 0.8792 0.4086 0.8827 0.4238 0.8617 0.4334
13 0.2333 0.9346 0.2328 0.9469 0.2276 0.9466 0.2280 0.9343
15 0.7772 0.8473 0.7640 0.7784 0.8111 0.7607 0.8243 0.8296
15 0.9948 0.2287 0.9956 0.2880 0.9395 0.2893 0.9387 0.2300
