0 0.0193 0.2716 0.0369 0.1162 0.2704 0.1680 0.2528 0.3234
0 0.5704 0.1232 0.6044 0.1434 0.4671 0.5964 0.4330 0.5762
0 0.6046 0.3181 0.6885 0.1730 0.9683 0.4903 0.8844 0.6354
0 0.0985 0.4387 0.3066 0.5167 0.2370 0.8805 0.0288 0.8025
1 0.5287 0.7136 0.5250 0.7724 0.4493 0.7632 0.4530 0.7044
1 0.4886 0.1161 0.4877 0.1154 0.4948 0.0987 0.4958 0.0994
1 0.4259 0.0248 0.4356 0.0163 0.4450 0.0372 0.4352 0.0457
1 0.1301 0.0457 0.1591 0.0407 0.1596 0.0463 0.1306 0.0513
2 0.3665 0.9257 0.3284 0.8644 0.3378 0.8531 0.3758 0.9144
2 0.8770 0.9070 0.8583 0.9197 0.8419 0.8726 0.8606 0.8599
2 0.3119 0.3299 0.3158 0.3682 0.0884 0.4129 0.0845 0.3746
3 0.3345 0.4771 0.3890 0.4275 0.3950 0.4405 0.3405 0.4901
3 0.7130 0.8070 0.7526 0.7148 0.7690 0.7286 0.7294 0.8208
3 0.4971 0.9869 0.4453 0.9605 0.4495 0.9443 0.5013 0.9707
3 0.3820 0.3919 0.3841 0.4112 0.3458 0.4197 0.3436 0.4004
4 0.6690 0.9682 0.6725 0.9642 0.6790 0.9754 0.6755 0.9794
4 0.9407 0.1257 0.9382 0.1190 0.9510 0.1095 0.9536 0.1162
4 0.3167 0.0470 0.2913 0.0701 0.2882 0.0634 0.3136 0.0403
4 0.8393 0.9607 0.8452 0.9629 0.8439 0.9701 0.8379 0.9679
6 0.3841 0.6475 0.4201 0.7194 0.3856 0.7533 0.3496 0.6814
6 0.9633 0.8902 0.9377 0.9377 0.9299 0.9294 0.9554 0.8819
6 0.5006 0.0803 0.4795 0.0829 0.4791 0.0761 0.5002 0.0735
7 0.5493 0.8598 0.5348 0.8308 0.6199 0.7474 0.6344 0.7764
7 0.4395 0.6266 0.4288 0.6396 0.4254 0.6342 0.4361 0.6212
7 0.8690 0.1504 0.8605 0.1441 0.8724 0.1128 0.8809 0.1191
7 0.5681 0.6544 0.5636 0.6601 0.5548 0.6464 0.5593 0.6407
9 0.5757 0.1083 0.5961 0.0298 0.6092 0.0365 0.5887 0.1150
9 0.8127 0.8312 0.7945 0.7360 0.9330 0.6840 0.9512 0.7792
9 0.4133 0.1217 0.3174 0.2816 0.2910 0.2507 0.3869 0.0908
9 0.6607 0.9096 0.6579 0.6874 0.7019 0.6864 0.7046 0.9086
12 0.6122 0.0337 0.6209 0.0135 0.6604 0.0467 0.6517 0.0669
12 0.7285 0.9815 0.7521 0.8954 0.7564 0.8977 0.7328 0.9838
12 0.2180 0.0949 0.2073 0.0611 0.2734 0.0199 0.2841 0.0537
13 0.8950 0.8392 0.8896 0.8425 0.8882 0.8380 0.8935 0.8347
13 0.3953 0.7858 0.4112 0.8215 0.3958 0.8350 0.3799 0.7993
13 0.5758 0.7074 0.5852 0.7102 0.5836 0.7210 0.5742 0.7182
13 0.0925 0.9318 0.1054 0.9312 0.1058 0.9478 0.0929 0.9484
15 0.4574 0.8734 0.4236 0.8403 0.4475 0.7926 0.4812 0.8257
15 0.2234 0.9223 0.2716 0.9116 0.2792 0.9785 0.2310 0.9892
15 0.7854 0.1126 0.7989 0.0658 0.8321 0.0846 0.8185 0.1314
