0 0.3541 0.6646 0.0917 0.8056 0.0525 0.6626 0.3149 0.5216
0 0.7176 0.1828 0.7672 0.2655 0.4402 0.6496 0.3906 0.5669
0 0.1119 0.2226 0.2112 0.1607 0.2981 0.4338 0.1988 0.4957
0 0.4053 0.1132 0.3087 0.1298 0.3019 0.0524 0.3985 0.0358
1 0.1155 0.1382 0.1009 0.1573 0.0799 0.1258 0.0945 0.1067
1 0.0011 0.1159 0.0019 0.1103 0.0578 0.1269 0.0569 0.1325
1 0.8851 0.3572 0.8877 0.3609 0.8809 0.3704 0.8783 0.3667
1 0.9437 0.6258 0.9162 0.6830 0.8425 0.6134 0.8701 0.5562
2 0.4780 0.7047 0.5452 0.8816 0.4643 0.9417 0.3971 0.7648
2 0.3222 0.4929 0.3111 0.3824 0.3564 0.3735 0.3675 0.4840
2 0.8043 0.4990 0.8378 0.3983 0.9112 0.4462 0.8776 0.5469
3 0.5988 0.7723 0.6166 0.8803 0.5975 0.8865 0.5796 0.7785
3 0.7355 0.0268 0.6707 0.0977 0.6565 0.0724 0.7213 0.0015
3 0.6045 0.9729 0.6308 0.9499 0.6349 0.9591 0.6086 0.9821
3 0.8839 0.3573 0.8754 0.1867 0.8961 0.1847 0.9046 0.3553
4 0.2840 0.9350 0.2872 0.9561 0.2560 0.9654 0.2528 0.9443
4 0.6615 0.1011 0.6675 0.1135 0.6490 0.1309 0.6431 0.1185
4 0.8454 0.3474 0.8346 0.3492 0.8340 0.3418 0.8448 0.3400
4 0.6424 0.0486 0.6289 0.0789 0.6144 0.0662 0.6280 0.0359
6 0.8277 0.2706 0.7999 0.1872 0.8400 0.1610 0.8678 0.2444
6 0.9745 0.4372 0.9932 0.4059 0.9984 0.4120 0.9796 0.4433
6 0.7814 0.6831 0.8072 0.9396 0.7149 0.9577 0.6891 0.7012
7 0.4462 0.1821 0.4303 0.1582 0.5310 0.0267 0.5469 0.0506
7 0.8876 0.8757 0.8814 0.8805 0.8724 0.8579 0.8786 0.8531
7 0.5644 0.6963 0.5602 0.7266 0.5453 0.7225 0.5495 0.6922
7 0.2950 0.0683 0.2903 0.1218 0.1502 0.0977 0.1549 0.0442
9 0.2730 0.8882 0.2843 0.8196 0.3841 0.8518 0.3728 0.9204
9 0.9709 0.9697 0.9311 0.9945 0.8902 0.8659 0.9300 0.8411
9 0.0636 0.4741 0.0048 0.4669 0.0227 0.1803 0.0815 0.1875
9 0.2104 0.8549 0.1017 0.8900 0.0959 0.8543 0.2045 0.8192
12 0.9141 0.0174 0.9181 0.0496 0.8025 0.0782 0.7985 0.0460
12 0.8728 0.7123 0.9538 0.7805 0.9384 0.8165 0.8573 0.7483
13 0.3735 0.2440 0.3628 0.3212 0.3273 0.3116 0.3380 0.2344
13 0.8144 0.3015 0.8198 0.3054 0.8142 0.3209 0.8088 0.3170
13 0.6988 0.6595 0.7034 0.6571 0.7080 0.6741 0.7035 0.6765
15 0.9640 0.4910 0.9640 0.5290 0.9248 0.5290 0.9248 0.4910
15 0.0163 0.9441 0.0074 0.9078 0.0802 0.8727 0.0892 0.9090
15 0.9638 0.1223 0.9368 0.1784 0.8970 0.1409 0.9241 0.0848
