0 0.6668 0.1479 0.7637 0.3417 0.4724 0.6273 0.3754 0.4335
0 0.0123 0.2211 0.1696 0.0835 0.3629 0.5165 0.2055 0.6541
0 0.5822 0.7739 0.7727 0.8066 0.7636 0.9105 0.5730 0.8778
1 0.8472 0.1550 0.8411 0.1630 0.8377 0.1578 0.8437 0.1498
1 0.9504 0.8506 0.9572 0.8578 0.9499 0.8714 0.9431 0.8642
1 0.9882 0.3551 0.9892 0.3706 0.9052 0.3809 0.9042 0.3654
1 0.9390 0.3033 0.9370 0.3089 0.9142 0.2927 0.9162 0.2871
2 0.7857 0.8413 0.8335 0.8295 0.8500 0.9607 0.8022 0.9725
2 0.5051 0.6383 0.5209 0.7780 0.4086 0.8029 0.3928 0.6632
2 0.1568 0.9030 0.2137 0.8802 0.2255 0.9378 0.1686 0.9606
2 0.0585 0.7233 0.0739 0.7038 0.1012 0.7463 0.0858 0.7658
3 0.5467 0.1368 0.5419 0.1260 0.5813 0.0916 0.5861 0.1024
3 0.8365 0.6504 0.8875 0.6492 0.8877 0.6648 0.8367 0.6660
3 0.8074 0.3456 0.8552 0.2499 0.8672 0.2616 0.8193 0.3573
3 0.9489 0.2715 0.8719 0.2734 0.8716 0.2529 0.9487 0.2510
4 0.8679 0.1733 0.8937 0.1615 0.8970 0.1755 0.8711 0.1873
4 0.6380 0.7294 0.6430 0.7324 0.6391 0.7450 0.6342 0.7420
4 0.9142 0.4888 0.9054 0.4765 0.9395 0.4288 0.9483 0.4411
4 0.9702 0.4457 0.9546 0.4077 0.9686 0.3963 0.9843 0.4343
6 0.5281 0.9299 0.5008 0.9494 0.4976 0.9405 0.5249 0.9210
6 0.3423 0.9228 0.3024 0.9713 0.2325 0.8588 0.2725 0.8103
6 0.4208 0.1311 0.4302 0.1278 0.4326 0.1413 0.4232 0.1446
6 0.3008 0.7820 0.3097 0.7318 0.3458 0.7444 0.3368 0.7946
7 0.9379 0.0077 0.9475 0.0067 0.9518 0.0935 0.9423 0.0945
7 0.8933 0.5285 0.8784 0.5256 0.8824 0.4859 0.8973 0.4888
7 0.7800 0.6772 0.7703 0.7168 0.6865 0.6764 0.6963 0.6368
7 0.9627 0.6143 0.9660 0.6475 0.8939 0.6617 0.8905 0.6285
9 0.9027 0.7018 0.9000 0.7381 0.8353 0.7286 0.8380 0.6923
9 0.4324 0.8287 0.5275 0.8546 0.5233 0.8853 0.4282 0.8594
12 0.1195 0.7803 0.1532 0.7860 0.1382 0.9577 0.1045 0.9520
12 0.6608 0.6319 0.6827 0.6401 0.6792 0.6585 0.6573 0.6503
13 0.8418 0.4240 0.8288 0.4421 0.8182 0.4272 0.8312 0.4091
13 0.3876 0.0862 0.3942 0.0756 0.4029 0.0862 0.3963 0.0968
13 0.7825 0.6067 0.8012 0.5972 0.8112 0.6357 0.7925 0.6452
13 0.7445 0.0136 0.7468 0.0066 0.7501 0.0088 0.7478 0.0158
15 0.8244 0.1409 0.8285 0.0596 0.8847 0.0651 0.8806 0.1464
15 0.6103 0.0067 0.6689 0.0096 0.6663 0.1169 0.6076 0.1140
15 0.8680 0.8935 0.9140 0.8924 0.9149 0.9585 0.8688 0.9596
15 0.9441 0.7574 0.9689 0.7974 0.9302 0.8446 0.9053 0.8046
