0 0.4891 0.3953 0.4800 0.3476 0.8035 0.2263 0.8126 0.2740
0 0.3413 0.9793 0.2365 0.9587 0.2675 0.6499 0.3723 0.6705
0 0.8831 0.9981 0.8133 0.9162 0.8469 0.8603 0.9167 0.9422
0 0.6236 0.2252 0.5733 0.1319 0.6696 0.0304 0.7198 0.1237
1 0.6843 0.5444 0.6487 0.5577 0.6474 0.5508 0.6830 0.5375
1 0.6062 0.6435 0.6223 0.6396 0.6232 0.6469 0.6072 0.6508
1 0.2043 0.9844 0.2002 0.9782 0.2314 0.9376 0.2355 0.9438
1 0.9449 0.1836 0.9325 0.2289 0.9219 0.2232 0.9344 0.1779
2 0.8101 0.8053 0.6033 0.9793 0.5510 0.8575 0.7578 0.6835
2 0.3763 0.0546 0.4166 0.0019 0.4957 0.1206 0.4554 0.1733
2 0.1686 0.5386 0.2472 0.4615 0.2797 0.5266 0.2011 0.6037
2 0.9746 0.3752 0.9066 0.3972 0.9051 0.3884 0.9732 0.3664
3 0.8720 0.7279 0.8649 0.7420 0.8111 0.6893 0.8182 0.6752
3 0.8383 0.0291 0.8621 0.1537 0.8472 0.1593 0.8233 0.0347
3 0.8717 0.8345 0.9037 0.7983 0.9095 0.8083 0.8775 0.8445
3 0.3294 0.0504 0.2959 0.0124 0.3020 0.0020 0.3355 0.0400
4 0.1415 0.9033 0.1383 0.9193 0.1327 0.9171 0.1360 0.9011
4 0.3819 0.7467 0.3895 0.7442 0.3904 0.7497 0.3828 0.7522
4 0.3934 0.3545 0.4032 0.3334 0.4177 0.3467 0.4080 0.3678
4 0.1620 0.2063 0.1695 0.2083 0.1685 0.2153 0.1611 0.2133
6 0.2939 0.2806 0.2722 0.2658 0.2830 0.2350 0.3046 0.2498
6 0.7145 0.4427 0.7447 0.4769 0.7201 0.5193 0.6899 0.4851
6 0.5741 0.5857 0.5228 0.5086 0.5781 0.4363 0.6295 0.5134
6 0.8229 0.5544 0.8212 0.6222 0.8100 0.6216 0.8117 0.5538
7 0.1630 0.8580 0.1482 0.8505 0.1624 0.7960 0.1772 0.8035
7 0.9392 0.8662 0.9801 0.9214 0.9691 0.9374 0.9282 0.8822
7 0.1296 0.2208 0.1346 0.2015 0.1396 0.2040 0.1345 0.2233
7 0.2430 0.3538 0.2415 0.3596 0.2336 0.3558 0.2350 0.3500
9 0.3642 0.5095 0.3916 0.4683 0.4941 0.6021 0.4667 0.6433
9 0.1660 0.7068 0.1073 0.6996 0.1085 0.6804 0.1672 0.6876
9 0.2279 0.1334 0.1046 0.0705 0.1229 -0.0002 0.2463 0.0627
9 0.0600 0.4473 0.0282 0.4125 0.1320 0.2263 0.1638 0.2611
12 0.3177 0.1458 0.3289 0.1632 0.3214 0.1726 0.3103 0.1552
12 0.7187 0.5471 0.7986 0.6410 0.7773 0.6765 0.6974 0.5826
12 0.2786 0.3169 0.2959 0.3076 0.3172 0.3851 0.2998 0.3944
13 0.4393 0.6612 0.5309 0.6955 0.5296 0.7024 0.4379 0.6681
13 0.7227 0.5252 0.7411 0.5243 0.7416 0.5416 0.7232 0.5425
13 0.9083 0.5879 0.9086 0.5931 0.8985 0.5941 0.8983 0.5889
13 0.3615 0.1213 0.3517 0.1208 0.3519 0.1115 0.3617 0.1120
15 0.4606 0.8056 0.5250 0.8926 0.4771 0.9620 0.4127 0.8750
15 0.8688 0.5421 0.8771 0.4314 0.9729 0.4455 0.9646 0.5562
15 0.8759 0.3192 0.8442 0.2664 0.8807 0.2236 0.9123 0.2764
15 0.5238 0.7269 0.5054 0.7733 0.4862 0.7583 0.5046 0.7119
