0 0.7718 0.7540 0.7158 0.8749 0.6444 0.8100 0.7005 0.6891
0 0.8613 0.5340 0.8803 0.4347 0.9338 0.4548 0.9148 0.5541
0 0.0085 0.1966 0.0892 0.0086 0.4843 0.3410 0.4036 0.5290
0 0.5044 0.7368 0.3209 0.9234 0.2973 0.8780 0.4808 0.6914
1 0.1831 0.7163 0.1914 0.7467 0.1875 0.7489 0.1791 0.7185
1 0.9524 0.2700 0.9372 0.2866 0.9333 0.2796 0.9485 0.2630
1 0.5158 0.2689 0.5128 0.2492 0.5170 0.2479 0.5200 0.2676
1 0.1095 0.5845 0.0880 0.5742 0.0894 0.5687 0.1109 0.5790
2 0.6405 0.1091 0.7318 0.2126 0.6509 0.3525 0.5596 0.2490
2 0.6637 0.4179 0.7480 0.4179 0.7480 0.5613 0.6637 0.5613
2 0.8376 0.1420 0.8668 0.0543 0.9755 0.1252 0.9463 0.2129
2 0.8423 0.7819 0.8818 0.9630 0.8203 0.9893 0.7807 0.8082
3 0.4943 0.6378 0.3999 0.5870 0.4062 0.5638 0.5007 0.6146
3 0.6200 1.0002 0.6176 0.9791 0.6937 0.9622 0.6961 0.9833
3 0.2131 0.8940 0.2261 0.8992 0.2072 0.9916 0.1941 0.9864
3 0.6159 0.6858 0.6079 0.6715 0.6595 0.6150 0.6675 0.6293
4 0.8347 0.0395 0.8337 0.0585 0.8259 0.0577 0.8268 0.0387
4 0.1444 0.8185 0.1377 0.8370 0.1305 0.8319 0.1372 0.8134
4 0.9717 0.3520 0.9824 0.3463 0.9889 0.3700 0.9782 0.3757
4 0.8500 0.2744 0.8313 0.2669 0.8365 0.2416 0.8552 0.2491
6 0.2466 0.5424 0.2632 0.6100 0.1660 0.6568 0.1494 0.5892
6 0.5514 0.0486 0.5674 0.0046 0.5780 0.0122 0.5620 0.0562
6 0.7861 0.0447 0.8232 0.0853 0.8165 0.0973 0.7793 0.0567
7 0.8021 0.5831 0.8201 0.5966 0.8065 0.6325 0.7884 0.6190
7 0.5419 0.4757 0.5590 0.4266 0.6329 0.4771 0.6158 0.5262
7 0.9579 0.3201 0.9624 0.3166 0.9692 0.3339 0.9647 0.3374
7 0.5556 0.9269 0.5311 0.8913 0.6041 0.7927 0.6286 0.8283
9 0.9191 0.3719 0.9195 0.4029 0.8377 0.4049 0.8373 0.3739
9 0.8754 0.7617 0.8780 0.7200 0.9523 0.7291 0.9497 0.7708
9 0.7988 0.5258 0.7679 0.3644 0.7949 0.3542 0.8258 0.5156
12 0.1604 0.7582 0.0922 0.7481 0.0945 0.7178 0.1626 0.7279
12 0.0477 0.9020 0.0832 0.9020 0.0832 0.9316 0.0477 0.9316
12 0.9820 0.6981 0.9747 0.7128 0.8877 0.6275 0.8950 0.6128
12 0.5435 0.5831 0.5872 0.5928 0.5845 0.6165 0.5408 0.6068
13 0.5656 0.6395 0.5851 0.6375 0.5861 0.6573 0.5666 0.6593
13 0.8336 0.5228 0.8311 0.5357 0.8256 0.5336 0.8281 0.5207
13 0.6897 0.5695 0.6920 0.5723 0.6869 0.5809 0.6846 0.5781
13 0.9778 0.8188 0.9599 0.8242 0.9587 0.8168 0.9767 0.8114
15 0.0739 0.8137 0.0599 0.7877 0.0795 0.7671 0.0935 0.7931
15 0.0231 0.6679 0.0437 0.6889 0.0283 0.7185 0.0077 0.6975
15 0.8973 0.9469 0.8845 0.8626 0.9422 0.8455 0.9550 0.9298
