0 0.3534 0.9881 0.3165 0.9519 0.3551 0.8747 0.3920 0.9109
0 0.3487 0.0320 0.5515 0.5891 0.4813 0.6392 0.2785 0.0821
0 0.2263 0.6752 0.2856 0.7212 0.1968 0.9452 0.1376 0.8992
0 0.7532 0.5925 0.5986 0.4822 0.7534 0.0567 0.9080 0.1670
1 0.6672 0.8304 0.6615 0.8305 0.6608 0.7812 0.6665 0.7811
1 0.6060 0.7649 0.6135 0.7468 0.6440 0.7715 0.6365 0.7896
1 0.9203 0.7310 0.9065 0.7485 0.9017 0.7410 0.9155 0.7235
1 0.8265 0.6580 0.8396 0.6446 0.8621 0.6880 0.8490 0.7014
2 0.0782 0.7672 0.1071 0.7508 0.1301 0.8304 0.1011 0.8468
2 0.5163 0.6861 0.4817 0.6722 0.4874 0.6443 0.5220 0.6582
2 0.9160 0.9314 0.8310 0.9252 0.8355 0.8070 0.9204 0.8132
2 0.0886 0.4008 0.0476 0.3650 0.0997 0.2484 0.1407 0.2842
3 0.0782 0.1767 0.1553 0.1711 0.1564 0.2013 0.0793 0.2069
3 0.5190 0.7826 0.4480 0.7180 0.4558 0.7010 0.5269 0.7656
3 0.0858 0.5127 0.1807 0.5290 0.1787 0.5513 0.0839 0.5350
3 0.7249 0.7412 0.7350 0.8213 0.7222 0.8244 0.7121 0.7443
4 0.3112 0.7455 0.3083 0.7645 0.3031 0.7629 0.3060 0.7439
4 0.9660 0.6262 0.9723 0.6171 0.9760 0.6222 0.9697 0.6313
4 0.0695 0.4674 0.0602 0.4439 0.0685 0.4374 0.0778 0.4609
4 0.5435 0.7229 0.5319 0.7206 0.5348 0.6919 0.5463 0.6942
6 0.6497 0.8933 0.6337 0.8675 0.6380 0.8623 0.6540 0.8881
6 0.1858 0.0800 0.2566 0.0957 0.2491 0.1624 0.1782 0.1467
6 0.9996 0.2524 0.9987 0.3208 0.9496 0.3196 0.9504 0.2512
7 0.4766 0.9432 0.4688 0.9372 0.4808 0.9068 0.4887 0.9128
7 0.0674 0.4200 0.0707 0.4050 0.0963 0.4160 0.0930 0.4310
7 0.3400 0.8420 0.3475 0.8610 0.3426 0.8648 0.3351 0.8458
7 0.7857 0.8787 0.7932 0.8696 0.8163 0.9069 0.8088 0.9160
9 0.2418 0.2545 0.1828 0.2829 0.1690 0.2267 0.2280 0.1983
12 0.3324 0.7407 0.4295 0.7797 0.4207 0.8229 0.3236 0.7839
12 0.1940 0.2838 0.2666 0.3787 0.2403 0.4182 0.1677 0.3233
12 0.1811 0.5268 0.1842 0.5092 0.2555 0.5340 0.2524 0.5516
13 0.5670 0.2213 0.5678 0.2106 0.5873 0.2135 0.5865 0.2242
13 0.0764 0.8737 0.0730 0.9081 0.0247 0.8987 0.0282 0.8643
13 0.9149 0.9450 0.9229 0.9503 0.9189 0.9626 0.9108 0.9573
13 0.9111 0.4920 0.9144 0.4479 0.9721 0.4564 0.9687 0.5005
15 0.2403 0.4864 0.2070 0.4730 0.2165 0.4268 0.2498 0.4402
15 0.2557 0.5751 0.2488 0.6670 0.1860 0.6577 0.1929 0.5658
15 0.6698 0.6893 0.6267 0.6559 0.6519 0.5923 0.6950 0.6257
15 0.1006 0.9307 0.1109 0.9441 0.0840 0.9845 0.0737 0.9711
