0 0.2602 0.7568 0.0896 0.5958 0.2333 0.2976 0.4038 0.4586
0 0.8589 0.9390 0.7228 0.8377 0.8131 0.5998 0.9492 0.7011
0 0.5285 0.3723 0.6792 0.3760 0.6715 0.9969 0.5208 0.9932
0 0.5026 0.2556 0.4942 0.2001 0.7136 0.1348 0.7221 0.1903
1 0.8460 0.5139 0.8431 0.5237 0.8248 0.5129 0.8278 0.5031
1 0.1194 0.0255 0.1312 0.0592 0.0877 0.0889 0.0760 0.0552
1 0.4151 0.5345 0.4195 0.5299 0.4395 0.5683 0.4350 0.5729
1 0.4374 0.6853 0.4287 0.6581 0.4638 0.6363 0.4724 0.6635
2 0.8844 0.0271 0.9823 0.0512 0.9727 0.1273 0.8748 0.1032
2 0.4158 0.7650 0.5015 0.9302 0.4611 0.9714 0.3753 0.8062
2 0.4795 0.4398 0.4148 0.4334 0.4193 0.3434 0.4840 0.3498
2 0.9449 0.4320 0.9285 0.4385 0.8840 0.2208 0.9003 0.2143
3 0.3229 0.9567 0.3177 0.9716 0.2593 0.9317 0.2645 0.9168
3 0.1205 0.8466 0.1509 0.9469 0.1352 0.9562 0.1048 0.8559
3 0.0366 0.2788 0.0313 0.2706 0.0997 0.1844 0.1050 0.1926
3 0.8842 0.5380 0.8779 0.4877 0.8866 0.4856 0.8930 0.5359
4 0.0705 0.8669 0.0646 0.8454 0.0704 0.8423 0.0763 0.8638
4 0.7037 0.7583 0.6987 0.7600 0.6948 0.7381 0.6998 0.7364
4 0.0200 0.1360 0.0501 0.0628 0.0600 0.0708 0.0299 0.1440
4 0.7059 0.6591 0.7062 0.6384 0.7132 0.6385 0.7130 0.6592
6 0.2102 0.1568 0.2669 0.0747 0.3258 0.1544 0.2691 0.2365
6 0.7747 0.2258 0.7537 0.1769 0.7888 0.1474 0.8097 0.1963
6 0.6490 0.0419 0.6268 0.0613 0.6236 0.0541 0.6458 0.0347
7 0.5748 0.0706 0.5801 0.0592 0.6015 0.0786 0.5962 0.0900
7 0.9414 0.4477 0.9670 0.4408 0.9769 0.5119 0.9513 0.5188
7 0.8049 0.5399 0.7677 0.5417 0.7654 0.4473 0.8026 0.4455
7 0.7478 0.0719 0.7629 0.0832 0.7445 0.1317 0.7293 0.1204
9 0.2709 0.0280 0.2709 0.0584 0.1931 0.0584 0.1931 0.0280
9 0.3268 0.0381 0.4032 0.0074 0.4549 0.2599 0.3785 0.2906
9 0.3380 0.7911 0.3475 0.8595 0.2349 0.8901 0.2254 0.8217
12 0.7409 0.3948 0.7550 0.4137 0.7059 0.4848 0.6919 0.4659
12 0.0527 0.5181 0.0409 0.5130 0.0590 0.4299 0.0709 0.4350
12 0.0330 0.9207 0.0431 0.9080 0.0758 0.9589 0.0658 0.9716
12 0.4913 0.3613 0.5070 0.3299 0.5204 0.3431 0.5047 0.3745
13 0.0295 0.9632 0.0215 0.9641 0.0207 0.9520 0.0288 0.9511
13 0.2218 0.9611 0.2352 0.9675 0.2336 0.9741 0.2202 0.9677
13 0.0462 0.7663 0.0493 0.7726 0.0463 0.7753 0.0433 0.7690
13 0.8738 0.2718 0.8487 0.3438 0.8159 0.3214 0.8410 0.2494
15 0.5583 0.0336 0.5512 0.1041 0.5220 0.0984 0.5291 0.0279
15 0.0612 0.6835 0.0786 0.6934 0.0714 0.7185 0.0539 0.7086
15 0.1634 0.2405 0.1154 0.2077 0.1460 0.1199 0.1940 0.1527
