0 0.5123 0.3962 0.5460 0.4144 0.4229 0.8634 0.3891 0.8452
0 0.2928 0.3615 0.3357 0.3811 0.3252 0.4265 0.2823 0.4069
0 0.5573 0.6599 0.6352 0.4918 0.9884 0.8129 0.9105 0.9810
0 0.9486 0.1994 0.7951 0.2693 0.7602 0.1190 0.9138 0.0491
1 0.1177 0.0870 0.1167 0.0836 0.1474 0.0662 0.1484 0.0696
1 0.3640 0.7729 0.3516 0.7594 0.3655 0.7347 0.3778 0.7482
1 0.2227 0.7194 0.2452 0.7296 0.2439 0.7354 0.2214 0.7252
1 0.2837 0.1500 0.2916 0.1494 0.2926 0.1756 0.2847 0.1762
2 0.5942 0.1994 0.6071 0.1523 0.6456 0.1730 0.6327 0.2201
3 0.3085 0.1767 0.3732 0.0475 0.3937 0.0677 0.3291 0.1969
3 0.1439 0.2772 0.1513 0.2119 0.1644 0.2148 0.1570 0.2801
3 0.4075 0.2473 0.3376 0.2754 0.3342 0.2587 0.4041 0.2306
3 0.0932 0.3818 0.0826 0.3820 0.0817 0.3066 0.0923 0.3064
4 0.1690 0.6100 0.1713 0.6195 0.1658 0.6220 0.1636 0.6125
4 0.3390 0.6271 0.3606 0.6303 0.3595 0.6449 0.3379 0.6417
4 0.1392 0.5617 0.1022 0.5617 0.1022 0.5527 0.1392 0.5527
4 0.0821 0.1280 0.0722 0.1345 0.0699 0.1276 0.0798 0.1211
6 0.2765 0.3297 0.2383 0.2863 0.2487 0.2683 0.2869 0.3117
6 0.1763 0.9455 0.0934 0.9924 0.0260 0.7589 0.1089 0.7120
6 0.3282 0.9674 0.3529 0.9466 0.3563 0.9546 0.3317 0.9754
6 0.4037 0.1606 0.4284 0.1507 0.4300 0.1586 0.4053 0.1685
7 0.2997 0.2140 0.3035 0.2448 0.2452 0.2592 0.2413 0.2284
7 0.5353 0.3065 0.5369 0.2911 0.5835 0.3003 0.5820 0.3157
7 0.3590 0.5706 0.3481 0.5780 0.3262 0.5150 0.3370 0.5076
7 0.0129 0.3735 0.0254 0.4392 0.0157 0.4429 0.0031 0.3772
9 0.1936 0.5852 0.1751 0.5439 0.2839 0.4488 0.3023 0.4901
9 0.7572 0.2976 0.7173 0.3168 0.6831 0.1776 0.7230 0.1584
9 0.1590 0.1692 0.1570 0.1294 0.2573 0.1196 0.2593 0.1594
9 0.4790 0.3570 0.4418 0.3709 0.4170 0.2414 0.4542 0.2275
12 0.2421 0.3635 0.1949 0.4369 0.1799 0.4181 0.2271 0.3447
12 0.2199 0.6259 0.2227 0.6630 0.1498 0.6737 0.1471 0.6366
12 0.0572 0.4836 0.0445 0.5056 0.0339 0.4936 0.0466 0.4716
12 0.3057 0.7944 0.3003 0.7970 0.2543 0.6096 0.2597 0.6070
13 0.0865 0.5010 0.0881 0.4975 0.0949 0.5034 0.0933 0.5069
13 0.7076 0.0780 0.6839 0.0482 0.7113 0.0056 0.7350 0.0354
13 0.6540 0.0725 0.6541 0.0590 0.6738 0.0595 0.6736 0.0730
13 0.9357 0.3948 0.9593 0.4385 0.9191 0.4808 0.8956 0.4371
15 0.4053 0.0099 0.4275 0.0099 0.4275 0.0525 0.4053 0.0525
15 0.2092 0.0372 0.1922 0.1104 0.1613 0.0964 0.1783 0.0232
15 0.4750 0.9290 0.5012 0.9416 0.4876 0.9970 0.4614 0.9844
15 0.8390 0.4610 0.8205 0.4369 0.8441 0.4014 0.8626 0.4255
