0 0.0131 0.4758 0.0603 0.3740 0.1204 0.4286 0.0731 0.5304
0 0.6021 0.5802 0.5550 0.6781 0.5021 0.6282 0.5493 0.5303
0 0.2168 0.7031 0.2284 0.8572 0.1515 0.8685 0.1399 0.7144
0 0.9855 0.6273 0.9081 0.9097 0.6562 0.7743 0.7336 0.4919
1 0.8426 0.4713 0.8219 0.4672 0.8272 0.4151 0.8478 0.4192
1 0.5002 0.1341 0.5077 0.1216 0.5758 0.2015 0.5683 0.2140
1 0.3873 0.2547 0.3751 0.2568 0.3645 0.1361 0.3767 0.1340
1 0.7668 0.3347 0.7823 0.3406 0.7810 0.3477 0.7654 0.3418
2 0.8722 0.1586 0.9403 0.0918 0.9447 0.1006 0.8766 0.1674
2 0.3281 0.4068 0.2960 0.4989 0.2899 0.4948 0.3220 0.4027
2 0.7285 0.2305 0.7224 0.2059 0.7541 0.1907 0.7601 0.2153
2 0.1111 0.2578 0.1935 0.1502 0.2604 0.2506 0.1779 0.3582
3 0.4618 0.9032 0.4800 0.9210 0.4445 0.9920 0.4263 0.9742
3 0.3605 0.9773 0.3500 0.8724 0.3686 0.8687 0.3791 0.9736
3 0.5659 0.9929 0.4911 0.8952 0.5064 0.8723 0.5812 0.9700
3 0.4804 0.5604 0.3658 0.6125 0.3593 0.5844 0.4739 0.5323
4 0.3744 0.4387 0.4001 0.4483 0.3968 0.4657 0.3710 0.4561
4 0.4986 0.2660 0.4899 0.2746 0.4828 0.2604 0.4916 0.2518
4 0.6220 0.6394 0.6355 0.6508 0.6277 0.6690 0.6142 0.6576
4 0.1988 0.3803 0.2198 0.3871 0.2189 0.3925 0.1979 0.3857
6 0.1612 0.0458 0.1670 0.1028 0.1396 0.1082 0.1339 0.0512
6 0.1570 0.6373 0.1482 0.5495 0.2112 0.5371 0.2201 0.6249
6 0.6374 0.1245 0.6210 0.1133 0.6229 0.1079 0.6393 0.1191
6 0.0643 0.1458 0.0513 0.1728 0.0468 0.1686 0.0598 0.1416
7 0.2167 0.4258 0.2033 0.4111 0.2067 0.4050 0.2201 0.4197
7 0.2986 0.8138 0.3035 0.8351 0.2457 0.8614 0.2408 0.8401
7 0.5498 0.4006 0.5164 0.3714 0.5254 0.3514 0.5587 0.3806
7 0.8803 0.3776 0.8993 0.3817 0.8951 0.4188 0.8762 0.4147
9 0.6218 0.7666 0.6173 0.8029 0.5090 0.7762 0.5136 0.7399
9 0.2923 0.6861 0.3182 0.6179 0.4332 0.7035 0.4072 0.7717
9 0.6036 0.2830 0.6627 0.4261 0.6344 0.4490 0.5753 0.3059
9 0.4626 0.5282 0.4186 0.5206 0.4374 0.3058 0.4814 0.3134
12 0.2797 0.2821 0.2614 0.2696 0.3360 0.0555 0.3543 0.0680
12 0.1908 0.9870 0.0769 0.9786 0.0792 0.9166 0.1931 0.9250
12 0.8001 0.1820 0.7889 0.1930 0.7674 0.1500 0.7786 0.1390
13 0.7300 0.4817 0.7145 0.4686 0.7185 0.4591 0.7341 0.4722
13 0.1702 0.5087 0.1797 0.4550 0.2044 0.4637 0.1949 0.5174
13 0.5912 0.6953 0.5823 0.7096 0.5714 0.6963 0.5802 0.6820
13 0.8399 0.1841 0.8343 0.1686 0.8404 0.1643 0.8460 0.1798
15 0.1905 0.0856 0.2026 0.0224 0.2495 0.0400 0.2374 0.1032
15 0.8409 0.1967 0.8503 0.3046 0.7926 0.3145 0.7831 0.2066
15 0.6838 0.1523 0.7132 0.1822 0.6916 0.2237 0.6622 0.1938
15 0.0250 0.8370 0.0059 0.7108 0.0753 0.6902 0.0944 0.8164
