0 0.8348 0.6697 0.6825 0.2688 0.7584 0.2123 0.9107 0.6132
0 0.4874 0.4363 0.3599 0.9857 0.1831 0.9053 0.3106 0.3559
0 0.4145 0.0923 0.4569 0.1995 0.2958 0.3245 0.2533 0.2173
1 0.1960 0.1296 0.1951 0.1279 0.2126 0.1108 0.2135 0.1125
1 0.1788 0.2840 0.1728 0.2719 0.1952 0.2500 0.2012 0.2621
1 0.6163 0.1353 0.6156 0.1405 0.5943 0.1347 0.5950 0.1295
1 0.7059 0.1351 0.7095 0.1252 0.7641 0.1641 0.7605 0.1740
2 0.6374 0.7201 0.6340 0.7060 0.6483 0.6991 0.6518 0.7132
2 0.0007 0.1888 0.0273 0.0672 0.0787 0.0892 0.0521 0.2108
2 0.4781 0.1687 0.5569 0.2045 0.5462 0.2505 0.4674 0.2147
2 0.0824 0.2512 0.1283 0.3051 0.0527 0.4312 0.0068 0.3773
3 0.6740 0.1173 0.6109 0.0457 0.6223 0.0259 0.6854 0.0975
3 0.6319 0.3489 0.6222 0.3354 0.6710 0.2671 0.6806 0.2806
3 0.1060 0.7479 0.1421 0.7683 0.1386 0.7805 0.1025 0.7601
3 0.8895 0.7313 0.8842 0.7464 0.8296 0.7091 0.8349 0.6940
4 0.0440 0.6254 0.0320 0.6434 0.0189 0.6262 0.0309 0.6082
4 0.7934 0.0960 0.8023 0.1076 0.7980 0.1140 0.7891 0.1024
4 0.6861 0.7323 0.7064 0.7521 0.6996 0.7657 0.6794 0.7459
4 0.1491 0.1736 0.1606 0.1563 0.1646 0.1616 0.1531 0.1789
6 0.8908 0.1729 0.8819 0.1143 0.9101 0.1059 0.9190 0.1645
6 0.5852 0.6986 0.5470 0.6822 0.5705 0.5746 0.6087 0.5910
6 0.7640 0.7538 0.7485 0.7900 0.7425 0.7850 0.7581 0.7488
6 0.9279 0.7600 0.9789 0.8482 0.8521 0.9920 0.8011 0.9038
7 0.0122 0.8004 0.0157 0.7924 0.0352 0.8088 0.0318 0.8168
7 0.1519 0.6499 0.1547 0.6634 0.0892 0.6897 0.0864 0.6762
7 0.2027 0.0321 0.2018 0.0442 0.1782 0.0407 0.1791 0.0286
7 0.5007 0.7498 0.6299 0.8963 0.6216 0.9106 0.4924 0.7641
9 0.5161 0.5517 0.4928 0.3203 0.5316 0.3127 0.5549 0.5441
9 0.9476 0.5608 0.9775 0.4460 0.9964 0.4556 0.9665 0.5704
9 0.1442 0.8431 0.1650 0.8897 0.0424 0.9969 0.0216 0.9503
12 0.6824 0.8989 0.6416 0.8309 0.6570 0.8127 0.6978 0.8807
12 0.1295 0.5616 0.1184 0.5897 0.0596 0.5440 0.0707 0.5159
13 0.9817 0.1874 0.9820 0.1796 0.9900 0.1802 0.9897 0.1880
13 0.9537 0.0287 0.9544 0.0827 0.9311 0.0833 0.9304 0.0293
13 0.7580 0.9540 0.7494 0.9689 0.7362 0.9540 0.7449 0.9391
13 0.0369 0.0282 0.0383 0.0387 0.0020 0.0486 0.0006 0.0381
15 0.6138 0.3965 0.6072 0.5018 0.5628 0.4963 0.5693 0.3910
15 0.0028 0.7681 0.0236 0.6595 0.0844 0.6823 0.0636 0.7909
15 0.1418 0.1007 0.1171 0.1378 0.0787 0.0877 0.1035 0.0506
