0 0.8829 0.4930 0.7720 0.8588 0.7259 0.8314 0.8368 0.4656
0 0.1866 0.2572 0.2643 0.2610 0.2563 0.5812 0.1786 0.5774
0 0.4528 0.2913 0.5607 0.2143 0.7092 0.6223 0.6013 0.6993
0 0.2819 0.8182 0.2986 0.9196 0.0730 0.9926 0.0563 0.8912
1 0.5130 0.8127 0.5232 0.8261 0.4504 0.9353 0.4402 0.9219
1 0.2932 0.6872 0.2896 0.6956 0.2434 0.6568 0.2470 0.6484
1 0.7110 0.1019 0.7067 0.1021 0.7053 0.0469 0.7096 0.0467
1 0.2171 0.2212 0.2113 0.2001 0.2206 0.1952 0.2264 0.2163
2 0.0666 0.7543 0.1661 0.6287 0.1969 0.6765 0.0973 0.8021
2 0.7387 0.3982 0.7260 0.3737 0.7616 0.3374 0.7743 0.3619
2 0.8791 0.1135 0.8995 0.2599 0.8549 0.2721 0.8345 0.1257
2 0.6154 0.9688 0.6209 0.9579 0.6349 0.9716 0.6294 0.9825
3 0.5921 0.7379 0.6110 0.7544 0.5465 0.8989 0.5276 0.8824
3 0.2786 0.1979 0.3629 0.2230 0.3597 0.2437 0.2754 0.2186
3 0.5582 0.1216 0.5689 0.1259 0.5533 0.2024 0.5425 0.1981
3 0.3906 0.7640 0.4213 0.7700 0.4202 0.7804 0.3896 0.7744
4 0.9295 0.0950 0.9163 0.0992 0.9134 0.0814 0.9265 0.0772
4 0.4587 0.7615 0.4527 0.7722 0.4322 0.7497 0.4381 0.7390
4 0.1560 0.0723 0.1652 0.0978 0.1620 0.1001 0.1528 0.0746
4 0.1251 0.0757 0.1121 0.0656 0.1134 0.0623 0.1264 0.0724
6 0.9728 0.0787 0.9872 0.1449 0.9555 0.1585 0.9410 0.0923
6 0.0821 0.1737 0.0363 0.1793 0.0282 0.0503 0.0740 0.0447
6 0.9011 0.8542 0.8905 0.7695 0.9311 0.7594 0.9418 0.8441
7 0.3573 0.4661 0.3465 0.5033 0.2656 0.4575 0.2763 0.4203
7 0.9580 0.7176 0.9485 0.7155 0.9554 0.6544 0.9649 0.6565
7 0.1817 0.0476 0.1720 0.0330 0.1915 0.0076 0.2012 0.0222
7 0.6452 0.8028 0.6401 0.8029 0.6399 0.7868 0.6450 0.7867
9 0.7697 0.0202 0.8210 0.0395 0.7731 0.2894 0.7219 0.2701
9 0.2251 0.1093 0.2183 0.0185 0.2335 0.0163 0.2403 0.1071
9 0.8857 0.4563 0.9197 0.4191 0.9823 0.5313 0.9483 0.5685
12 0.8958 0.9570 0.8800 0.9415 0.9202 0.8610 0.9360 0.8765
12 0.2424 0.7079 0.3177 0.7964 0.3133 0.8037 0.2380 0.7152
12 0.4394 0.3584 0.4336 0.3583 0.4363 0.1432 0.4421 0.1433
12 0.3781 0.5773 0.3634 0.5730 0.3725 0.5127 0.3872 0.5170
13 0.7854 0.9779 0.8043 0.9779 0.8043 0.9857 0.7854 0.9857
13 0.2315 0.1834 0.2262 0.1755 0.2299 0.1706 0.2352 0.1785
13 0.1287 0.2623 0.1287 0.3025 0.0931 0.3025 0.0931 0.2623
13 0.9138 0.3361 0.9079 0.3331 0.9099 0.3255 0.9158 0.3285
15 0.0892 0.2138 0.0677 0.2844 0.0257 0.2594 0.0471 0.1888
15 0.0833 0.5136 0.0559 0.3956 0.1070 0.3724 0.1344 0.4904
15 0.6884 0.8957 0.6614 0.8804 0.6762 0.8291 0.7032 0.8444
15 0.6873 0.2011 0.6192 0.2145 0.6116 0.1385 0.6796 0.1251
