0 0.2354 0.5522 0.1330 0.1360 0.3409 0.0358 0.4432 0.4520
0 0.5118 0.5493 0.4993 0.4737 0.7980 0.3771 0.8104 0.4527
0 0.5424 0.7271 0.5595 0.8053 0.5276 0.8189 0.5105 0.7407
0 0.8318 0.0988 0.8500 0.2435 0.6325 0.2972 0.6142 0.1525
1 0.6129 0.0161 0.6128 0.0197 0.5979 0.0183 0.5981 0.0147
1 0.9001 0.5368 0.8988 0.5380 0.8862 0.5128 0.8875 0.5116
1 0.2949 0.8198 0.2839 0.8086 0.2854 0.8058 0.2964 0.8170
1 0.5012 0.9645 0.4997 0.9591 0.5526 0.9307 0.5540 0.9361
2 0.1284 0.7245 0.1050 0.7222 0.1056 0.7107 0.1290 0.7130
2 0.8458 0.5446 0.9624 0.5823 0.9357 0.7446 0.8190 0.7069
2 0.9780 0.1302 0.9694 0.2292 0.9328 0.2230 0.9415 0.1240
2 0.8791 0.3196 0.8949 0.3774 0.8744 0.3884 0.8585 0.3306
3 0.6753 0.7479 0.7413 0.8175 0.7319 0.8349 0.6659 0.7653
3 0.0655 0.8437 0.0008 0.7465 0.0162 0.7263 0.0810 0.8235
3 0.0648 0.1283 0.0716 0.1408 0.0226 0.1925 0.0159 0.1800
3 0.8682 0.9422 0.8628 0.9337 0.8932 0.8954 0.8986 0.9039
4 0.8921 0.5033 0.8643 0.4867 0.8833 0.4239 0.9112 0.4405
4 0.8455 0.4831 0.8546 0.4872 0.8519 0.4989 0.8428 0.4948
4 0.5347 0.5775 0.5429 0.6046 0.5208 0.6177 0.5126 0.5906
4 0.4058 0.6849 0.4011 0.6620 0.4690 0.6347 0.4738 0.6576
6 0.9699 0.8779 0.9881 0.9411 0.9730 0.9497 0.9547 0.8865
6 0.1083 0.3564 0.0819 0.4856 0.0508 0.4732 0.0773 0.3440
6 0.1350 0.8941 0.0978 0.9462 0.0727 0.9111 0.1100 0.8590
6 0.5921 0.1857 0.5771 0.1668 0.5802 0.1619 0.5952 0.1808
7 0.4440 0.0957 0.4443 0.0895 0.4529 0.0903 0.4526 0.0965
7 0.9179 0.5304 0.9331 0.5091 0.9421 0.5216 0.9269 0.5429
7 0.2537 0.9160 0.2564 0.9701 0.1831 0.9772 0.1804 0.9231
7 0.9394 0.7792 0.9487 0.7684 0.9655 0.7964 0.9562 0.8072
9 0.4147 0.7418 0.4163 0.7854 0.3079 0.7934 0.3062 0.7498
9 0.5706 0.2955 0.5172 0.3114 0.4888 0.1249 0.5423 0.1090
9 0.4589 0.8960 0.4384 0.9672 0.3116 0.8956 0.3322 0.8244
12 0.1926 0.7493 0.1881 0.7505 0.1648 0.5831 0.1694 0.5819
12 0.5796 0.6298 0.5909 0.5943 0.7658 0.7034 0.7545 0.7389
12 0.5613 0.9676 0.5767 0.9331 0.5933 0.9476 0.5779 0.9821
12 0.2344 0.7216 0.1996 0.7242 0.1942 0.5816 0.2290 0.5790
13 0.7174 0.5729 0.7145 0.5595 0.7209 0.5567 0.7238 0.5701
13 0.4314 0.7095 0.4417 0.7221 0.4363 0.7309 0.4260 0.7183
13 0.0528 0.1045 0.0382 0.0982 0.0409 0.0859 0.0555 0.0922
13 0.0801 0.6087 0.0887 0.6153 0.0602 0.6873 0.0516 0.6807
15 0.2074 0.7782 0.2289 0.8655 0.1809 0.8886 0.1594 0.8013
15 0.6008 0.9175 0.6412 0.9275 0.6344 0.9817 0.5939 0.9717
15 0.0989 0.2344 0.0742 0.3020 0.0300 0.2704 0.0546 0.2028
