0 0.1928 0.5683 0.2092 0.5084 0.3426 0.5801 0.3262 0.6400
0 0.9304 0.6938 0.8215 0.9804 0.7293 0.9118 0.8382 0.6252
0 0.6940 0.1230 0.6368 0.1244 0.6363 0.0786 0.6935 0.0772
0 0.6759 0.6527 0.7200 0.6451 0.7281 0.7373 0.6840 0.7449
1 0.1583 0.2501 0.1491 0.2317 0.1509 0.2299 0.1601 0.2483
1 0.5086 0.2024 0.4739 0.1990 0.4743 0.1924 0.5089 0.1958
1 0.4503 0.6042 0.4512 0.6069 0.4405 0.6142 0.4396 0.6115
1 0.5466 0.8215 0.5481 0.8236 0.5394 0.8357 0.5379 0.8336
2 0.0885 0.6855 0.1427 0.6775 0.1538 0.8265 0.0996 0.8345
2 0.5868 0.2691 0.6238 0.1471 0.9229 0.3249 0.8859 0.4469
2 0.1823 0.4960 0.0542 0.3840 0.1054 0.2692 0.2335 0.3812
2 0.1810 0.0368 0.1887 0.0395 0.1724 0.1308 0.1647 0.1281
3 0.6002 0.6261 0.6129 0.6159 0.6498 0.7055 0.6371 0.7157
3 0.4342 0.0515 0.5020 0.0899 0.4972 0.1065 0.4294 0.0681
3 0.2399 0.8041 0.2376 0.7955 0.3089 0.7571 0.3113 0.7657
3 0.6495 0.4830 0.6455 0.4940 0.6059 0.4658 0.6099 0.4548
4 0.3349 0.7313 0.3279 0.7130 0.3417 0.7027 0.3486 0.7210
4 0.9186 0.5310 0.9357 0.5708 0.9251 0.5798 0.9080 0.5400
4 0.1717 0.9671 0.1723 0.9905 0.1637 0.9909 0.1631 0.9675
4 0.2685 0.1945 0.2551 0.1679 0.2650 0.1583 0.2783 0.1849
6 0.1940 0.7413 0.1748 0.7601 0.1717 0.7539 0.1909 0.7351
6 0.4828 0.5882 0.5232 0.5456 0.5335 0.5646 0.4931 0.6072
6 0.6752 0.8906 0.7078 0.9251 0.6831 0.9710 0.6505 0.9365
7 0.5114 0.4258 0.5276 0.4099 0.5317 0.4182 0.5156 0.4341
7 0.4058 0.8706 0.3951 0.8801 0.3562 0.7930 0.3669 0.7835
7 0.3670 0.4430 0.3453 0.4540 0.3242 0.3726 0.3458 0.3616
7 0.4472 0.9294 0.4342 0.9085 0.4791 0.8538 0.4921 0.8747
9 0.5008 0.9146 0.5594 0.8408 0.5952 0.8966 0.5366 0.9704
9 0.4190 0.3269 0.5598 0.3027 0.5638 0.3483 0.4230 0.3725
12 0.8426 0.6237 0.7586 0.5663 0.7702 0.5327 0.8543 0.5901
12 0.3005 0.1682 0.3490 0.0003 0.3723 0.0134 0.3239 0.1813
12 0.1618 0.0095 0.1618 0.0637 0.1456 0.0637 0.1456 0.0095
12 0.1369 0.6102 0.1309 0.6494 0.0317 0.6198 0.0377 0.5806
13 0.2597 0.2322 0.2531 0.2577 0.2306 0.2462 0.2372 0.2207
13 0.5310 0.2485 0.4992 0.2821 0.4819 0.2499 0.5137 0.2163
13 0.8395 0.0767 0.8024 0.0840 0.7959 0.0197 0.8330 0.0124
13 0.5110 0.7158 0.5067 0.6936 0.5136 0.6910 0.5178 0.7132
15 0.3029 0.4124 0.2642 0.4133 0.2637 0.3684 0.3023 0.3675
15 0.6692 0.5361 0.6436 0.5732 0.6237 0.5463 0.6493 0.5092
15 0.2434 0.8187 0.2663 0.8430 0.2515 0.8705 0.2286 0.8462
