0 0.1504 0.5933 0.1247 0.6141 0.0784 0.5019 0.1042 0.4811
0 0.4894 0.3784 0.4571 0.1653 0.6471 0.1088 0.6795 0.3219
0 0.1245 0.4361 0.0350 0.1903 0.1578 0.1027 0.2472 0.3485
0 0.3505 0.6703 0.5309 0.4264 0.7484 0.7417 0.5680 0.9856
1 0.3909 0.2883 0.3986 0.3214 0.3953 0.3229 0.3877 0.2898
1 0.9881 0.1887 0.9884 0.1902 0.9741 0.1941 0.9739 0.1926
1 0.8482 0.9667 0.8552 0.9672 0.8550 0.9733 0.8480 0.9728
1 0.8140 0.1608 0.8209 0.1591 0.8303 0.2336 0.8234 0.2353
2 0.8450 0.9129 0.8093 0.9023 0.8724 0.4867 0.9081 0.4973
2 0.1176 0.6932 0.1123 0.7174 0.0847 0.7056 0.0900 0.6814
2 0.1525 0.9472 0.2784 0.6292 0.3258 0.6660 0.1999 0.9840
2 0.4477 0.1145 0.2482 0.1048 0.2495 0.0559 0.4489 0.0656
3 0.3502 0.2584 0.3687 0.2547 0.3826 0.3928 0.3641 0.3965
3 0.9044 0.1702 0.8896 0.1702 0.8896 0.0650 0.9044 0.0650
3 0.0959 0.9441 0.1283 0.8044 0.1458 0.8123 0.1134 0.9520
3 0.9559 0.0426 0.9612 0.0386 0.9755 0.0762 0.9702 0.0802
4 0.7699 0.8961 0.7898 0.8927 0.7912 0.9091 0.7714 0.9125
4 0.9508 0.5553 0.9555 0.5431 0.9646 0.5499 0.9600 0.5621
4 0.0427 0.5650 0.0694 0.5571 0.0719 0.5734 0.0452 0.5813
4 0.6647 0.0784 0.6439 0.0873 0.6413 0.0752 0.6621 0.0663
6 0.0629 0.9415 0.0112 0.9737 0.0034 0.9493 0.0551 0.9171
6 0.9142 0.8203 0.9425 0.7543 0.9741 0.7809 0.9458 0.8469
6 0.7999 0.4481 0.7802 0.4205 0.7935 0.4019 0.8132 0.4295
7 0.0100 0.8388 0.0382 0.8260 0.0412 0.8388 0.0130 0.8516
7 0.7887 0.1536 0.7943 0.1697 0.7593 0.1936 0.7537 0.1775
7 0.7230 0.1480 0.7171 0.1649 0.6930 0.1484 0.6989 0.1315
7 0.9711 0.3088 0.9665 0.3026 0.9763 0.2884 0.9809 0.2946
9 0.9053 0.1727 0.9521 0.1808 0.9321 0.4089 0.8853 0.4008
9 0.2546 0.6132 0.1520 0.5400 0.1734 0.4812 0.2760 0.5544
12 0.7203 0.0721 0.7309 0.0483 0.7912 0.1011 0.7805 0.1249
12 0.2627 0.3619 0.3185 0.3031 0.3264 0.3177 0.2706 0.3765
13 0.9275 0.5444 0.9298 0.5669 0.9242 0.5680 0.9219 0.5455
13 0.7987 0.1382 0.7900 0.1344 0.7916 0.1270 0.8003 0.1308
13 0.0251 0.1034 0.0253 0.0994 0.0329 0.1002 0.0327 0.1042
13 0.1592 0.0342 0.1533 0.0465 0.1474 0.0410 0.1533 0.0287
15 0.3928 0.1718 0.4209 0.1472 0.4446 0.2002 0.4165 0.2248
15 0.9165 0.8704 0.9863 0.8704 0.9863 0.9540 0.9165 0.9540
