0 0.7653 0.8092 0.6665 0.4294 0.7887 0.3672 0.8875 0.7470
0 0.4373 0.2177 0.5078 0.0468 0.6087 0.1283 0.5382 0.2992
0 0.2602 0.6206 0.3011 0.6063 0.3330 0.7850 0.2920 0.7993
0 0.1852 0.1024 0.3753 0.1445 0.3377 0.4768 0.1476 0.4347
1 0.4803 0.3792 0.4564 0.3920 0.4537 0.3820 0.4776 0.3692
1 0.6164 0.5771 0.6246 0.5787 0.6216 0.6089 0.6134 0.6073
1 0.0248 0.2038 0.0256 0.1955 0.0809 0.2050 0.0801 0.2133
1 0.9105 0.5842 0.9263 0.5604 0.9287 0.5634 0.9128 0.5872
2 0.3891 0.6103 0.5250 0.9536 0.4738 0.9933 0.3379 0.6500
2 0.1593 0.5411 0.1525 0.5449 0.1413 0.5061 0.1481 0.5023
2 0.1173 0.5818 0.1824 0.6905 0.1493 0.7294 0.0842 0.6207
2 0.1140 0.4235 0.1407 0.5320 0.0949 0.5541 0.0682 0.4456
3 0.1150 0.8766 0.1912 0.9600 0.1779 0.9838 0.1017 0.9004
3 0.0483 0.6979 0.0807 0.7627 0.0694 0.7737 0.0371 0.7089
3 0.8940 0.9481 0.9255 0.8443 0.9417 0.8539 0.9102 0.9577
3 0.6517 0.4987 0.6561 0.5112 0.6109 0.5421 0.6065 0.5296
4 0.9770 0.2335 0.9787 0.2505 0.9661 0.2529 0.9644 0.2359
4 0.8765 0.3106 0.8833 0.3100 0.8850 0.3434 0.8781 0.3440
4 0.5476 0.9436 0.5601 0.9278 0.5638 0.9336 0.5513 0.9494
4 0.9699 0.5069 0.9762 0.5032 0.9778 0.5083 0.9715 0.5120
6 0.8554 0.1741 0.9033 0.1399 0.9198 0.1851 0.8718 0.2193
6 0.7940 0.0904 0.8130 0.1597 0.7632 0.1864 0.7442 0.1171
6 0.7402 0.9660 0.7611 0.8760 0.8044 0.8956 0.7835 0.9856
7 0.5212 0.4523 0.5124 0.4713 0.4816 0.4433 0.4905 0.4243
7 0.9562 0.9386 0.9665 0.8846 0.9738 0.8874 0.9635 0.9414
7 0.0745 0.8152 0.0938 0.7963 0.0975 0.8036 0.0782 0.8225
7 0.0414 0.0864 0.0534 0.0751 0.0803 0.1308 0.0683 0.1421
9 0.7449 0.3195 0.7211 0.3540 0.6342 0.2365 0.6580 0.2020
9 0.8386 0.2308 0.7661 0.2505 0.7622 0.2224 0.8347 0.2027
12 0.2105 0.5275 0.3238 0.5554 0.3183 0.5985 0.2051 0.5706
12 0.0252 0.6982 0.0127 0.6876 0.0399 0.6242 0.0524 0.6348
12 0.6214 0.8557 0.5727 0.6460 0.5966 0.6351 0.6453 0.8448
13 0.6291 0.0934 0.6290 0.0881 0.6386 0.0878 0.6387 0.0931
13 0.6254 0.4282 0.6181 0.4344 0.6068 0.4082 0.6142 0.4020
13 0.8271 0.8894 0.8542 0.8848 0.8560 0.9058 0.8290 0.9104
13 0.0230 0.1967 0.0143 0.2016 0.0119 0.1933 0.0206 0.1884
15 0.9897 0.3553 0.9497 0.3504 0.9543 0.2763 0.9943 0.2812
15 0.5360 0.7936 0.5283 0.7170 0.5600 0.7108 0.5677 0.7874
15 0.6215 0.8909 0.6012 0.9546 0.5648 0.9319 0.5851 0.8682
15 0.2812 0.9700 0.2536 0.9782 0.2371 0.8696 0.2647 0.8614
