0 0.4237 0.8110 0.4266 0.7643 0.4518 0.7674 0.4489 0.8141
0 0.7847 0.7444 0.6945 0.5992 0.8835 0.3692 0.9737 0.5144
0 0.1333 0.1331 0.2013 0.0946 0.2553 0.2817 0.1873 0.3202
0 0.3528 0.5415 0.4620 0.4220 0.5686 0.6129 0.4594 0.7324
1 0.2391 0.5137 0.2389 0.5104 0.2527 0.5087 0.2529 0.5120
1 0.1073 0.6404 0.1071 0.6362 0.1261 0.6348 0.1263 0.6390
1 0.5858 0.8191 0.5789 0.8284 0.5279 0.7545 0.5348 0.7452
1 0.3334 0.2231 0.3361 0.2242 0.3315 0.2485 0.3287 0.2474
2 0.6379 0.8692 0.6542 0.8600 0.6704 0.9160 0.6541 0.9252
2 0.3643 0.7756 0.3398 0.8650 0.3179 0.8532 0.3425 0.7638
2 0.7457 0.2053 0.6608 0.0636 0.6735 0.0487 0.7584 0.1904
2 0.7609 0.9880 0.7476 0.9369 0.7611 0.9300 0.7744 0.9811
3 0.5630 0.2405 0.5476 0.2402 0.5490 0.1311 0.5644 0.1314
3 0.1685 0.8384 0.1700 0.8175 0.2115 0.8236 0.2100 0.8445
3 0.7390 0.8726 0.7218 0.8838 0.6810 0.7614 0.6982 0.7502
3 0.6097 0.3335 0.6103 0.3431 0.5306 0.3529 0.5300 0.3433
4 0.5036 0.9044 0.5075 0.8823 0.5170 0.8856 0.5130 0.9077
4 0.0499 0.4706 0.0539 0.4415 0.0624 0.4438 0.0583 0.4729
4 0.9540 0.1416 0.9480 0.1387 0.9545 0.1120 0.9606 0.1149
4 0.6180 0.7466 0.6197 0.7546 0.6152 0.7566 0.6134 0.7486
6 0.2737 0.5653 0.2725 0.5328 0.2960 0.5311 0.2973 0.5636
6 0.8365 0.0774 0.9258 0.1109 0.9178 0.1530 0.8285 0.1195
6 0.4469 0.1898 0.4256 0.2394 0.3900 0.2094 0.4113 0.1598
6 0.1685 0.7848 0.1588 0.7681 0.1709 0.7544 0.1806 0.7711
7 0.8201 0.1931 0.8266 0.2000 0.8130 0.2253 0.8065 0.2184
7 0.6960 0.3419 0.7347 0.3447 0.7338 0.3685 0.6951 0.3657
7 0.0547 0.7788 0.0657 0.7584 0.1056 0.8004 0.0946 0.8208
7 0.0239 0.3697 0.0196 0.3521 0.0532 0.3359 0.0575 0.3535
9 0.0416 0.9551 0.1123 0.8239 0.1341 0.8469 0.0634 0.9781
9 0.9144 0.8997 0.8033 0.8461 0.8139 0.8031 0.9250 0.8567
9 0.0163 0.1415 0.0378 0.1102 0.1200 0.2213 0.0985 0.2526
9 0.7663 0.2271 0.9235 0.2541 0.9152 0.3493 0.7579 0.3223
12 0.2788 0.6194 0.2956 0.5732 0.3178 0.5890 0.3010 0.6352
12 0.2948 0.1698 0.2810 0.1620 0.2963 0.1090 0.3101 0.1168
12 0.6769 0.5846 0.6376 0.5256 0.6540 0.5042 0.6933 0.5632
12 0.2351 0.4222 0.2290 0.3820 0.4260 0.3234 0.4321 0.3636
13 0.8006 0.1109 0.7987 0.1261 0.7914 0.1243 0.7933 0.1091
13 0.3172 0.9645 0.3125 0.9733 0.3073 0.9679 0.3121 0.9591
13 0.1807 0.3825 0.1708 0.3752 0.1722 0.3715 0.1821 0.3788
13 0.3411 0.9491 0.3567 0.9628 0.3423 0.9949 0.3267 0.9812
15 0.4196 0.1085 0.3774 0.0893 0.3910 0.0307 0.4332 0.0499
15 0.4672 0.8949 0.4106 0.9569 0.3837 0.9087 0.4403 0.8467
15 0.1968 0.7926 0.1857 0.7041 0.2383 0.6910 0.2495 0.7795
15 0.1277 0.0759 0.0950 0.1045 0.0737 0.0569 0.1064 0.0283
