0 0.2876 0.3659 0.3731 0.2331 0.6292 0.5561 0.5438 0.6889
0 0.7191 0.5218 0.8009 0.3454 0.8343 0.3758 0.7525 0.5522
0 0.0019 0.1254 0.1469 0.0474 0.2564 0.4466 0.1113 0.5246
0 0.8810 0.7640 0.6801 0.8609 0.6679 0.8112 0.8688 0.7143
1 0.3400 0.0988 0.3388 0.0968 0.3477 0.0860 0.3489 0.0880
1 0.2462 0.7236 0.2439 0.7052 0.2749 0.6976 0.2772 0.7160
1 0.1423 0.7529 0.1632 0.7423 0.1654 0.7511 0.1446 0.7617
1 0.7708 0.1703 0.7743 0.1728 0.7486 0.2405 0.7451 0.2380
2 0.9608 0.3814 0.8680 0.1888 0.9032 0.1554 0.9960 0.3480
2 0.4511 0.0647 0.4657 0.1411 0.3766 0.1745 0.3620 0.0981
2 0.6358 0.5720 0.6340 0.5234 0.6916 0.5192 0.6934 0.5678
2 0.8582 0.4827 0.9122 0.4734 0.9253 0.6221 0.8712 0.6314
3 0.8894 0.8863 0.8899 0.8716 0.9461 0.8757 0.9455 0.8904
3 0.7906 0.0775 0.8290 0.1151 0.8243 0.1245 0.7859 0.0869
3 0.6607 0.7725 0.6447 0.7709 0.6504 0.6571 0.6664 0.6587
3 0.5993 0.9131 0.6527 0.9598 0.6470 0.9725 0.5936 0.9258
4 0.4058 0.1958 0.4023 0.2078 0.3939 0.2030 0.3974 0.1910
4 0.6994 0.2883 0.7406 0.3319 0.7375 0.3377 0.6962 0.2941
4 0.0452 0.6615 0.0638 0.7587 0.0568 0.7613 0.0382 0.6641
4 0.3731 0.0597 0.3710 0.0547 0.3741 0.0523 0.3761 0.0573
6 0.3836 0.7583 0.4078 0.8311 0.3556 0.8653 0.3313 0.7925
6 0.0863 0.5769 0.1167 0.5639 0.1260 0.6067 0.0956 0.6197
6 0.7489 0.0486 0.7581 0.1540 0.6825 0.1670 0.6733 0.0616
7 0.9795 0.9346 0.9734 0.9470 0.9513 0.9254 0.9575 0.9130
7 0.3367 0.7366 0.3251 0.7369 0.3247 0.7066 0.3363 0.7063
7 0.2694 0.5390 0.2807 0.5451 0.2711 0.5798 0.2599 0.5737
7 0.5522 0.7409 0.5665 0.7362 0.5755 0.7911 0.5612 0.7958
9 0.5200 0.8691 0.5265 0.8036 0.6369 0.8253 0.6303 0.8908
9 0.2078 0.8429 0.1962 0.9454 0.0273 0.9079 0.0389 0.8054
9 0.4668 0.0222 0.5309 -0.0002 0.5678 0.2070 0.5036 0.2294
12 0.1668 0.6222 0.2344 0.5631 0.2520 0.6026 0.1845 0.6617
12 0.7737 0.2901 0.7986 0.2514 0.8151 0.2723 0.7902 0.3110
12 0.9462 0.6027 0.9774 0.6012 0.9806 0.7289 0.9494 0.7304
13 0.6291 0.2774 0.6342 0.2770 0.6349 0.2962 0.6298 0.2966
13 0.5117 0.9557 0.5091 0.9511 0.5175 0.9419 0.5201 0.9465
13 0.0937 0.7003 0.1085 0.6631 0.1200 0.6721 0.1053 0.7093
13 0.2833 0.0195 0.2849 0.0320 0.2633 0.0373 0.2617 0.0248
15 0.9515 0.0477 0.9145 0.1493 0.8576 0.1087 0.8946 0.0071
15 0.2298 0.7243 0.2207 0.7716 0.1697 0.7525 0.1787 0.7052
15 0.3413 0.8922 0.3840 0.8996 0.3784 0.9634 0.3357 0.9560
15 0.6187 0.1798 0.5782 0.0580 0.6287 0.0250 0.6693 0.1468
