0 0.5183 0.3180 0.6860 0.3180 0.6860 0.6112 0.5183 0.6112
0 0.6363 0.7440 0.6909 0.7440 0.6909 0.9820 0.6363 0.9820
0 0.5043 0.0732 0.8280 0.0732 0.8280 0.1532 0.5043 0.1532
0 0.1514 0.5888 0.4546 0.5888 0.4546 0.7800 0.1514 0.7800
1 0.3960 0.0984 0.4034 0.0984 0.4034 0.1256 0.3960 0.1256
1 0.4609 0.3408 0.4734 0.3408 0.4734 0.3516 0.4609 0.3516
1 0.7803 0.4208 0.7974 0.4208 0.7974 0.4252 0.7803 0.4252
1 0.8149 0.2280 0.8397 0.2280 0.8397 0.2328 0.8149 0.2328
2 0.9237 0.2316 0.9563 0.2316 0.9563 0.2476 0.9237 0.2476
2 0.2891 0.0744 0.3337 0.0744 0.3337 0.1296 0.2891 0.1296
2 0.4246 0.2048 0.4500 0.2048 0.4500 0.2240 0.4246 0.2240
2 0.8360 0.4556 0.8531 0.4556 0.8531 0.4988 0.8360 0.4988
3 0.6809 0.6464 0.6911 0.6464 0.6911 0.7192 0.6809 0.7192
3 0.1146 0.2824 0.2097 0.2824 0.2097 0.3048 0.1146 0.3048
3 0.4437 0.4688 0.4574 0.4688 0.4574 0.5712 0.4437 0.5712
3 0.5551 0.2752 0.6491 0.2752 0.6491 0.2976 0.5551 0.2976
4 0.7494 0.1532 0.7746 0.1532 0.7746 0.1664 0.7494 0.1664
4 0.4643 0.7524 0.4874 0.7524 0.4874 0.7912 0.4643 0.7912
4 0.1631 0.0464 0.1700 0.0464 0.1700 0.1216 0.1631 0.1216
4 0.5377 0.7996 0.5800 0.7996 0.5800 0.8108 0.5377 0.8108
6 0.7926 0.3624 0.8423 0.3624 0.8423 0.4092 0.7926 0.4092
6 0.1129 0.1932 0.1626 0.1932 0.1626 0.2400 0.1129 0.2400
6 0.7163 0.7236 0.9074 0.7236 0.9074 0.8584 0.7163 0.8584
6 0.9051 0.5188 0.9726 0.5188 0.9726 0.7088 0.9051 0.7088
7 0.8363 0.8796 0.8494 0.8796 0.8494 0.9272 0.8363 0.9272
7 0.2489 0.2312 0.2574 0.2312 0.2574 0.2616 0.2489 0.2616
7 0.1329 0.8108 0.1443 0.8108 0.1443 0.8528 0.1329 0.8528
7 0.5820 0.9552 0.5880 0.9552 0.5880 0.9996 0.5820 0.9996
9 0.7003 0.5316 0.7303 0.5316 0.7303 0.7072 0.7003 0.7072
9 0.8789 0.2780 0.9231 0.2780 0.9231 0.5064 0.8789 0.5064
9 0.2183 0.2652 0.2894 0.2652 0.2894 0.4680 0.2183 0.4680
9 0.3066 0.0064 0.4294 0.0064 0.4294 0.0540 0.3066 0.0540
12 0.1149 0.4360 0.1234 0.4360 0.1234 0.7332 0.1149 0.7332
12 0.1471 0.8088 0.1717 0.8088 0.1717 0.9340 0.1471 0.9340
12 0.3574 0.3580 0.3806 0.3580 0.3806 0.5416 0.3574 0.5416
12 0.8114 0.5788 0.8346 0.5788 0.8346 0.6936 0.8114 0.6936
13 0.0366 0.7128 0.0509 0.7128 0.0509 0.8328 0.0366 0.8328
13 0.0129 0.0848 0.0360 0.0848 0.0360 0.1028 0.0129 0.1028
13 0.7640 0.3604 0.7783 0.3604 0.7783 0.4804 0.7640 0.4804
13 0.7369 0.3224 0.7523 0.3224 0.7523 0.3876 0.7369 0.3876
15 0.2451 0.8348 0.3700 0.8348 0.3700 0.9380 0.2451 0.9380
15 0.8374 0.2488 0.8669 0.2488 0.8669 0.3084 0.8374 0.3084
15 0.6260 0.1680 0.6991 0.1680 0.6991 0.2528 0.6260 0.2528
15 0.5063 0.6600 0.5526 0.6600 0.5526 0.7284 0.5063 0.7284
