0 0.1777 0.5992 0.4809 0.5992 0.4809 0.7904 0.1777 0.7904
0 0.6069 0.5148 0.7400 0.5148 0.7400 0.8812 0.6069 0.8812
0 0.4277 0.7980 0.5289 0.7980 0.5289 0.9480 0.4277 0.9480
0 0.1357 0.4460 0.4594 0.4460 0.4594 0.5260 0.1357 0.5260
1 0.3471 0.4156 0.3546 0.4156 0.3546 0.4428 0.3471 0.4428
1 0.6489 0.2448 0.6689 0.2448 0.6689 0.2532 0.6489 0.2532
1 0.8746 0.6784 0.8829 0.6784 0.8829 0.7604 0.8746 0.7604
1 0.0886 0.0124 0.1017 0.0124 0.1017 0.0388 0.0886 0.0388
2 0.3971 0.2964 0.5574 0.2964 0.5574 0.4400 0.3971 0.4400
2 0.0483 0.0608 0.1086 0.0608 0.1086 0.0960 0.0483 0.0960
2 0.8117 0.4232 0.8946 0.4232 0.8946 0.5436 0.8117 0.5436
2 0.5020 0.7224 0.5623 0.7224 0.5623 0.7576 0.5020 0.7576
3 0.7409 0.0624 0.7511 0.0624 0.7511 0.1356 0.7409 0.1356
3 0.4740 0.0736 0.4803 0.0736 0.4803 0.1756 0.4740 0.1756
3 0.7906 0.0116 0.8069 0.0116 0.8069 0.1364 0.7906 0.1364
3 0.5320 0.6160 0.5423 0.6160 0.5423 0.6888 0.5320 0.6888
4 0.0949 0.1608 0.1006 0.1608 0.1006 0.1676 0.0949 0.1676
4 0.5317 0.9016 0.5477 0.9016 0.5477 0.9072 0.5317 0.9072
4 0.5874 0.9572 0.6034 0.9572 0.6034 0.9628 0.5874 0.9628
4 0.0934 0.3352 0.1529 0.3352 0.1529 0.3552 0.0934 0.3552
6 0.0951 0.8812 0.1129 0.8812 0.1129 0.9064 0.0951 0.9064
6 0.7966 0.9120 0.8143 0.9120 0.8143 0.9372 0.7966 0.9372
6 0.7360 0.3060 0.8034 0.3060 0.8034 0.4960 0.7360 0.4960
6 0.8123 0.0376 0.8620 0.0376 0.8620 0.0844 0.8123 0.0844
7 0.5714 0.0196 0.6046 0.0196 0.6046 0.0816 0.5714 0.0816
7 0.9197 0.0268 0.9349 0.0268 0.9349 0.1520 0.9197 0.1520
7 0.7863 0.6588 0.8066 0.6588 0.8066 0.7428 0.7863 0.7428
7 0.5946 0.2248 0.6229 0.2248 0.6229 0.2728 0.5946 0.2728
9 0.2997 0.1668 0.4154 0.1668 0.4154 0.2048 0.2997 0.2048
9 0.0494 0.8000 0.0871 0.8000 0.0871 0.9316 0.0494 0.9316
9 0.1529 0.2512 0.2100 0.2512 0.2100 0.3056 0.1529 0.3056
9 0.0051 0.6868 0.1769 0.6868 0.1769 0.7908 0.0051 0.7908
12 0.8860 0.1956 0.9091 0.1956 0.9091 0.3104 0.8860 0.3104
12 0.5366 0.0044 0.5597 0.0044 0.5597 0.1880 0.5366 0.1880
12 0.6240 0.3812 0.7034 0.3812 0.7034 0.4244 0.6240 0.4244
12 0.0417 0.4708 0.1137 0.4708 0.1137 0.5028 0.0417 0.5028
13 0.1197 0.0664 0.1220 0.0664 0.1220 0.1916 0.1197 0.1916
13 0.1026 0.2460 0.1197 0.2460 0.1197 0.2772 0.1026 0.2772
13 0.5714 0.1268 0.5783 0.1268 0.5783 0.1464 0.5714 0.1464
13 0.2006 0.5292 0.2223 0.5292 0.2223 0.5848 0.2006 0.5848
15 0.1286 0.6100 0.1537 0.6100 0.1537 0.6632 0.1286 0.6632
15 0.2183 0.2748 0.2714 0.2748 0.2714 0.3368 0.2183 0.3368
15 0.8934 0.3232 0.9677 0.3232 0.9677 0.3836 0.8934 0.3836
15 0.5766 0.3080 0.6074 0.3080 0.6074 0.3672 0.5766 0.3672
