0 0.7109 0.4836 0.8177 0.4836 0.8177 0.8876 0.7109 0.8876
0 0.2934 0.7820 0.5966 0.7820 0.5966 0.9732 0.2934 0.9732
0 0.0983 0.3224 0.1657 0.3224 0.1657 0.3764 0.0983 0.3764
0 0.3640 0.2532 0.4869 0.2532 0.4869 0.6904 0.3640 0.6904
1 0.8823 0.7636 0.8886 0.7636 0.8886 0.8448 0.8823 0.8448
1 0.9089 0.4372 0.9137 0.4372 0.9137 0.4792 0.9089 0.4792
1 0.9057 0.0932 0.9271 0.0932 0.9271 0.1048 0.9057 0.1048
1 0.1366 0.4908 0.1440 0.4908 0.1440 0.5180 0.1366 0.5180
2 0.1123 0.1620 0.3409 0.1620 0.3409 0.2288 0.1123 0.2288
2 0.7111 0.0560 0.8671 0.0560 0.8671 0.1852 0.7111 0.1852
2 0.5689 0.0424 0.6280 0.0424 0.6280 0.0500 0.5689 0.0500
2 0.8817 0.3912 0.9420 0.3912 0.9420 0.4228 0.8817 0.4228
3 0.5277 0.4196 0.5380 0.4196 0.5380 0.4924 0.5277 0.4924
3 0.7980 0.2192 0.8151 0.2192 0.8151 0.3412 0.7980 0.3412
3 0.6820 0.8552 0.6923 0.8552 0.6923 0.9284 0.6820 0.9284
3 0.0320 0.4216 0.1120 0.4216 0.1120 0.4412 0.0320 0.4412
4 0.8371 0.3004 0.8497 0.3004 0.8497 0.3828 0.8371 0.3828
4 0.0157 0.8224 0.0346 0.8224 0.0346 0.8352 0.0157 0.8352
4 0.0637 0.5976 0.0826 0.5976 0.0826 0.6104 0.0637 0.6104
4 0.9240 0.4528 0.9351 0.4528 0.9351 0.4608 0.9240 0.4608
6 0.1703 0.0632 0.2289 0.0632 0.2289 0.1456 0.1703 0.1456
6 0.1691 0.7176 0.2037 0.7176 0.2037 0.7288 0.1691 0.7288
6 0.5791 0.2548 0.7703 0.2548 0.7703 0.3896 0.5791 0.3896
6 0.2514 0.6956 0.3011 0.6956 0.3011 0.7424 0.2514 0.7424
7 0.8491 0.7672 0.8603 0.7672 0.8603 0.8364 0.8491 0.8364
7 0.5103 0.3620 0.5791 0.3620 0.5791 0.3772 0.5103 0.3772
7 0.5680 0.2840 0.5743 0.2840 0.5743 0.3084 0.5680 0.3084
7 0.5277 0.6164 0.5374 0.6164 0.5374 0.6528 0.5277 0.6528
9 0.3537 0.0116 0.3980 0.0116 0.3980 0.2400 0.3537 0.2400
9 0.0983 0.8476 0.2140 0.8476 0.2140 0.8856 0.0983 0.8856
9 0.0014 0.5356 0.0431 0.5356 0.0431 0.7448 0.0014 0.7448
9 0.2231 0.4168 0.3286 0.4168 0.3286 0.4772 0.2231 0.4772
12 0.9763 0.7820 0.9997 0.7820 0.9997 0.8720 0.9763 0.8720
12 0.8494 0.6312 0.8726 0.6312 0.8726 0.7460 0.8494 0.7460
12 0.6454 0.6656 0.7063 0.6656 0.7063 0.7012 0.6454 0.7012
13 0.4971 0.5780 0.5143 0.5780 0.5143 0.5864 0.4971 0.5864
13 0.4409 0.0848 0.4874 0.0848 0.4874 0.1264 0.4409 0.1264
13 0.5817 0.0816 0.5837 0.0816 0.5837 0.2268 0.5817 0.2268
13 0.9603 0.2996 0.9997 0.2996 0.9997 0.3244 0.9603 0.3244
15 0.0831 0.5576 0.1877 0.5576 0.1877 0.6724 0.0831 0.6724
15 0.6343 0.0540 0.6957 0.0540 0.6957 0.1664 0.6343 0.1664
15 0.0071 0.0288 0.1320 0.0288 0.1320 0.1320 0.0071 0.1320
15 0.8246 0.5200 0.8457 0.5200 0.8457 0.6032 0.8246 0.6032
