0 0.7720 0.0284 0.8731 0.0284 0.8731 0.1784 0.7720 0.1784
0 0.7411 0.5624 0.8480 0.5624 0.8480 0.9664 0.7411 0.9664
0 0.0249 0.6056 0.0794 0.6056 0.0794 0.8436 0.0249 0.8436
0 0.1583 0.4936 0.3691 0.4936 0.3691 0.7000 0.1583 0.7000
1 0.8817 0.8748 0.8846 0.8748 0.8846 0.9000 0.8817 0.9000
1 0.1543 0.4196 0.1669 0.4196 0.1669 0.4304 0.1543 0.4304
1 0.3871 0.5020 0.3934 0.5020 0.3934 0.5832 0.3871 0.5832
1 0.6511 0.0472 0.6540 0.0472 0.6540 0.1028 0.6511 0.1028
2 0.5386 0.3660 0.6289 0.3660 0.6289 0.4916 0.5386 0.4916
2 0.6283 0.5384 0.6529 0.5384 0.6529 0.5636 0.6283 0.5636
2 0.8243 0.2296 0.9846 0.2296 0.9846 0.3732 0.8243 0.3732
2 0.6191 0.1936 0.7794 0.1936 0.7794 0.3372 0.6191 0.3372
3 0.9157 0.0300 0.9951 0.0300 0.9951 0.0548 0.9157 0.0548
3 0.1557 0.0904 0.1660 0.0904 0.1660 0.1632 0.1557 0.1632
3 0.2920 0.9640 0.3720 0.9640 0.3720 0.9836 0.2920 0.9836
3 0.5060 0.2444 0.5163 0.2444 0.5163 0.3176 0.5060 0.3176
4 0.5777 0.3488 0.5980 0.3488 0.5980 0.3624 0.5777 0.3624
4 0.9271 0.7924 0.9663 0.7924 0.9663 0.8020 0.9271 0.8020
4 0.4966 0.7180 0.5020 0.7180 0.5020 0.7392 0.4966 0.7392
4 0.6029 0.1460 0.6200 0.1460 0.6200 0.1604 0.6029 0.1604
6 0.5011 0.7444 0.6923 0.7444 0.6923 0.8792 0.5011 0.8792
6 0.0854 0.9256 0.1509 0.9256 0.1509 0.9564 0.0854 0.9564
6 0.1974 0.8140 0.3886 0.8140 0.3886 0.9488 0.1974 0.9488
6 0.6603 0.6272 0.6780 0.6272 0.6780 0.6524 0.6603 0.6524
7 0.1351 0.3688 0.1434 0.3688 0.1434 0.4376 0.1351 0.4376
7 0.1703 0.1780 0.1806 0.1780 0.1806 0.2192 0.1703 0.2192
7 0.4280 0.5916 0.4403 0.5916 0.4403 0.6828 0.4280 0.6828
7 0.6769 0.4708 0.7094 0.4708 0.7094 0.5504 0.6769 0.5504
9 0.3854 0.1068 0.4574 0.1068 0.4574 0.3392 0.3854 0.3392
9 0.1157 0.7016 0.2386 0.7016 0.2386 0.7492 0.1157 0.7492
9 0.0394 0.1044 0.0909 0.1044 0.0909 0.2740 0.0394 0.2740
9 0.3200 0.0300 0.3643 0.0300 0.3643 0.2584 0.3200 0.2584
12 0.5834 0.0096 0.6554 0.0096 0.6554 0.0416 0.5834 0.0416
12 0.2271 0.2364 0.2503 0.2364 0.2503 0.4200 0.2271 0.4200
12 0.4677 0.5296 0.4763 0.5296 0.4763 0.8268 0.4677 0.8268
13 0.0369 0.1908 0.0389 0.1908 0.0389 0.3360 0.0369 0.3360
13 0.0169 0.1276 0.0223 0.1276 0.0223 0.3456 0.0169 0.3456
13 0.8726 0.5600 0.8891 0.5600 0.8891 0.5668 0.8726 0.5668
13 0.6963 0.3536 0.7129 0.3536 0.7129 0.3604 0.6963 0.3604
15 0.0103 0.4252 0.0646 0.4252 0.0646 0.4980 0.0103 0.4980
15 0.1917 0.2240 0.2226 0.2240 0.2226 0.2832 0.1917 0.2832
15 0.2177 0.7540 0.2489 0.7540 0.2489 0.8132 0.2177 0.8132
15 0.0994 0.5952 0.1329 0.5952 0.1329 0.6432 0.0994 0.6432
