0 0.3814 0.5992 0.4826 0.5992 0.4826 0.7492 0.3814 0.7492
0 0.3351 0.1120 0.4186 0.1120 0.4186 0.2864 0.3351 0.2864
0 0.2500 0.6140 0.3506 0.6140 0.3506 0.8172 0.2500 0.8172
0 0.8811 0.0072 0.9477 0.0072 0.9477 0.5228 0.8811 0.5228
1 0.3377 0.5432 0.3397 0.5432 0.3397 0.5788 0.3377 0.5788
1 0.1140 0.2932 0.1203 0.2932 0.1203 0.3744 0.1140 0.3744
1 0.6911 0.4648 0.6940 0.4648 0.6940 0.4900 0.6911 0.4900
1 0.3274 0.5260 0.3489 0.5260 0.3489 0.5376 0.3274 0.5376
2 0.0186 0.7408 0.0386 0.7408 0.0386 0.7856 0.0186 0.7856
2 0.1443 0.5028 0.1517 0.5028 0.1517 0.5452 0.1443 0.5452
2 0.5231 0.7420 0.7214 0.7420 0.7214 0.8588 0.5231 0.8588
2 0.1611 0.4552 0.2543 0.4552 0.2543 0.5276 0.1611 0.5276
3 0.0711 0.9056 0.1663 0.9056 0.1663 0.9280 0.0711 0.9280
3 0.5906 0.5168 0.6069 0.5168 0.6069 0.6416 0.5906 0.6416
3 0.2177 0.2376 0.2671 0.2376 0.2671 0.2544 0.2177 0.2544
3 0.6537 0.3984 0.6640 0.3984 0.6640 0.4712 0.6537 0.4712
4 0.4951 0.9200 0.5031 0.9200 0.5031 0.9456 0.4951 0.9456
4 0.7100 0.2388 0.7266 0.2388 0.7266 0.2612 0.7100 0.2612
4 0.9614 0.8988 0.9754 0.8988 0.9754 0.9800 0.9614 0.9800
4 0.0140 0.3712 0.0311 0.3712 0.0311 0.3872 0.0140 0.3872
6 0.7866 0.7568 0.9777 0.7568 0.9777 0.8916 0.7866 0.8916
6 0.1557 0.5872 0.2054 0.5872 0.2054 0.6340 0.1557 0.6340
6 0.2020 0.0428 0.2694 0.0428 0.2694 0.2328 0.2020 0.2328
6 0.0760 0.3940 0.1434 0.3940 0.1434 0.5840 0.0760 0.5840
7 0.7117 0.3636 0.7457 0.3636 0.7457 0.5636 0.7117 0.5636
7 0.1083 0.1408 0.1234 0.1408 0.1234 0.1484 0.1083 0.1484
7 0.7400 0.8748 0.7609 0.8748 0.7609 0.9296 0.7400 0.9296
7 0.3389 0.3760 0.3594 0.3760 0.3594 0.4560 0.3389 0.4560
9 0.6331 0.0440 0.7606 0.0440 0.7606 0.0852 0.6331 0.0852
9 0.1769 0.6760 0.2186 0.6760 0.2186 0.8852 0.1769 0.8852
9 0.0311 0.5304 0.0611 0.5304 0.0611 0.7060 0.0311 0.7060
9 0.8226 0.1580 0.8603 0.1580 0.8603 0.2896 0.8226 0.2896
12 0.5160 0.0840 0.6203 0.0840 0.6203 0.1256 0.5160 0.1256
12 0.0777 0.9432 0.1820 0.9432 0.1820 0.9848 0.0777 0.9848
12 0.0546 0.2388 0.0751 0.2388 0.0751 0.3836 0.0546 0.3836
12 0.7057 0.9500 0.7349 0.9500 0.7349 0.9744 0.7057 0.9744
13 0.5894 0.9480 0.5989 0.9480 0.5989 0.9800 0.5894 0.9800
13 0.5271 0.3136 0.5666 0.3136 0.5666 0.3384 0.5271 0.3384
13 0.8597 0.0860 0.8769 0.0860 0.8769 0.0944 0.8597 0.0944
13 0.5794 0.3588 0.5863 0.3588 0.5863 0.3784 0.5794 0.3784
15 0.5569 0.1716 0.6817 0.1716 0.6817 0.2748 0.5569 0.2748
15 0.9429 0.6200 0.9994 0.6200 0.9994 0.7032 0.9429 0.7032
15 0.3674 0.4552 0.4717 0.4552 0.4717 0.5676 0.3674 0.5676
15 0.7757 0.4692 0.8323 0.4692 0.8323 0.5524 0.7757 0.5524
