0 0.3949 0.1112 0.5077 0.1112 0.5077 0.3036 0.3949 0.3036
0 0.0794 0.7056 0.3080 0.7056 0.3080 0.7904 0.0794 0.7904
0 0.0540 0.1288 0.1214 0.1288 0.1214 0.1828 0.0540 0.1828
0 0.5771 0.2936 0.6840 0.2936 0.6840 0.6976 0.5771 0.6976
1 0.5849 0.7184 0.5949 0.7184 0.5949 0.8252 0.5849 0.8252
1 0.8180 0.2736 0.8209 0.2736 0.8209 0.2988 0.8180 0.2988
1 0.3277 0.1716 0.3540 0.1716 0.3540 0.1836 0.3277 0.1836
1 0.9240 0.1012 0.9411 0.1012 0.9411 0.1056 0.9240 0.1056
2 0.1257 0.0356 0.1923 0.0356 0.1923 0.1588 0.1257 0.1588
2 0.3529 0.7856 0.4303 0.7856 0.4303 0.8148 0.3529 0.8148
2 0.4609 0.6356 0.5246 0.6356 0.5246 0.6568 0.4609 0.6568
2 0.7617 0.7704 0.7971 0.7704 0.7971 0.7888 0.7617 0.7888
3 0.1743 0.5796 0.1846 0.5796 0.1846 0.6524 0.1743 0.6524
3 0.3511 0.9676 0.4063 0.9676 0.4063 0.9868 0.3511 0.9868
3 0.4971 0.0048 0.5034 0.0048 0.5034 0.1068 0.4971 0.1068
3 0.3800 0.7656 0.4494 0.7656 0.4494 0.7840 0.3800 0.7840
4 0.2546 0.3564 0.2603 0.3564 0.2603 0.3788 0.2546 0.3788
4 0.9471 0.5000 0.9594 0.5000 0.9594 0.5072 0.9471 0.5072
4 0.2334 0.1484 0.2709 0.1484 0.2709 0.1520 0.2334 0.1520
4 0.3997 0.0056 0.4226 0.0056 0.4226 0.0180 0.3997 0.0180
6 0.2871 0.1780 0.3049 0.1780 0.3049 0.2032 0.2871 0.2032
6 0.7403 0.8300 0.9314 0.8300 0.9314 0.9648 0.7403 0.9648
6 0.0111 0.8464 0.0766 0.8464 0.0766 0.8772 0.0111 0.8772
6 0.5443 0.1380 0.6029 0.1380 0.6029 0.2204 0.5443 0.2204
7 0.0100 0.8048 0.0574 0.8048 0.0574 0.8436 0.0100 0.8436
7 0.4657 0.5340 0.4851 0.5340 0.4851 0.6040 0.4657 0.6040
7 0.3631 0.4280 0.3680 0.4280 0.3680 0.4652 0.3631 0.4652
7 0.9543 0.6520 0.9631 0.6520 0.9631 0.7576 0.9543 0.7576
9 0.8309 0.3532 0.8823 0.3532 0.8823 0.5228 0.8309 0.5228
9 0.1309 0.2532 0.1931 0.2532 0.1931 0.4588 0.1309 0.4588
9 0.6711 0.0144 0.7423 0.0144 0.7423 0.2172 0.6711 0.2172
9 0.9394 0.1380 0.9837 0.1380 0.9837 0.3664 0.9394 0.3664
12 0.7523 0.3852 0.7609 0.3852 0.7609 0.6824 0.7523 0.6824
12 0.0049 0.4592 0.0843 0.4592 0.0843 0.5024 0.0049 0.5024
12 0.3806 0.8720 0.4751 0.8720 0.4751 0.9080 0.3806 0.9080
12 0.2974 0.4672 0.5629 0.4672 0.5629 0.5264 0.2974 0.5264
13 0.8529 0.6776 0.8674 0.6776 0.8674 0.7076 0.8529 0.7076
13 0.4946 0.8516 0.5269 0.8516 0.5269 0.8664 0.4946 0.8664
13 0.7129 0.5652 0.7271 0.5652 0.7271 0.6852 0.7129 0.6852
13 0.5057 0.6960 0.5186 0.6960 0.5186 0.7068 0.5057 0.7068
15 0.3431 0.5368 0.4371 0.5368 0.4371 0.6168 0.3431 0.6168
15 0.6620 0.8364 0.7351 0.8364 0.7351 0.9084 0.6620 0.9084
15 0.8111 0.1828 0.8654 0.1828 0.8654 0.2556 0.8111 0.2556
15 0.0580 0.0108 0.1114 0.0108 0.1114 0.0748 0.0580 0.0748
