0 0.6403 0.4992 0.8289 0.4992 0.8289 0.6020 0.6403 0.6020
0 0.4691 0.6628 0.7929 0.6628 0.7929 0.7428 0.4691 0.7428
0 0.3791 0.0476 0.6823 0.0476 0.6823 0.2388 0.3791 0.2388
0 0.2086 0.4488 0.3563 0.4488 0.3563 0.9412 0.2086 0.9412
1 0.9120 0.1212 0.9263 0.1212 0.9263 0.1520 0.9120 0.1520
1 0.1789 0.8788 0.1889 0.8788 0.1889 0.9856 0.1789 0.9856
1 0.9260 0.5448 0.9431 0.5448 0.9431 0.5492 0.9260 0.5492
1 0.1677 0.2684 0.1877 0.2684 0.1877 0.2768 0.1677 0.2768
2 0.3749 0.9340 0.4074 0.9340 0.4074 0.9500 0.3749 0.9500
2 0.7134 0.8156 0.9520 0.8156 0.9520 0.9712 0.7134 0.9712
2 0.5311 0.9568 0.5903 0.9568 0.5903 0.9644 0.5311 0.9644
2 0.3683 0.5420 0.5251 0.5420 0.5251 0.5696 0.3683 0.5696
3 0.1597 0.5200 0.1769 0.5200 0.1769 0.6420 0.1597 0.6420
3 0.0837 0.2696 0.1389 0.2696 0.1389 0.2912 0.0837 0.2912
3 0.8660 0.5920 0.8763 0.5920 0.8763 0.6652 0.8660 0.6652
3 0.4480 0.6040 0.4651 0.6040 0.4651 0.6708 0.4480 0.6708
4 0.0897 0.9284 0.1123 0.9284 0.1123 0.9416 0.0897 0.9416
4 0.0729 0.1072 0.0809 0.1072 0.0809 0.1888 0.0729 0.1888
4 0.1294 0.4084 0.1374 0.4084 0.1374 0.4340 0.1294 0.4340
4 0.3694 0.8396 0.3751 0.8396 0.3751 0.8464 0.3694 0.8464
6 0.3151 0.2460 0.5063 0.2460 0.5063 0.3808 0.3151 0.3808
6 0.0997 0.6788 0.1671 0.6788 0.1671 0.8688 0.0997 0.8688
6 0.7477 0.3468 0.7974 0.3468 0.7974 0.3936 0.7477 0.3936
6 0.8037 0.2544 0.9949 0.2544 0.9949 0.3892 0.8037 0.3892
7 0.2026 0.2344 0.2477 0.2344 0.2477 0.2520 0.2026 0.2520
7 0.9503 0.0180 0.9837 0.0180 0.9837 0.1324 0.9503 0.1324
7 0.2883 0.0992 0.3054 0.0992 0.3054 0.1080 0.2883 0.1080
7 0.5937 0.4316 0.6049 0.4316 0.6049 0.5008 0.5937 0.5008
9 0.1400 0.0484 0.1774 0.0484 0.1774 0.2356 0.1400 0.2356
9 0.7134 0.0116 0.7537 0.0116 0.7537 0.2080 0.7134 0.2080
9 0.8286 0.7432 0.9514 0.7432 0.9514 0.7908 0.8286 0.7908
9 0.7337 0.2196 0.7909 0.2196 0.7909 0.2740 0.7337 0.2740
12 0.0494 0.1184 0.0700 0.1184 0.0700 0.2632 0.0494 0.2632
12 0.5649 0.2864 0.6623 0.2864 0.6623 0.3120 0.5649 0.3120
12 0.0123 0.3228 0.0414 0.3228 0.0414 0.3472 0.0123 0.3472
12 0.6391 0.7792 0.6597 0.7792 0.6597 0.9240 0.6391 0.9240
13 0.2431 0.4332 0.2523 0.4332 0.2523 0.4416 0.2431 0.4416
13 0.2529 0.0256 0.2623 0.0256 0.2623 0.0576 0.2529 0.0576
13 0.9494 0.6144 0.9626 0.6144 0.9626 0.6256 0.9494 0.6256
13 0.5746 0.8712 0.5851 0.8712 0.5851 0.8848 0.5746 0.8848
15 0.2451 0.1124 0.3300 0.1124 0.3300 0.2212 0.2451 0.2212
15 0.5551 0.4080 0.5863 0.4080 0.5863 0.4672 0.5551 0.4672
15 0.3809 0.7124 0.4563 0.7124 0.4563 0.7748 0.3809 0.7748
15 0.8903 0.0288 0.9497 0.0288 0.9497 0.0980 0.8903 0.0980
