0 0.0520 0.7120 0.2629 0.7120 0.2629 0.9184 0.0520 0.9184
0 0.7480 0.4944 0.8811 0.4944 0.8811 0.8608 0.7480 0.8608
0 0.1963 0.0188 0.2974 0.0188 0.2974 0.1688 0.1963 0.1688
0 0.6794 0.2960 0.7137 0.2960 0.7137 0.7520 0.6794 0.7520
1 0.7354 0.1336 0.7454 0.1336 0.7454 0.2404 0.7354 0.2404
1 0.4669 0.1316 0.4717 0.1316 0.4717 0.1736 0.4669 0.1736
1 0.9174 0.0664 0.9274 0.0664 0.9274 0.1732 0.9174 0.1732
1 0.2420 0.5212 0.2669 0.5212 0.2669 0.5260 0.2420 0.5260
2 0.3209 0.0744 0.3803 0.0744 0.3803 0.2620 0.3209 0.2620
2 0.7777 0.0996 0.8606 0.0996 0.8606 0.2200 0.7777 0.2200
2 0.0991 0.6212 0.1294 0.6212 0.1294 0.6324 0.0991 0.6324
2 0.3723 0.6220 0.3969 0.6220 0.3969 0.6472 0.3723 0.6472
3 0.2474 0.4220 0.3026 0.4220 0.3026 0.4436 0.2474 0.4436
3 0.9609 0.2676 0.9711 0.2676 0.9711 0.3404 0.9609 0.3404
3 0.8911 0.3452 0.9406 0.3452 0.9406 0.3620 0.8911 0.3620
3 0.6597 0.4476 0.6734 0.4476 0.6734 0.5500 0.6597 0.5500
4 0.5011 0.1848 0.5091 0.1848 0.5091 0.2104 0.5011 0.2104
4 0.0231 0.1284 0.0360 0.1284 0.0360 0.1392 0.0231 0.1392
4 0.5809 0.9480 0.5937 0.9480 0.5937 0.9584 0.5809 0.9584
4 0.4600 0.2364 0.4680 0.2364 0.4680 0.2620 0.4600 0.2620
6 0.4646 0.7060 0.5231 0.7060 0.5231 0.7884 0.4646 0.7884
6 0.6374 0.6676 0.6551 0.6676 0.6551 0.6928 0.6374 0.6928
6 0.7314 0.2772 0.7989 0.2772 0.7989 0.4672 0.7314 0.4672
6 0.8371 0.9264 0.8717 0.9264 0.8717 0.9376 0.8371 0.9376
7 0.1637 0.6288 0.1680 0.6288 0.1680 0.6440 0.1637 0.6440
7 0.0034 0.2748 0.0194 0.2748 0.0194 0.3428 0.0034 0.3428
7 0.1837 0.2716 0.2037 0.2716 0.2037 0.3872 0.1837 0.3872
7 0.8831 0.7464 0.9540 0.7464 0.9540 0.7916 0.8831 0.7916
9 0.5417 0.4340 0.5794 0.4340 0.5794 0.5656 0.5417 0.5656
9 0.3089 0.6284 0.3463 0.6284 0.3463 0.8156 0.3089 0.8156
9 0.2837 0.9172 0.5040 0.9172 0.5040 0.9896 0.2837 0.9896
9 0.4774 0.2408 0.5217 0.2408 0.5217 0.4692 0.4774 0.4692
12 0.3391 0.4964 0.3703 0.4964 0.3703 0.5236 0.3391 0.5236
12 0.0349 0.6452 0.1294 0.6452 0.1294 0.6812 0.0349 0.6812
12 0.3220 0.0036 0.4263 0.0036 0.4263 0.0452 0.3220 0.0452
12 0.1603 0.1752 0.1834 0.1752 0.1834 0.2900 0.1603 0.2900
13 0.9311 0.8552 0.9674 0.8552 0.9674 0.9204 0.9311 0.9204
13 0.1080 0.9636 0.1177 0.9636 0.1177 0.9728 0.1080 0.9728
13 0.6586 0.3232 0.6666 0.3232 0.6666 0.3444 0.6586 0.3444
13 0.5397 0.1872 0.5477 0.1872 0.5477 0.2084 0.5397 0.2084
15 0.7820 0.9192 0.8129 0.9192 0.8129 0.9784 0.7820 0.9784
15 0.5620 0.0492 0.6343 0.0492 0.6343 0.1300 0.5620 0.1300
15 0.0806 0.4896 0.1851 0.4896 0.1851 0.6044 0.0806 0.6044
15 0.9303 0.6500 0.9611 0.6500 0.9611 0.7092 0.9303 0.7092
