0 0.0306 0.5168 0.1434 0.5168 0.1434 0.7092 0.0306 0.7092
0 0.3683 0.0528 0.4357 0.0528 0.4357 0.1068 0.3683 0.1068
0 0.5334 0.1308 0.7620 0.1308 0.7620 0.2156 0.5334 0.2156
0 0.6420 0.2684 0.7466 0.2684 0.7466 0.6992 0.6420 0.6992
1 0.5414 0.7224 0.5763 0.7224 0.5763 0.8104 0.5414 0.8104
1 0.4420 0.1896 0.4634 0.1896 0.4634 0.2012 0.4420 0.2012
1 0.5074 0.8652 0.5323 0.8652 0.5323 0.8700 0.5074 0.8700
1 0.7820 0.3268 0.7849 0.3268 0.7849 0.3824 0.7820 0.3824
2 0.2223 0.8560 0.2689 0.8560 0.2689 0.9064 0.2223 0.9064
2 0.1863 0.0632 0.3117 0.0632 0.3117 0.3680 0.1863 0.3680
2 0.9434 0.7288 0.9751 0.7288 0.9751 0.8072 0.9434 0.8072
2 0.6877 0.8528 0.6991 0.8528 0.6991 0.8776 0.6877 0.8776
3 0.0209 0.3308 0.1149 0.3308 0.1149 0.3532 0.0209 0.3532
3 0.0111 0.7256 0.0249 0.7256 0.0249 0.8280 0.0111 0.8280
3 0.7800 0.0088 0.8543 0.0088 0.8543 0.0316 0.7800 0.0316
3 0.4143 0.3504 0.4694 0.3504 0.4694 0.3720 0.4143 0.3720
4 0.2414 0.7360 0.2560 0.7360 0.2560 0.7768 0.2414 0.7768
4 0.1031 0.1724 0.1203 0.1724 0.1203 0.1868 0.1031 0.1868
4 0.4529 0.9296 0.4571 0.9296 0.4571 0.9348 0.4529 0.9348
4 0.4146 0.2648 0.4397 0.2648 0.4397 0.2784 0.4146 0.2784
6 0.9017 0.2816 0.9514 0.2816 0.9514 0.3284 0.9017 0.3284
6 0.7794 0.5312 0.9706 0.5312 0.9706 0.6660 0.7794 0.6660
6 0.0171 0.1840 0.0826 0.1840 0.0826 0.2148 0.0171 0.2148
6 0.1671 0.5636 0.2169 0.5636 0.2169 0.6104 0.1671 0.6104
7 0.6109 0.7208 0.6331 0.7208 0.6331 0.7344 0.6109 0.7344
7 0.3251 0.1972 0.3726 0.1972 0.3726 0.2360 0.3251 0.2360
7 0.1586 0.4708 0.1657 0.4708 0.1657 0.4904 0.1586 0.4904
7 0.1314 0.4652 0.1354 0.4652 0.1354 0.4836 0.1314 0.4836
9 0.9040 0.0132 0.9663 0.0132 0.9663 0.2188 0.9040 0.2188
9 0.1483 0.7604 0.2054 0.7604 0.2054 0.8148 0.1483 0.8148
9 0.2874 0.3808 0.3251 0.3808 0.3251 0.5124 0.2874 0.5124
9 0.6171 0.8056 0.6686 0.8056 0.6686 0.9752 0.6171 0.9752
12 0.7091 0.8692 0.7271 0.8692 0.7271 0.9604 0.7091 0.9604
12 0.5477 0.3080 0.6177 0.3080 0.6177 0.3148 0.5477 0.3148
12 0.4594 0.4992 0.5540 0.4992 0.5540 0.5352 0.4594 0.5352
12 0.2134 0.3856 0.2369 0.3856 0.2369 0.4756 0.2134 0.4756
13 0.2946 0.0352 0.3011 0.0352 0.3011 0.0576 0.2946 0.0576
13 0.9537 0.4064 0.9657 0.4064 0.9657 0.4176 0.9537 0.4176
13 0.2606 0.6096 0.2731 0.6096 0.2731 0.6240 0.2606 0.6240
13 0.3423 0.3676 0.3620 0.3676 0.3620 0.3876 0.3423 0.3876
15 0.0146 0.0372 0.1394 0.0372 0.1394 0.1404 0.0146 0.1404
15 0.1706 0.4316 0.1997 0.4316 0.1997 0.4856 0.1706 0.4856
15 0.4709 0.0088 0.5463 0.0088 0.5463 0.0712 0.4709 0.0712
15 0.7843 0.8080 0.8123 0.8080 0.8123 0.8608 0.7843 0.8608
