0 0.5683 0.0768 0.6977 0.0768 0.6977 0.4580 0.5683 0.4580
0 0.0449 0.0004 0.0791 0.0004 0.0791 0.4564 0.0449 0.4564
0 0.2929 0.1112 0.4309 0.1112 0.4309 0.2708 0.2929 0.2708
0 0.2306 0.5044 0.3826 0.5044 0.3826 0.8920 0.2306 0.8920
1 0.7134 0.1336 0.7166 0.1336 0.7166 0.1588 0.7134 0.1588
1 0.1917 0.7516 0.1991 0.7516 0.1991 0.7788 0.1917 0.7788
1 0.7226 0.6796 0.7254 0.6796 0.7254 0.7352 0.7226 0.7352
1 0.4286 0.3140 0.4317 0.3140 0.4317 0.3392 0.4286 0.3392
2 0.0494 0.5916 0.1529 0.5916 0.1529 0.6512 0.0494 0.6512
2 0.0817 0.1060 0.1651 0.1060 0.1651 0.2076 0.0817 0.2076
2 0.7506 0.2132 0.9791 0.2132 0.9791 0.2800 0.7506 0.2800
2 0.8746 0.4200 0.8923 0.4200 0.8923 0.4564 0.8746 0.4564
3 0.8569 0.3168 0.8671 0.3168 0.8671 0.3896 0.8569 0.3896
3 0.8317 0.1208 0.9269 0.1208 0.9269 0.1432 0.8317 0.1432
3 0.2980 0.8980 0.3474 0.8980 0.3474 0.9148 0.2980 0.9148
3 0.8029 0.5240 0.8823 0.5240 0.8823 0.5488 0.8029 0.5488
4 0.6343 0.7976 0.6546 0.7976 0.6546 0.8112 0.6343 0.8112
4 0.6749 0.4796 0.7034 0.4796 0.7034 0.4868 0.6749 0.4868
4 0.3826 0.7016 0.3929 0.7016 0.3929 0.7080 0.3826 0.7080
4 0.2697 0.1592 0.2851 0.1592 0.2851 0.1976 0.2697 0.1976
6 0.4249 0.7068 0.4923 0.7068 0.4923 0.8968 0.4249 0.8968
6 0.3951 0.5388 0.5863 0.5388 0.5863 0.6736 0.3951 0.6736
6 0.3226 0.3356 0.3403 0.3356 0.3403 0.3608 0.3226 0.3608
6 0.2606 0.2780 0.2783 0.2780 0.2783 0.3032 0.2606 0.3032
7 0.0023 0.1000 0.0094 0.1000 0.0094 0.1292 0.0023 0.1292
7 0.6137 0.0184 0.6411 0.0184 0.6411 0.0312 0.6137 0.0312
7 0.7740 0.8016 0.8486 0.8016 0.8486 0.8516 0.7740 0.8516
7 0.1954 0.6624 0.2003 0.6624 0.2003 0.6996 0.1954 0.6996
9 0.7737 0.5936 0.8309 0.5936 0.8309 0.6480 0.7737 0.6480
9 0.0994 0.7708 0.1617 0.7708 0.1617 0.9764 0.0994 0.9764
9 0.3831 0.2832 0.4151 0.2832 0.4151 0.4412 0.3831 0.4412
9 0.4511 0.2784 0.5223 0.2784 0.5223 0.4812 0.4511 0.4812
12 0.8549 0.7068 0.8771 0.7068 0.8771 0.9668 0.8549 0.9668
12 0.7309 0.1132 0.8009 0.1132 0.8009 0.1200 0.7309 0.1200
12 0.1866 0.0388 0.1951 0.0388 0.1951 0.3360 0.1866 0.3360
12 0.6814 0.6352 0.7046 0.6352 0.7046 0.8188 0.6814 0.8188
13 0.6543 0.0544 0.7554 0.0544 0.7554 0.0620 0.6543 0.0620
13 0.9871 0.9340 0.9940 0.9340 0.9940 0.9536 0.9871 0.9536
13 0.5111 0.0764 0.5414 0.0764 0.5414 0.0948 0.5111 0.0948
13 0.3854 0.8580 0.3980 0.8580 0.3980 0.8724 0.3854 0.8724
15 0.9123 0.6228 0.9689 0.6228 0.9689 0.7060 0.9123 0.7060
15 0.7500 0.3632 0.8114 0.3632 0.8114 0.4756 0.7500 0.4756
15 0.7123 0.9112 0.7863 0.9112 0.7863 0.9740 0.7123 0.9740
15 0.4837 0.1500 0.5451 0.1500 0.5451 0.2624 0.4837 0.2624
