0 0.5231 0.2792 0.6237 0.2792 0.6237 0.4824 0.5231 0.4824
0 0.6803 0.5664 0.8323 0.5664 0.8323 0.9540 0.6803 0.9540
0 0.1129 0.4776 0.1794 0.4776 0.1794 0.9932 0.1129 0.9932
0 0.0509 0.1384 0.1889 0.1384 0.1889 0.2980 0.0509 0.2980
1 0.0574 0.5276 0.0606 0.5276 0.0606 0.5528 0.0574 0.5528
1 0.8743 0.7652 0.8774 0.7652 0.8774 0.7904 0.8743 0.7904
1 0.8234 0.2068 0.8583 0.2068 0.8583 0.2948 0.8234 0.2948
1 0.5966 0.6124 0.6214 0.6124 0.6214 0.6172 0.5966 0.6172
2 0.5323 0.0264 0.8651 0.0264 0.8651 0.1080 0.5323 0.1080
2 0.0226 0.3508 0.0491 0.3508 0.0491 0.4016 0.0226 0.4016
2 0.3814 0.6928 0.4166 0.6928 0.4166 0.7492 0.3814 0.7492
2 0.8954 0.0984 0.9420 0.0984 0.9420 0.2112 0.8954 0.2112
3 0.3111 0.5264 0.3283 0.5264 0.3283 0.5932 0.3111 0.5932
3 0.4343 0.1276 0.5294 0.1276 0.5294 0.1500 0.4343 0.1500
3 0.2794 0.0732 0.2931 0.0732 0.2931 0.1756 0.2794 0.1756
3 0.7829 0.3824 0.8380 0.3824 0.8380 0.4016 0.7829 0.4016
4 0.2346 0.5800 0.2411 0.5800 0.2411 0.5888 0.2346 0.5888
4 0.8580 0.5204 0.8691 0.5204 0.8691 0.5308 0.8580 0.5308
4 0.9277 0.7220 0.9466 0.7220 0.9466 0.7356 0.9277 0.7356
4 0.8746 0.8812 0.8814 0.8812 0.8814 0.9564 0.8746 0.9564
6 0.3366 0.8992 0.3951 0.8992 0.3951 0.9816 0.3366 0.9816
6 0.9269 0.6892 0.9614 0.6892 0.9614 0.7004 0.9269 0.7004
6 0.2446 0.2832 0.2623 0.2832 0.2623 0.3084 0.2446 0.3084
6 0.2243 0.8908 0.2740 0.8908 0.2740 0.9376 0.2243 0.9376
7 0.6237 0.5940 0.6420 0.5940 0.6420 0.6088 0.6237 0.6088
7 0.3200 0.4452 0.3314 0.4452 0.3314 0.4868 0.3200 0.4868
7 0.8831 0.4056 0.9477 0.4056 0.9477 0.5720 0.8831 0.5720
7 0.7754 0.4744 0.7886 0.4744 0.7886 0.5468 0.7754 0.5468
9 0.6703 0.3352 0.7003 0.3352 0.7003 0.5108 0.6703 0.5108
9 0.4326 0.7604 0.4700 0.7604 0.4700 0.9476 0.4326 0.9476
9 0.4323 0.3496 0.4740 0.3496 0.4740 0.5588 0.4323 0.5588
9 0.3686 0.4564 0.4089 0.4564 0.4089 0.6528 0.3686 0.6528
12 0.3811 0.0912 0.4531 0.0912 0.4531 0.1232 0.3811 0.1232
12 0.8829 0.6860 0.9074 0.6860 0.9074 0.8112 0.8829 0.8112
12 0.4777 0.4132 0.5217 0.4132 0.5217 0.8380 0.4777 0.8380
13 0.5931 0.8660 0.6103 0.8660 0.6103 0.8744 0.5931 0.8744
13 0.0226 0.1660 0.0369 0.1660 0.0369 0.2860 0.0226 0.2860
13 0.3789 0.4044 0.4051 0.4044 0.4051 0.4500 0.3789 0.4500
13 0.6211 0.6904 0.6443 0.6904 0.6443 0.7540 0.6211 0.7540
15 0.2777 0.6868 0.3511 0.6868 0.3511 0.7572 0.2777 0.7572
15 0.7277 0.1532 0.8126 0.1532 0.8126 0.2620 0.7277 0.2620
15 0.1883 0.3484 0.2617 0.3484 0.2617 0.4188 0.1883 0.4188
15 0.2394 0.1784 0.3117 0.1784 0.3117 0.2592 0.2394 0.2592
