0 0.5297 0.2404 0.6426 0.2404 0.6426 0.4328 0.5297 0.4328
0 0.3991 0.7904 0.6100 0.7904 0.6100 0.9968 0.3991 0.9968
0 0.0763 0.4928 0.2094 0.4928 0.2094 0.8592 0.0763 0.8592
0 0.3166 0.0680 0.4294 0.0680 0.4294 0.2604 0.3166 0.2604
1 0.2280 0.2712 0.2529 0.2712 0.2529 0.2760 0.2280 0.2760
1 0.2620 0.9560 0.2791 0.9560 0.2791 0.9604 0.2620 0.9604
1 0.0134 0.4764 0.0163 0.4764 0.0163 0.5320 0.0134 0.5320
1 0.3249 0.4348 0.3323 0.4348 0.3323 0.4620 0.3249 0.4620
2 0.4894 0.4204 0.5211 0.4204 0.5211 0.4988 0.4894 0.4988
2 0.4689 0.0204 0.5811 0.0204 0.5811 0.0952 0.4689 0.0952
2 0.0840 0.3824 0.2409 0.3824 0.2409 0.4100 0.0840 0.4100
2 0.5746 0.6064 0.6237 0.6064 0.6237 0.6492 0.5746 0.6492
3 0.1923 0.8988 0.2717 0.8988 0.2717 0.9236 0.1923 0.9236
3 0.7634 0.0388 0.7737 0.0388 0.7737 0.1116 0.7634 0.1116
3 0.6169 0.7792 0.7109 0.7792 0.7109 0.8016 0.6169 0.8016
3 0.9277 0.0820 0.9449 0.0820 0.9449 0.2040 0.9277 0.2040
4 0.7217 0.6912 0.7283 0.6912 0.7283 0.7000 0.7217 0.7000
4 0.2760 0.2544 0.2920 0.2544 0.2920 0.2600 0.2760 0.2600
4 0.6654 0.2628 0.6786 0.2628 0.6786 0.2816 0.6654 0.2816
4 0.8654 0.7316 0.8826 0.7316 0.8826 0.7716 0.8654 0.7716
6 0.8151 0.6092 0.8806 0.6092 0.8806 0.6400 0.8151 0.6400
6 0.0840 0.4512 0.1186 0.4512 0.1186 0.4624 0.0840 0.4624
6 0.9814 0.8160 0.9991 0.8160 0.9991 0.8412 0.9814 0.8412
6 0.6234 0.6520 0.6411 0.6520 0.6411 0.6772 0.6234 0.6772
7 0.6803 0.3500 0.7169 0.3500 0.7169 0.4520 0.6803 0.4520
7 0.9506 0.1376 0.9766 0.1376 0.9766 0.1492 0.9506 0.1492
7 0.6514 0.9208 0.7260 0.9208 0.7260 0.9708 0.6514 0.9708
7 0.8420 0.7160 0.8586 0.7160 0.8586 0.8228 0.8420 0.8228
9 0.8129 0.1808 0.8503 0.1808 0.8503 0.3680 0.8129 0.3680
9 0.7431 0.4020 0.7834 0.4020 0.7834 0.5984 0.7431 0.5984
9 0.2311 0.5324 0.4514 0.5324 0.4514 0.6048 0.2311 0.6048
9 0.1860 0.1500 0.3089 0.1500 0.3089 0.1976 0.1860 0.1976
12 0.0306 0.5072 0.0597 0.5072 0.0597 0.5316 0.0306 0.5316
12 0.9066 0.5428 0.9329 0.5428 0.9329 0.8252 0.9066 0.8252
12 0.1886 0.0932 0.2606 0.0932 0.2606 0.1252 0.1886 0.1252
12 0.3874 0.6564 0.4260 0.6564 0.4260 0.6928 0.3874 0.6928
13 0.5840 0.1424 0.6071 0.1424 0.6071 0.1604 0.5840 0.1604
13 0.9300 0.2512 0.9766 0.2512 0.9766 0.2932 0.9300 0.2932
13 0.7114 0.7504 0.7974 0.7504 0.7974 0.7580 0.7114 0.7580
13 0.3520 0.6436 0.3569 0.6436 0.3569 0.6620 0.3520 0.6620
15 0.0063 0.3344 0.0397 0.3344 0.0397 0.3824 0.0063 0.3824
15 0.5083 0.5204 0.5649 0.5204 0.5649 0.6036 0.5083 0.6036
15 0.2863 0.6836 0.3803 0.6836 0.3803 0.7636 0.2863 0.7636
15 0.9009 0.3084 0.9600 0.3084 0.9600 0.3764 0.9009 0.3764
