0 0.7100 0.5392 0.8169 0.5392 0.8169 0.9432 0.7100 0.9432
0 0.5900 0.2364 0.6906 0.2364 0.6906 0.4396 0.5900 0.4396
0 0.1743 0.3196 0.3037 0.3196 0.3037 0.7008 0.1743 0.7008
0 0.8540 0.0000 0.9609 0.0000 0.9609 0.4040 0.8540 0.4040
1 0.2814 0.1552 0.2843 0.1552 0.2843 0.2108 0.2814 0.2108
1 0.1194 0.2564 0.1226 0.2564 0.1226 0.2816 0.1194 0.2816
1 0.4334 0.2060 0.4406 0.2060 0.4406 0.2320 0.4334 0.2320
1 0.0906 0.0928 0.1006 0.0928 0.1006 0.1996 0.0906 0.1996
2 0.5863 0.4728 0.6043 0.4728 0.6043 0.5084 0.5863 0.5084
2 0.0446 0.7464 0.0997 0.7464 0.0997 0.7844 0.0446 0.7844
2 0.1046 0.0868 0.1780 0.0868 0.1780 0.2116 0.1046 0.2116
2 0.3589 0.1940 0.3906 0.1940 0.3906 0.2724 0.3589 0.2724
3 0.4814 0.5128 0.4877 0.5128 0.4877 0.6148 0.4814 0.6148
3 0.8766 0.6668 0.9706 0.6668 0.9706 0.6892 0.8766 0.6892
3 0.5920 0.7160 0.6866 0.7160 0.6866 0.7392 0.5920 0.7392
3 0.5800 0.6668 0.6746 0.6668 0.6746 0.6900 0.5800 0.6900
4 0.8271 0.6500 0.8449 0.6500 0.8449 0.6628 0.8271 0.6628
4 0.5589 0.6476 0.5697 0.6476 0.5697 0.6636 0.5589 0.6636
4 0.0209 0.8364 0.0411 0.8364 0.0411 0.8500 0.0209 0.8500
4 0.6206 0.4552 0.6414 0.4552 0.6414 0.4696 0.6206 0.4696
6 0.2694 0.8884 0.3191 0.8884 0.3191 0.9352 0.2694 0.9352
6 0.1180 0.8520 0.1526 0.8520 0.1526 0.8632 0.1180 0.8632
6 0.3946 0.8608 0.5857 0.8608 0.5857 0.9956 0.3946 0.9956
6 0.3749 0.3380 0.5660 0.3380 0.5660 0.4728 0.3749 0.4728
7 0.3294 0.6780 0.3366 0.6780 0.3366 0.7292 0.3294 0.7292
7 0.1009 0.6040 0.1109 0.6040 0.1109 0.6684 0.1009 0.6684
7 0.7426 0.4820 0.7614 0.4820 0.7614 0.4976 0.7426 0.4976
7 0.4400 0.1612 0.4540 0.1612 0.4540 0.1920 0.4400 0.1920
9 0.0166 0.4388 0.1394 0.4388 0.1394 0.4864 0.0166 0.4864
9 0.7620 0.1244 0.8331 0.1244 0.8331 0.3272 0.7620 0.3272
9 0.0426 0.0944 0.0843 0.0944 0.0843 0.3036 0.0426 0.3036
9 0.3291 0.7544 0.3709 0.7544 0.3709 0.9636 0.3291 0.9636
12 0.5360 0.7980 0.6334 0.7980 0.6334 0.8236 0.5360 0.8236
12 0.0854 0.7060 0.2900 0.7060 0.2900 0.7416 0.0854 0.7416
12 0.8266 0.5208 0.9309 0.5208 0.9309 0.5624 0.8266 0.5624
12 0.2609 0.2240 0.2900 0.2240 0.2900 0.2484 0.2609 0.2484
13 0.4000 0.1064 0.4323 0.1064 0.4323 0.1212 0.4000 0.1212
13 0.1457 0.7868 0.1583 0.7868 0.1583 0.8012 0.1457 0.8012
13 0.9080 0.4540 0.9251 0.4540 0.9251 0.4604 0.9080 0.4604
13 0.3920 0.1808 0.4183 0.1808 0.4183 0.2264 0.3920 0.2264
15 0.2880 0.0980 0.3189 0.0980 0.3189 0.1572 0.2880 0.1572
15 0.6337 0.1044 0.7091 0.1044 0.7091 0.1668 0.6337 0.1668
15 0.0066 0.5020 0.0357 0.5020 0.0357 0.5560 0.0066 0.5560
15 0.5857 0.5504 0.6471 0.5504 0.6471 0.6628 0.5857 0.6628
