0 0.6680 0.4596 0.7346 0.4596 0.7346 0.9752 0.6680 0.9752
0 0.1166 0.4612 0.3274 0.4612 0.3274 0.6676 0.1166 0.6676
0 0.5811 0.0524 0.6357 0.0524 0.6357 0.2904 0.5811 0.2904
0 0.1397 0.1636 0.3283 0.1636 0.3283 0.2664 0.1397 0.2664
1 0.1177 0.8292 0.1277 0.8292 0.1277 0.9360 0.1177 0.9360
1 0.1203 0.9612 0.1231 0.9612 0.1231 0.9864 0.1203 0.9864
1 0.4029 0.5272 0.4277 0.5272 0.4277 0.5320 0.4029 0.5320
1 0.5454 0.3064 0.5483 0.3064 0.5483 0.3620 0.5454 0.3620
2 0.2097 0.8828 0.4080 0.8828 0.4080 0.9996 0.2097 0.9996
2 0.4866 0.6076 0.6120 0.6076 0.6120 0.9124 0.4866 0.9124
2 0.9489 0.2636 0.9837 0.2636 0.9837 0.3836 0.9489 0.3836
2 0.8443 0.5136 0.8651 0.5136 0.8651 0.5864 0.8443 0.5864
3 0.8194 0.8148 0.8331 0.8148 0.8331 0.9172 0.8194 0.9172
3 0.6351 0.4824 0.6454 0.4824 0.6454 0.5556 0.6351 0.5556
3 0.6871 0.0976 0.7817 0.0976 0.7817 0.1208 0.6871 0.1208
3 0.0869 0.0660 0.0931 0.0660 0.0931 0.1680 0.0869 0.1680
4 0.5271 0.1524 0.5403 0.1524 0.5403 0.1712 0.5271 0.1712
4 0.4929 0.0012 0.5160 0.0012 0.5160 0.0400 0.4929 0.0400
4 0.3203 0.6820 0.3294 0.6820 0.3294 0.7088 0.3203 0.7088
4 0.9226 0.6416 0.9357 0.6416 0.9357 0.6516 0.9226 0.6516
6 0.4249 0.1512 0.4923 0.1512 0.4923 0.3412 0.4249 0.3412
6 0.0923 0.4432 0.1269 0.4432 0.1269 0.4544 0.0923 0.4544
6 0.7383 0.7192 0.8037 0.7192 0.8037 0.7500 0.7383 0.7500
6 0.8683 0.0780 0.9029 0.0780 0.9029 0.0892 0.8683 0.0892
7 0.0169 0.8412 0.0274 0.8412 0.0274 0.8776 0.0169 0.8776
7 0.3489 0.3004 0.4189 0.3004 0.4189 0.3632 0.3489 0.3632
7 0.3546 0.5656 0.3654 0.5656 0.3654 0.5940 0.3546 0.5940
7 0.2100 0.3480 0.2514 0.3480 0.2514 0.4248 0.2100 0.4248
9 0.9300 0.8060 0.9620 0.8060 0.9620 0.9640 0.9300 0.9640
9 0.7460 0.2580 0.7974 0.2580 0.7974 0.4276 0.7460 0.4276
9 0.8303 0.2672 0.8623 0.2672 0.8623 0.4252 0.8303 0.4252
9 0.3489 0.6436 0.4111 0.6436 0.4111 0.8492 0.3489 0.8492
12 0.1929 0.7232 0.3060 0.7232 0.3060 0.7540 0.1929 0.7540
12 0.0043 0.0264 0.0614 0.0264 0.0614 0.5760 0.0043 0.5760
12 0.9749 0.6608 0.9834 0.6608 0.9834 0.9580 0.9749 0.9580
13 0.9643 0.1188 0.9906 0.1188 0.9906 0.1644 0.9643 0.1644
13 0.1966 0.7972 0.2071 0.7972 0.2071 0.8060 0.1966 0.8060
13 0.7346 0.5652 0.7740 0.5652 0.7740 0.5900 0.7346 0.5900
13 0.0331 0.8104 0.0486 0.8104 0.0486 0.8756 0.0331 0.8756
15 0.2671 0.8056 0.3411 0.8056 0.3411 0.8684 0.2671 0.8684
15 0.3320 0.4496 0.3783 0.4496 0.3783 0.5180 0.3320 0.5180
15 0.8003 0.5920 0.8734 0.5920 0.8734 0.6768 0.8003 0.6768
15 0.9129 0.0484 0.9660 0.0484 0.9660 0.1104 0.9129 0.1104
