0 0.4843 0.3804 0.6320 0.3804 0.6320 0.8728 0.4843 0.8728
0 0.6457 0.8896 0.9694 0.8896 0.9694 0.9696 0.6457 0.9696
0 0.8517 0.2836 0.9183 0.2836 0.9183 0.7992 0.8517 0.7992
0 0.7240 0.1632 0.7583 0.1632 0.7583 0.6192 0.7240 0.6192
1 0.5300 0.0500 0.5443 0.0500 0.5443 0.0808 0.5300 0.0808
1 0.9711 0.9260 0.9837 0.9260 0.9837 0.9368 0.9711 0.9368
1 0.2649 0.1444 0.2711 0.1444 0.2711 0.2256 0.2649 0.2256
1 0.0683 0.7696 0.0731 0.7696 0.0731 0.8116 0.0683 0.8116
2 0.3491 0.2664 0.6820 0.2664 0.6820 0.3480 0.3491 0.3480
2 0.1917 0.4316 0.2229 0.4316 0.2229 0.7940 0.1917 0.7940
2 0.6911 0.6800 0.8349 0.6800 0.8349 0.7936 0.6911 0.7936
2 0.3091 0.0944 0.3920 0.0944 0.3920 0.2148 0.3091 0.2148
3 0.2980 0.8644 0.3780 0.8644 0.3780 0.8840 0.2980 0.8840
3 0.3629 0.5692 0.4580 0.5692 0.4580 0.5916 0.3629 0.5916
3 0.1446 0.5684 0.1549 0.5684 0.1549 0.6412 0.1446 0.6412
3 0.3994 0.1516 0.4131 0.1516 0.4131 0.2540 0.3994 0.2540
4 0.2871 0.2112 0.2994 0.2112 0.2994 0.2184 0.2871 0.2184
4 0.0743 0.0200 0.0823 0.0200 0.0823 0.0456 0.0743 0.0456
4 0.2874 0.3192 0.3040 0.3192 0.3040 0.3420 0.2874 0.3420
4 0.1809 0.3728 0.2089 0.3728 0.2089 0.3800 0.1809 0.3800
6 0.0029 0.0848 0.1940 0.0848 0.1940 0.2196 0.0029 0.2196
6 0.8014 0.1884 0.8600 0.1884 0.8600 0.2708 0.8014 0.2708
6 0.2423 0.3692 0.4334 0.3692 0.4334 0.5040 0.2423 0.5040
6 0.3446 0.9324 0.3943 0.9324 0.3943 0.9792 0.3446 0.9792
7 0.8489 0.1088 0.9880 0.1088 0.9880 0.1368 0.8489 0.1368
7 0.2891 0.2268 0.2954 0.2268 0.2954 0.2512 0.2891 0.2512
7 0.5400 0.1304 0.5589 0.1304 0.5589 0.1840 0.5400 0.1840
7 0.1540 0.0000 0.1643 0.0000 0.1643 0.0300 0.1540 0.0300
9 0.0671 0.2928 0.1900 0.2928 0.1900 0.3404 0.0671 0.3404
9 0.0483 0.8248 0.2686 0.8248 0.2686 0.8972 0.0483 0.8972
9 0.2323 0.5484 0.2837 0.5484 0.2837 0.7180 0.2323 0.7180
9 0.6557 0.3556 0.6974 0.3556 0.6974 0.5648 0.6557 0.5648
12 0.0054 0.3476 0.0494 0.3476 0.0494 0.7724 0.0054 0.7724
12 0.3126 0.6544 0.3511 0.6544 0.3511 0.6908 0.3126 0.6908
12 0.7874 0.2360 0.7929 0.2360 0.7929 0.4376 0.7874 0.4376
12 0.6509 0.0472 0.6854 0.0472 0.6854 0.2016 0.6509 0.2016
13 0.2411 0.1472 0.2469 0.1472 0.2469 0.1676 0.2411 0.1676
13 0.3883 0.0548 0.3983 0.0548 0.3983 0.0748 0.3883 0.0748
13 0.0454 0.0612 0.0511 0.0612 0.0511 0.0816 0.0454 0.0816
13 0.0677 0.6836 0.1040 0.6836 0.1040 0.7488 0.0677 0.7488
15 0.8254 0.0140 0.9054 0.0140 0.9054 0.0968 0.8254 0.0968
15 0.4140 0.7372 0.4480 0.7372 0.4480 0.7852 0.4140 0.7852
15 0.5003 0.8884 0.5943 0.8884 0.5943 0.9684 0.5003 0.9684
15 0.1237 0.9384 0.1577 0.9384 0.1577 0.9864 0.1237 0.9864
