0 0.3426 0.4832 0.4554 0.4832 0.4554 0.6756 0.3426 0.6756
0 0.8143 0.1072 0.9271 0.1072 0.9271 0.2996 0.8143 0.2996
0 0.0480 0.0000 0.1146 0.0000 0.1146 0.5156 0.0480 0.5156
0 0.7991 0.5864 0.8537 0.5864 0.8537 0.8244 0.7991 0.8244
1 0.6649 0.0116 0.6726 0.0116 0.6726 0.0948 0.6649 0.0948
1 0.4886 0.3864 0.5086 0.3864 0.5086 0.3948 0.4886 0.3948
1 0.3497 0.9104 0.3546 0.9104 0.3546 0.9524 0.3497 0.9524
1 0.2826 0.0064 0.2903 0.0064 0.2903 0.0896 0.2826 0.0896
2 0.5846 0.9172 0.5960 0.9172 0.5960 0.9420 0.5846 0.9420
2 0.5583 0.7472 0.5829 0.7472 0.5829 0.7724 0.5583 0.7724
2 0.3289 0.1140 0.3606 0.1140 0.3606 0.1924 0.3289 0.1924
2 0.6211 0.7080 0.7623 0.7080 0.7623 0.7924 0.6211 0.7924
3 0.1149 0.5572 0.1286 0.5572 0.1286 0.6596 0.1149 0.6596
3 0.7789 0.8804 0.7891 0.8804 0.7891 0.9532 0.7789 0.9532
3 0.3129 0.0380 0.4069 0.0380 0.4069 0.0604 0.3129 0.0604
3 0.6674 0.2240 0.7614 0.2240 0.7614 0.2464 0.6674 0.2464
4 0.7280 0.1848 0.7320 0.1848 0.7320 0.1900 0.7280 0.1900
4 0.4303 0.3116 0.4554 0.3116 0.4554 0.3248 0.4303 0.3248
4 0.3666 0.2564 0.3731 0.2564 0.3731 0.2648 0.3666 0.2648
4 0.2791 0.4516 0.2943 0.4516 0.2943 0.4920 0.2791 0.4920
6 0.1994 0.0324 0.2669 0.0324 0.2669 0.2224 0.1994 0.2224
6 0.6663 0.5604 0.7009 0.5604 0.7009 0.5716 0.6663 0.5716
6 0.8554 0.6508 0.9229 0.6508 0.9229 0.8408 0.8554 0.8408
6 0.1643 0.5604 0.1820 0.5604 0.1820 0.5856 0.1643 0.5856
7 0.9203 0.9804 0.9269 0.9804 0.9269 0.9988 0.9203 0.9988
7 0.9463 0.0256 0.9509 0.0256 0.9509 0.0628 0.9463 0.0628
7 0.2677 0.2132 0.2857 0.2132 0.2857 0.2832 0.2677 0.2832
7 0.2711 0.6072 0.3357 0.6072 0.3357 0.7736 0.2711 0.7736
9 0.3671 0.9532 0.4829 0.9532 0.4829 0.9912 0.3671 0.9912
9 0.2251 0.3524 0.2766 0.3524 0.2766 0.5220 0.2251 0.5220
9 0.6194 0.8108 0.6571 0.8108 0.6571 0.9424 0.6194 0.9424
9 0.0674 0.7528 0.1386 0.7528 0.1386 0.9556 0.0674 0.9556
12 0.3063 0.2936 0.3783 0.2936 0.3783 0.3256 0.3063 0.3256
12 0.8389 0.9132 0.9183 0.9132 0.9183 0.9564 0.8389 0.9564
12 0.8111 0.4384 0.8291 0.4384 0.8291 0.5296 0.8111 0.5296
12 0.4571 0.2484 0.4834 0.2484 0.4834 0.5308 0.4571 0.5308
13 0.7671 0.7276 0.7811 0.7276 0.7811 0.7404 0.7671 0.7404
13 0.6986 0.8812 0.7157 0.8812 0.7157 0.8972 0.6986 0.8972
13 0.1883 0.1892 0.1980 0.1892 0.1980 0.1984 0.1883 0.1984
13 0.5209 0.3936 0.5511 0.3936 0.5511 0.4120 0.5209 0.4120
15 0.4926 0.2844 0.5220 0.2844 0.5220 0.3440 0.4926 0.3440
15 0.8171 0.0312 0.8906 0.0312 0.8906 0.1016 0.8171 0.1016
15 0.5646 0.2236 0.6074 0.2236 0.6074 0.2860 0.5646 0.2860
15 0.1266 0.4104 0.1560 0.4104 0.1560 0.4700 0.1266 0.4700
