0 0.3297 0.0292 0.5583 0.0292 0.5583 0.1140 0.3297 0.1140
0 0.4914 0.5328 0.5926 0.5328 0.5926 0.6828 0.4914 0.6828
0 0.3157 0.2948 0.6394 0.2948 0.6394 0.3748 0.3157 0.3748
0 0.1600 0.0180 0.3077 0.0180 0.3077 0.5104 0.1600 0.5104
1 0.6317 0.7564 0.6443 0.7564 0.6443 0.7672 0.6317 0.7672
1 0.0180 0.2604 0.0394 0.2604 0.0394 0.2720 0.0180 0.2720
1 0.2746 0.5852 0.2820 0.5852 0.2820 0.6124 0.2746 0.6124
1 0.4706 0.1368 0.4780 0.1368 0.4780 0.1640 0.4706 0.1640
2 0.5403 0.4556 0.6526 0.4556 0.6526 0.5304 0.5403 0.5304
2 0.4326 0.8432 0.4891 0.8432 0.4891 0.8784 0.4326 0.8784
2 0.6994 0.8808 0.7906 0.8808 0.7906 0.9352 0.6994 0.9352
2 0.0397 0.7540 0.0834 0.7540 0.0834 0.8540 0.0397 0.8540
3 0.6546 0.8780 0.6649 0.8780 0.6649 0.9508 0.6546 0.9508
3 0.0654 0.8548 0.1600 0.8548 0.1600 0.8780 0.0654 0.8780
3 0.3563 0.8140 0.4114 0.8140 0.4114 0.8332 0.3563 0.8332
3 0.9734 0.7172 0.9871 0.7172 0.9871 0.8196 0.9734 0.8196
4 0.1957 0.9164 0.2217 0.9164 0.2217 0.9312 0.1957 0.9312
4 0.1149 0.5376 0.1351 0.5376 0.1351 0.5512 0.1149 0.5512
4 0.8909 0.4564 0.9037 0.4564 0.9037 0.4672 0.8909 0.4672
4 0.6034 0.0704 0.6189 0.0704 0.6189 0.1088 0.6034 0.1088
6 0.3777 0.5920 0.4451 0.5920 0.4451 0.7820 0.3777 0.7820
6 0.3177 0.8728 0.3763 0.8728 0.3763 0.9552 0.3177 0.9552
6 0.6780 0.6400 0.7277 0.6400 0.7277 0.6868 0.6780 0.6868
6 0.0083 0.3716 0.0580 0.3716 0.0580 0.4184 0.0083 0.4184
7 0.8786 0.5152 0.8869 0.5152 0.8869 0.5828 0.8786 0.5828
7 0.0994 0.2072 0.1131 0.2072 0.1131 0.2552 0.0994 0.2552
7 0.6089 0.5736 0.6291 0.5736 0.6291 0.6576 0.6089 0.6576
7 0.9631 0.6952 0.9723 0.6952 0.9723 0.7248 0.9631 0.7248
9 0.6591 0.7496 0.7746 0.7496 0.7746 0.7872 0.6591 0.7872
9 0.7749 0.5276 0.8263 0.5276 0.8263 0.6972 0.7749 0.6972
9 0.9034 0.1080 0.9437 0.1080 0.9437 0.3044 0.9034 0.3044
9 0.0537 0.5664 0.1051 0.5664 0.1051 0.7360 0.0537 0.7360
12 0.5046 0.2240 0.7700 0.2240 0.7700 0.2832 0.5046 0.2832
12 0.3920 0.3976 0.4529 0.3976 0.4529 0.4332 0.3920 0.4332
12 0.3109 0.3920 0.3549 0.3920 0.3549 0.8168 0.3109 0.8168
13 0.6874 0.1028 0.6974 0.1028 0.6974 0.1228 0.6874 0.1228
13 0.4089 0.3764 0.4214 0.3764 0.4214 0.3848 0.4089 0.3848
13 0.7320 0.9532 0.7786 0.9532 0.7786 0.9948 0.7320 0.9948
13 0.2251 0.6684 0.2366 0.6684 0.2366 0.7100 0.2251 0.7100
15 0.8260 0.0948 0.8603 0.0948 0.8603 0.1424 0.8260 0.1424
15 0.6074 0.8120 0.6829 0.8120 0.6829 0.8744 0.6074 0.8744
15 0.9303 0.6144 0.9514 0.6144 0.9514 0.6976 0.9303 0.6976
15 0.8291 0.2804 0.9031 0.2804 0.9031 0.3432 0.8291 0.3432
