0 0.2846 0.4744 0.4074 0.4744 0.4074 0.9116 0.2846 0.9116
0 0.1431 0.4272 0.2437 0.4272 0.2437 0.6304 0.1431 0.6304
0 0.7194 0.7460 0.9303 0.7460 0.9303 0.9524 0.7194 0.9524
0 0.6200 0.5032 0.9437 0.5032 0.9437 0.5832 0.6200 0.5832
1 0.1023 0.4604 0.1123 0.4604 0.1123 0.5672 0.1023 0.5672
1 0.3877 0.0856 0.3954 0.0856 0.3954 0.1688 0.3877 0.1688
1 0.9580 0.6152 0.9651 0.6152 0.9651 0.6412 0.9580 0.6412
1 0.6569 0.6876 0.6694 0.6876 0.6694 0.6984 0.6569 0.6984
2 0.5303 0.7540 0.5703 0.7540 0.5703 0.8680 0.5303 0.8680
2 0.5177 0.0408 0.5940 0.0408 0.5940 0.1028 0.5177 0.1028
2 0.2351 0.8788 0.2551 0.8788 0.2551 0.9236 0.2351 0.9236
2 0.0491 0.2896 0.0700 0.2896 0.0700 0.3624 0.0491 0.3624
3 0.6349 0.6396 0.6843 0.6396 0.6843 0.6564 0.6349 0.6564
3 0.1254 0.0344 0.1426 0.0344 0.1426 0.1012 0.1254 0.1012
3 0.1314 0.1080 0.1417 0.1080 0.1417 0.1812 0.1314 0.1812
3 0.1817 0.8320 0.1954 0.8320 0.1954 0.9344 0.1817 0.9344
4 0.2097 0.8640 0.2383 0.8640 0.2383 0.8712 0.2097 0.8712
4 0.2074 0.0656 0.2246 0.0656 0.2246 0.0780 0.2074 0.0780
4 0.7069 0.1652 0.8086 0.1652 0.8086 0.1952 0.7069 0.1952
4 0.6849 0.1984 0.7109 0.1984 0.7109 0.2132 0.6849 0.2132
6 0.8454 0.1188 0.8631 0.1188 0.8631 0.1440 0.8454 0.1440
6 0.4943 0.2456 0.5289 0.2456 0.5289 0.2568 0.4943 0.2568
6 0.7443 0.2620 0.8117 0.2620 0.8117 0.4520 0.7443 0.4520
6 0.7074 0.3296 0.7251 0.3296 0.7251 0.3548 0.7074 0.3548
7 0.6703 0.8276 0.6869 0.8276 0.6869 0.9056 0.6703 0.9056
7 0.2806 0.4276 0.2960 0.4276 0.2960 0.4380 0.2806 0.4380
7 0.4446 0.4648 0.4897 0.4648 0.4897 0.4824 0.4446 0.4824
7 0.6889 0.8264 0.6974 0.8264 0.6974 0.8568 0.6889 0.8568
9 0.5037 0.6188 0.6191 0.6188 0.6191 0.6564 0.5037 0.6564
9 0.2311 0.3200 0.3366 0.3200 0.3366 0.3804 0.2311 0.3804
9 0.6266 0.3372 0.6586 0.3372 0.6586 0.4952 0.6266 0.4952
9 0.5340 0.6812 0.6569 0.6812 0.6569 0.7288 0.5340 0.7288
12 0.1869 0.7624 0.2569 0.7624 0.2569 0.7692 0.1869 0.7692
12 0.4231 0.5964 0.4577 0.5964 0.4577 0.7508 0.4231 0.7508
12 0.0517 0.9084 0.1311 0.9084 0.1311 0.9516 0.0517 0.9516
12 0.0077 0.6492 0.0369 0.6492 0.0369 0.6736 0.0077 0.6736
13 0.1731 0.1568 0.1846 0.1568 0.1846 0.1984 0.1731 0.1984
13 0.4389 0.0252 0.5400 0.0252 0.5400 0.0328 0.4389 0.0328
13 0.9134 0.6876 0.9437 0.6876 0.9437 0.7060 0.9134 0.7060
13 0.2046 0.2276 0.2349 0.2276 0.2349 0.2460 0.2046 0.2460
15 0.0434 0.5128 0.0743 0.5128 0.0743 0.5720 0.0434 0.5720
15 0.5611 0.3252 0.6040 0.3252 0.6040 0.3876 0.5611 0.3876
15 0.8483 0.2872 0.9206 0.2872 0.9206 0.3680 0.8483 0.3680
15 0.9317 0.2184 0.9660 0.2184 0.9660 0.2660 0.9317 0.2660
