7 0.6417775090689238 0.1838392475416845 0.6469165659008465 0.1838392475416845 0.6469165659008465 0.19709277469003847 0.6417775090689238 0.19709277469003847 Sn
7 0.436819830713422 0.20478837109876016 0.4619105199516324 0.20478837109876016 0.4619105199516324 0.2291577597263788 0.436819830713422 0.2291577597263788 5
7 0.3860338573155985 0.2056434373663959 0.4159613059250302 0.2056434373663959 0.4159613059250302 0.2171868319794784 0.3860338573155985 0.2171868319794784 RENSON
7 0.46342200725513905 0.2056434373663959 0.4779322853688029 0.2056434373663959 0.4779322853688029 0.2171868319794784 0.46342200725513905 0.2171868319794784 481
7 0.4186819830713422 0.20649850363403163 0.44649334945586455 0.20649850363403163 0.44649334945586455 0.2171868319794784 0.4186819830713422 0.2171868319794784 5
7 0.22853688029020555 0.2129115006412997 0.280229746070133 0.2129115006412997 0.280229746070133 0.22659256092347158 0.22853688029020555 0.22659256092347158 1
7 0.6508464328899637 0.21419410004275333 0.7146311970979444 0.21419410004275333 0.7146311970979444 0.22702009405728943 0.6508464328899637 0.22702009405728943 VSG mit Mattfolie
7 0.2832527206771463 0.2159042325780248 0.2962515114873035 0.2159042325780248 0.2962515114873035 0.22445489525438223 0.2832527206771463 0.22445489525438223 us
7 0.40386940749697703 0.21675929884566053 0.43863361547762997 0.21675929884566053 0.43863361547762997 0.22702009405728943 0.40386940749697703 0.22702009405728943 1
7 0.38694074969770254 0.21804189824711415 0.4017533252720677 0.21804189824711415 0.4017533252720677 0.22659256092347158 0.38694074969770254 0.22659256092347158 JoA )
7 0.6402660217654171 0.2214621633176571 0.6469165659008465 0.2214621633176571 0.6469165659008465 0.2278751603249252 0.6402660217654171 0.2278751603249252 5
7 0.23035066505441354 0.22402736212056434 0.2663240628778718 0.22402736212056434 0.2663240628778718 0.2364258230012826 0.23035066505441354 0.2364258230012826 Alumnnium
7 0.26874244256348245 0.22445489525438223 0.2871825876662636 0.22445489525438223 0.2871825876662636 0.23471569046601112 0.26874244256348245 0.23471569046601112 2mn
7 0.6632406287787183 0.22445489525438223 0.689540507859734 0.22445489525438223 0.689540507859734 0.23599828986746474 0.6632406287787183 0.23599828986746474 Bereich
7 0.4023579201934704 0.22659256092347158 0.45042321644498184 0.22659256092347158 0.45042321644498184 0.23728088926891835 0.4023579201934704 0.23728088926891835 Insekiensqut
7 0.651148730350665 0.22702009405728943 0.660217654171705 0.22702009405728943 0.660217654171705 0.23557075673364686 0.651148730350665 0.23557075673364686 im
7 0.38784764207980654 0.2278751603249252 0.39933494558645705 0.2278751603249252 0.39933494558645705 0.23685335613510047 0.38784764207980654 0.23685335613510047 E
7 0.6514510278113664 0.2334330910645575 0.7333736396614269 0.2334330910645575 0.7333736396614269 0.24711415134672937 0.6514510278113664 0.24711415134672937 1
7 0.4407496977025393 0.24882428388200087 0.47944377267230953 0.24882428388200087 0.47944377267230953 0.26036767849508335 0.4407496977025393 0.26036767849508335 1
7 0.38905683192261187 0.26079521162890124 0.4740024183796856 0.26079521162890124 0.4740024183796856 0.2736212056434374 0.38905683192261187 0.2736212056434374 Konstruktion / Ausfuehrung des
7 0.38905683192261187 0.27191107310816587 0.46372430471584036 0.27191107310816587 0.46372430471584036 0.284737067122702 0.38905683192261187 0.284737067122702 bauseitigen Sonnenschutz
7 0.5882708585247884 0.27618640444634457 0.598851269649335 0.27618640444634457 0.598851269649335 0.2877297990594271 0.5882708585247884 0.2877297990594271 35
7 0.5550181378476421 0.2787516032492518 0.5640870616686819 0.2787516032492518 0.5640870616686819 0.2864471996579735 0.5550181378476421 0.2864471996579735 30
7 0.3887545344619105 0.2834544677212484 0.44347037484885127 0.2834544677212484 0.44347037484885127 0.29585292860196666 0.3887545344619105 0.29585292860196666 siehe Fachplanung
7 0.3884522370012092 0.29286019666524155 0.44347037484885127 0.29286019666524155 0.44347037484885127 0.30440359127832406 0.3884522370012092 0.30440359127832406 ausfuehrende Firma
7 0.5813180169286578 0.3026934587430526 0.6042926239419589 0.3026934587430526 0.6042926239419589 0.3142368533561351 0.5813180169286578 0.3142368533561351 184080
7 0.3896614268440145 0.30483112441214194 0.44740024183796856 0.30483112441214194 0.44740024183796856 0.3172295852928602 0.3896614268440145 0.3172295852928602 |
7 0.648428053204353 0.3116716545532279 0.7521160822249093 0.3116716545532279 0.7521160822249093 0.3257802479692176 0.648428053204353 0.3257802479692176 1
7 0.6493349455864571 0.32492518170158186 0.7388149939540508 0.32492518170158186 0.7388149939540508 0.33646857631466437 0.6493349455864571 0.33646857631466437 1
7 0.6880290205562273 0.33390337751175714 0.7708585247883918 0.33390337751175714 0.7708585247883918 0.3480119709277469 0.6880290205562273 0.3480119709277469 (Gehrunçschnitt) neben
7 0.650241837968561 0.33646857631466437 0.6862152357920194 0.33646857631466437 0.6862152357920194 0.3450192389910218 0.650241837968561 0.3450192389910218 1
7 0.3914752116082225 0.3381787088499359 0.43319226118500603 0.3381787088499359 0.43319226118500603 0.351004702864472 0.3914752116082225 0.351004702864472 Befestigung
7 0.4362152357920194 0.34074390765284307 0.4486094316807739 0.34074390765284307 0.4486094316807739 0.3492945703292005 0.4362152357920194 0.3492945703292005 8
7 0.5819226118500604 0.34459170585720394 0.6051995163240629 0.34459170585720394 0.6051995163240629 0.35656263360410434 0.5819226118500604 0.35656263360410434 319520
7 0.6493349455864571 0.34459170585720394 0.7067714631197098 0.34459170585720394 0.7067714631197098 0.35656263360410434 0.6493349455864571 0.35656263360410434 Flugeluberschlog
7 0.7094921402660218 0.34459170585720394 0.727932285368803 0.34459170585720394 0.727932285368803 0.3552800342026507 0.7094921402660218 0.3552800342026507 mind
7 0.7321644498186215 0.34459170585720394 0.7506045949214026 0.34459170585720394 0.7506045949214026 0.3552800342026507 0.7321644498186215 0.3552800342026507 6mm
7 0.39207980652962515 0.3480119709277469 0.45979443772672307 0.3480119709277469 0.45979443772672307 0.36041043180846516 0.39207980652962515 0.36041043180846516 bauseitigen #hlters
7 0.6898428053204353 0.35271483539974346 0.7614873035066505 0.35271483539974346 0.7614873035066505 0.36639589568191533 0.6898428053204353 0.36639589568191533 1
7 0.6665659008464329 0.3535699016673792 0.6871221281741233 0.3535699016673792 0.6871221281741233 0.36511329628046174 0.6665659008464329 0.36511329628046174 Winkel
7 0.6493349455864571 0.3548525010688328 0.6629383313180169 0.3548525010688328 0.6629383313180169 0.36511329628046174 0.6493349455864571 0.36511329628046174 2
7 0.4319830713422007 0.35699016673792217 0.47611850060459493 0.35699016673792217 0.47611850060459493 0.3698161607524583 0.4319830713422007 0.3698161607524583 1
7 0.41807738814993956 0.35784523300555793 0.42926239419588874 0.35784523300555793 0.42926239419588874 0.3685335613510047 0.41807738814993956 0.3685335613510047 der
7 0.39238210399032647 0.3595553655408294 0.4150544135429262 0.3595553655408294 0.4150544135429262 0.36810602821718685 0.39238210399032647 0.36810602821718685 ;
7 0.6493349455864571 0.36468576314664386 0.68863361547763 0.36468576314664386 0.68863361547763 0.37751175716118 0.6493349455864571 0.37751175716118 1
7 0.39207980652962515 0.3668234288157332 0.41686819830713423 0.3668234288157332 0.41686819830713423 0.37751175716118 0.39207980652962515 0.37751175716118 3
7 0.42110036275695284 0.36810602821718685 0.4700725513905683 0.36810602821718685 0.4700725513905683 0.3783668234288157 0.42110036275695284 0.3783668234288157 Schumacher s
7 0.6499395405078597 0.37366395895681914 0.7191656590084643 0.37366395895681914 0.7191656590084643 0.3860624198375374 0.6499395405078597 0.3860624198375374 Aluminium 25x25x2
7 0.39207980652962515 0.37708422402736214 0.43409915356711004 0.37708422402736214 0.43409915356711004 0.38862761864044465 0.39207980652962515 0.38862761864044465 1
7 0.4371221281741233 0.3783668234288157 0.4495163240628779 0.3783668234288157 0.4495163240628779 0.3869174861051731 0.4371221281741233 0.3869174861051731 5
7 0.6493349455864571 0.38435228730226595 0.6753325272067715 0.38435228730226595 0.6753325272067715 0.3963232150491663 0.6493349455864571 0.3963232150491663 geklebt
7 0.5776904474002419 0.3937580162462591 0.5931076178960096 0.3937580162462591 0.5931076178960096 0.40017101325352716 0.5776904474002419 0.40017101325352716 {
7 0.6499395405078597 0.3954681487815306 0.7240024183796856 0.3954681487815306 0.7240024183796856 0.4082941427960667 0.6499395405078597 0.4082941427960667 Kompriband bauseits
7 0.3056227327690447 0.4023086789226165 0.34885126964933494 0.4023086789226165 0.34885126964933494 0.413852073535699 0.3056227327690447 0.413852073535699 1
7 0.35066505441354295 0.4023086789226165 0.37938331318016927 0.4023086789226165 0.37938331318016927 0.413852073535699 0.35066505441354295 0.413852073535699 auS | Alu
7 0.6493349455864571 0.40444634459170586 0.7167472793228536 0.40444634459170586 0.7167472793228536 0.41727233860624197 0.6493349455864571 0.41727233860624197 1
7 0.3192261185006046 0.4112868747327918 0.3476420798065296 0.4112868747327918 0.3476420798065296 0.4245404018811458 0.3192261185006046 0.4245404018811458 Kantteil
7 0.30652962515114873 0.413852073535699 0.3174123337363966 0.413852073535699 0.3174123337363966 0.42240273621205643 0.30652962515114873 0.42240273621205643 als
7 0.6813784764207981 0.4142796066695169 0.7333736396614269 0.4142796066695169 0.7333736396614269 0.427105600684053 0.6813784764207981 0.427105600684053 1
7 0.650241837968561 0.41684480547242414 0.6783555018137848 0.41684480547242414 0.6783555018137848 0.42539546814878154 0.650241837968561 0.42539546814878154 Material
7 0.5858524788391778 0.41769987174005985 0.593409915356711 0.41769987174005985 0.593409915356711 0.4514749893116717 0.5858524788391778 0.4514749893116717 320090
7 0.31983071342200725 0.41812740487387773 0.3845223700120919 0.41812740487387773 0.3845223700120919 0.4343736639589568 0.31983071342200725 0.4343736639589568 FehsterbankHalter
7 0.3056227327690447 0.42197520307823855 0.3192261185006046 0.42197520307823855 0.3192261185006046 0.43266353142368535 0.3056227327690447 0.43266353142368535 2
7 0.6493349455864571 0.4275331338178709 0.716142684401451 0.4275331338178709 0.716142684401451 0.4390765284309534 0.6493349455864571 0.4390765284309534 1
7 0.3062273276904474 0.43095339888841383 0.41293833131801694 0.43095339888841383 0.41293833131801694 0.4433518597691321 0.3062273276904474 0.4433518597691321 undAdti_Droehn_Beschichtung
7 0.3050181378476421 0.4467721248396751 0.34492140266021765 0.4467721248396751 0.34492140266021765 0.4698589140658401 0.3050181378476421 0.4698589140658401 2388Z/ker
7 0.3633615477629988 0.4467721248396751 0.4135429262394196 0.4467721248396751 0.4135429262394196 0.4711415134672937 0.3633615477629988 0.4711415134672937 7
7 0.3352478839177751 0.4476271911073108 0.36698911729141476 0.4476271911073108 0.36698911729141476 0.4591705857203933 0.3352478839177751 0.4591705857203933 Fensterb
7 0.34613059250302297 0.45874305258657544 0.36305925030229746 0.45874305258657544 0.36305925030229746 0.46900384779820437 0.34613059250302297 0.46900384779820437 oder
7 0.30652962515114873 0.4591705857203933 0.3174123337363966 0.4591705857203933 0.3174123337363966 0.4677212483967507 0.30652962515114873 0.4677212483967507 tur
7 0.5299274486094316 0.463445917058572 0.5359733978234583 0.463445917058572 0.5359733978234583 0.4839675074818298 0.5299274486094316 0.4839675074818298 9970
7 0.3056227327690447 0.46643864899529713 0.3464328899637243 0.46643864899529713 0.3464328899637243 0.47798204360837965 0.3056227327690447 0.47798204360837965 tur 28umm
7 0.6487303506650545 0.466866182129115 0.7028415961305925 0.466866182129115 0.7028415961305925 0.48097477554510476 0.6487303506650545 0.48097477554510476 Lage vertikales
7 0.34915356711003626 0.4672937152629329 0.39177750906892383 0.4672937152629329 0.39177750906892383 0.47798204360837965 0.34915356711003626 0.47798204360837965 1
7 0.42503022974607013 0.4685763146643865 0.5090689238210399 0.4685763146643865 0.5090689238210399 0.4805472424112869 0.42503022974607013 0.4805472424112869 1
7 0.7055622732769045 0.4685763146643865 0.747279322853688 0.4685763146643865 0.747279322853688 0.47926464300983324 0.7055622732769045 0.47926464300983324 Kompriband
7 0.6723095525997581 0.47498931167165453 0.7345828295042321 0.47498931167165453 0.7345828295042321 0.4903805044890979 0.6723095525997581 0.4903805044890979 bis OK Stahlproril
7 0.3056227327690447 0.4762719110731082 0.32073760580411126 0.4762719110731082 0.32073760580411126 0.4890979050876443 0.3056227327690447 0.4890979050876443 7bÊ
7 0.32376058041112454 0.4788371098760154 0.3555018137847642 0.4788371098760154 0.3555018137847642 0.4873877725523728 0.32376058041112454 0.4873877725523728 anpassen
7 0.650241837968561 0.4788371098760154 0.6680773881499396 0.4788371098760154 0.6680773881499396 0.4873877725523728 0.650241837968561 0.4873877725523728 2
7 0.6499395405078597 0.4873877725523728 0.7013301088270859 0.4873877725523728 0.7013301088270859 0.49764856776400174 0.6499395405078597 0.49764856776400174 heruntertuhren
7 0.7203748488512697 0.4873877725523728 0.7333736396614269 0.4873877725523728 0.7333736396614269 0.49764856776400174 0.7203748488512697 0.49764856776400174 mit
7 0.5870616686819831 0.4886703719538264 0.596130592503023 0.4886703719538264 0.596130592503023 0.49722103463018386 0.5870616686819831 0.49722103463018386 20
7 0.7043530834340992 0.4886703719538264 0.7182587666263603 0.4886703719538264 0.7182587666263603 0.49722103463018386 0.7043530834340992 0.49722103463018386 und
7 0.6499395405078597 0.49722103463018386 0.7191656590084643 0.49722103463018386 0.7191656590084643 0.5079093629756306 0.6499395405078597 0.5079093629756306 KsProfll_verbnnden
7 0.6496372430471584 0.549807610089782 0.6949818621523579 0.549807610089782 0.6949818621523579 0.5622060709705002 0.6496372430471584 0.5622060709705002 Dampfsperre
7 0.6493349455864571 0.5579307396323215 0.6668681983071342 0.5579307396323215 0.6668681983071342 0.569474134245404 0.6493349455864571 0.569474134245404 Folie
7 0.6720072551390568 0.5579307396323215 0.6919588875453446 0.5579307396323215 0.6919588875453446 0.5707567336468576 0.6720072551390568 0.5707567336468576 8
7 0.6949818621523579 0.5617785378366823 0.7088875453446191 0.5617785378366823 0.7088875453446191 0.5690466011115861 0.6949818621523579 0.5690466011115861 E
7 0.6937726723095526 0.5677640017101325 0.742744860943168 0.5677640017101325 0.742744860943168 0.5805899957246686 0.6937726723095526 0.5805899957246686 1
7 0.6499395405078597 0.5690466011115861 0.6753325272067715 0.5690466011115861 0.6753325272067715 0.5797349294570329 0.6499395405078597 0.5797349294570329 9
7 0.6783555018137848 0.5716117999144934 0.686819830713422 0.5716117999144934 0.686819830713422 0.579307396323215 0.6783555018137848 0.579307396323215 an
7 0.6804715840386941 0.5810175288584866 0.727932285368803 0.5810175288584866 0.727932285368803 0.5929884566053869 0.6804715840386941 0.5929884566053869 1
7 0.6499395405078597 0.5823001282599402 0.6777509068923822 0.5823001282599402 0.6777509068923822 0.5929884566053869 0.6499395405078597 0.5929884566053869 Konsole
7 0.6499395405078597 0.5921333903377511 0.6880290205562273 0.5921333903377511 0.6880290205562273 0.6028217186831979 0.6499395405078597 0.6028217186831979 sluckweise
7 0.40477629987908104 0.5934159897392048 0.49667472793228534 0.5934159897392048 0.49667472793228534 0.6049593843522874 0.40477629987908104 0.6049593843522874 Schuco-Fensterbankhalter
7 0.6487303506650545 0.6006840530141085 0.7366989117291415 0.6006840530141085 0.7366989117291415 0.6160752458315519 0.6487303506650545 0.6160752458315519 Ubergabepunkt bauseitig
7 0.40386940749697703 0.6023941855493801 0.4316807738814994 0.6023941855493801 0.4316807738814994 0.6147926464300983 0.40386940749697703 0.6147926464300983 238964
7 0.4337968561064087 0.6049593843522874 0.44709794437726724 0.6049593843522874 0.44709794437726724 0.6135100470286448 0.4337968561064087 0.6135100470286448 2
7 0.6499395405078597 0.6113723813595554 0.6880290205562273 0.6113723813595554 0.6880290205562273 0.6237708422402736 0.6499395405078597 0.6237708422402736 gestelletes
7 0.40477629987908104 0.6122274476271911 0.48246674727932287 0.6122274476271911 0.48246674727932287 0.6237708422402736 0.40477629987908104 0.6237708422402736 1
7 0.7227932285368803 0.6122274476271911 0.7675332527206772 0.6122274476271911 0.7675332527206772 0.6237708422402736 0.7227932285368803 0.6237708422402736 1
7 0.48458282950423215 0.6135100470286448 0.4939540507859734 0.6135100470286448 0.4939540507859734 0.62248824283882 0.48458282950423215 0.62248824283882 2
7 0.6910519951632407 0.6135100470286448 0.6955864570737605 0.6135100470286448 0.6955864570737605 0.62248824283882 0.6910519951632407 0.62248824283882 E
7 0.7004232164449818 0.6135100470286448 0.719770253929867 0.6135100470286448 0.719770253929867 0.62248824283882 0.7004232164449818 0.62248824283882 Kabel
7 0.6686819830713422 0.6212056434373664 0.7363966142684402 0.6212056434373664 0.7363966142684402 0.6336041043180847 0.6686819830713422 0.6336041043180847 Kabel_Flugelantrieb
7 0.405683192261185 0.6237708422402736 0.4313784764207981 0.6237708422402736 0.4313784764207981 0.6323215049166311 0.405683192261185 0.6323215049166311 238966
7 0.4347037484885127 0.6237708422402736 0.45163240628778717 0.6237708422402736 0.45163240628778717 0.6323215049166311 0.4347037484885127 0.6323215049166311 (260
7 0.45646916565900847 0.6237708422402736 0.4821644498186215 0.6237708422402736 0.4821644498186215 0.6323215049166311 0.45646916565900847 0.6323215049166311 9
7 0.20949214026602175 0.6241983753740915 0.2702539298669891 0.6241983753740915 0.2702539298669891 0.6378794356562634 0.20949214026602175 0.6378794356562634 1
7 0.20949214026602175 0.6609662248824284 0.2599758162031439 0.6609662248824284 0.2599758162031439 0.6725096194955109 0.20949214026602175 0.6725096194955109 1
7 0.3431076178960097 0.6763574176998718 0.35368802902055624 0.6763574176998718 0.35368802902055624 0.6879008123129543 0.3431076178960097 0.6879008123129543 40
7 0.37908101571946795 0.6763574176998718 0.3896614268440145 0.6763574176998718 0.3896614268440145 0.6866182129115006 0.37908101571946795 0.6866182129115006 40
7 0.5807134220072552 0.6776400171013254 0.5900846432889963 0.6776400171013254 0.5900846432889963 0.6861906797776828 0.5807134220072552 0.6861906797776828 40
7 0.1617291414752116 0.6917486105173151 0.23548972188633616 0.6917486105173151 0.23548972188633616 0.7037195382642155 0.1617291414752116 0.7037195382642155 Detail-Ansicht untere Ecke
7 0.5429262394195888 0.7139803334758443 0.5637847642079806 0.7139803334758443 0.5637847642079806 0.7263787943565626 0.5429262394195888 0.7263787943565626 Dubel
7 0.5625755743651754 0.7238135955536554 0.5795042321644498 0.7238135955536554 0.5795042321644498 0.735356990166738 0.5625755743651754 0.735356990166738 HUS
7 0.5828295042321644 0.7238135955536554 0.619105199516324 0.7238135955536554 0.619105199516324 0.7366395895681915 0.5828295042321644 0.7366395895681915 H10 5x55
7 0.5429262394195888 0.7246686618212912 0.5598548972188634 0.7246686618212912 0.5598548972188634 0.735356990166738 0.5429262394195888 0.735356990166738 5
7 0.6296856106408706 0.7956391620350577 0.7536275695284159 0.7956391620350577 0.7536275695284159 0.8071825566481402 0.6296856106408706 0.8071825566481402 |
7 0.14903264812575576 0.8358272766139376 0.24909310761789602 0.8358272766139376 0.24909310761789602 0.8516460025651988 0.14903264812575576 0.8516460025651988 Detail Fusspunkt Fenster
