7 0.6275695284159613 0.12398460880718255 0.652962515114873 0.12398460880718255 0.652962515114873 0.13424540401881147 0.6275695284159613 0.13424540401881147 250
7 0.40326481257557434 0.12441214194100043 0.4528415961305925 0.12441214194100043 0.4528415961305925 0.13039760581445062 0.40326481257557434 0.13039760581445062 Glas 8 2: 364 Kg
7 0.5544135429262395 0.12954253954681488 0.6088270858524788 0.12954253954681488 0.6088270858524788 0.13552800342026508 0.5544135429262395 0.13552800342026508 Glas 0/14/6/14/8-2
7 0.41293833131801694 0.13210773834972211 0.4322853688029021 0.13210773834972211 0.4322853688029021 0.13809320222317228 0.41293833131801694 0.13809320222317228 6mm:
7 0.4347037484885127 0.13210773834972211 0.4528415961305925 0.13210773834972211 0.4528415961305925 0.13809320222317228 0.4347037484885127 0.13809320222317228 36 Kg
7 0.39903264812575573 0.1333903377511757 0.41233373639661425 0.1333903377511757 0.41233373639661425 0.1368106028217187 0.39903264812575573 0.1368106028217187 Gias
7 0.5532043530834341 0.13467293715262932 0.6100362756952842 0.13467293715262932 0.6100362756952842 0.13980333475844378 0.5532043530834341 0.13980333475844378 1
7 0.5532043530834341 0.13894826849080805 0.5870616686819831 0.13894826849080805 0.5870616686819831 0.14407866609662248 0.5532043530834341 0.14407866609662248 3232*2728
7 0.5894800483675937 0.13980333475844378 0.6112454655380894 0.13980333475844378 0.6112454655380894 0.14578879863189398 0.5894800483675937 0.14578879863189398 6x €89
7 0.3984280532043531 0.14065840102607952 0.4540507859733978 0.14065840102607952 0.4540507859733978 0.1466438648995297 0.3984280532043531 0.1466438648995297 1
7 0.5544135429262395 0.14749893116716545 0.6027811366384522 0.14749893116716545 0.6027811366384522 0.15348439504061565 0.5544135429262395 0.15348439504061565 Glaserunte-age
7 0.40991535671100365 0.14878153056861906 0.45163240628778717 0.14878153056861906 0.45163240628778717 0.155622060709705 0.40991535671100365 0.155622060709705 Wasserschlitz
7 0.5550181378476421 0.15305686190679776 0.5695284159613059 0.15305686190679776 0.5695284159613059 0.15647712697734073 0.5550181378476421 0.15647712697734073 4mm
7 0.4165659008464329 0.15433946130825138 0.43349455864570735 0.15433946130825138 0.43349455864570735 0.15946985891406584 0.4165659008464329 0.15946985891406584 Prcfil
7 0.6390568319226119 0.15775972637879435 0.7261185006045949 0.15775972637879435 0.7261185006045949 0.16631038905515177 0.6390568319226119 0.16631038905515177 1
7 0.5544135429262395 0.1586147926464301 0.5870616686819831 0.1586147926464301 0.5870616686819831 0.16460025651988028 0.5544135429262395 0.16460025651988028 Cr St 3nm
7 0.40931076178960096 0.15946985891406584 0.4528415961305925 0.15946985891406584 0.4528415961305925 0.16460025651988028 0.40931076178960096 0.16460025651988028 und Glasleiste
7 0.5532043530834341 0.16374519025224454 0.5773881499395405 0.16374519025224454 0.5773881499395405 0.168875587858059 0.5532043530834341 0.168875587858059 60*300
7 0.250906892382104 0.16545532278751604 0.26844014510278114 0.16545532278751604 0.26844014510278114 0.20436083796494228 0.250906892382104 0.20436083796494228 J1713 22/
7 0.23458282950423218 0.17699871740059855 0.24909310761789602 0.17699871740059855 0.24909310761789602 0.18982471141513468 0.23458282950423218 0.18982471141513468 8
7 0.6444981862152358 0.18640444634459172 0.7243047158403869 0.18640444634459172 0.7243047158403869 0.19752030782385635 0.6444981862152358 0.19752030782385635 Canal Tehalit
7 0.567714631197098 0.18854211201368107 0.5979443772672309 0.18854211201368107 0.5979443772672309 0.19452757588713127 0.567714631197098 0.19452757588713127 Alu 15*39
7 0.601571946795647 0.18854211201368107 0.6160822249093107 0.18854211201368107 0.6160822249093107 0.19452757588713127 0.601571946795647 0.19452757588713127 8
7 0.6444981862152358 0.19666524155622062 0.7194679564691656 0.19666524155622062 0.7194679564691656 0.20863616930312098 0.6444981862152358 0.20863616930312098 1
7 0.5665054413542926 0.1996579734929457 0.6003627569528416 0.1996579734929457 0.6003627569528416 0.2056434373663959 0.5665054413542926 0.2056434373663959 1
7 0.3464328899637243 0.21333903377511756 0.40810157194679564 0.21333903377511756 0.40810157194679564 0.2201795639162035 0.3464328899637243 0.2201795639162035 Feuille etanche gnse
7 0.34670211596358813 0.2176861691772818 0.3706071772714594 0.21967650104198644 0.3697428658985642 0.22481062432421453 0.34583780459069297 0.22282029245950993 330mm
7 0.37182587666263606 0.21846943138093203 0.40205562273276907 0.21846943138093203 0.40205562273276907 0.22445489525438223 0.37182587666263606 0.22445489525438223 1
7 0.42140266021765416 0.21932449764856776 0.4480048367593712 0.21932449764856776 0.4480048367593712 0.22445489525438223 0.42140266021765416 0.22445489525438223 uminium
7 0.4003279970219392 0.2195320667997317 0.41589273569901175 0.2182716690864921 0.41647974179305475 0.2225371935679468 0.4009150031159822 0.22379759128118643 uad
7 0.2351874244256348 0.271483539974348 0.24727932285368803 0.271483539974348 0.24727932285368803 0.28858486532706284 0.2351874244256348 0.28858486532706284 209
7 0.21946795646916567 0.28088926891834115 0.23155985489721886 0.28088926891834115 0.23155985489721886 0.29713552800342025 0.21946795646916567 0.29713552800342025 274
7 0.5707376058041113 0.2907225309961522 0.6662636033857315 0.2907225309961522 0.6662636033857315 0.3009833262077811 0.5707376058041113 0.3009833262077811 Goujon M12*100 Inox
7 0.3561064087061669 0.294570329200513 0.37061668681983073 0.294570329200513 0.37061668681983073 0.34159897392047883 0.3561064087061669 0.34159897392047883 270 + 2747
7 0.3282950423216445 0.29884566053869177 0.3403869407496977 0.29884566053869177 0.3403869407496977 0.31509191962377087 0.3282950423216445 0.31509191962377087 361
7 0.23760580411124546 0.35784523300555793 0.24727932285368803 0.35784523300555793 0.24727932285368803 0.3698161607524583 0.23760580411124546 0.3698161607524583 42
7 0.7261185006045949 0.3587002992731937 0.7357920193470375 0.3587002992731937 0.7357920193470375 0.36896109448482256 0.7261185006045949 0.36896109448482256 42
7 0.752720677146312 0.3595553655408294 0.7648125755743652 0.3595553655408294 0.7648125755743652 0.3758016246259085 0.752720677146312 0.3758016246259085 109
7 0.2351874244256348 0.3903377511757161 0.24727932285368803 0.3903377511757161 0.24727932285368803 0.4031637451902522 0.2351874244256348 0.4031637451902522 59
7 0.5525997581620314 0.4053014108593416 0.711608222490931 0.4053014108593416 0.711608222490931 0.4185549380076956 0.5525997581620314 0.4185549380076956 MS polymère hybride blanc
7 0.752720677146312 0.41000427533133815 0.7648125755743652 0.41000427533133815 0.7648125755743652 0.42112013681060284 0.752720677146312 0.42112013681060284 38
7 0.23458282950423218 0.4318084651560496 0.24909310761789602 0.4318084651560496 0.24909310761789602 0.4796921761436511 0.23458282950423218 0.4796921761436511 Verre 2728
7 0.3567110036275695 0.43351859769132106 0.37484885126964934 0.43351859769132106 0.37484885126964934 0.44377939290295 0.3567110036275695 0.44377939290295 65
7 0.4159613059250302 0.43351859769132106 0.43409915356711004 0.43351859769132106 0.43409915356711004 0.44377939290295 0.4159613059250302 0.44377939290295 65
7 0.21765417170495768 0.44377939290295 0.23216444981862153 0.44377939290295 0.23216444981862153 0.466866182129115 0.21765417170495768 0.466866182129115 2846
7 0.25272067714631197 0.4446344591705857 0.2672309552599758 0.4446344591705857 0.2672309552599758 0.4677212483967507 0.25272067714631197 0.4677212483967507 2698
7 0.31680773881499397 0.44548952543822146 0.33615477629987905 0.44548952543822146 0.33615477629987905 0.45746045318512185 0.31680773881499397 0.45746045318512185 23
7 0.35792019347037485 0.44548952543822146 0.38210399032648124 0.44548952543822146 0.38210399032648124 0.4557503206498504 0.35792019347037485 0.4557503206498504 130
7 0.6275695284159613 0.5190252244548953 0.652962515114873 0.5190252244548953 0.652962515114873 0.5292860196665241 0.6275695284159613 0.5292860196665241 250
7 0.7678355501813785 0.523300555793074 0.7823458282950423 0.523300555793074 0.7823458282950423 0.546387345019239 0.7678355501813785 0.546387345019239 2760
7 0.6384522370012092 0.5523728088926891 0.7267230955259976 0.5523728088926891 0.7267230955259976 0.5626336041043181 0.6384522370012092 0.5626336041043181 1
7 0.2539298669891173 0.5532278751603249 0.26844014510278114 0.5532278751603249 0.26844014510278114 0.5754595981188542 0.2539298669891173 0.5754595981188542 8
7 0.2351874244256348 0.5724668661821292 0.24727932285368803 0.5724668661821292 0.24727932285368803 0.5852928601966653 0.2351874244256348 0.5852928601966653 52
7 0.26964933494558646 0.5746045318512185 0.28536880290205563 0.5746045318512185 0.28536880290205563 0.5968362548097478 0.26964933494558646 0.5968362548097478 41713
7 0.2545344619105199 0.579307396323215 0.2666263603385732 0.579307396323215 0.2666263603385732 0.5921333903377511 0.2545344619105199 0.5921333903377511 8
7 0.6444981862152358 0.5823001282599402 0.7243047158403869 0.5823001282599402 0.7243047158403869 0.5925609234715691 0.6444981862152358 0.5925609234715691 Canal Tehalit
7 0.3766626360338573 0.5878580589995724 0.40084643288996374 0.5878580589995724 0.40084643288996374 0.5938435228730227 0.3766626360338573 0.5938435228730227 Equerre
7 0.4117291414752116 0.5878580589995724 0.435912938331318 0.5878580589995724 0.435912938331318 0.5929884566053869 0.4117291414752116 0.5929884566053869 30*30*2
7 0.6444981862152358 0.5912783240701154 0.718863361547763 0.5912783240701154 0.718863361547763 0.6045318512184694 0.6444981862152358 0.6045318512184694 BK Brodway
7 0.23458282950423218 0.5942710560068405 0.24909310761789602 0.5942710560068405 0.24909310761789602 0.6139375801624626 0.23458282950423218 0.6139375801624626 4,15
7 0.3851269649334946 0.6186404446344592 0.42623941958887546 0.6186404446344592 0.42623941958887546 0.6246259085079093 0.3851269649334946 0.6246259085079093 1
7 0.3270858524788392 0.6203505771697306 0.36698911729141476 0.6203505771697306 0.36698911729141476 0.6263360410431809 0.3270858524788392 0.6263360410431809 Plat Alu 30*3
7 0.3857315598548972 0.6241983753740915 0.4062877871825877 0.6241983753740915 0.4062877871825877 0.6276186404446344 0.3857315598548972 0.6276186404446344 Ineaie
7 0.2351874244256348 0.6673792218896965 0.24727932285368803 0.6673792218896965 0.24727932285368803 0.6844805472424113 0.2351874244256348 0.6844805472424113 209
7 0.21946795646916567 0.6759298845660539 0.23155985489721886 0.6759298845660539 0.23155985489721886 0.6930312099187687 0.21946795646916567 0.6930312099187687 274
7 0.3282950423216445 0.6947413424540402 0.3403869407496977 0.6947413424540402 0.3403869407496977 0.7109876015391193 0.3282950423216445 0.7109876015391193 361
7 0.5689238210399032 0.6955964087216759 0.6438935912938332 0.6955964087216759 0.6438935912938332 0.7015818725951262 0.5689238210399032 0.7015818725951262 Iêle acer sendzimir 4mm
7 0.5701330108827086 0.7041470713980333 0.6148730350665055 0.7041470713980333 0.6148730350665055 0.7092774690038478 0.5701330108827086 0.7092774690038478 1
7 0.7696493349455864 0.7058572039333049 0.7805320435308344 0.7058572039333049 0.7805320435308344 0.7169730654125694 0.7696493349455864 0.7169730654125694 8
7 0.5894800483675937 0.708422402736212 0.6305925030229746 0.708422402736212 0.6305925030229746 0.715262932877298 0.5894800483675937 0.715262932877298 1
7 0.5707376058041113 0.7097050021376656 0.5888754534461911 0.7097050021376656 0.5888754534461911 0.7131252672082087 0.5707376058041113 0.7131252672082087 Isover
7 0.3585247883917775 0.7135528003420265 0.37061668681983073 0.7135528003420265 0.37061668681983073 0.7306541256947413 0.3585247883917775 0.7306541256947413 270
7 0.2351874244256348 0.7528858486532707 0.24727932285368803 0.7528858486532707 0.24727932285368803 0.764856776400171 0.2351874244256348 0.764856776400171 42
7 0.7261185006045949 0.7554510474561779 0.7357920193470375 0.7554510474561779 0.7357920193470375 0.764856776400171 0.7261185006045949 0.764856776400171 40
7 0.752720677146312 0.7554510474561779 0.7648125755743652 0.7554510474561779 0.7648125755743652 0.7708422402736212 0.752720677146312 0.7708422402736212 109
7 0.7249093107617895 0.7802479692176144 0.7370012091898428 0.7802479692176144 0.7370012091898428 0.791363830696879 0.7249093107617895 0.791363830696879 39
7 0.2351874244256348 0.7862334330910645 0.24727932285368803 0.7862334330910645 0.24727932285368803 0.798204360837965 0.2351874244256348 0.798204360837965 59
7 0.5525997581620314 0.8007695596408722 0.7110036275695284 0.8007695596408722 0.7110036275695284 0.8131680205215904 0.5525997581620314 0.8131680205215904 |
7 0.752720677146312 0.8050448909790509 0.7648125755743652 0.8050448909790509 0.7648125755743652 0.8161607524583155 0.752720677146312 0.8161607524583155 8
7 0.3567110036275695 0.8285592133390338 0.37484885126964934 0.8285592133390338 0.37484885126964934 0.8388200085506626 0.3567110036275695 0.8388200085506626 65
7 0.4159613059250302 0.8285592133390338 0.43409915356711004 0.8285592133390338 0.43409915356711004 0.8388200085506626 0.4159613059250302 0.8388200085506626 65
7 0.31680773881499397 0.8405301410859342 0.33615477629987905 0.8405301410859342 0.33615477629987905 0.8533561351004703 0.31680773881499397 0.8533561351004703 23
7 0.35792019347037485 0.8413852073535699 0.38210399032648124 0.8413852073535699 0.38210399032648124 0.8516460025651988 0.35792019347037485 0.8516460025651988 130
7 0.3585247883917775 0.8768704574604532 0.37061668681983073 0.8768704574604532 0.37061668681983073 0.8982471141513467 0.3585247883917775 0.8982471141513467 2747
