0 0.1080 0.0564 0.4317 0.0564 0.4317 0.1364 0.1080 0.1364
0 0.0220 0.3700 0.1600 0.3700 0.1600 0.5296 0.0220 0.5296
0 0.8260 0.5232 0.9389 0.5232 0.9389 0.7156 0.8260 0.7156
0 0.7669 0.2944 0.9777 0.2944 0.9777 0.5008 0.7669 0.5008
1 0.5203 0.4352 0.5234 0.4352 0.5234 0.4604 0.5203 0.4604
1 0.0680 0.6768 0.0757 0.6768 0.0757 0.7600 0.0680 0.7600
1 0.7989 0.2084 0.8017 0.2084 0.8017 0.2640 0.7989 0.2640
1 0.8409 0.7520 0.8437 0.7520 0.8437 0.8076 0.8409 0.8076
2 0.3857 0.3472 0.4303 0.3472 0.4303 0.4024 0.3857 0.4024
2 0.5689 0.6256 0.6554 0.6256 0.6554 0.9056 0.5689 0.9056
2 0.2420 0.2536 0.2746 0.2536 0.2746 0.2696 0.2420 0.2696
2 0.2909 0.7560 0.3503 0.7560 0.3503 0.9436 0.2909 0.9436
3 0.6663 0.5348 0.6834 0.5348 0.6834 0.6016 0.6663 0.6016
3 0.0446 0.6852 0.0583 0.6852 0.0583 0.7876 0.0446 0.7876
3 0.4094 0.2716 0.5046 0.2716 0.5046 0.2940 0.4094 0.2940
3 0.5257 0.7044 0.5320 0.7044 0.5320 0.8064 0.5257 0.8064
4 0.0057 0.2056 0.0197 0.2056 0.0197 0.2868 0.0057 0.2868
4 0.2420 0.0052 0.2589 0.0052 0.2589 0.0136 0.2420 0.0136
4 0.6366 0.9560 0.6591 0.9560 0.6591 0.9680 0.6366 0.9680
4 0.6703 0.4904 0.6743 0.4904 0.6743 0.4956 0.6703 0.4956
6 0.7091 0.0348 0.9003 0.0348 0.9003 0.1696 0.7091 0.1696
6 0.0900 0.5404 0.1246 0.5404 0.1246 0.5516 0.0900 0.5516
6 0.7343 0.5192 0.7929 0.5192 0.7929 0.6016 0.7343 0.6016
6 0.6309 0.3328 0.6894 0.3328 0.6894 0.4152 0.6309 0.4152
7 0.0643 0.7932 0.0717 0.7932 0.0717 0.8136 0.0643 0.8136
7 0.4237 0.5020 0.4511 0.5020 0.4511 0.6036 0.4237 0.6036
7 0.2723 0.6860 0.2783 0.6860 0.2783 0.7144 0.2723 0.7144
7 0.6294 0.4624 0.6829 0.4624 0.6829 0.4852 0.6294 0.4852
9 0.4443 0.3472 0.5497 0.3472 0.5497 0.4076 0.4443 0.4076
9 0.6946 0.6032 0.7363 0.6032 0.7363 0.8124 0.6946 0.8124
9 0.5957 0.4352 0.6277 0.4352 0.6277 0.5932 0.5957 0.5932
9 0.4777 0.5236 0.5180 0.5236 0.5180 0.7200 0.4777 0.7200
12 0.1851 0.1564 0.4506 0.1564 0.4506 0.2156 0.1851 0.2156
12 0.1803 0.5776 0.2114 0.5776 0.2114 0.6048 0.1803 0.6048
12 0.7746 0.7504 0.8057 0.7504 0.8057 0.7776 0.7746 0.7776
12 0.6671 0.7480 0.6726 0.7480 0.6726 0.9496 0.6671 0.9496
13 0.3974 0.2408 0.4386 0.2408 0.4386 0.2704 0.3974 0.2704
13 0.3674 0.5828 0.4140 0.5828 0.4140 0.6244 0.3674 0.6244
13 0.2549 0.9752 0.2669 0.9752 0.2669 0.9864 0.2549 0.9864
13 0.5111 0.1740 0.5374 0.1740 0.5374 0.2196 0.5111 0.2196
15 0.1111 0.1484 0.1843 0.1484 0.1843 0.2204 0.1111 0.2204
15 0.0140 0.5596 0.0894 0.5596 0.0894 0.6220 0.0140 0.6220
15 0.1443 0.8656 0.2691 0.8656 0.2691 0.9688 0.1443 0.9688
15 0.2060 0.3564 0.3006 0.3564 0.3006 0.4376 0.2060 0.4376
