0 0.6703 0.9220 0.7377 0.9220 0.7377 0.9760 0.6703 0.9760
0 0.3374 0.7728 0.4386 0.7728 0.4386 0.9228 0.3374 0.9228
0 0.8434 0.2936 0.9911 0.2936 0.9911 0.7860 0.8434 0.7860
0 0.2391 0.1680 0.3723 0.1680 0.3723 0.5344 0.2391 0.5344
1 0.8283 0.1840 0.8409 0.1840 0.8409 0.1948 0.8283 0.1948
1 0.0151 0.6080 0.0171 0.6080 0.0171 0.6436 0.0151 0.6436
1 0.7294 0.6400 0.7426 0.6400 0.7426 0.6664 0.7294 0.6664
1 0.0480 0.9240 0.0511 0.9240 0.0511 0.9492 0.0480 0.9492
2 0.1103 0.7120 0.1234 0.7120 0.1234 0.8680 0.1103 0.8680
2 0.1560 0.4792 0.2354 0.4792 0.2354 0.5376 0.1560 0.5376
2 0.2006 0.8292 0.2323 0.8292 0.2323 0.9076 0.2006 0.9076
2 0.2089 0.6884 0.2354 0.6884 0.2354 0.7392 0.2089 0.7392
3 0.1277 0.3232 0.1380 0.3232 0.1380 0.3960 0.1277 0.3960
3 0.8823 0.8880 0.8994 0.8880 0.8994 0.9548 0.8823 0.9548
3 0.7689 0.6988 0.7751 0.6988 0.7751 0.8008 0.7689 0.8008
3 0.5074 0.1492 0.5177 0.1492 0.5177 0.2220 0.5074 0.2220
4 0.7809 0.9324 0.7897 0.9324 0.7897 0.9804 0.7809 0.9804
4 0.6406 0.6284 0.6529 0.6284 0.6529 0.6356 0.6406 0.6356
4 0.7374 0.5992 0.7506 0.5992 0.7506 0.6092 0.7374 0.6092
4 0.1366 0.5764 0.1489 0.5764 0.1489 0.5836 0.1366 0.5836
6 0.1040 0.6420 0.1217 0.6420 0.1217 0.6672 0.1040 0.6672
6 0.1011 0.4160 0.1357 0.4160 0.1357 0.4272 0.1011 0.4272
6 0.6586 0.6936 0.7260 0.6936 0.7260 0.8836 0.6586 0.8836
6 0.1389 0.6648 0.2043 0.6648 0.2043 0.6956 0.1389 0.6956
7 0.5086 0.0276 0.5223 0.0276 0.5223 0.0868 0.5086 0.0868
7 0.1083 0.2336 0.1249 0.2336 0.1249 0.3116 0.1083 0.3116
7 0.7666 0.3488 0.7780 0.3488 0.7780 0.3908 0.7666 0.3908
7 0.3026 0.0224 0.3329 0.0224 0.3329 0.1532 0.3026 0.1532
9 0.6586 0.3780 0.7029 0.3780 0.7029 0.6064 0.6586 0.6064
9 0.4149 0.3712 0.4663 0.3712 0.4663 0.5408 0.4149 0.5408
9 0.7406 0.1148 0.8117 0.1148 0.8117 0.3176 0.7406 0.3176
9 0.5511 0.0472 0.6083 0.0472 0.6083 0.1016 0.5511 0.1016
12 0.1569 0.0148 0.2363 0.0148 0.2363 0.0580 0.1569 0.0580
12 0.8863 0.1660 0.9097 0.1660 0.9097 0.2560 0.8863 0.2560
12 0.5129 0.3212 0.5700 0.3212 0.5700 0.8708 0.5129 0.8708
12 0.3946 0.2684 0.5991 0.2684 0.5991 0.3040 0.3946 0.3040
13 0.2580 0.7296 0.2843 0.7296 0.2843 0.7752 0.2580 0.7752
13 0.6863 0.1260 0.6897 0.1260 0.6897 0.2352 0.6863 0.2352
13 0.4800 0.1860 0.4971 0.1860 0.4971 0.2020 0.4800 0.2020
13 0.2634 0.6612 0.4357 0.6612 0.4357 0.7068 0.2634 0.7068
15 0.6097 0.1000 0.6806 0.1000 0.6806 0.1960 0.6097 0.1960
15 0.6186 0.3676 0.6526 0.3676 0.6526 0.4156 0.6186 0.4156
15 0.8946 0.0204 0.9409 0.0204 0.9409 0.0888 0.8946 0.0888
15 0.2586 0.8300 0.2866 0.8300 0.2866 0.8828 0.2586 0.8828
