0 0.5863 0.8344 0.7749 0.8344 0.7749 0.9372 0.5863 0.9372
0 0.3174 0.4088 0.4009 0.4088 0.4009 0.5832 0.3174 0.5832
0 0.4257 0.5048 0.5326 0.5048 0.5326 0.9088 0.4257 0.9088
0 0.7297 0.2968 0.8131 0.2968 0.8131 0.4712 0.7297 0.4712
1 0.6140 0.4556 0.6160 0.4556 0.6160 0.4912 0.6140 0.4912
1 0.0520 0.5016 0.0583 0.5016 0.0583 0.5828 0.0520 0.5828
1 0.9223 0.9428 0.9349 0.9428 0.9349 0.9536 0.9223 0.9536
1 0.0109 0.2272 0.0140 0.2272 0.0140 0.2524 0.0109 0.2524
2 0.2660 0.1784 0.3591 0.1784 0.3591 0.2508 0.2660 0.2508
2 0.6657 0.0128 0.7251 0.0128 0.7251 0.2004 0.6657 0.2004
2 0.8940 0.3540 0.9706 0.3540 0.9706 0.5644 0.8940 0.5644
2 0.4191 0.1424 0.5760 0.1424 0.5760 0.1700 0.4191 0.1700
3 0.2857 0.8372 0.3020 0.8372 0.3020 0.9620 0.2857 0.9620
3 0.7794 0.0720 0.8289 0.0720 0.8289 0.0888 0.7794 0.0888
3 0.7911 0.2308 0.8406 0.2308 0.8406 0.2476 0.7911 0.2476
3 0.3617 0.3704 0.4417 0.3704 0.4417 0.3900 0.3617 0.3900
4 0.1491 0.2532 0.1620 0.2532 0.1620 0.2636 0.1491 0.2636
4 0.1789 0.2116 0.1891 0.2116 0.1891 0.2180 0.1789 0.2180
4 0.9300 0.1140 0.9431 0.1140 0.9431 0.1352 0.9300 0.1352
4 0.3866 0.8496 0.4037 0.8496 0.4037 0.8896 0.3866 0.8896
6 0.7986 0.2012 0.8331 0.2012 0.8331 0.2124 0.7986 0.2124
6 0.8183 0.7880 0.8680 0.7880 0.8680 0.8348 0.8183 0.8348
6 0.2114 0.0128 0.4026 0.0128 0.4026 0.1476 0.2114 0.1476
6 0.3863 0.1984 0.4360 0.1984 0.4360 0.2452 0.3863 0.2452
7 0.8983 0.8876 0.9680 0.8876 0.9680 0.9000 0.8983 0.9000
7 0.4109 0.0568 0.4857 0.0568 0.4857 0.1184 0.4109 0.1184
7 0.3286 0.9072 0.3369 0.9072 0.3369 0.9748 0.3286 0.9748
7 0.6206 0.1556 0.6343 0.1556 0.6343 0.2036 0.6206 0.2036
9 0.0903 0.3972 0.1417 0.3972 0.1417 0.5668 0.0903 0.5668
9 0.1529 0.7308 0.2151 0.7308 0.2151 0.9364 0.1529 0.9364
9 0.0469 0.0488 0.1189 0.0488 0.1189 0.2812 0.0469 0.2812
9 0.7377 0.9372 0.7949 0.9372 0.7949 0.9916 0.7377 0.9916
12 0.8271 0.2872 0.8326 0.2872 0.8326 0.4888 0.8271 0.4888
12 0.8554 0.3044 0.8940 0.3044 0.8940 0.3408 0.8554 0.3408
12 0.1483 0.4120 0.1689 0.4120 0.1689 0.5568 0.1483 0.5568
12 0.0094 0.6932 0.0329 0.6932 0.0329 0.7832 0.0094 0.7832
13 0.1146 0.7436 0.1214 0.7436 0.1214 0.7904 0.1146 0.7904
13 0.0114 0.3096 0.0163 0.3096 0.0163 0.3280 0.0114 0.3280
13 0.9209 0.3296 0.9257 0.3296 0.9257 0.3476 0.9209 0.3476
13 0.6729 0.6592 0.6871 0.6592 0.6871 0.7792 0.6729 0.7792
15 0.4326 0.3932 0.5174 0.3932 0.5174 0.5020 0.4326 0.5020
15 0.5449 0.5324 0.5789 0.5324 0.5789 0.5804 0.5449 0.5804
15 0.9397 0.6152 0.9963 0.6152 0.9963 0.6984 0.9397 0.6984
15 0.1800 0.3504 0.2414 0.3504 0.2414 0.4628 0.1800 0.4628
