0 0.6351 0.7444 0.7186 0.7444 0.7186 0.9188 0.6351 0.9188
0 0.6729 0.9344 0.7403 0.9344 0.7403 0.9884 0.6729 0.9884
0 0.3874 0.1484 0.5551 0.1484 0.5551 0.4416 0.3874 0.4416
0 0.0257 0.2548 0.1386 0.2548 0.1386 0.4472 0.0257 0.4472
1 0.0614 0.7080 0.0691 0.7080 0.0691 0.7912 0.0614 0.7912
1 0.2043 0.6080 0.2391 0.6080 0.2391 0.6960 0.2043 0.6960
1 0.1357 0.5788 0.1420 0.5788 0.1420 0.6600 0.1357 0.6600
1 0.7971 0.6200 0.8043 0.6200 0.8043 0.6460 0.7971 0.6460
2 0.4011 0.8420 0.4614 0.8420 0.4614 0.8736 0.4011 0.8736
2 0.1071 0.8152 0.1154 0.8152 0.1154 0.9064 0.1071 0.9064
2 0.2606 0.5584 0.2720 0.5584 0.2720 0.7104 0.2606 0.7104
2 0.5814 0.2852 0.6803 0.2852 0.6803 0.3656 0.5814 0.3656
3 0.2023 0.4756 0.2963 0.4756 0.2963 0.4980 0.2023 0.4980
3 0.7117 0.4932 0.7611 0.4932 0.7611 0.5100 0.7117 0.5100
3 0.4774 0.5256 0.4877 0.5256 0.4877 0.5984 0.4774 0.5984
3 0.5586 0.5764 0.6531 0.5764 0.6531 0.5996 0.5586 0.5996
4 0.7831 0.3676 0.7929 0.3676 0.7929 0.4460 0.7831 0.4460
4 0.7680 0.1732 0.7851 0.1732 0.7851 0.1964 0.7680 0.1964
4 0.4883 0.5092 0.5117 0.5092 0.5117 0.5204 0.4883 0.5204
4 0.3523 0.8012 0.3700 0.8012 0.3700 0.8144 0.3523 0.8144
6 0.1211 0.7192 0.1389 0.7192 0.1389 0.7444 0.1211 0.7444
6 0.4371 0.6464 0.5046 0.6464 0.5046 0.8364 0.4371 0.8364
6 0.0266 0.0884 0.0920 0.0884 0.0920 0.1192 0.0266 0.1192
6 0.2140 0.3732 0.2794 0.3732 0.2794 0.4040 0.2140 0.4040
7 0.8509 0.6484 0.8709 0.6484 0.8709 0.7284 0.8509 0.7284
7 0.9211 0.3876 0.9443 0.3876 0.9443 0.4812 0.9211 0.4812
7 0.0411 0.0416 0.0509 0.0416 0.0509 0.0880 0.0411 0.0880
7 0.7074 0.1936 0.7429 0.1936 0.7429 0.2640 0.7074 0.2640
9 0.1329 0.7460 0.2040 0.7460 0.2040 0.9488 0.1329 0.9488
9 0.3043 0.0096 0.4197 0.0096 0.4197 0.0472 0.3043 0.0472
9 0.7526 0.0012 0.7846 0.0012 0.7846 0.1592 0.7526 0.1592
9 0.9194 0.0688 0.9637 0.0688 0.9637 0.2972 0.9194 0.2972
12 0.0509 0.5516 0.0800 0.5516 0.0800 0.5760 0.0509 0.5760
12 0.0311 0.1540 0.0491 0.1540 0.0491 0.2452 0.0311 0.2452
12 0.8160 0.6060 0.8434 0.6060 0.8434 0.7184 0.8160 0.7184
12 0.7540 0.6628 0.7814 0.6628 0.7814 0.7752 0.7540 0.7752
13 0.9663 0.5332 0.9817 0.5332 0.9817 0.5564 0.9663 0.5564
13 0.0229 0.7440 0.0283 0.7440 0.0283 0.9620 0.0229 0.9620
13 0.1714 0.1844 0.2726 0.1844 0.2726 0.1920 0.1714 0.1920
13 0.2266 0.2656 0.2483 0.2656 0.2483 0.3212 0.2266 0.3212
15 0.1869 0.0632 0.2603 0.0632 0.2603 0.1336 0.1869 0.1336
15 0.8106 0.3712 0.9149 0.3712 0.9149 0.4836 0.8106 0.4836
15 0.3414 0.5408 0.4154 0.5408 0.4154 0.6036 0.3414 0.6036
15 0.7917 0.1100 0.9166 0.1100 0.9166 0.2132 0.7917 0.2132
