0 0.0371 0.3944 0.1600 0.3944 0.1600 0.8316 0.0371 0.8316
0 0.8169 0.4544 0.9297 0.4544 0.9297 0.6468 0.8169 0.6468
0 0.4757 0.4792 0.5769 0.4792 0.5769 0.6292 0.4757 0.6292
0 0.6237 0.6312 0.6783 0.6312 0.6783 0.8692 0.6237 0.8692
1 0.3811 0.5188 0.3937 0.5188 0.3937 0.5296 0.3811 0.5296
1 0.4591 0.0152 0.4691 0.0152 0.4691 0.1220 0.4591 0.1220
1 0.2003 0.8020 0.2251 0.8020 0.2251 0.8068 0.2003 0.8068
1 0.7883 0.1212 0.7983 0.1212 0.7983 0.2280 0.7883 0.2280
2 0.3709 0.1952 0.5311 0.1952 0.5311 0.3388 0.3709 0.3388
2 0.6206 0.3224 0.7703 0.3224 0.7703 0.3448 0.6206 0.3448
2 0.1566 0.1344 0.3126 0.1344 0.3126 0.2636 0.1566 0.2636
2 0.8466 0.2428 0.9406 0.2428 0.9406 0.3868 0.8466 0.3868
3 0.9886 0.1756 0.9989 0.1756 0.9989 0.2484 0.9886 0.2484
3 0.0537 0.2416 0.1489 0.2416 0.1489 0.2640 0.0537 0.2640
3 0.2026 0.5648 0.2769 0.5648 0.2769 0.5876 0.2026 0.5876
3 0.5746 0.8220 0.5849 0.8220 0.5849 0.8948 0.5746 0.8948
4 0.8689 0.0440 0.9706 0.0440 0.9706 0.0740 0.8689 0.0740
4 0.0606 0.3776 0.0663 0.3776 0.0663 0.3844 0.0606 0.3844
4 0.7000 0.6380 0.7286 0.6380 0.7286 0.6452 0.7000 0.6452
4 0.4051 0.0112 0.4123 0.0112 0.4123 0.0196 0.4051 0.0196
6 0.9249 0.7480 0.9746 0.7480 0.9746 0.7948 0.9249 0.7948
6 0.7260 0.7376 0.7846 0.7376 0.7846 0.8200 0.7260 0.8200
6 0.2086 0.0772 0.2263 0.0772 0.2263 0.1024 0.2086 0.1024
6 0.3549 0.4516 0.4203 0.4516 0.4203 0.4824 0.3549 0.4824
7 0.9203 0.8084 0.9960 0.8084 0.9960 0.8304 0.9203 0.8304
7 0.3637 0.8800 0.3760 0.8800 0.3760 0.9496 0.3637 0.9496
7 0.4429 0.6444 0.4703 0.6444 0.4703 0.7076 0.4429 0.7076
7 0.6866 0.1264 0.6909 0.1264 0.6909 0.1496 0.6866 0.1496
9 0.2857 0.7236 0.4011 0.7236 0.4011 0.7612 0.2857 0.7612
9 0.8406 0.6480 0.9634 0.6480 0.9634 0.6956 0.8406 0.6956
9 0.0837 0.0080 0.1211 0.0080 0.1211 0.1952 0.0837 0.1952
9 0.5191 0.6920 0.5706 0.6920 0.5706 0.8616 0.5191 0.8616
12 0.8186 0.9064 0.9131 0.9064 0.9131 0.9424 0.8186 0.9424
12 0.7077 0.2432 0.7797 0.2432 0.7797 0.2752 0.7077 0.2752
13 0.2360 0.9436 0.2526 0.9436 0.2526 0.9504 0.2360 0.9504
13 0.5440 0.9636 0.5586 0.9636 0.5586 0.9936 0.5440 0.9936
13 0.0114 0.0540 0.0137 0.0540 0.0137 0.1792 0.0114 0.1792
13 0.6649 0.5776 0.6746 0.5776 0.6746 0.5868 0.6649 0.5868
15 0.3066 0.0220 0.3406 0.0220 0.3406 0.0700 0.3066 0.0700
15 0.7486 0.5276 0.8029 0.5276 0.8029 0.6004 0.7486 0.6004
15 0.5351 0.2312 0.5643 0.2312 0.5643 0.2852 0.5351 0.2852
15 0.2731 0.2984 0.3011 0.2984 0.3011 0.3512 0.2731 0.3512
