0 0.4857 0.0828 0.6743 0.0828 0.6743 0.1856 0.4857 0.1856
0 0.5397 0.4232 0.6071 0.4232 0.6071 0.4772 0.5397 0.4772
0 0.4711 0.5380 0.6006 0.5380 0.6006 0.9192 0.4711 0.9192
0 0.0083 0.2032 0.3320 0.2032 0.3320 0.2832 0.0083 0.2832
1 0.2017 0.1344 0.2129 0.1344 0.2129 0.1712 0.2017 0.1712
1 0.8820 0.1532 0.8851 0.1532 0.8851 0.1784 0.8820 0.1784
1 0.6794 0.6892 0.6894 0.6892 0.6894 0.7960 0.6794 0.7960
1 0.1411 0.5320 0.1443 0.5320 0.1443 0.5572 0.1411 0.5572
2 0.8477 0.6564 0.9211 0.6564 0.9211 0.7812 0.8477 0.7812
2 0.1037 0.3392 0.1674 0.3392 0.1674 0.3604 0.1037 0.3604
2 0.3337 0.1452 0.3929 0.1452 0.3929 0.1528 0.3337 0.1528
2 0.0714 0.8336 0.1317 0.8336 0.1317 0.8688 0.0714 0.8688
3 0.8437 0.8968 0.8540 0.8968 0.8540 0.9700 0.8437 0.9700
3 0.3186 0.5712 0.3737 0.5712 0.3737 0.5904 0.3186 0.5904
3 0.6720 0.8248 0.7520 0.8248 0.7520 0.8444 0.6720 0.8444
3 0.2606 0.9132 0.2709 0.9132 0.2709 0.9864 0.2606 0.9864
4 0.3929 0.4480 0.4097 0.4480 0.4097 0.4564 0.3929 0.4564
4 0.2009 0.0872 0.2089 0.0872 0.2089 0.1128 0.2009 0.1128
4 0.0091 0.5628 0.1380 0.5628 0.1380 0.5752 0.0091 0.5752
4 0.2789 0.8356 0.3040 0.8356 0.3040 0.8492 0.2789 0.8492
6 0.3494 0.4504 0.3671 0.4504 0.3671 0.4756 0.3494 0.4756
6 0.6409 0.4276 0.7083 0.4276 0.7083 0.6176 0.6409 0.6176
6 0.8529 0.2116 0.9203 0.2116 0.9203 0.4016 0.8529 0.4016
6 0.1094 0.3740 0.1591 0.3740 0.1591 0.4208 0.1094 0.4208
7 0.8460 0.4208 0.8680 0.4208 0.8680 0.4784 0.8460 0.4784
7 0.1049 0.1008 0.1240 0.1008 0.1240 0.1740 0.1049 0.1740
7 0.6826 0.9428 0.7060 0.9428 0.7060 0.9576 0.6826 0.9576
7 0.4477 0.0864 0.4731 0.0864 0.4731 0.1932 0.4477 0.1932
9 0.6620 0.2056 0.8337 0.2056 0.8337 0.3096 0.6620 0.3096
9 0.8597 0.5204 0.8974 0.5204 0.8974 0.6520 0.8597 0.6520
9 0.1986 0.5112 0.2403 0.5112 0.2403 0.7204 0.1986 0.7204
9 0.6889 0.1532 0.8043 0.1532 0.8043 0.1908 0.6889 0.1908
12 0.3980 0.0780 0.4680 0.0780 0.4680 0.0848 0.3980 0.0848
12 0.0886 0.8860 0.1831 0.8860 0.1831 0.9220 0.0886 0.9220
12 0.3883 0.4948 0.4323 0.4948 0.4323 0.9196 0.3883 0.9196
12 0.2146 0.0040 0.4191 0.0040 0.4191 0.0396 0.2146 0.0396
13 0.0620 0.7164 0.0746 0.7164 0.0746 0.7308 0.0620 0.7308
13 0.8951 0.8020 0.9023 0.8020 0.9023 0.8484 0.8951 0.8484
13 0.9534 0.5844 0.9640 0.5844 0.9640 0.5980 0.9534 0.5980
13 0.0326 0.8172 0.0557 0.8172 0.0557 0.8808 0.0326 0.8808
15 0.3137 0.7192 0.3731 0.7192 0.3731 0.7884 0.3137 0.7884
15 0.4820 0.9296 0.5411 0.9296 0.5411 0.9976 0.4820 0.9976
15 0.6023 0.6228 0.6617 0.6228 0.6617 0.6920 0.6023 0.6920
15 0.2626 0.0768 0.3220 0.0768 0.3220 0.1460 0.2626 0.1460
