0 0.3160 0.4572 0.6191 0.4572 0.6191 0.6484 0.3160 0.6484
0 0.7820 0.7372 0.8486 0.7372 0.8486 0.8076 0.7820 0.8076
0 0.9063 0.2880 0.9737 0.2880 0.9737 0.3420 0.9063 0.3420
0 0.6926 0.0084 0.8220 0.0084 0.8220 0.3896 0.6926 0.3896
1 0.5563 0.8552 0.5811 0.8552 0.5811 0.8600 0.5563 0.8600
1 0.6537 0.7660 0.6620 0.7660 0.6620 0.8480 0.6537 0.8480
1 0.8951 0.5540 0.9023 0.5540 0.9023 0.5800 0.8951 0.5800
1 0.8563 0.3880 0.8583 0.3880 0.8583 0.4236 0.8563 0.4236
2 0.4251 0.0852 0.5820 0.0852 0.5820 0.1128 0.4251 0.1128
2 0.0577 0.2884 0.1474 0.2884 0.1474 0.4116 0.0577 0.4116
2 0.4971 0.1516 0.5594 0.1516 0.5594 0.2168 0.4971 0.2168
2 0.8726 0.6680 0.9629 0.6680 0.9629 0.7936 0.8726 0.7936
3 0.5443 0.3332 0.5614 0.3332 0.5614 0.4552 0.5443 0.4552
3 0.0491 0.5164 0.1043 0.5164 0.1043 0.5380 0.0491 0.5380
3 0.4569 0.9388 0.5514 0.9388 0.5514 0.9620 0.4569 0.9620
3 0.3803 0.2184 0.3866 0.2184 0.3866 0.3204 0.3803 0.3204
4 0.1049 0.7288 0.1129 0.7288 0.1129 0.8104 0.1049 0.8104
4 0.5606 0.1384 0.5660 0.1384 0.5660 0.1480 0.5606 0.1480
4 0.7677 0.6844 0.7837 0.6844 0.7837 0.6900 0.7677 0.6900
4 0.8774 0.5124 0.9069 0.5124 0.9069 0.5228 0.8774 0.5228
6 0.5503 0.7220 0.5849 0.7220 0.5849 0.7332 0.5503 0.7332
6 0.0420 0.1172 0.2331 0.1172 0.2331 0.2520 0.0420 0.2520
6 0.2443 0.8348 0.4354 0.8348 0.4354 0.9696 0.2443 0.9696
6 0.1160 0.7764 0.1814 0.7764 0.1814 0.8072 0.1160 0.8072
7 0.7434 0.5016 0.7503 0.5016 0.7503 0.5200 0.7434 0.5200
7 0.2537 0.4976 0.2709 0.4976 0.2709 0.5064 0.2537 0.5064
7 0.5634 0.0364 0.5703 0.0364 0.5703 0.0548 0.5634 0.0548
7 0.0949 0.7064 0.1049 0.7064 0.1049 0.7708 0.0949 0.7708
9 0.0814 0.6232 0.3017 0.6232 0.3017 0.6956 0.0814 0.6956
9 0.5054 0.2368 0.5374 0.2368 0.5374 0.3948 0.5054 0.3948
9 0.1863 0.0164 0.2917 0.0164 0.2917 0.0768 0.1863 0.0768
9 0.0040 0.3816 0.0483 0.3816 0.0483 0.6100 0.0040 0.6100
12 0.6126 0.6484 0.8171 0.6484 0.8171 0.6840 0.6126 0.6840
12 0.2520 0.7112 0.3129 0.7112 0.3129 0.7468 0.2520 0.7468
12 0.6517 0.9296 0.7126 0.9296 0.7126 0.9652 0.6517 0.9652
12 0.3183 0.7024 0.5229 0.7024 0.5229 0.7380 0.3183 0.7380
13 0.8663 0.1924 0.8829 0.1924 0.8829 0.2044 0.8663 0.2044
13 0.2300 0.7712 0.2446 0.7712 0.2446 0.8012 0.2300 0.8012
13 0.5974 0.0636 0.6834 0.0636 0.6834 0.0712 0.5974 0.0712
13 0.1783 0.1076 0.1874 0.1076 0.1874 0.1160 0.1783 0.1160
15 0.6689 0.5296 0.7280 0.5296 0.7280 0.5976 0.6689 0.5976
15 0.2474 0.3156 0.3517 0.3156 0.3517 0.4280 0.2474 0.4280
15 0.0229 0.7788 0.0971 0.7788 0.0971 0.8392 0.0229 0.8392
15 0.6300 0.2796 0.6843 0.2796 0.6843 0.3524 0.6300 0.3524
