0 0.6040 0.4252 0.6383 0.4252 0.6383 0.8812 0.6040 0.8812
0 0.6834 0.8196 0.9120 0.8196 0.9120 0.9044 0.6834 0.9044
0 0.2206 0.3568 0.3251 0.3568 0.3251 0.7876 0.2206 0.7876
0 0.3763 0.3596 0.5871 0.3596 0.5871 0.5660 0.3763 0.5660
1 0.0757 0.8872 0.0789 0.8872 0.0789 0.9124 0.0757 0.9124
1 0.7551 0.2208 0.7694 0.2208 0.7694 0.2516 0.7551 0.2516
1 0.8826 0.5076 0.8969 0.5076 0.8969 0.5384 0.8826 0.5384
1 0.7731 0.1456 0.7903 0.1456 0.7903 0.1500 0.7731 0.1500
2 0.1286 0.5892 0.1369 0.5892 0.1369 0.6804 0.1286 0.6804
2 0.0340 0.0572 0.2786 0.0572 0.2786 0.1168 0.0340 0.1168
2 0.7517 0.5444 0.7983 0.5444 0.7983 0.6572 0.7517 0.6572
2 0.4029 0.0704 0.5631 0.0704 0.5631 0.2140 0.4029 0.2140
3 0.6457 0.4868 0.7257 0.4868 0.7257 0.5064 0.6457 0.5064
3 0.2626 0.1500 0.3320 0.1500 0.3320 0.1684 0.2626 0.1684
3 0.6654 0.1972 0.6757 0.1972 0.6757 0.2700 0.6654 0.2700
3 0.6603 0.8496 0.6740 0.8496 0.6740 0.9520 0.6603 0.9520
4 0.2920 0.2304 0.3114 0.2304 0.3114 0.2448 0.2920 0.2448
4 0.0049 0.8516 0.0249 0.8516 0.0249 0.8960 0.0049 0.8960
4 0.6783 0.5592 0.6837 0.5592 0.6837 0.5804 0.6783 0.5804
4 0.7806 0.9072 0.7931 0.9072 0.7931 0.9896 0.7806 0.9896
6 0.9243 0.3456 0.9740 0.3456 0.9740 0.3924 0.9243 0.3924
6 0.4469 0.8656 0.5123 0.8656 0.5123 0.8964 0.4469 0.8964
6 0.1080 0.2100 0.1734 0.2100 0.1734 0.2408 0.1080 0.2408
6 0.4303 0.7384 0.4649 0.7384 0.4649 0.7496 0.4303 0.7496
7 0.7231 0.0552 0.7514 0.0552 0.7514 0.1032 0.7231 0.1032
7 0.5274 0.8864 0.5314 0.8864 0.5314 0.9048 0.5274 0.9048
7 0.5066 0.8216 0.5206 0.8216 0.5206 0.8524 0.5066 0.8524
7 0.5889 0.2956 0.6557 0.2956 0.6557 0.3604 0.5889 0.3604
9 0.1060 0.3556 0.1631 0.3556 0.1631 0.4100 0.1060 0.4100
9 0.0606 0.2340 0.0980 0.2340 0.0980 0.4212 0.0606 0.4212
9 0.1737 0.1884 0.2891 0.1884 0.2891 0.2260 0.1737 0.2260
9 0.0971 0.7644 0.1594 0.7644 0.1594 0.9700 0.0971 0.9700
12 0.8143 0.7468 0.8863 0.7468 0.8863 0.7788 0.8143 0.7788
12 0.6751 0.2760 0.6997 0.2760 0.6997 0.4012 0.6751 0.4012
12 0.4406 0.5780 0.4651 0.5780 0.4651 0.7032 0.4406 0.7032
12 0.5714 0.0032 0.7760 0.0032 0.7760 0.0388 0.5714 0.0388
13 0.8134 0.2820 0.8994 0.2820 0.8994 0.2896 0.8134 0.2896
13 0.8157 0.0404 0.8420 0.0404 0.8420 0.0860 0.8157 0.0860
13 0.7606 0.3420 0.8071 0.3420 0.8071 0.3836 0.7606 0.3836
13 0.0489 0.0160 0.0586 0.0160 0.0586 0.0252 0.0489 0.0252
15 0.3417 0.2648 0.3729 0.2648 0.3729 0.3240 0.3417 0.3240
15 0.3591 0.6920 0.4134 0.6920 0.4134 0.7648 0.3591 0.7648
15 0.2389 0.2488 0.2920 0.2488 0.2920 0.3108 0.2389 0.3108
15 0.0060 0.7524 0.0791 0.7524 0.0791 0.8244 0.0060 0.8244
