0 0.6380 0.4308 0.9617 0.4308 0.9617 0.5108 0.6380 0.5108
0 0.4080 0.0080 0.5557 0.0080 0.5557 0.5004 0.4080 0.5004
0 0.1374 0.0300 0.2049 0.0300 0.2049 0.0840 0.1374 0.0840
0 0.3014 0.4976 0.4060 0.4976 0.4060 0.9284 0.3014 0.9284
1 0.8471 0.5448 0.8534 0.5448 0.8534 0.6260 0.8471 0.6260
1 0.2880 0.9044 0.2900 0.9044 0.2900 0.9400 0.2880 0.9400
1 0.1729 0.1720 0.1803 0.1720 0.1803 0.1992 0.1729 0.1992
1 0.2571 0.7092 0.2714 0.7092 0.2714 0.7400 0.2571 0.7400
2 0.0711 0.5544 0.1269 0.5544 0.1269 0.5952 0.0711 0.5952
2 0.4937 0.6916 0.5051 0.6916 0.5051 0.7164 0.4937 0.7164
2 0.5260 0.5360 0.6829 0.5360 0.6829 0.5636 0.5260 0.5636
2 0.9397 0.3472 1.0000 0.3472 1.0000 0.3788 0.9397 0.3788
3 0.7971 0.3088 0.8466 0.3088 0.8466 0.3256 0.7971 0.3256
3 0.1774 0.3884 0.1877 0.3884 0.1877 0.4612 0.1774 0.4612
3 0.5943 0.9724 0.6743 0.9724 0.6743 0.9920 0.5943 0.9920
3 0.1134 0.3180 0.1934 0.3180 0.1934 0.3376 0.1134 0.3376
4 0.6206 0.6040 0.6431 0.6040 0.6431 0.6160 0.6206 0.6160
4 0.2823 0.0304 0.3840 0.0304 0.3840 0.0604 0.2823 0.0604
4 0.7774 0.3984 0.7874 0.3984 0.7874 0.4288 0.7774 0.4288
4 0.4654 0.6164 0.4886 0.6164 0.4886 0.6552 0.4654 0.6552
6 0.5751 0.8644 0.5929 0.8644 0.5929 0.8896 0.5751 0.8896
6 0.6951 0.2932 0.7537 0.2932 0.7537 0.3756 0.6951 0.3756
6 0.2720 0.1724 0.3066 0.1724 0.3066 0.1836 0.2720 0.1836
6 0.1983 0.2684 0.2657 0.2684 0.2657 0.4584 0.1983 0.4584
7 0.8323 0.1748 0.8406 0.1748 0.8406 0.2052 0.8323 0.2052
7 0.0611 0.8012 0.0937 0.8012 0.0937 0.8808 0.0611 0.8808
7 0.3497 0.0824 0.3580 0.0824 0.3580 0.1512 0.3497 0.1512
7 0.9331 0.7648 0.9631 0.7648 0.9631 0.9092 0.9331 0.9092
9 0.1740 0.7272 0.2157 0.7272 0.2157 0.9364 0.1740 0.9364
9 0.0031 0.5388 0.0351 0.5388 0.0351 0.6968 0.0031 0.6968
9 0.8634 0.2600 0.9011 0.2600 0.9011 0.3916 0.8634 0.3916
9 0.1094 0.7592 0.1414 0.7592 0.1414 0.9172 0.1094 0.9172
12 0.8891 0.1072 0.9066 0.1072 0.9066 0.2296 0.8891 0.2296
12 0.8963 0.0184 0.9571 0.0184 0.9571 0.0540 0.8963 0.0540
12 0.0609 0.6428 0.0920 0.6428 0.0920 0.6700 0.0609 0.6700
13 0.6606 0.8944 0.6726 0.8944 0.6726 0.9056 0.6606 0.9056
13 0.2300 0.5480 0.2354 0.5480 0.2354 0.7660 0.2300 0.7660
13 0.2534 0.8080 0.2797 0.8080 0.2797 0.8536 0.2534 0.8536
13 0.8049 0.2636 0.8351 0.2636 0.8351 0.2820 0.8049 0.2820
15 0.5857 0.2528 0.6900 0.2528 0.6900 0.3652 0.5857 0.3652
15 0.5011 0.7436 0.5606 0.7436 0.5606 0.8128 0.5011 0.8128
15 0.7960 0.6468 0.8691 0.6468 0.8691 0.7188 0.7960 0.7188
15 0.7849 0.7668 0.8140 0.7668 0.8140 0.8208 0.7849 0.8208
