0 0.3363 0.2292 0.4657 0.2292 0.4657 0.6104 0.3363 0.6104
0 0.0940 0.7232 0.1951 0.7232 0.1951 0.8732 0.0940 0.8732
0 0.8100 0.0100 0.8774 0.0100 0.8774 0.0640 0.8100 0.0640
0 0.1951 0.4288 0.2497 0.4288 0.2497 0.6668 0.1951 0.6668
1 0.0543 0.8476 0.0891 0.8476 0.0891 0.9356 0.0543 0.9356
1 0.1111 0.5532 0.1143 0.5532 0.1143 0.5784 0.1111 0.5784
1 0.2003 0.2188 0.2080 0.2188 0.2080 0.3020 0.2003 0.3020
1 0.2986 0.1832 0.3049 0.1832 0.3049 0.2644 0.2986 0.2644
2 0.6794 0.3584 0.6909 0.3584 0.6909 0.5104 0.6794 0.5104
2 0.1963 0.9120 0.2266 0.9120 0.2266 0.9232 0.1963 0.9232
2 0.8500 0.4616 0.8583 0.4616 0.8583 0.5092 0.8500 0.5092
2 0.4963 0.5700 0.5951 0.5700 0.5951 0.6504 0.4963 0.6504
3 0.3720 0.9188 0.3823 0.9188 0.3823 0.9920 0.3720 0.9920
3 0.3517 0.7776 0.4260 0.7776 0.4260 0.8004 0.3517 0.8004
3 0.3660 0.1864 0.4460 0.1864 0.4460 0.2060 0.3660 0.2060
3 0.5463 0.2988 0.5566 0.2988 0.5566 0.3716 0.5463 0.3716
4 0.1217 0.2428 0.1291 0.2428 0.1291 0.2536 0.1217 0.2536
4 0.1686 0.3836 0.1877 0.3836 0.1877 0.3924 0.1686 0.3924
4 0.7629 0.7288 0.7769 0.7288 0.7769 0.8100 0.7629 0.8100
4 0.8526 0.1776 0.8926 0.1776 0.8926 0.1860 0.8526 0.1860
6 0.0006 0.7556 0.0660 0.7556 0.0660 0.7864 0.0006 0.7864
6 0.0580 0.5764 0.1077 0.5764 0.1077 0.6232 0.0580 0.6232
6 0.2051 0.6844 0.2397 0.6844 0.2397 0.6956 0.2051 0.6956
6 0.4723 0.6788 0.5397 0.6788 0.5397 0.8688 0.4723 0.8688
7 0.8209 0.2156 0.8480 0.2156 0.8480 0.2688 0.8209 0.2688
7 0.5574 0.4876 0.6166 0.4876 0.6166 0.5688 0.5574 0.5688
7 0.4897 0.3344 0.5097 0.3344 0.5097 0.4144 0.4897 0.4144
7 0.8426 0.7280 0.8606 0.7280 0.8606 0.8184 0.8426 0.8184
9 0.4229 0.8052 0.4529 0.8052 0.4529 0.9808 0.4229 0.9808
9 0.8737 0.8196 0.9251 0.8196 0.9251 0.9892 0.8737 0.9892
9 0.6597 0.5968 0.7040 0.5968 0.7040 0.8252 0.6597 0.8252
9 0.0566 0.0220 0.1137 0.0220 0.1137 0.0764 0.0566 0.0764
12 0.9703 0.2480 0.9909 0.2480 0.9909 0.4864 0.9703 0.4864
12 0.0546 0.1512 0.0720 0.1512 0.0720 0.2736 0.0546 0.2736
12 0.4977 0.0636 0.7631 0.0636 0.7631 0.1228 0.4977 0.1228
12 0.8686 0.3764 0.8917 0.3764 0.8917 0.5600 0.8686 0.5600
13 0.3329 0.6748 0.3429 0.6748 0.3429 0.6948 0.3329 0.6948
13 0.3254 0.1332 0.3486 0.1332 0.3486 0.1968 0.3254 0.1968
13 0.2794 0.7948 0.2851 0.7948 0.2851 0.8152 0.2794 0.8152
13 0.5849 0.3116 0.5977 0.3116 0.5977 0.3224 0.5849 0.3224
15 0.5763 0.8456 0.6471 0.8456 0.6471 0.9416 0.5763 0.9416
15 0.9269 0.1004 1.0000 0.1004 1.0000 0.1724 0.9269 0.1724
15 0.0700 0.3984 0.1391 0.3984 0.1391 0.5016 0.0700 0.5016
15 0.2420 0.0676 0.2883 0.0676 0.2883 0.1360 0.2420 0.1360
