0 0.3417 0.5036 0.4894 0.5036 0.4894 0.9960 0.3417 0.9960
0 0.2234 0.2764 0.2780 0.2764 0.2780 0.5144 0.2234 0.5144
0 0.7986 0.1068 0.9214 0.1068 0.9214 0.5440 0.7986 0.5440
0 0.5377 0.8688 0.8614 0.8688 0.8614 0.9488 0.5377 0.9488
1 0.8326 0.0068 0.8437 0.0068 0.8437 0.0436 0.8326 0.0436
1 0.2943 0.4612 0.3291 0.4612 0.3291 0.5492 0.2943 0.5492
1 0.8777 0.8800 0.8877 0.8800 0.8877 0.9868 0.8777 0.9868
1 0.3854 0.2256 0.3966 0.2256 0.3966 0.2624 0.3854 0.2624
2 0.0846 0.0788 0.1111 0.0788 0.1111 0.1296 0.0846 0.1296
2 0.4937 0.7764 0.5403 0.7764 0.5403 0.8268 0.4937 0.8268
2 0.7486 0.4500 0.7837 0.4500 0.7837 0.5064 0.7486 0.5064
2 0.6783 0.7280 0.7540 0.7280 0.7540 0.7828 0.6783 0.7828
3 0.1766 0.9324 0.2260 0.9324 0.2260 0.9492 0.1766 0.9492
3 0.5940 0.7516 0.6043 0.7516 0.6043 0.8244 0.5940 0.8244
3 0.1731 0.1908 0.1869 0.1908 0.1869 0.2932 0.1731 0.2932
3 0.3000 0.0424 0.3494 0.0424 0.3494 0.0592 0.3000 0.0592
4 0.6534 0.6840 0.7197 0.6840 0.7197 0.7056 0.6534 0.7056
4 0.8423 0.5712 0.8491 0.5712 0.8491 0.6464 0.8423 0.6464
4 0.1331 0.5988 0.1560 0.5988 0.1560 0.6112 0.1331 0.6112
4 0.6703 0.8344 0.6954 0.8344 0.6954 0.8480 0.6703 0.8480
6 0.0817 0.0160 0.1471 0.0160 0.1471 0.0468 0.0817 0.0468
6 0.5640 0.4992 0.5817 0.4992 0.5817 0.5244 0.5640 0.5244
6 0.0414 0.7580 0.1000 0.7580 0.1000 0.8404 0.0414 0.8404
6 0.7177 0.2968 0.7674 0.2968 0.7674 0.3436 0.7177 0.3436
7 0.7003 0.8212 0.7083 0.8212 0.7083 0.8404 0.7003 0.8404
7 0.3211 0.6332 0.3323 0.6332 0.3323 0.6740 0.3211 0.6740
7 0.1597 0.2892 0.1666 0.2892 0.1666 0.3076 0.1597 0.3076
7 0.6171 0.3976 0.6303 0.3976 0.6303 0.4528 0.6171 0.4528
9 0.1986 0.0800 0.3703 0.0800 0.3703 0.1840 0.1986 0.1840
9 0.6354 0.0272 0.7074 0.0272 0.7074 0.2596 0.6354 0.2596
9 0.6431 0.4440 0.7143 0.4440 0.7143 0.6468 0.6431 0.6468
9 0.2660 0.6072 0.3034 0.6072 0.3034 0.7944 0.2660 0.7944
12 0.7891 0.6264 0.8123 0.6264 0.8123 0.7412 0.7891 0.7412
12 0.4814 0.2132 0.5060 0.2132 0.5060 0.3384 0.4814 0.3384
12 0.0817 0.2116 0.1611 0.2116 0.1611 0.2548 0.0817 0.2548
12 0.3497 0.0292 0.4540 0.0292 0.4540 0.0708 0.3497 0.0708
13 0.1249 0.0904 0.1346 0.0904 0.1346 0.0996 0.1249 0.0996
13 0.1500 0.3140 0.1554 0.3140 0.1554 0.5320 0.1500 0.5320
13 0.9069 0.8060 0.9534 0.8060 0.9534 0.8476 0.9069 0.8476
13 0.0280 0.4952 0.0409 0.4952 0.0409 0.5060 0.0280 0.5060
15 0.9209 0.9084 0.9671 0.9084 0.9671 0.9768 0.9209 0.9768
15 0.4720 0.4356 0.5460 0.4356 0.5460 0.4984 0.4720 0.4984
15 0.3046 0.3176 0.4089 0.3176 0.4089 0.4300 0.3046 0.4300
15 0.8911 0.5708 0.9646 0.5708 0.9646 0.6412 0.8911 0.6412
