0 0.7369 0.0744 0.9477 0.0744 0.9477 0.2808 0.7369 0.2808
0 0.4143 0.1896 0.5437 0.1896 0.5437 0.5708 0.4143 0.5708
0 0.6463 0.5596 0.8140 0.5596 0.8140 0.8528 0.6463 0.8528
0 0.1866 0.0708 0.3386 0.0708 0.3386 0.4584 0.1866 0.4584
1 0.9806 0.9244 0.9937 0.9244 0.9937 0.9508 0.9806 0.9508
1 0.3917 0.3988 0.3949 0.3988 0.3949 0.4240 0.3917 0.4240
1 0.0689 0.9364 0.0800 0.9364 0.0800 0.9732 0.0689 0.9732
1 0.6786 0.8564 0.6929 0.8564 0.6929 0.8872 0.6786 0.8872
2 0.0877 0.7000 0.3263 0.7000 0.3263 0.8556 0.0877 0.8556
2 0.9531 0.0068 0.9614 0.0068 0.9614 0.0980 0.9531 0.0980
2 0.5643 0.2712 0.6583 0.2712 0.6583 0.4152 0.5643 0.4152
2 0.1771 0.0188 0.1854 0.0188 0.1854 0.0664 0.1771 0.0664
3 0.3349 0.8936 0.4300 0.8936 0.4300 0.9160 0.3349 0.9160
3 0.3623 0.4856 0.3726 0.4856 0.3726 0.5584 0.3623 0.5584
3 0.6051 0.1948 0.6154 0.1948 0.6154 0.2676 0.6051 0.2676
3 0.0223 0.8472 0.0394 0.8472 0.0394 0.9692 0.0223 0.9692
4 0.3371 0.0284 0.3537 0.0284 0.3537 0.0508 0.3371 0.0508
4 0.6149 0.1648 0.6363 0.1648 0.6363 0.1772 0.6149 0.1772
4 0.0257 0.4080 0.0489 0.4080 0.0489 0.4468 0.0257 0.4468
4 0.5714 0.9620 0.5826 0.9620 0.5826 0.9716 0.5714 0.9716
6 0.4540 0.6788 0.6451 0.6788 0.6451 0.8136 0.4540 0.8136
6 0.0694 0.4984 0.1191 0.4984 0.1191 0.5452 0.0694 0.5452
6 0.0111 0.0104 0.0457 0.0104 0.0457 0.0216 0.0111 0.0216
6 0.6754 0.0932 0.7340 0.0932 0.7340 0.1756 0.6754 0.1756
7 0.9597 0.8768 0.9749 0.8768 0.9749 0.9360 0.9597 0.9360
7 0.5763 0.0796 0.6111 0.0796 0.6111 0.1884 0.5763 0.1884
7 0.9543 0.1996 0.9797 0.1996 0.9797 0.3064 0.9543 0.3064
7 0.8534 0.2884 0.9086 0.2884 0.9086 0.3176 0.8534 0.3176
9 0.0237 0.6296 0.0614 0.6296 0.0614 0.7612 0.0237 0.7612
9 0.7149 0.4276 0.9351 0.4276 0.9351 0.5000 0.7149 0.5000
9 0.4486 0.8808 0.5760 0.8808 0.5760 0.9220 0.4486 0.9220
9 0.8906 0.6784 0.9420 0.6784 0.9420 0.8480 0.8906 0.8480
12 0.4560 0.0768 0.5169 0.0768 0.5169 0.1124 0.4560 0.1124
12 0.9240 0.6272 0.9531 0.6272 0.9531 0.6516 0.9240 0.6516
12 0.0829 0.5948 0.5240 0.5948 0.5240 0.6760 0.0829 0.6760
13 0.4391 0.7420 0.4511 0.7420 0.4511 0.7532 0.4391 0.7532
13 0.9423 0.7624 0.9817 0.7624 0.9817 0.7872 0.9423 0.7872
13 0.2837 0.5592 0.2886 0.5592 0.2886 0.5776 0.2837 0.5776
13 0.1363 0.8832 0.1469 0.8832 0.1469 0.8968 0.1363 0.8968
15 0.4909 0.0132 0.5160 0.0132 0.5160 0.0664 0.4909 0.0664
15 0.6346 0.8664 0.6557 0.8664 0.6557 0.9496 0.6346 0.9496
15 0.1440 0.4620 0.2171 0.4620 0.2171 0.5468 0.1440 0.5468
15 0.0691 0.0752 0.0943 0.0752 0.0943 0.1284 0.0691 0.1284
