0 0.7809 0.3216 0.9140 0.3216 0.9140 0.6880 0.7809 0.6880
0 0.5046 0.7568 0.6057 0.7568 0.6057 0.9068 0.5046 0.9068
0 0.2400 0.2992 0.3469 0.2992 0.3469 0.7032 0.2400 0.7032
0 0.4249 0.0648 0.5294 0.0648 0.5294 0.4956 0.4249 0.4956
1 0.2974 0.0312 0.3323 0.0312 0.3323 0.1192 0.2974 0.1192
1 0.9403 0.2208 0.9480 0.2208 0.9480 0.3040 0.9403 0.3040
1 0.2129 0.7840 0.2329 0.7840 0.2329 0.7924 0.2129 0.7924
1 0.0903 0.2584 0.1103 0.2584 0.1103 0.2668 0.0903 0.2668
2 0.4674 0.5844 0.5140 0.5844 0.5140 0.6972 0.4674 0.6972
2 0.0526 0.7768 0.2094 0.7768 0.2094 0.8044 0.0526 0.8044
2 0.0520 0.3468 0.1774 0.3468 0.1774 0.6516 0.0520 0.6516
2 0.6931 0.4028 0.7694 0.4028 0.7694 0.4648 0.6931 0.4648
3 0.3426 0.9128 0.3529 0.9128 0.3529 0.9856 0.3426 0.9856
3 0.9274 0.8024 0.9769 0.8024 0.9769 0.8192 0.9274 0.8192
3 0.0523 0.2604 0.0626 0.2604 0.0626 0.3332 0.0523 0.3332
3 0.7706 0.5584 0.7769 0.5584 0.7769 0.6604 0.7706 0.6604
4 0.2046 0.5720 0.2246 0.5720 0.2246 0.6164 0.2046 0.6164
4 0.1657 0.1428 0.1866 0.1428 0.1866 0.1572 0.1657 0.1572
4 0.0949 0.0080 0.1174 0.0080 0.1174 0.0212 0.0949 0.0212
4 0.7109 0.4852 0.7360 0.4852 0.7360 0.4988 0.7109 0.4988
6 0.0460 0.0328 0.1114 0.0328 0.1114 0.0636 0.0460 0.0636
6 0.5797 0.6572 0.6451 0.6572 0.6451 0.6880 0.5797 0.6880
6 0.0740 0.8480 0.1326 0.8480 0.1326 0.9304 0.0740 0.9304
6 0.9503 0.3544 0.9680 0.3544 0.9680 0.3796 0.9503 0.3796
7 0.7506 0.1136 0.7660 0.1136 0.7660 0.1284 0.7506 0.1284
7 0.7114 0.3336 0.7223 0.3336 0.7223 0.3924 0.7114 0.3924
7 0.1903 0.2892 0.2120 0.2892 0.2120 0.3692 0.1903 0.3692
7 0.2626 0.7444 0.2880 0.7444 0.2880 0.8512 0.2626 0.8512
9 0.3449 0.0540 0.3891 0.0540 0.3891 0.2824 0.3449 0.2824
9 0.5551 0.4008 0.6263 0.4008 0.6263 0.6036 0.5551 0.6036
9 0.3697 0.3436 0.4017 0.3436 0.4017 0.5016 0.3697 0.5016
9 0.8683 0.0052 0.9837 0.0052 0.9837 0.0428 0.8683 0.0428
12 0.9243 0.8680 0.9477 0.8680 0.9477 0.9580 0.9243 0.9580
12 0.6814 0.0676 0.7609 0.0676 0.7609 0.1108 0.6814 0.1108
12 0.4294 0.6556 0.4557 0.6556 0.4557 0.9380 0.4294 0.9380
13 0.5451 0.3732 0.5846 0.3732 0.5846 0.3980 0.5451 0.3980
13 0.2446 0.1812 0.2511 0.1812 0.2511 0.2036 0.2446 0.2036
13 0.2834 0.9344 0.3066 0.9344 0.3066 0.9980 0.2834 0.9980
13 0.5451 0.5248 0.5474 0.5248 0.5474 0.6500 0.5451 0.6500
15 0.8229 0.1840 0.8971 0.1840 0.8971 0.2444 0.8229 0.2444
15 0.6034 0.1316 0.6743 0.1316 0.6743 0.2276 0.6034 0.2276
15 0.6851 0.1148 0.7466 0.1148 0.7466 0.2272 0.6851 0.2272
15 0.4623 0.8524 0.4914 0.8524 0.4914 0.9064 0.4623 0.9064
