0 0.1483 0.3576 0.2863 0.3576 0.2863 0.5172 0.1483 0.5172
0 0.1471 0.1176 0.3580 0.1176 0.3580 0.3240 0.1471 0.3240
0 0.0326 0.1520 0.1371 0.1520 0.1371 0.5828 0.0326 0.5828
0 0.7820 0.4652 0.9340 0.4652 0.9340 0.8528 0.7820 0.8528
1 0.8637 0.1252 0.8763 0.1252 0.8763 0.1360 0.8637 0.1360
1 0.3834 0.2564 0.3883 0.2564 0.3883 0.2984 0.3834 0.2984
1 0.9089 0.1112 0.9303 0.1112 0.9303 0.1228 0.9089 0.1228
1 0.3634 0.2540 0.3717 0.2540 0.3717 0.3360 0.3634 0.3360
2 0.6377 0.2928 0.6820 0.2928 0.6820 0.3060 0.6377 0.3060
2 0.5823 0.3216 0.6809 0.3216 0.6809 0.7952 0.5823 0.7952
2 0.3551 0.6868 0.3951 0.6868 0.3951 0.8008 0.3551 0.8008
2 0.1540 0.7348 0.2131 0.7348 0.2131 0.7424 0.1540 0.7424
3 0.5206 0.0612 0.5700 0.0612 0.5700 0.0780 0.5206 0.0780
3 0.2534 0.8324 0.3277 0.8324 0.3277 0.8552 0.2534 0.8552
3 0.0366 0.6804 0.0860 0.6804 0.0860 0.6972 0.0366 0.6972
3 0.4100 0.3160 0.4900 0.3160 0.4900 0.3356 0.4100 0.3356
4 0.9031 0.1344 0.9089 0.1344 0.9089 0.1408 0.9031 0.1408
4 0.7006 0.8024 0.7174 0.8024 0.7174 0.8108 0.7006 0.8108
4 0.4951 0.2568 0.5063 0.2568 0.5063 0.2648 0.4951 0.2648
4 0.9469 0.5312 0.9640 0.5312 0.9640 0.5544 0.9469 0.5544
6 0.3800 0.9316 0.3977 0.9316 0.3977 0.9568 0.3800 0.9568
6 0.5249 0.9156 0.5903 0.9156 0.5903 0.9464 0.5249 0.9464
6 0.3680 0.5176 0.5591 0.5176 0.5591 0.6524 0.3680 0.6524
6 0.1591 0.5384 0.2266 0.5384 0.2266 0.7284 0.1591 0.7284
7 0.9554 0.6648 0.9654 0.6648 0.9654 0.7264 0.9554 0.7264
7 0.0657 0.7508 0.0869 0.7508 0.0869 0.7604 0.0657 0.7604
7 0.8160 0.1816 0.8229 0.1816 0.8229 0.2000 0.8160 0.2000
7 0.5943 0.2328 0.6094 0.2328 0.6094 0.2404 0.5943 0.2404
9 0.8237 0.1368 0.8957 0.1368 0.8957 0.3692 0.8237 0.3692
9 0.4171 0.7160 0.4891 0.7160 0.4891 0.9484 0.4171 0.9484
9 0.4197 0.0112 0.4640 0.0112 0.4640 0.2396 0.4197 0.2396
9 0.6957 0.6160 0.7334 0.6160 0.7334 0.7476 0.6957 0.7476
12 0.0266 0.9364 0.0874 0.9364 0.0874 0.9720 0.0266 0.9720
12 0.5360 0.3116 0.5534 0.3116 0.5534 0.4340 0.5360 0.4340
12 0.7134 0.1232 0.7480 0.1232 0.7480 0.2776 0.7134 0.2776
12 0.1043 0.7156 0.1389 0.7156 0.1389 0.8700 0.1043 0.8700
13 0.2909 0.8852 0.3106 0.8852 0.3106 0.9052 0.2909 0.9052
13 0.9691 0.9640 0.9749 0.9640 0.9749 0.9844 0.9691 0.9844
13 0.6677 0.9540 0.6783 0.9540 0.6783 0.9628 0.6677 0.9628
13 0.4774 0.0600 0.5077 0.0600 0.5077 0.0856 0.4774 0.0856
15 0.0303 0.7940 0.0834 0.7940 0.0834 0.8560 0.0303 0.8560
15 0.3546 0.3380 0.4254 0.3380 0.4254 0.4340 0.3546 0.4340
15 0.8320 0.3708 0.8654 0.3708 0.8654 0.4188 0.8320 0.4188
15 0.7063 0.3648 0.7526 0.3648 0.7526 0.4332 0.7063 0.4332
