0 0.0611 0.1012 0.2289 0.1012 0.2289 0.3944 0.0611 0.3944
0 0.7934 0.5496 0.9611 0.5496 0.9611 0.8428 0.7934 0.8428
0 0.8683 0.2348 0.9694 0.2348 0.9694 0.3848 0.8683 0.3848
0 0.0857 0.5288 0.2237 0.5288 0.2237 0.6884 0.0857 0.6884
1 0.3374 0.9224 0.3403 0.9224 0.3403 0.9780 0.3374 0.9780
1 0.4557 0.2000 0.4669 0.2000 0.4669 0.2368 0.4557 0.2368
1 0.2826 0.0360 0.3040 0.0360 0.3040 0.0476 0.2826 0.0476
1 0.7403 0.9176 0.7434 0.9176 0.7434 0.9428 0.7403 0.9428
2 0.1117 0.8524 0.1951 0.8524 0.1951 0.8632 0.1117 0.8632
2 0.6131 0.0176 0.6869 0.0176 0.6869 0.0788 0.6131 0.0788
2 0.8011 0.2380 0.8320 0.2380 0.8320 0.2616 0.8011 0.2616
2 0.7477 0.2928 0.8349 0.2928 0.8349 0.5492 0.7477 0.5492
3 0.3380 0.5908 0.3931 0.5908 0.3931 0.6100 0.3380 0.6100
3 0.8720 0.2112 0.9671 0.2112 0.9671 0.2336 0.8720 0.2336
3 0.2431 0.0068 0.2534 0.0068 0.2534 0.0796 0.2431 0.0796
3 0.5466 0.4956 0.5637 0.4956 0.5637 0.6176 0.5466 0.6176
4 0.1743 0.4412 0.2406 0.4412 0.2406 0.4628 0.1743 0.4628
4 0.6951 0.3764 0.7063 0.3764 0.7063 0.3868 0.6951 0.3868
4 0.3917 0.2340 0.4106 0.2340 0.4106 0.2468 0.3917 0.2468
4 0.5606 0.2688 0.5660 0.2688 0.5660 0.2900 0.5606 0.2900
6 0.6931 0.1644 0.7429 0.1644 0.7429 0.2112 0.6931 0.2112
6 0.7646 0.1544 0.7991 0.1544 0.7991 0.1656 0.7646 0.1656
6 0.4300 0.9316 0.4646 0.9316 0.4646 0.9428 0.4300 0.9428
6 0.2297 0.3876 0.2951 0.3876 0.2951 0.4184 0.2297 0.4184
7 0.6560 0.2400 0.6674 0.2400 0.6674 0.2820 0.6560 0.2820
7 0.0254 0.8024 0.0334 0.8024 0.0334 0.8216 0.0254 0.8216
7 0.1229 0.8024 0.1546 0.8024 0.1546 0.8108 0.1229 0.8108
7 0.5634 0.9188 0.5740 0.9188 0.5740 0.9560 0.5634 0.9560
9 0.6166 0.4700 0.6789 0.4700 0.6789 0.6756 0.6166 0.6756
9 0.5794 0.1564 0.6309 0.1564 0.6309 0.3260 0.5794 0.3260
9 0.8031 0.0316 0.8406 0.0316 0.8406 0.2188 0.8031 0.2188
9 0.4903 0.0312 0.5474 0.0312 0.5474 0.0856 0.4903 0.0856
12 0.3477 0.3692 0.3711 0.3692 0.3711 0.4592 0.3477 0.4592
12 0.3071 0.8140 0.3346 0.8140 0.3346 0.9264 0.3071 0.9264
12 0.9729 0.7820 0.9783 0.7820 0.9783 0.9836 0.9729 0.9836
12 0.5180 0.8328 0.6311 0.8328 0.6311 0.8636 0.5180 0.8636
13 0.2786 0.0732 0.2957 0.0732 0.2957 0.0816 0.2786 0.0816
13 0.3623 0.8696 0.3700 0.8696 0.3700 0.8820 0.3623 0.8820
13 0.1826 0.9576 0.1940 0.9576 0.1940 0.9992 0.1826 0.9992
13 0.6294 0.8804 0.6603 0.8804 0.6603 0.9116 0.6294 0.9116
15 0.0651 0.9084 0.0863 0.9084 0.0863 0.9916 0.0651 0.9916
15 0.3463 0.7848 0.3803 0.7848 0.3803 0.8328 0.3463 0.8328
15 0.6457 0.7716 0.6920 0.7716 0.6920 0.8400 0.6457 0.8400
15 0.4414 0.6744 0.4949 0.6744 0.4949 0.7384 0.4414 0.7384
