0 0.4086 0.4856 0.4751 0.4856 0.4751 0.5560 0.4086 0.5560
0 0.1351 0.1576 0.3237 0.1576 0.3237 0.2604 0.1351 0.2604
0 0.7689 0.4276 0.8694 0.4276 0.8694 0.6308 0.7689 0.6308
0 0.8603 0.2240 0.9609 0.2240 0.9609 0.4272 0.8603 0.4272
1 0.5949 0.2804 0.6011 0.2804 0.6011 0.3616 0.5949 0.3616
1 0.5200 0.7964 0.5311 0.7964 0.5311 0.8332 0.5200 0.8332
1 0.0477 0.2872 0.0589 0.2872 0.0589 0.3240 0.0477 0.3240
1 0.1334 0.6936 0.1411 0.6936 0.1411 0.7768 0.1334 0.7768
2 0.4489 0.7388 0.4666 0.7388 0.4666 0.7752 0.4489 0.7752
2 0.3671 0.2212 0.3983 0.2212 0.3983 0.5836 0.3671 0.5836
2 0.4309 0.9460 0.4751 0.9460 0.4751 0.9592 0.4309 0.9592
2 0.8369 0.1156 0.8483 0.1156 0.8483 0.1404 0.8369 0.1404
3 0.1329 0.0676 0.1880 0.0676 0.1880 0.0868 0.1329 0.0868
3 0.4011 0.5484 0.4074 0.5484 0.4074 0.6504 0.4011 0.6504
3 0.5094 0.5552 0.6040 0.5552 0.6040 0.5784 0.5094 0.5784
3 0.6486 0.8052 0.7180 0.8052 0.7180 0.8236 0.6486 0.8236
4 0.4943 0.8616 0.5146 0.8616 0.5146 0.8752 0.4943 0.8752
4 0.4037 0.8784 0.4091 0.8784 0.4091 0.8996 0.4037 0.8996
4 0.4457 0.4348 0.4683 0.4348 0.4683 0.4468 0.4457 0.4468
4 0.5420 0.0980 0.5560 0.0980 0.5560 0.1792 0.5420 0.1792
6 0.5829 0.4432 0.6414 0.4432 0.6414 0.5256 0.5829 0.5256
6 0.5194 0.2032 0.5869 0.2032 0.5869 0.3932 0.5194 0.3932
6 0.6886 0.2460 0.7063 0.2460 0.7063 0.2712 0.6886 0.2712
6 0.2260 0.7292 0.2934 0.7292 0.2934 0.9192 0.2260 0.9192
7 0.0746 0.8420 0.0940 0.8420 0.0940 0.9352 0.0746 0.9352
7 0.0149 0.9016 0.0254 0.9016 0.0254 0.9368 0.0149 0.9368
7 0.9040 0.6900 0.9183 0.6900 0.9183 0.7904 0.9040 0.7904
7 0.2637 0.0496 0.2986 0.0496 0.2986 0.1444 0.2637 0.1444
9 0.6231 0.1020 0.6854 0.1020 0.6854 0.3076 0.6231 0.3076
9 0.1426 0.7852 0.1829 0.7852 0.1829 0.9816 0.1426 0.9816
9 0.0789 0.2616 0.2063 0.2616 0.2063 0.3028 0.0789 0.3028
9 0.1040 0.5180 0.2757 0.5180 0.2757 0.6220 0.1040 0.6220
12 0.7680 0.8492 0.7991 0.8492 0.7991 0.8764 0.7680 0.8764
12 0.2374 0.4544 0.3506 0.4544 0.3506 0.4852 0.2374 0.4852
12 0.0200 0.4524 0.0474 0.4524 0.0474 0.5648 0.0200 0.5648
12 0.4849 0.0272 0.4934 0.0272 0.4934 0.3244 0.4849 0.3244
13 0.6186 0.6552 0.6237 0.6552 0.6237 0.6744 0.6186 0.6744
13 0.7760 0.1652 0.7926 0.1652 0.7926 0.1720 0.7760 0.1720
13 0.9631 0.2920 0.9757 0.2920 0.9757 0.3064 0.9631 0.3064
13 0.3189 0.7924 0.3237 0.7924 0.3237 0.8104 0.3189 0.8104
15 0.3931 0.0576 0.4394 0.0576 0.4394 0.1260 0.3931 0.1260
15 0.5623 0.1232 0.5957 0.1232 0.5957 0.1712 0.5623 0.1712
15 0.8806 0.0456 0.9149 0.0456 0.9149 0.0932 0.8806 0.0932
15 0.4040 0.2816 0.4583 0.2816 0.4583 0.3544 0.4040 0.3544
