0 0.5246 0.0656 0.6540 0.0656 0.6540 0.4468 0.5246 0.4468
0 0.2957 0.2776 0.4434 0.2776 0.4434 0.7700 0.2957 0.7700
0 0.0746 0.1044 0.1089 0.1044 0.1089 0.5604 0.0746 0.5604
0 0.6291 0.4644 0.7586 0.4644 0.7586 0.8456 0.6291 0.8456
1 0.3231 0.0548 0.3431 0.0548 0.3431 0.0632 0.3231 0.0632
1 0.2934 0.1688 0.3009 0.1688 0.3009 0.1960 0.2934 0.1960
1 0.8763 0.2464 0.8874 0.2464 0.8874 0.2832 0.8763 0.2832
1 0.8271 0.7868 0.8403 0.7868 0.8403 0.8132 0.8271 0.8132
2 0.9083 0.1964 0.9303 0.1964 0.9303 0.2896 0.9083 0.2896
2 0.4951 0.8660 0.7397 0.8660 0.7397 0.9256 0.4951 0.9256
2 0.7694 0.0300 0.8566 0.0300 0.8566 0.2864 0.7694 0.2864
2 0.5291 0.4712 0.5406 0.4712 0.5406 0.4960 0.5291 0.4960
3 0.0786 0.8520 0.1337 0.8520 0.1337 0.8712 0.0786 0.8712
3 0.4040 0.1016 0.4103 0.1016 0.4103 0.2036 0.4040 0.2036
3 0.1169 0.1824 0.1663 0.1824 0.1663 0.1992 0.1169 0.1992
3 0.1191 0.5536 0.1991 0.5536 0.1991 0.5732 0.1191 0.5732
4 0.2817 0.8548 0.2989 0.8548 0.2989 0.8780 0.2817 0.8780
4 0.8340 0.5352 0.8426 0.5352 0.8426 0.5656 0.8340 0.5656
4 0.2340 0.7204 0.2437 0.7204 0.2437 0.7988 0.2340 0.7988
4 0.9114 0.3200 0.9200 0.3200 0.9200 0.3332 0.9114 0.3332
6 0.3986 0.9140 0.4331 0.9140 0.4331 0.9252 0.3986 0.9252
6 0.7509 0.9128 0.8006 0.9128 0.8006 0.9596 0.7509 0.9596
6 0.8349 0.3496 0.8934 0.3496 0.8934 0.4320 0.8349 0.4320
6 0.1717 0.7708 0.2063 0.7708 0.2063 0.7820 0.1717 0.7820
7 0.4686 0.0420 0.5220 0.0420 0.5220 0.0648 0.4686 0.0648
7 0.0377 0.4368 0.0500 0.4368 0.0500 0.5280 0.0377 0.5280
7 0.1954 0.2540 0.2020 0.2540 0.2020 0.2720 0.1954 0.2720
7 0.0191 0.0508 0.0949 0.0508 0.0949 0.0728 0.0191 0.0728
9 0.9369 0.2976 0.9811 0.2976 0.9811 0.5260 0.9369 0.5260
9 0.8929 0.7548 0.9649 0.7548 0.9649 0.9872 0.8929 0.9872
9 0.3966 0.7772 0.5194 0.7772 0.5194 0.8248 0.3966 0.8248
9 0.2026 0.4624 0.2746 0.4624 0.2746 0.6948 0.2026 0.6948
12 0.3580 0.0732 0.3811 0.0732 0.3811 0.2568 0.3580 0.2568
12 0.6706 0.3372 0.6951 0.3372 0.6951 0.4624 0.6706 0.4624
12 0.3066 0.8304 0.4011 0.8304 0.4011 0.8664 0.3066 0.8664
12 0.1331 0.9028 0.3377 0.9028 0.3377 0.9384 0.1331 0.9384
13 0.5766 0.7580 0.5857 0.7580 0.5857 0.7664 0.5766 0.7664
13 0.6846 0.1452 0.6937 0.1452 0.6937 0.1536 0.6846 0.1536
13 0.9260 0.4256 0.9337 0.4256 0.9337 0.4380 0.9260 0.4380
13 0.0554 0.7512 0.1020 0.7512 0.1020 0.7928 0.0554 0.7928
15 0.7774 0.6668 0.8369 0.6668 0.8369 0.7292 0.7774 0.7292
15 0.9106 0.6032 0.9637 0.6032 0.9637 0.6652 0.9106 0.6652
15 0.9406 0.0980 0.9717 0.0980 0.9717 0.1572 0.9406 0.1572
15 0.2071 0.3412 0.2406 0.3412 0.2406 0.3892 0.2071 0.3892
