0 0.0740 0.4432 0.2120 0.4432 0.2120 0.6028 0.0740 0.6028
0 0.4569 0.5236 0.7806 0.5236 0.7806 0.6036 0.4569 0.6036
0 0.0180 0.0904 0.1857 0.0904 0.1857 0.3836 0.0180 0.3836
0 0.8394 0.1832 0.9689 0.1832 0.9689 0.5644 0.8394 0.5644
1 0.1120 0.6880 0.1183 0.6880 0.1183 0.7692 0.1120 0.7692
1 0.6546 0.3736 0.6717 0.3736 0.6717 0.3780 0.6546 0.3780
1 0.5103 0.0820 0.5303 0.0820 0.5303 0.0904 0.5103 0.0904
1 0.3306 0.9208 0.3569 0.9208 0.3569 0.9328 0.3306 0.9328
2 0.2969 0.4204 0.3634 0.4204 0.3634 0.5436 0.2969 0.5436
2 0.0863 0.8552 0.1309 0.8552 0.1309 0.9104 0.0863 0.9104
2 0.6734 0.0268 0.7989 0.0268 0.7989 0.3316 0.6734 0.3316
2 0.3846 0.7096 0.4149 0.7096 0.4149 0.7208 0.3846 0.7208
3 0.1400 0.7676 0.2351 0.7676 0.2351 0.7900 0.1400 0.7900
3 0.8709 0.9084 0.8880 0.9084 0.8880 0.9752 0.8709 0.9752
3 0.1994 0.3472 0.2737 0.3472 0.2737 0.3700 0.1994 0.3700
3 0.4043 0.3216 0.4989 0.3216 0.4989 0.3448 0.4043 0.3448
4 0.9263 0.0876 0.9317 0.0876 0.9317 0.0972 0.9263 0.0972
4 0.9691 0.9504 0.9869 0.9504 0.9869 0.9788 0.9691 0.9788
4 0.2686 0.8788 0.2900 0.8788 0.2900 0.8912 0.2686 0.8912
4 0.3297 0.7888 0.4280 0.7888 0.4280 0.8196 0.3297 0.8196
6 0.0174 0.4256 0.0520 0.4256 0.0520 0.4368 0.0174 0.4368
6 0.3866 0.7212 0.4520 0.7212 0.4520 0.7520 0.3866 0.7520
6 0.2566 0.0376 0.2743 0.0376 0.2743 0.0628 0.2566 0.0628
6 0.4614 0.6556 0.6526 0.6556 0.6526 0.7904 0.4614 0.7904
7 0.2066 0.9060 0.2137 0.9060 0.2137 0.9364 0.2066 0.9364
7 0.3526 0.8208 0.3680 0.8208 0.3680 0.8732 0.3526 0.8732
7 0.2657 0.0684 0.2729 0.0684 0.2729 0.0976 0.2657 0.0976
7 0.2680 0.6964 0.2749 0.6964 0.2749 0.7188 0.2680 0.7188
9 0.2257 0.1336 0.2557 0.1336 0.2557 0.3092 0.2257 0.3092
9 0.6766 0.6212 0.7994 0.6212 0.7994 0.6688 0.6766 0.6688
9 0.7103 0.7584 0.7480 0.7584 0.7480 0.8900 0.7103 0.8900
9 0.4249 0.3728 0.6451 0.3728 0.6451 0.4452 0.4249 0.4452
12 0.0131 0.7384 0.0337 0.7384 0.0337 0.9768 0.0131 0.9768
12 0.6714 0.8784 0.7026 0.8784 0.7026 0.9056 0.6714 0.9056
12 0.4400 0.8516 0.4691 0.8516 0.4691 0.8760 0.4400 0.8760
12 0.8034 0.7104 0.8257 0.7104 0.8257 0.9704 0.8034 0.9704
13 0.8151 0.4948 0.8294 0.4948 0.8294 0.6148 0.8151 0.6148
13 0.6551 0.9228 0.6769 0.9228 0.6769 0.9784 0.6551 0.9784
13 0.6363 0.8156 0.6434 0.8156 0.6434 0.8620 0.6363 0.8620
13 0.2269 0.9168 0.2423 0.9168 0.2423 0.9820 0.2269 0.9820
15 0.8297 0.6992 0.8831 0.6992 0.8831 0.7632 0.8297 0.7632
15 0.6640 0.3812 0.7586 0.3812 0.7586 0.4624 0.6640 0.4624
15 0.4011 0.0680 0.4440 0.0680 0.4440 0.1304 0.4011 0.1304
15 0.3571 0.1484 0.4271 0.1484 0.4271 0.2672 0.3571 0.2672
