0 0.2209 0.8796 0.2883 0.8796 0.2883 0.9336 0.2209 0.9336
0 0.2380 0.0492 0.3674 0.0492 0.3674 0.4304 0.2380 0.4304
0 0.0643 0.1260 0.2320 0.1260 0.2320 0.4192 0.0643 0.4192
0 0.6854 0.0800 0.7400 0.0800 0.7400 0.3180 0.6854 0.3180
1 0.7086 0.5972 0.7134 0.5972 0.7134 0.6392 0.7086 0.6392
1 0.9400 0.3860 0.9474 0.3860 0.9474 0.4132 0.9400 0.4132
1 0.8806 0.6584 0.9006 0.6584 0.9006 0.6668 0.8806 0.6668
1 0.7106 0.9036 0.7306 0.9036 0.7306 0.9120 0.7106 0.9120
2 0.8331 0.8544 0.9271 0.8544 0.9271 0.9984 0.8331 0.9984
2 0.5054 0.7356 0.7340 0.7356 0.7340 0.8024 0.5054 0.8024
2 0.3334 0.8304 0.3800 0.8304 0.3800 0.8808 0.3334 0.8808
2 0.9274 0.8916 0.9911 0.8916 0.9911 0.9128 0.9274 0.9128
3 0.4591 0.2656 0.4763 0.2656 0.4763 0.3324 0.4591 0.3324
3 0.5609 0.0048 0.6549 0.0048 0.6549 0.0272 0.5609 0.0272
3 0.1129 0.8704 0.1231 0.8704 0.1231 0.9436 0.1129 0.9436
3 0.8186 0.6200 0.9137 0.6200 0.9137 0.6424 0.8186 0.6424
4 0.0231 0.8652 0.0409 0.8652 0.0409 0.8784 0.0231 0.8784
4 0.7343 0.4924 0.7517 0.4924 0.7517 0.5068 0.7343 0.5068
4 0.7543 0.0196 0.7794 0.0196 0.7794 0.0332 0.7543 0.0332
4 0.3643 0.5296 0.3846 0.5296 0.3846 0.5432 0.3643 0.5432
6 0.0477 0.4408 0.2389 0.4408 0.2389 0.5756 0.0477 0.5756
6 0.2351 0.6836 0.3006 0.6836 0.3006 0.7144 0.2351 0.7144
6 0.3531 0.7216 0.4186 0.7216 0.4186 0.7524 0.3531 0.7524
6 0.6574 0.8392 0.7071 0.8392 0.7071 0.8860 0.6574 0.8860
7 0.7974 0.9228 0.8120 0.9228 0.8120 0.9624 0.7974 0.9624
7 0.8574 0.3140 0.8743 0.3140 0.8743 0.3512 0.8574 0.3512
7 0.0291 0.5816 0.0403 0.5816 0.0403 0.6552 0.0291 0.6552
7 0.8154 0.3096 0.8571 0.3096 0.8571 0.3916 0.8154 0.3916
9 0.4823 0.3940 0.7026 0.3940 0.7026 0.4664 0.4823 0.4664
9 0.8137 0.1128 0.9411 0.1128 0.9411 0.1540 0.8137 0.1540
9 0.3760 0.0220 0.4177 0.0220 0.4177 0.2312 0.3760 0.2312
9 0.3800 0.2784 0.4203 0.2784 0.4203 0.4748 0.3800 0.4748
12 0.7523 0.6020 0.7814 0.6020 0.7814 0.6264 0.7523 0.6264
12 0.4494 0.5680 0.4934 0.5680 0.4934 0.9928 0.4494 0.9928
12 0.7497 0.7392 0.7843 0.7392 0.7843 0.8936 0.7497 0.8936
12 0.6309 0.5504 0.7283 0.5504 0.7283 0.5760 0.6309 0.5760
13 0.7051 0.3504 0.7149 0.3504 0.7149 0.3596 0.7051 0.3596
13 0.1106 0.7800 0.2829 0.7800 0.2829 0.8256 0.1106 0.8256
13 0.5537 0.5900 0.5586 0.5900 0.5586 0.6084 0.5537 0.6084
13 0.7863 0.9560 0.7969 0.9560 0.7969 0.9648 0.7863 0.9648
15 0.3794 0.5712 0.4409 0.5712 0.4409 0.6836 0.3794 0.6836
15 0.0777 0.6592 0.1111 0.6592 0.1111 0.7072 0.0777 0.7072
15 0.6891 0.4952 0.7171 0.4952 0.7171 0.5480 0.6891 0.5480
15 0.5000 0.0768 0.5543 0.0768 0.5543 0.1496 0.5000 0.1496
