0 0.6966 0.0304 0.8260 0.0304 0.8260 0.4116 0.6966 0.4116
0 0.3391 0.4904 0.4686 0.4904 0.4686 0.8716 0.3391 0.8716
0 0.5423 0.5596 0.8454 0.5596 0.8454 0.7508 0.5423 0.7508
0 0.1369 0.3920 0.2374 0.3920 0.2374 0.5952 0.1369 0.5952
1 0.0554 0.8504 0.0903 0.8504 0.0903 0.9384 0.0554 0.9384
1 0.2726 0.6508 0.2774 0.6508 0.2774 0.6928 0.2726 0.6928
1 0.2483 0.1148 0.2626 0.1148 0.2626 0.1456 0.2483 0.1456
1 0.0377 0.6568 0.0426 0.6568 0.0426 0.6988 0.0377 0.6988
2 0.9251 0.3884 0.9560 0.3884 0.9560 0.5208 0.9251 0.5208
2 0.2734 0.5036 0.3086 0.5036 0.3086 0.5600 0.2734 0.5600
2 0.4771 0.7512 0.5463 0.7512 0.5463 0.8068 0.4771 0.8068
2 0.8471 0.7112 0.9023 0.7112 0.9023 0.7492 0.8471 0.7492
3 0.8286 0.7820 0.9086 0.7820 0.9086 0.8016 0.8286 0.8016
3 0.3194 0.6444 0.3257 0.6444 0.3257 0.7464 0.3194 0.7464
3 0.0214 0.7020 0.0709 0.7020 0.0709 0.7188 0.0214 0.7188
3 0.2034 0.3624 0.2829 0.3624 0.2829 0.3872 0.2034 0.3872
4 0.9477 0.2592 0.9711 0.2592 0.9711 0.2912 0.9477 0.2912
4 0.5634 0.8744 0.6057 0.8744 0.6057 0.8856 0.5634 0.8856
4 0.1423 0.0172 0.1594 0.0172 0.1594 0.0296 0.1423 0.0296
4 0.3797 0.4544 0.4071 0.4544 0.4071 0.4696 0.3797 0.4696
6 0.2349 0.8908 0.3003 0.8908 0.3003 0.9216 0.2349 0.9216
6 0.5194 0.0936 0.5780 0.0936 0.5780 0.1760 0.5194 0.1760
6 0.6786 0.4612 0.7131 0.4612 0.7131 0.4724 0.6786 0.4724
6 0.9271 0.1400 0.9926 0.1400 0.9926 0.1708 0.9271 0.1708
7 0.2026 0.8188 0.2254 0.8188 0.2254 0.8812 0.2026 0.8812
7 0.2443 0.4096 0.2586 0.4096 0.2586 0.4776 0.2443 0.4776
7 0.1611 0.1504 0.1720 0.1504 0.1720 0.1848 0.1611 0.1848
7 0.5606 0.3808 0.5834 0.3808 0.5834 0.4432 0.5606 0.4432
9 0.0600 0.0948 0.0977 0.0948 0.0977 0.2264 0.0600 0.2264
9 0.2797 0.7296 0.3174 0.7296 0.3174 0.8612 0.2797 0.8612
9 0.0931 0.6060 0.2206 0.6060 0.2206 0.6472 0.0931 0.6472
9 0.9371 0.6016 0.9774 0.6016 0.9774 0.7980 0.9371 0.7980
12 0.8900 0.1524 0.9163 0.1524 0.9163 0.4348 0.8900 0.4348
12 0.1023 0.0372 0.1229 0.0372 0.1229 0.2756 0.1023 0.2756
12 0.5000 0.4860 0.5223 0.4860 0.5223 0.7460 0.5000 0.7460
12 0.0106 0.7728 0.0351 0.7728 0.0351 0.8980 0.0106 0.8980
13 0.2371 0.2920 0.2440 0.2920 0.2440 0.3388 0.2371 0.3388
13 0.7514 0.9292 0.9237 0.9292 0.9237 0.9748 0.7514 0.9748
13 0.7057 0.9412 0.7366 0.9412 0.7366 0.9724 0.7057 0.9724
13 0.8357 0.8064 0.8660 0.8064 0.8660 0.8320 0.8357 0.8320
15 0.2880 0.2676 0.3343 0.2676 0.3343 0.3360 0.2880 0.3360
15 0.3109 0.0004 0.3817 0.0004 0.3817 0.0964 0.3109 0.0964
15 0.0111 0.3384 0.1154 0.3384 0.1154 0.4508 0.0111 0.4508
15 0.4986 0.1892 0.5677 0.1892 0.5677 0.2924 0.4986 0.2924
