0 0.1691 0.3244 0.3211 0.3244 0.3211 0.7120 0.1691 0.7120
0 0.3543 0.0736 0.5220 0.0736 0.5220 0.3668 0.3543 0.3668
0 0.7671 0.2068 0.8014 0.2068 0.8014 0.6628 0.7671 0.6628
0 0.6611 0.7372 0.7623 0.7372 0.7623 0.8872 0.6611 0.8872
1 0.9337 0.1660 0.9369 0.1660 0.9369 0.1912 0.9337 0.1912
1 0.5100 0.6048 0.5129 0.6048 0.5129 0.6300 0.5100 0.6300
1 0.1749 0.7864 0.1826 0.7864 0.1826 0.8696 0.1749 0.8696
1 0.6257 0.6328 0.6334 0.6328 0.6334 0.7160 0.6257 0.7160
2 0.1651 0.1084 0.2243 0.1084 0.2243 0.1160 0.1651 0.1160
2 0.4803 0.5068 0.5011 0.5068 0.5011 0.5796 0.4803 0.5796
2 0.5526 0.4956 0.6263 0.4956 0.6263 0.5568 0.5526 0.5568
2 0.6443 0.0004 0.6880 0.0004 0.6880 0.1004 0.6443 0.1004
3 0.1900 0.0624 0.2394 0.0624 0.2394 0.0792 0.1900 0.0792
3 0.5129 0.8624 0.6074 0.8624 0.6074 0.8856 0.5129 0.8856
3 0.3749 0.6852 0.4491 0.6852 0.4491 0.7080 0.3749 0.7080
3 0.0614 0.0876 0.1166 0.0876 0.1166 0.1092 0.0614 0.1092
4 0.4637 0.0384 0.4749 0.0384 0.4749 0.0596 0.4637 0.0596
4 0.3543 0.7884 0.3746 0.7884 0.3746 0.7952 0.3543 0.7952
4 0.6814 0.2132 0.6857 0.2132 0.6857 0.2584 0.6814 0.2584
4 0.0134 0.8060 0.0226 0.8060 0.0226 0.8192 0.0134 0.8192
6 0.8974 0.2632 0.9320 0.2632 0.9320 0.2744 0.8974 0.2744
6 0.9606 0.0116 0.9783 0.0116 0.9783 0.0368 0.9606 0.0368
6 0.4529 0.7108 0.5114 0.7108 0.5114 0.7932 0.4529 0.7932
6 0.0169 0.4720 0.0843 0.4720 0.0843 0.6620 0.0169 0.6620
7 0.0031 0.0584 0.0137 0.0584 0.0137 0.1584 0.0031 0.1584
7 0.2083 0.2392 0.2274 0.2392 0.2274 0.2976 0.2083 0.2976
7 0.8229 0.2168 0.8646 0.2168 0.8646 0.3240 0.8229 0.3240
7 0.4129 0.9408 0.4220 0.9408 0.4220 0.9684 0.4129 0.9684
9 0.2797 0.7568 0.3240 0.7568 0.3240 0.9852 0.2797 0.9852
9 0.5814 0.8912 0.7043 0.8912 0.7043 0.9388 0.5814 0.9388
9 0.9491 0.6312 0.9869 0.6312 0.9869 0.7628 0.9491 0.7628
9 0.8514 0.8008 0.8814 0.8008 0.8814 0.9764 0.8514 0.9764
12 0.2817 0.0032 0.3537 0.0032 0.3537 0.0352 0.2817 0.0352
12 0.4666 0.6612 0.5051 0.6612 0.5051 0.6976 0.4666 0.6976
12 0.0957 0.4964 0.1657 0.4964 0.1657 0.5032 0.0957 0.5032
12 0.9351 0.0344 0.9526 0.0344 0.9526 0.1568 0.9351 0.1568
13 0.1517 0.7864 0.1583 0.7864 0.1583 0.8088 0.1517 0.8088
13 0.3494 0.0392 0.3706 0.0392 0.3706 0.0592 0.3494 0.0592
13 0.3231 0.5344 0.3337 0.5344 0.3337 0.5480 0.3231 0.5480
13 0.1480 0.6780 0.1606 0.6780 0.1606 0.6924 0.1480 0.6924
15 0.8174 0.7336 0.8914 0.7336 0.8914 0.7964 0.8174 0.7964
15 0.9346 0.2740 0.9940 0.2740 0.9940 0.3432 0.9346 0.3432
15 0.8926 0.8828 0.9269 0.8828 0.9269 0.9304 0.8926 0.9304
15 0.2237 0.1672 0.2971 0.1672 0.2971 0.2376 0.2237 0.2376
