0 0.4529 0.0500 0.5194 0.0500 0.5194 0.5656 0.4529 0.5656
0 0.2129 0.5932 0.3423 0.5932 0.3423 0.9744 0.2129 0.9744
0 0.0131 0.2676 0.1426 0.2676 0.1426 0.6488 0.0131 0.6488
0 0.6394 0.2204 0.7726 0.2204 0.7726 0.5868 0.6394 0.5868
1 0.3954 0.3432 0.3974 0.3432 0.3974 0.3788 0.3954 0.3788
1 0.7954 0.5960 0.8017 0.5960 0.8017 0.6772 0.7954 0.6772
1 0.7057 0.6140 0.7089 0.6140 0.7089 0.6392 0.7057 0.6392
1 0.1077 0.9532 0.1249 0.9532 0.1249 0.9576 0.1077 0.9576
2 0.7609 0.0388 0.9606 0.0388 0.9606 0.1600 0.7609 0.1600
2 0.9400 0.5936 0.9580 0.5936 0.9580 0.6292 0.9400 0.6292
2 0.2100 0.0768 0.3817 0.0768 0.3817 0.2164 0.2100 0.2164
2 0.2934 0.3960 0.3831 0.3960 0.3831 0.5192 0.2934 0.5192
3 0.2220 0.3240 0.3160 0.3240 0.3160 0.3464 0.2220 0.3464
3 0.7871 0.5088 0.8666 0.5088 0.8666 0.5336 0.7871 0.5336
3 0.1294 0.7880 0.1397 0.7880 0.1397 0.8608 0.1294 0.8608
3 0.9051 0.9092 0.9846 0.9092 0.9846 0.9340 0.9051 0.9340
4 0.9169 0.3468 0.9249 0.3468 0.9249 0.3724 0.9169 0.3724
4 0.2626 0.3908 0.2797 0.3908 0.2797 0.4352 0.2626 0.4352
4 0.1429 0.6928 0.1603 0.6928 0.1603 0.7072 0.1429 0.7072
4 0.4057 0.7828 0.4317 0.7828 0.4317 0.7976 0.4057 0.7976
6 0.2511 0.5560 0.2689 0.5560 0.2689 0.5812 0.2511 0.5812
6 0.5220 0.8384 0.7131 0.8384 0.7131 0.9732 0.5220 0.9732
6 0.6166 0.1716 0.6820 0.1716 0.6820 0.2024 0.6166 0.2024
6 0.7131 0.7512 0.9043 0.7512 0.9043 0.8860 0.7131 0.8860
7 0.8900 0.9388 0.9046 0.9388 0.9046 0.9708 0.8900 0.9708
7 0.9711 0.7332 0.9977 0.7332 0.9977 0.8656 0.9711 0.8656
7 0.8580 0.3480 0.8686 0.3480 0.8686 0.3800 0.8580 0.3800
7 0.9591 0.5060 0.9697 0.5060 0.9697 0.5444 0.9591 0.5444
9 0.3611 0.7768 0.3911 0.7768 0.3911 0.9524 0.3611 0.9524
9 0.0020 0.7356 0.1294 0.7356 0.1294 0.7768 0.0020 0.7768
9 0.1731 0.8040 0.2106 0.8040 0.2106 0.9912 0.1731 0.9912
9 0.8017 0.5440 0.8640 0.5440 0.8640 0.7496 0.8017 0.7496
12 0.8791 0.3944 0.8971 0.3944 0.8971 0.4856 0.8791 0.4856
12 0.5957 0.3016 0.6249 0.3016 0.6249 0.3260 0.5957 0.3260
12 0.5269 0.0564 0.5840 0.0564 0.5840 0.6060 0.5269 0.6060
12 0.6677 0.6616 0.7063 0.6616 0.7063 0.6980 0.6677 0.6980
13 0.9866 0.0812 0.9934 0.0812 0.9934 0.1008 0.9866 0.1008
13 0.2091 0.2564 0.2217 0.2564 0.2217 0.2708 0.2091 0.2708
13 0.9126 0.1788 0.9183 0.1788 0.9183 0.1992 0.9126 0.1992
13 0.3069 0.5580 0.4080 0.5580 0.4080 0.5656 0.3069 0.5656
15 0.1897 0.5236 0.2431 0.5236 0.2431 0.5876 0.1897 0.5876
15 0.8843 0.6300 0.9783 0.6300 0.9783 0.7100 0.8843 0.7100
15 0.5020 0.7496 0.5966 0.7496 0.5966 0.8308 0.5020 0.8308
15 0.6126 0.0108 0.6860 0.0108 0.6860 0.0812 0.6126 0.0812
