0 0.1649 0.4956 0.3934 0.4956 0.3934 0.5804 0.1649 0.5804
0 0.6437 0.4720 0.7443 0.4720 0.7443 0.6752 0.6437 0.6752
0 0.2277 0.6964 0.3289 0.6964 0.3289 0.8464 0.2277 0.8464
0 0.0177 0.0336 0.2286 0.0336 0.2286 0.2400 0.0177 0.2400
1 0.9460 0.2732 0.9491 0.2732 0.9491 0.2984 0.9460 0.2984
1 0.8377 0.1840 0.8460 0.1840 0.8460 0.2660 0.8377 0.2660
1 0.7666 0.6364 0.7749 0.6364 0.7749 0.7184 0.7666 0.7184
1 0.0729 0.3932 0.0871 0.3932 0.0871 0.4240 0.0729 0.4240
2 0.5969 0.0844 0.6734 0.0844 0.6734 0.2948 0.5969 0.2948
2 0.4869 0.7492 0.5046 0.7492 0.5046 0.7856 0.4869 0.7856
2 0.3420 0.3420 0.4254 0.3420 0.4254 0.3528 0.3420 0.3528
2 0.2966 0.1356 0.4683 0.1356 0.4683 0.2752 0.2966 0.2752
3 0.6680 0.9660 0.7480 0.9660 0.7480 0.9856 0.6680 0.9856
3 0.0306 0.3660 0.0409 0.3660 0.0409 0.4392 0.0306 0.4392
3 0.1089 0.6756 0.1640 0.6756 0.1640 0.6948 0.1089 0.6948
3 0.8083 0.5276 0.8777 0.5276 0.8777 0.5460 0.8083 0.5460
4 0.8240 0.3456 0.8763 0.3456 0.8763 0.3776 0.8240 0.3776
4 0.0403 0.8720 0.0634 0.8720 0.0634 0.9036 0.0403 0.9036
4 0.4743 0.0972 0.4857 0.0972 0.4857 0.1020 0.4743 0.1020
4 0.7940 0.1676 0.8009 0.1676 0.8009 0.2428 0.7940 0.2428
6 0.2354 0.4384 0.2531 0.4384 0.2531 0.4636 0.2354 0.4636
6 0.6780 0.0952 0.7126 0.0952 0.7126 0.1064 0.6780 0.1064
6 0.6977 0.0404 0.7323 0.0404 0.7323 0.0516 0.6977 0.0516
6 0.8111 0.6740 0.8609 0.6740 0.8609 0.7208 0.8111 0.7208
7 0.0420 0.4168 0.0651 0.4168 0.0651 0.5084 0.0420 0.5084
7 0.9354 0.6492 0.9643 0.6492 0.9643 0.7916 0.9354 0.7916
7 0.6357 0.8700 0.6617 0.8700 0.6617 0.8816 0.6357 0.8816
7 0.2440 0.1060 0.2634 0.1060 0.2634 0.1512 0.2440 0.1512
9 0.2351 0.0124 0.3626 0.0124 0.3626 0.0536 0.2351 0.0536
9 0.5740 0.3640 0.6363 0.3640 0.6363 0.5696 0.5740 0.5696
9 0.0043 0.7356 0.1317 0.7356 0.1317 0.7768 0.0043 0.7768
9 0.4000 0.5752 0.4711 0.5752 0.4711 0.7780 0.4000 0.7780
12 0.6000 0.7240 0.6054 0.7240 0.6054 0.9256 0.6000 0.9256
12 0.3949 0.4104 0.4743 0.4104 0.4743 0.4536 0.3949 0.4536
12 0.7343 0.7748 0.7951 0.7748 0.7951 0.8104 0.7343 0.8104
12 0.1154 0.3936 0.1400 0.3936 0.1400 0.5188 0.1154 0.5188
13 0.7437 0.3092 0.7740 0.3092 0.7740 0.3348 0.7437 0.3348
13 0.7923 0.5108 0.8029 0.5108 0.8029 0.5196 0.7923 0.5196
13 0.3886 0.9232 0.4194 0.9232 0.4194 0.9544 0.3886 0.9544
13 0.5440 0.3212 0.5566 0.3212 0.5566 0.3356 0.5440 0.3356
15 0.1509 0.7672 0.1760 0.7672 0.1760 0.8204 0.1509 0.8204
15 0.7743 0.0504 0.8991 0.0504 0.8991 0.1536 0.7743 0.1536
15 0.1717 0.7128 0.2051 0.7128 0.2051 0.7608 0.1717 0.7608
15 0.4669 0.0156 0.5203 0.0156 0.5203 0.0796 0.4669 0.0796
