0 0.1074 0.1052 0.2080 0.1052 0.2080 0.3084 0.1074 0.3084
0 0.6103 0.8236 0.6769 0.8236 0.6769 0.8940 0.6103 0.8940
0 0.0569 0.3960 0.1403 0.3960 0.1403 0.5704 0.0569 0.5704
0 0.9314 0.0716 0.9980 0.0716 0.9980 0.5872 0.9314 0.5872
1 0.3637 0.7612 0.3714 0.7612 0.3714 0.8444 0.3637 0.8444
1 0.1043 0.3844 0.1243 0.3844 0.1243 0.3928 0.1043 0.3928
1 0.4357 0.4668 0.4469 0.4668 0.4469 0.5036 0.4357 0.5036
1 0.1740 0.4836 0.1811 0.4836 0.1811 0.5096 0.1740 0.5096
2 0.2097 0.4964 0.3220 0.4964 0.3220 0.5712 0.2097 0.5712
2 0.3714 0.7364 0.4180 0.7364 0.4180 0.8492 0.3714 0.8492
2 0.7089 0.2848 0.8500 0.2848 0.8500 0.3692 0.7089 0.3692
2 0.5394 0.1712 0.6380 0.1712 0.6380 0.6448 0.5394 0.6448
3 0.0326 0.8572 0.0820 0.8572 0.0820 0.8740 0.0326 0.8740
3 0.4554 0.6372 0.5049 0.6372 0.5049 0.6540 0.4554 0.6540
3 0.1511 0.5592 0.1649 0.5592 0.1649 0.6616 0.1511 0.6616
3 0.8320 0.3840 0.8423 0.3840 0.8423 0.4568 0.8320 0.4568
4 0.2874 0.4464 0.3049 0.4464 0.3049 0.4608 0.2874 0.4608
4 0.6551 0.9760 0.6723 0.9760 0.6723 0.9920 0.6551 0.9920
4 0.0331 0.1432 0.0463 0.1432 0.0463 0.1644 0.0331 0.1644
4 0.9271 0.6420 0.9411 0.6420 0.9411 0.6516 0.9271 0.6516
6 0.2071 0.7596 0.2569 0.7596 0.2569 0.8064 0.2071 0.8064
6 0.7149 0.4816 0.7823 0.4816 0.7823 0.6716 0.7149 0.6716
6 0.7306 0.0448 0.9217 0.0448 0.9217 0.1796 0.7306 0.1796
6 0.5454 0.0808 0.5951 0.0808 0.5951 0.1276 0.5454 0.1276
7 0.8791 0.2048 0.8923 0.2048 0.8923 0.2524 0.8791 0.2524
7 0.3403 0.3980 0.3506 0.3980 0.3506 0.4280 0.3403 0.4280
7 0.2714 0.1332 0.2903 0.1332 0.2903 0.2028 0.2714 0.2028
7 0.4140 0.0632 0.4340 0.0632 0.4340 0.1484 0.4140 0.1484
9 0.3266 0.8740 0.5469 0.8740 0.5469 0.9464 0.3266 0.9464
9 0.8929 0.6352 0.9229 0.6352 0.9229 0.8108 0.8929 0.8108
9 0.0029 0.7036 0.1746 0.7036 0.1746 0.8076 0.0029 0.8076
9 0.7871 0.5816 0.8494 0.5816 0.8494 0.7872 0.7871 0.7872
12 0.4163 0.6976 0.5294 0.6976 0.5294 0.7284 0.4163 0.7284
12 0.9563 0.7216 0.9949 0.7216 0.9949 0.7580 0.9563 0.7580
12 0.4266 0.3492 0.5240 0.3492 0.5240 0.3748 0.4266 0.3748
12 0.2869 0.4072 0.3254 0.4072 0.3254 0.4436 0.2869 0.4436
13 0.0866 0.0100 0.1031 0.0100 0.1031 0.0220 0.0866 0.0220
13 0.6626 0.1936 0.8349 0.1936 0.8349 0.2392 0.6626 0.2392
13 0.2466 0.1684 0.2594 0.1684 0.2594 0.1792 0.2466 0.1792
13 0.2354 0.6784 0.2446 0.6784 0.2446 0.6868 0.2354 0.6868
15 0.0291 0.1888 0.0906 0.1888 0.0906 0.3012 0.0291 0.3012
15 0.2620 0.6320 0.3354 0.6320 0.3354 0.7024 0.2620 0.7024
15 0.4326 0.7368 0.4869 0.7368 0.4869 0.8096 0.4326 0.8096
15 0.2746 0.2108 0.3340 0.2108 0.3340 0.2732 0.2746 0.2732
