0 0.5614 0.7236 0.7500 0.7236 0.7500 0.8264 0.5614 0.8264
0 0.7880 0.2768 0.8223 0.2768 0.8223 0.7328 0.7880 0.7328
0 0.2643 0.1024 0.2986 0.1024 0.2986 0.5584 0.2643 0.5584
0 0.0003 0.0696 0.1014 0.0696 0.1014 0.2196 0.0003 0.2196
1 0.7426 0.0204 0.7774 0.0204 0.7774 0.1084 0.7426 0.1084
1 0.9571 0.5212 0.9714 0.5212 0.9714 0.5520 0.9571 0.5520
1 0.5703 0.8532 0.5834 0.8532 0.5834 0.8796 0.5703 0.8796
1 0.0966 0.2768 0.1066 0.2768 0.1066 0.3836 0.0966 0.3836
2 0.0037 0.4148 0.2483 0.4148 0.2483 0.4744 0.0037 0.4744
2 0.1226 0.6932 0.1691 0.6932 0.1691 0.8212 0.1226 0.8212
2 0.3349 0.7616 0.3431 0.7616 0.3431 0.8092 0.3349 0.8092
2 0.2129 0.6616 0.2349 0.6616 0.2349 0.7548 0.2129 0.7548
3 0.2757 0.6800 0.3309 0.6800 0.3309 0.6992 0.2757 0.6992
3 0.3226 0.7220 0.4177 0.7220 0.4177 0.7444 0.3226 0.7444
3 0.1080 0.6304 0.1183 0.6304 0.1183 0.7032 0.1080 0.7032
3 0.6046 0.9756 0.6789 0.9756 0.6789 0.9984 0.6046 0.9984
4 0.7680 0.7624 0.7851 0.7624 0.7851 0.8024 0.7680 0.8024
4 0.1700 0.0148 0.1760 0.0148 0.1760 0.0408 0.1700 0.0408
4 0.4380 0.4260 0.4551 0.4260 0.4551 0.4420 0.4380 0.4420
4 0.6597 0.3172 0.6789 0.3172 0.6789 0.3300 0.6597 0.3300
6 0.1874 0.0600 0.2220 0.0600 0.2220 0.0712 0.1874 0.0712
6 0.9540 0.2184 0.9717 0.2184 0.9717 0.2436 0.9540 0.2436
6 0.8597 0.0164 0.8774 0.0164 0.8774 0.0416 0.8597 0.0416
6 0.8860 0.3896 0.9206 0.3896 0.9206 0.4008 0.8860 0.4008
7 0.5217 0.1984 0.5417 0.1984 0.5417 0.2724 0.5217 0.2724
7 0.2426 0.7692 0.2554 0.7692 0.2554 0.8052 0.2426 0.8052
7 0.4629 0.8564 0.4677 0.8564 0.4677 0.8936 0.4629 0.8936
7 0.5109 0.1224 0.5329 0.1224 0.5329 0.1800 0.5109 0.1800
9 0.0186 0.8392 0.1903 0.8392 0.1903 0.9432 0.0186 0.9432
9 0.0297 0.6672 0.0674 0.6672 0.0674 0.7988 0.0297 0.7988
9 0.4120 0.8192 0.4420 0.8192 0.4420 0.9948 0.4120 0.9948
9 0.2657 0.8076 0.3034 0.8076 0.3034 0.9392 0.2657 0.9392
12 0.3789 0.2684 0.4763 0.2684 0.4763 0.2940 0.3789 0.2940
12 0.4120 0.5060 0.4914 0.5060 0.4914 0.5492 0.4120 0.5492
12 0.8089 0.8384 0.8323 0.8384 0.8323 0.9284 0.8089 0.9284
12 0.5220 0.7456 0.5466 0.7456 0.5466 0.8708 0.5220 0.8708
13 0.3326 0.1016 0.3454 0.1016 0.3454 0.1124 0.3326 0.1124
13 0.9634 0.6768 0.9806 0.6768 0.9806 0.6852 0.9634 0.6852
13 0.2500 0.0656 0.2597 0.0656 0.2597 0.0748 0.2500 0.0748
13 0.8686 0.9304 0.9086 0.9304 0.9086 0.9552 0.8686 0.9552
15 0.6146 0.1596 0.7091 0.1596 0.7091 0.2408 0.6146 0.2408
15 0.3986 0.1500 0.4580 0.1500 0.4580 0.2124 0.3986 0.2124
15 0.8909 0.0792 0.9651 0.0792 0.9651 0.1396 0.8909 0.1396
15 0.8689 0.2496 0.9443 0.2496 0.9443 0.3120 0.8689 0.3120
