0 0.2660 0.0872 0.3706 0.0872 0.3706 0.5180 0.2660 0.5180
0 0.2420 0.5224 0.3466 0.5224 0.3466 0.9532 0.2420 0.9532
0 0.4129 0.4216 0.7160 0.4216 0.7160 0.6128 0.4129 0.6128
0 0.7249 0.1676 0.7794 0.1676 0.7794 0.4056 0.7249 0.4056
1 0.8300 0.1972 0.8514 0.1972 0.8514 0.2088 0.8300 0.2088
1 0.4526 0.1332 0.4657 0.1332 0.4657 0.1596 0.4526 0.1596
1 0.0423 0.3060 0.0623 0.3060 0.0623 0.3144 0.0423 0.3144
1 0.0891 0.8244 0.0923 0.8244 0.0923 0.8496 0.0891 0.8496
2 0.0617 0.0252 0.1734 0.0252 0.1734 0.0788 0.0617 0.0788
2 0.4223 0.0092 0.4700 0.0092 0.4700 0.1200 0.4223 0.1200
2 0.4303 0.9376 0.5800 0.9376 0.5800 0.9600 0.4303 0.9600
2 0.5397 0.7516 0.6089 0.7516 0.6089 0.8072 0.5397 0.8072
3 0.8260 0.2964 0.8954 0.2964 0.8954 0.3148 0.8260 0.3148
3 0.8946 0.2464 0.9891 0.2464 0.9891 0.2696 0.8946 0.2696
3 0.0997 0.4148 0.1549 0.4148 0.1549 0.4364 0.0997 0.4364
3 0.8743 0.5276 0.9543 0.5276 0.9543 0.5472 0.8743 0.5472
4 0.9086 0.2148 0.9317 0.2148 0.9317 0.2308 0.9086 0.2308
4 0.6720 0.6704 0.6891 0.6704 0.6891 0.6936 0.6720 0.6936
4 0.6206 0.6176 0.6286 0.6176 0.6286 0.6432 0.6206 0.6432
4 0.5411 0.8488 0.5477 0.8488 0.5477 0.8576 0.5411 0.8576
6 0.0291 0.2320 0.0469 0.2320 0.0469 0.2572 0.0291 0.2572
6 0.5866 0.0640 0.6211 0.0640 0.6211 0.0752 0.5866 0.0752
6 0.4751 0.1864 0.6663 0.1864 0.6663 0.3212 0.4751 0.3212
6 0.8517 0.7200 0.9014 0.7200 0.9014 0.7668 0.8517 0.7668
7 0.0323 0.9048 0.0791 0.9048 0.0791 0.9336 0.0323 0.9336
7 0.1566 0.7492 0.1680 0.7492 0.1680 0.7572 0.1566 0.7572
7 0.9494 0.4096 0.9766 0.4096 0.9766 0.4628 0.9494 0.4628
7 0.8669 0.8400 0.8889 0.8400 0.8889 0.9248 0.8669 0.9248
9 0.7523 0.6544 0.7897 0.6544 0.7897 0.8416 0.7523 0.8416
9 0.1180 0.4880 0.1900 0.4880 0.1900 0.7204 0.1180 0.7204
9 0.1931 0.5752 0.2306 0.5752 0.2306 0.7624 0.1931 0.7624
9 0.8586 0.7688 0.9860 0.7688 0.9860 0.8100 0.8586 0.8100
12 0.0000 0.2480 0.0263 0.2480 0.0263 0.5304 0.0000 0.5304
12 0.0629 0.1140 0.0834 0.1140 0.0834 0.3524 0.0629 0.3524
12 0.1474 0.1332 0.2517 0.1332 0.2517 0.1748 0.1474 0.1748
12 0.4994 0.0348 0.5240 0.0348 0.5240 0.1600 0.4994 0.1600
13 0.9080 0.4632 0.9194 0.4632 0.9194 0.5048 0.9080 0.5048
13 0.8946 0.6220 0.9309 0.6220 0.9309 0.6872 0.8946 0.6872
13 0.0700 0.8052 0.0766 0.8052 0.0766 0.8276 0.0700 0.8276
13 0.8086 0.6164 0.8134 0.6164 0.8134 0.6344 0.8086 0.6344
15 0.0849 0.2024 0.1583 0.2024 0.1583 0.2728 0.0849 0.2728
15 0.0863 0.9088 0.1580 0.9088 0.1580 0.9928 0.0863 0.9928
15 0.6209 0.7076 0.6900 0.7076 0.6900 0.8108 0.6209 0.8108
15 0.9186 0.0340 0.9903 0.0340 0.9903 0.1180 0.9186 0.1180
