0 0.6663 0.4504 0.7994 0.4504 0.7994 0.8168 0.6663 0.8168
0 0.4354 0.3148 0.6463 0.3148 0.6463 0.5212 0.4354 0.5212
0 0.4289 0.0344 0.5123 0.0344 0.5123 0.2088 0.4289 0.2088
0 0.7526 0.2012 0.9634 0.2012 0.9634 0.4076 0.7526 0.4076
1 0.2383 0.2568 0.2509 0.2568 0.2509 0.2676 0.2383 0.2676
1 0.9177 0.0912 0.9226 0.0912 0.9226 0.1332 0.9177 0.1332
1 0.4220 0.8880 0.4483 0.8880 0.4483 0.9000 0.4220 0.9000
1 0.8623 0.9504 0.8651 0.9504 0.8651 0.9756 0.8623 0.9756
2 0.2534 0.5176 0.3091 0.5176 0.3091 0.5584 0.2534 0.5584
2 0.0097 0.7520 0.0683 0.7520 0.0683 0.8344 0.0097 0.8344
2 0.2911 0.3224 0.4040 0.3224 0.4040 0.3424 0.2911 0.3424
2 0.0471 0.3580 0.2031 0.3580 0.2031 0.4872 0.0471 0.4872
3 0.1251 0.2424 0.1803 0.2424 0.1803 0.2616 0.1251 0.2616
3 0.6574 0.2116 0.7126 0.2116 0.7126 0.2308 0.6574 0.2308
3 0.3789 0.7752 0.4283 0.7752 0.4283 0.7920 0.3789 0.7920
3 0.2097 0.7296 0.2649 0.7296 0.2649 0.7512 0.2097 0.7512
4 0.7183 0.8320 0.7229 0.8320 0.7229 0.8600 0.7183 0.8600
4 0.1471 0.1548 0.1586 0.1548 0.1586 0.1596 0.1471 0.1596
4 0.2071 0.9664 0.2303 0.9664 0.2303 0.9832 0.2071 0.9832
4 0.3394 0.0156 0.3514 0.0156 0.3514 0.0332 0.3394 0.0332
6 0.4303 0.5736 0.6214 0.5736 0.6214 0.7084 0.4303 0.7084
6 0.6363 0.8428 0.6540 0.8428 0.6540 0.8680 0.6363 0.8680
6 0.5274 0.2528 0.5451 0.2528 0.5451 0.2780 0.5274 0.2780
6 0.8389 0.8556 0.8886 0.8556 0.8886 0.9024 0.8389 0.9024
7 0.8086 0.5212 0.8160 0.5212 0.8160 0.5888 0.8086 0.5888
7 0.0671 0.1588 0.0943 0.1588 0.0943 0.2852 0.0671 0.2852
7 0.1243 0.3184 0.1394 0.3184 0.1394 0.3260 0.1243 0.3260
7 0.1640 0.8936 0.1794 0.8936 0.1794 0.9348 0.1640 0.9348
9 0.0237 0.4964 0.0957 0.4964 0.0957 0.7288 0.0237 0.7288
9 0.5037 0.8736 0.7240 0.8736 0.7240 0.9460 0.5037 0.9460
9 0.5863 0.0100 0.6306 0.0100 0.6306 0.2384 0.5863 0.2384
9 0.4537 0.7124 0.4940 0.7124 0.4940 0.9088 0.4537 0.9088
12 0.2023 0.2100 0.4069 0.2100 0.4069 0.2456 0.2023 0.2456
12 0.8249 0.1408 0.8857 0.1408 0.8857 0.1764 0.8249 0.1764
12 0.2906 0.6772 0.3111 0.6772 0.3111 0.9156 0.2906 0.9156
12 0.9714 0.3716 0.9977 0.3716 0.9977 0.6540 0.9714 0.6540
13 0.6977 0.0464 0.7280 0.0464 0.7280 0.0648 0.6977 0.0648
13 0.8183 0.7576 0.9043 0.7576 0.9043 0.7652 0.8183 0.7652
13 0.1951 0.1568 0.1986 0.1568 0.1986 0.2660 0.1951 0.2660
13 0.4229 0.3756 0.4283 0.3756 0.4283 0.5936 0.4229 0.5936
15 0.3334 0.4516 0.4066 0.4516 0.4066 0.5364 0.3334 0.5364
15 0.6760 0.1440 0.7189 0.1440 0.7189 0.2064 0.6760 0.2064
15 0.2320 0.7712 0.2660 0.7712 0.2660 0.8192 0.2320 0.8192
15 0.2037 0.9028 0.2349 0.9028 0.2349 0.9620 0.2037 0.9620
