0 0.4509 0.5248 0.4851 0.5248 0.4851 0.9808 0.4509 0.9808
0 0.9146 0.0364 0.9820 0.0364 0.9820 0.0904 0.9146 0.0904
0 0.5903 0.1780 0.7234 0.1780 0.7234 0.5444 0.5903 0.5444
0 0.4663 0.2160 0.5731 0.2160 0.5731 0.6200 0.4663 0.6200
1 0.6014 0.8912 0.6046 0.8912 0.6046 0.9164 0.6014 0.9164
1 0.4654 0.2552 0.4826 0.2552 0.4826 0.2596 0.4654 0.2596
1 0.5014 0.3148 0.5086 0.3148 0.5086 0.3408 0.5014 0.3408
1 0.9257 0.9476 0.9289 0.9476 0.9289 0.9728 0.9257 0.9728
2 0.3700 0.5608 0.4191 0.5608 0.4191 0.6036 0.3700 0.6036
2 0.6803 0.7852 0.7269 0.7852 0.7269 0.8356 0.6803 0.8356
2 0.1809 0.2696 0.2643 0.2696 0.2643 0.3712 0.1809 0.3712
2 0.6074 0.8820 0.6551 0.8820 0.6551 0.9928 0.6074 0.9928
3 0.2291 0.8912 0.3034 0.8912 0.3034 0.9140 0.2291 0.9140
3 0.3229 0.3768 0.3400 0.3768 0.3400 0.4988 0.3229 0.4988
3 0.7849 0.1032 0.7911 0.1032 0.7911 0.2052 0.7849 0.2052
3 0.2891 0.1756 0.3843 0.1756 0.3843 0.1980 0.2891 0.1980
4 0.0266 0.2404 0.0497 0.2404 0.0497 0.2572 0.0266 0.2572
4 0.3620 0.8928 0.3720 0.8928 0.3720 0.9232 0.3620 0.9232
4 0.2163 0.6596 0.2366 0.6596 0.2366 0.6768 0.2163 0.6768
4 0.6126 0.7232 0.6297 0.7232 0.6297 0.7392 0.6126 0.7392
6 0.6949 0.5532 0.7603 0.5532 0.7603 0.5840 0.6949 0.5840
6 0.0300 0.2020 0.0974 0.2020 0.0974 0.3920 0.0300 0.3920
6 0.6011 0.5280 0.6189 0.5280 0.6189 0.5532 0.6011 0.5532
6 0.2240 0.3836 0.2586 0.3836 0.2586 0.3948 0.2240 0.3948
7 0.7080 0.0236 0.7414 0.0236 0.7414 0.1380 0.7080 0.1380
7 0.3600 0.3660 0.3654 0.3660 0.3654 0.3816 0.3600 0.3816
7 0.2806 0.8120 0.2986 0.8120 0.2986 0.9016 0.2806 0.9016
7 0.1320 0.8432 0.1380 0.8432 0.1380 0.8640 0.1320 0.8640
9 0.5343 0.4664 0.5643 0.4664 0.5643 0.6420 0.5343 0.6420
9 0.1680 0.3180 0.2054 0.3180 0.2054 0.5052 0.1680 0.5052
9 0.1466 0.3596 0.2177 0.3596 0.2177 0.5624 0.1466 0.5624
9 0.2049 0.8004 0.3206 0.8004 0.3206 0.8384 0.2049 0.8384
12 0.8597 0.3960 0.8860 0.3960 0.8860 0.6784 0.8597 0.6784
12 0.1660 0.1080 0.2231 0.1080 0.2231 0.6576 0.1660 0.6576
12 0.4766 0.3908 0.5337 0.3908 0.5337 0.9404 0.4766 0.9404
12 0.0840 0.7028 0.0894 0.7028 0.0894 0.9044 0.0840 0.9044
13 0.3260 0.6928 0.3386 0.6928 0.3386 0.7072 0.3260 0.7072
13 0.0686 0.9924 0.1697 0.9924 0.1697 1.0000 0.0686 1.0000
13 0.8080 0.0832 0.8474 0.0832 0.8474 0.1080 0.8080 0.1080
13 0.7460 0.6956 0.7600 0.6956 0.7600 0.7084 0.7460 0.7084
15 0.4466 0.8512 0.5031 0.8512 0.5031 0.9344 0.4466 0.9344
15 0.0137 0.8936 0.1386 0.8936 0.1386 0.9968 0.0137 0.9968
15 0.9300 0.4376 0.9634 0.4376 0.9634 0.4856 0.9300 0.4856
15 0.7457 0.5392 0.8403 0.5392 0.8403 0.6204 0.7457 0.6204
