0 0.5720 0.1448 0.7606 0.1448 0.7606 0.2476 0.5720 0.2476
0 0.0503 0.3780 0.2611 0.3780 0.2611 0.5844 0.0503 0.5844
0 0.1543 0.1540 0.3220 0.1540 0.3220 0.4472 0.1543 0.4472
0 0.3823 0.0960 0.4829 0.0960 0.4829 0.2992 0.3823 0.2992
1 0.0146 0.8408 0.0229 0.8408 0.0229 0.9228 0.0146 0.9228
1 0.2240 0.2704 0.2317 0.2704 0.2317 0.3536 0.2240 0.3536
1 0.5397 0.1356 0.5660 0.1356 0.5660 0.1476 0.5397 0.1476
1 0.4663 0.4224 0.4877 0.4224 0.4877 0.4340 0.4663 0.4340
2 0.2017 0.0296 0.2654 0.0296 0.2654 0.0508 0.2017 0.0508
2 0.4357 0.5108 0.5289 0.5108 0.5289 0.5832 0.4357 0.5832
2 0.6726 0.1408 0.7074 0.1408 0.7074 0.2608 0.6726 0.2608
2 0.7820 0.0012 0.9389 0.0012 0.9389 0.0288 0.7820 0.0288
3 0.4306 0.3080 0.5257 0.3080 0.5257 0.3304 0.4306 0.3304
3 0.1071 0.7600 0.1866 0.7600 0.1866 0.7848 0.1071 0.7848
3 0.8980 0.0992 0.9531 0.0992 0.9531 0.1208 0.8980 0.1208
3 0.5380 0.3496 0.5483 0.3496 0.5483 0.4224 0.5380 0.4224
4 0.0409 0.1120 0.0640 0.1120 0.0640 0.1280 0.0409 0.1280
4 0.8746 0.4088 0.9269 0.4088 0.9269 0.4408 0.8746 0.4408
4 0.1640 0.0912 0.1703 0.0912 0.1703 0.1072 0.1640 0.1072
4 0.4097 0.4104 0.4291 0.4104 0.4291 0.4248 0.4097 0.4248
6 0.1871 0.2456 0.3783 0.2456 0.3783 0.3804 0.1871 0.3804
6 0.0729 0.3912 0.0906 0.3912 0.0906 0.4164 0.0729 0.4164
6 0.1197 0.7744 0.1374 0.7744 0.1374 0.7996 0.1197 0.7996
6 0.9226 0.6404 0.9571 0.6404 0.9571 0.6516 0.9226 0.6516
7 0.6037 0.9060 0.6106 0.9060 0.6106 0.9244 0.6037 0.9244
7 0.9523 0.5524 0.9654 0.5524 0.9654 0.6000 0.9523 0.6000
7 0.9117 0.8288 0.9377 0.8288 0.9377 0.8408 0.9117 0.8408
7 0.5706 0.8604 0.6180 0.8604 0.6180 0.8992 0.5706 0.8992
9 0.7689 0.0204 0.8311 0.0204 0.8311 0.2260 0.7689 0.2260
9 0.1866 0.1360 0.2243 0.1360 0.2243 0.2676 0.1866 0.2676
9 0.8811 0.6140 0.9966 0.6140 0.9966 0.6516 0.8811 0.6516
9 0.0649 0.4224 0.1806 0.4224 0.1806 0.4604 0.0649 0.4604
12 0.4580 0.2320 0.4803 0.2320 0.4803 0.4920 0.4580 0.4920
12 0.0297 0.5544 0.0643 0.5544 0.0643 0.7088 0.0297 0.7088
12 0.0640 0.1288 0.1771 0.1288 0.1771 0.1596 0.0640 0.1596
12 0.4014 0.5396 0.4360 0.5396 0.4360 0.6940 0.4014 0.6940
13 0.4409 0.4832 0.4506 0.4832 0.4506 0.4924 0.4409 0.4924
13 0.8534 0.2112 0.8706 0.2112 0.8706 0.2272 0.8534 0.2272
13 0.4631 0.9040 0.6354 0.9040 0.6354 0.9496 0.4631 0.9496
13 0.3249 0.1336 0.3466 0.1336 0.3466 0.1892 0.3249 0.1892
15 0.2889 0.5348 0.3317 0.5348 0.3317 0.5972 0.2889 0.5972
15 0.8969 0.8688 0.9311 0.8688 0.9311 0.9164 0.8969 0.9164
15 0.1043 0.7496 0.1734 0.7496 0.1734 0.8528 0.1043 0.8528
15 0.0740 0.8952 0.1471 0.8952 0.1471 0.9672 0.0740 0.9672
