0 0.7526 0.5468 0.8200 0.5468 0.8200 0.6008 0.7526 0.6008
0 0.2380 0.4672 0.3046 0.4672 0.3046 0.5376 0.2380 0.5376
0 0.0226 0.3832 0.1271 0.3832 0.1271 0.8140 0.0226 0.8140
0 0.6503 0.0296 0.7980 0.0296 0.7980 0.5220 0.6503 0.5220
1 0.9343 0.8440 0.9371 0.8440 0.9371 0.8996 0.9343 0.8996
1 0.3640 0.6576 0.3703 0.6576 0.3703 0.7388 0.3640 0.7388
1 0.0751 0.7524 0.0800 0.7524 0.0800 0.7944 0.0751 0.7944
1 0.2897 0.9440 0.3069 0.9440 0.3069 0.9484 0.2897 0.9484
2 0.4457 0.6388 0.7786 0.6388 0.7786 0.7204 0.4457 0.7204
2 0.3617 0.1864 0.4060 0.1864 0.4060 0.1996 0.3617 0.1996
2 0.9040 0.7500 0.9626 0.7500 0.9626 0.8324 0.9040 0.8324
2 0.3040 0.0896 0.3114 0.0896 0.3114 0.1320 0.3040 0.1320
3 0.4746 0.6116 0.4849 0.6116 0.4849 0.6844 0.4746 0.6844
3 0.0880 0.4936 0.1017 0.4936 0.1017 0.5960 0.0880 0.5960
3 0.7234 0.0852 0.7406 0.0852 0.7406 0.2072 0.7234 0.2072
3 0.1066 0.8692 0.1169 0.8692 0.1169 0.9420 0.1066 0.9420
4 0.8931 0.5136 0.9134 0.5136 0.9134 0.5272 0.8931 0.5272
4 0.6683 0.3976 0.6797 0.3976 0.6797 0.4128 0.6683 0.4128
4 0.8231 0.7004 0.8343 0.7004 0.8343 0.7108 0.8231 0.7108
4 0.6889 0.1596 0.7060 0.1596 0.7060 0.2040 0.6889 0.2040
6 0.3620 0.7000 0.4294 0.7000 0.4294 0.8900 0.3620 0.8900
6 0.9297 0.5120 0.9643 0.5120 0.9643 0.5232 0.9297 0.5232
6 0.5869 0.0464 0.7780 0.0464 0.7780 0.1812 0.5869 0.1812
6 0.1734 0.2008 0.2389 0.2008 0.2389 0.2316 0.1734 0.2316
7 0.9603 0.9568 0.9706 0.9568 0.9706 0.9980 0.9603 0.9980
7 0.8551 0.7404 0.8823 0.7404 0.8823 0.8680 0.8551 0.8680
7 0.3983 0.9448 0.4114 0.9448 0.4114 0.9924 0.3983 0.9924
7 0.9609 0.3696 0.9689 0.3696 0.9689 0.3912 0.9609 0.3912
9 0.6731 0.1052 0.7960 0.1052 0.7960 0.1528 0.6731 0.1528
9 0.6991 0.7460 0.7394 0.7460 0.7394 0.9424 0.6991 0.9424
9 0.3966 0.8208 0.4343 0.8208 0.4343 0.9524 0.3966 0.9524
9 0.2020 0.2628 0.3177 0.2628 0.3177 0.3008 0.2020 0.3008
12 0.9071 0.5588 0.9791 0.5588 0.9791 0.5908 0.9071 0.5908
12 0.5251 0.4508 0.5337 0.4508 0.5337 0.7480 0.5251 0.7480
12 0.6463 0.2456 0.6669 0.2456 0.6669 0.3904 0.6463 0.3904
12 0.8506 0.3168 0.8751 0.3168 0.8751 0.4420 0.8506 0.4420
13 0.6169 0.2884 0.6569 0.2884 0.6569 0.3132 0.6169 0.3132
13 0.8174 0.1572 0.8406 0.1572 0.8406 0.1752 0.8174 0.1752
13 0.6000 0.2508 0.6051 0.2508 0.6051 0.2700 0.6000 0.2700
13 0.7729 0.7860 0.7900 0.7860 0.7900 0.7924 0.7729 0.7924
15 0.5663 0.0328 0.6257 0.0328 0.6257 0.0952 0.5663 0.0952
15 0.1529 0.6132 0.2571 0.6132 0.2571 0.7256 0.1529 0.7256
15 0.8443 0.3896 0.9486 0.3896 0.9486 0.5020 0.8443 0.5020
15 0.6100 0.2820 0.6694 0.2820 0.6694 0.3512 0.6100 0.3512
