0 0.4409 0.2284 0.6086 0.2284 0.6086 0.5216 0.4409 0.5216
0 0.0180 0.5436 0.1191 0.5436 0.1191 0.6936 0.0180 0.6936
0 0.5494 0.4872 0.7014 0.4872 0.7014 0.8748 0.5494 0.8748
0 0.7380 0.5752 0.9666 0.5752 0.9666 0.6600 0.7380 0.6600
1 0.9174 0.0856 0.9206 0.0856 0.9206 0.1108 0.9174 0.1108
1 0.0086 0.1612 0.0229 0.1612 0.0229 0.1920 0.0086 0.1920
1 0.6423 0.0996 0.6566 0.0996 0.6566 0.1304 0.6423 0.1304
1 0.8449 0.8632 0.8560 0.8632 0.8560 0.9000 0.8449 0.9000
2 0.0106 0.3632 0.0414 0.3632 0.0414 0.4956 0.0106 0.4956
2 0.6126 0.2320 0.6434 0.2320 0.6434 0.3644 0.6126 0.3644
2 0.7840 0.5852 0.8597 0.5852 0.8597 0.6380 0.7840 0.6380
2 0.7886 0.0060 0.8063 0.0060 0.8063 0.0424 0.7886 0.0424
3 0.6123 0.6064 0.7074 0.6064 0.7074 0.6288 0.6123 0.6288
3 0.8417 0.8040 0.9369 0.8040 0.9369 0.8264 0.8417 0.8264
3 0.3689 0.4304 0.4634 0.4304 0.4634 0.4536 0.3689 0.4536
3 0.6557 0.9600 0.7509 0.9600 0.7509 0.9824 0.6557 0.9824
4 0.1209 0.6716 0.1277 0.6716 0.1277 0.7468 0.1209 0.7468
4 0.9046 0.6012 0.9240 0.6012 0.9240 0.6156 0.9046 0.6156
4 0.1954 0.1064 0.2240 0.1064 0.2240 0.1136 0.1954 0.1136
4 0.3180 0.4568 0.3349 0.4568 0.3349 0.4652 0.3180 0.4652
6 0.5697 0.3092 0.5874 0.3092 0.5874 0.3344 0.5697 0.3344
6 0.5683 0.3808 0.5860 0.3808 0.5860 0.4060 0.5683 0.4060
6 0.0046 0.5460 0.0223 0.5460 0.0223 0.5712 0.0046 0.5712
6 0.5517 0.7600 0.7429 0.7600 0.7429 0.8948 0.5517 0.8948
7 0.7414 0.9080 0.8111 0.9080 0.8111 0.9204 0.7414 0.9204
7 0.5029 0.0464 0.5180 0.0464 0.5180 0.0540 0.5029 0.0540
7 0.9006 0.3940 0.9271 0.3940 0.9271 0.4520 0.9006 0.4520
7 0.4477 0.1400 0.4831 0.1400 0.4831 0.2104 0.4477 0.2104
9 0.0129 0.3056 0.1183 0.3056 0.1183 0.3660 0.0129 0.3660
9 0.0823 0.6716 0.1980 0.6716 0.1980 0.7096 0.0823 0.7096
9 0.1129 0.2264 0.1506 0.2264 0.1506 0.3580 0.1129 0.3580
9 0.8823 0.4060 0.9266 0.4060 0.9266 0.6344 0.8823 0.6344
12 0.7771 0.6880 0.9817 0.6880 0.9817 0.7236 0.7771 0.7236
12 0.2489 0.2344 0.3620 0.2344 0.3620 0.2652 0.2489 0.2652
12 0.8440 0.3476 0.9234 0.3476 0.9234 0.3908 0.8440 0.3908
12 0.8000 0.2180 0.8206 0.2180 0.8206 0.3628 0.8000 0.3628
13 0.0194 0.7020 0.0291 0.7020 0.0291 0.7112 0.0194 0.7112
13 0.2306 0.5756 0.2706 0.5756 0.2706 0.6004 0.2306 0.6004
13 0.3840 0.6044 0.3909 0.6044 0.3909 0.6512 0.3840 0.6512
13 0.8249 0.7804 0.8403 0.7804 0.8403 0.8036 0.8249 0.8036
15 0.6194 0.1160 0.6406 0.1160 0.6406 0.1992 0.6194 0.1992
15 0.2337 0.7772 0.2680 0.7772 0.2680 0.8248 0.2337 0.8248
15 0.3703 0.7796 0.3997 0.7796 0.3997 0.8392 0.3703 0.8392
15 0.4251 0.1904 0.4817 0.1904 0.4817 0.2736 0.4251 0.2736
