0 0.8326 0.3076 0.9454 0.3076 0.9454 0.5000 0.8326 0.5000
0 0.1120 0.1848 0.2500 0.1848 0.2500 0.3444 0.1120 0.3444
0 0.0083 0.5512 0.0757 0.5512 0.0757 0.6052 0.0083 0.6052
0 0.3620 0.1064 0.5297 0.1064 0.5297 0.3996 0.3620 0.3996
1 0.3340 0.5656 0.3471 0.5656 0.3471 0.5920 0.3340 0.5920
1 0.3823 0.8488 0.3854 0.8488 0.3854 0.8740 0.3823 0.8740
1 0.3343 0.1296 0.3374 0.1296 0.3374 0.1548 0.3343 0.1548
1 0.8911 0.1400 0.8931 0.1400 0.8931 0.1756 0.8911 0.1756
2 0.7320 0.8108 0.7629 0.8108 0.7629 0.8344 0.7320 0.8344
2 0.0951 0.4980 0.2589 0.4980 0.2589 0.5568 0.0951 0.5568
2 0.1451 0.4944 0.3089 0.4944 0.3089 0.5532 0.1451 0.5532
2 0.4783 0.3160 0.5274 0.3160 0.5274 0.3588 0.4783 0.3588
3 0.7403 0.5028 0.8197 0.5028 0.8197 0.5276 0.7403 0.5276
3 0.9086 0.3236 0.9189 0.3236 0.9189 0.3964 0.9086 0.3964
3 0.4169 0.6256 0.5120 0.6256 0.5120 0.6480 0.4169 0.6480
3 0.1594 0.4852 0.2534 0.4852 0.2534 0.5076 0.1594 0.5076
4 0.3114 0.2696 0.3157 0.2696 0.3157 0.3148 0.3114 0.3148
4 0.5440 0.1112 0.5497 0.1112 0.5497 0.1180 0.5440 0.1180
4 0.0457 0.3976 0.0657 0.3976 0.0657 0.4420 0.0457 0.4420
4 0.2603 0.3824 0.2706 0.3824 0.2706 0.3888 0.2603 0.3888
6 0.3214 0.2480 0.3869 0.2480 0.3869 0.2788 0.3214 0.2788
6 0.4671 0.1656 0.5017 0.1656 0.5017 0.1768 0.4671 0.1768
6 0.8154 0.0840 0.8651 0.0840 0.8651 0.1308 0.8154 0.1308
6 0.3571 0.1640 0.4246 0.1640 0.4246 0.3540 0.3571 0.3540
7 0.9440 0.9520 0.9483 0.9520 0.9483 0.9752 0.9440 0.9752
7 0.4797 0.2508 0.5069 0.2508 0.5069 0.3784 0.4797 0.3784
7 0.2891 0.6500 0.3046 0.6500 0.3046 0.6624 0.2891 0.6624
7 0.1757 0.6344 0.2309 0.6344 0.2309 0.6636 0.1757 0.6636
9 0.4211 0.1548 0.4726 0.1548 0.4726 0.3244 0.4211 0.3244
9 0.2746 0.2052 0.3163 0.2052 0.3163 0.4144 0.2746 0.4144
9 0.9597 0.6692 0.9897 0.6692 0.9897 0.8448 0.9597 0.8448
9 0.6840 0.7224 0.7894 0.7224 0.7894 0.7828 0.6840 0.7828
12 0.5703 0.3588 0.5757 0.3588 0.5757 0.5604 0.5703 0.5604
12 0.5931 0.5260 0.6137 0.5260 0.6137 0.6708 0.5931 0.6708
12 0.9157 0.1024 0.9877 0.1024 0.9877 0.1344 0.9157 0.1344
12 0.1680 0.0752 0.1971 0.0752 0.1971 0.0996 0.1680 0.0996
13 0.9297 0.8828 0.9691 0.8828 0.9691 0.9076 0.9297 0.9076
13 0.6371 0.5632 0.6503 0.5632 0.6503 0.5744 0.6371 0.5744
13 0.8091 0.8204 0.8114 0.8204 0.8114 0.9456 0.8091 0.9456
13 0.1600 0.3576 0.1726 0.3576 0.1726 0.3720 0.1600 0.3720
15 0.4077 0.8164 0.5023 0.8164 0.5023 0.8976 0.4077 0.8976
15 0.6389 0.3228 0.7080 0.3228 0.7080 0.4260 0.6389 0.4260
15 0.1477 0.3864 0.2020 0.3864 0.2020 0.4592 0.1477 0.4592
15 0.2760 0.3524 0.2971 0.3524 0.2971 0.4356 0.2760 0.4356
