0 0.0954 0.1192 0.1966 0.1192 0.1966 0.2692 0.0954 0.2692
0 0.8269 0.1212 0.9274 0.1212 0.9274 0.3244 0.8269 0.3244
0 0.7454 0.2824 0.8583 0.2824 0.8583 0.4748 0.7454 0.4748
0 0.8074 0.3588 0.9120 0.3588 0.9120 0.7896 0.8074 0.7896
1 0.7060 0.9044 0.7109 0.9044 0.7109 0.9464 0.7060 0.9464
1 0.3974 0.0740 0.4174 0.0740 0.4174 0.0824 0.3974 0.0824
1 0.9280 0.2728 0.9380 0.2728 0.9380 0.3796 0.9280 0.3796
1 0.5437 0.1672 0.5537 0.1672 0.5537 0.2740 0.5437 0.2740
2 0.9223 0.3176 0.9980 0.3176 0.9980 0.3704 0.9223 0.3704
2 0.2620 0.7700 0.2974 0.7700 0.2974 0.7884 0.2620 0.7884
2 0.0194 0.6872 0.0269 0.6872 0.0269 0.7296 0.0194 0.7296
2 0.6429 0.7896 0.6637 0.7896 0.6637 0.8624 0.6429 0.8624
3 0.5794 0.8016 0.5957 0.8016 0.5957 0.9264 0.5794 0.9264
3 0.4729 0.1928 0.5674 0.1928 0.5674 0.2160 0.4729 0.2160
3 0.2420 0.7160 0.3114 0.7160 0.3114 0.7344 0.2420 0.7344
3 0.4443 0.1124 0.4614 0.1124 0.4614 0.2344 0.4443 0.2344
4 0.3091 0.7128 0.3343 0.7128 0.3343 0.7264 0.3091 0.7264
4 0.6691 0.0880 0.6846 0.0880 0.6846 0.1264 0.6691 0.1264
4 0.7271 0.7460 0.7351 0.7460 0.7351 0.7716 0.7271 0.7716
4 0.8166 0.8816 0.8689 0.8816 0.8689 0.9136 0.8166 0.9136
6 0.2869 0.1928 0.3366 0.1928 0.3366 0.2396 0.2869 0.2396
6 0.9617 0.4496 0.9963 0.4496 0.9963 0.4608 0.9617 0.4608
6 0.5266 0.7012 0.5851 0.7012 0.5851 0.7836 0.5266 0.7836
6 0.6629 0.2368 0.8540 0.2368 0.8540 0.3716 0.6629 0.3716
7 0.2709 0.8632 0.3051 0.8632 0.3051 0.8732 0.2709 0.8732
7 0.3980 0.1100 0.4329 0.1100 0.4329 0.2188 0.3980 0.2188
7 0.4303 0.0472 0.4446 0.0472 0.4446 0.1476 0.4303 0.1476
7 0.3146 0.7040 0.3226 0.7040 0.3226 0.7224 0.3146 0.7224
9 0.0071 0.3256 0.1126 0.3256 0.1126 0.3860 0.0071 0.3860
9 0.6783 0.6932 0.8986 0.6932 0.8986 0.7656 0.6783 0.7656
9 0.4257 0.4828 0.4674 0.4828 0.4674 0.6920 0.4257 0.6920
9 0.7871 0.2536 0.8249 0.2536 0.8249 0.3852 0.7871 0.3852
12 0.7386 0.7300 0.8429 0.7300 0.8429 0.7716 0.7386 0.7716
12 0.3654 0.9132 0.4263 0.9132 0.4263 0.9488 0.3654 0.9488
12 0.2386 0.3708 0.2617 0.3708 0.2617 0.4856 0.2386 0.4856
12 0.4723 0.2528 0.4986 0.2528 0.4986 0.5352 0.4723 0.5352
13 0.6714 0.4852 0.6806 0.4852 0.6806 0.4936 0.6714 0.4936
13 0.6966 0.7336 0.7329 0.7336 0.7329 0.7988 0.6966 0.7988
13 0.7423 0.5536 0.7834 0.5536 0.7834 0.5832 0.7423 0.5832
13 0.3003 0.6620 0.3414 0.6620 0.3414 0.6916 0.3003 0.6916
15 0.1757 0.7816 0.2466 0.7816 0.2466 0.8776 0.1757 0.8776
15 0.8380 0.4752 0.8974 0.4752 0.8974 0.5444 0.8380 0.5444
15 0.4834 0.5324 0.5780 0.5324 0.5780 0.6136 0.4834 0.6136
15 0.3991 0.4924 0.4691 0.4924 0.4691 0.6112 0.3991 0.6112
