0 0.3726 0.4596 0.4271 0.4596 0.4271 0.6976 0.3726 0.6976
0 0.4563 0.2572 0.5857 0.2572 0.5857 0.6384 0.4563 0.6384
0 0.7963 0.2264 0.8509 0.2264 0.8509 0.4644 0.7963 0.4644
0 0.7683 0.7640 0.9569 0.7640 0.9569 0.8668 0.7683 0.8668
1 0.9774 0.1420 0.9900 0.1420 0.9900 0.1528 0.9774 0.1528
1 0.4166 0.6796 0.4380 0.6796 0.4380 0.6912 0.4166 0.6912
1 0.9240 0.4400 0.9260 0.4400 0.9260 0.4756 0.9240 0.4756
1 0.7629 0.1440 0.7754 0.1440 0.7754 0.1548 0.7629 0.1548
2 0.2786 0.5020 0.3097 0.5020 0.3097 0.8644 0.2786 0.8644
2 0.5331 0.6356 0.6097 0.6356 0.6097 0.8460 0.5331 0.8460
2 0.5294 0.2600 0.7740 0.2600 0.7740 0.3196 0.5294 0.3196
2 0.5666 0.6036 0.6563 0.6036 0.6563 0.7268 0.5666 0.7268
3 0.5657 0.7940 0.5720 0.7940 0.5720 0.8960 0.5657 0.8960
3 0.9006 0.8372 0.9800 0.8372 0.9800 0.8620 0.9006 0.8620
3 0.1740 0.9080 0.2534 0.9080 0.2534 0.9328 0.1740 0.9328
3 0.6263 0.2468 0.6434 0.2468 0.6434 0.3136 0.6263 0.3136
4 0.4103 0.4672 0.4477 0.4672 0.4477 0.4708 0.4103 0.4708
4 0.3189 0.0084 0.3300 0.0084 0.3300 0.0180 0.3189 0.0180
4 0.4789 0.6376 0.5311 0.6376 0.5311 0.6696 0.4789 0.6696
4 0.4726 0.2580 0.4811 0.2580 0.4811 0.2712 0.4726 0.2712
6 0.5634 0.0684 0.6131 0.0684 0.6131 0.1152 0.5634 0.1152
6 0.5700 0.2220 0.6286 0.2220 0.6286 0.3044 0.5700 0.3044
6 0.3803 0.7188 0.4149 0.7188 0.4149 0.7300 0.3803 0.7300
6 0.7877 0.0996 0.8551 0.0996 0.8551 0.2896 0.7877 0.2896
7 0.1723 0.0480 0.1806 0.0480 0.1806 0.1156 0.1723 0.1156
7 0.9523 0.3908 0.9940 0.3908 0.9940 0.4968 0.9523 0.4968
7 0.4560 0.5112 0.4974 0.5112 0.4974 0.5880 0.4560 0.5880
7 0.4877 0.2740 0.5017 0.2740 0.5017 0.3424 0.4877 0.3424
9 0.8580 0.3052 0.8954 0.3052 0.8954 0.4924 0.8580 0.4924
9 0.6309 0.9076 0.7466 0.9076 0.7466 0.9456 0.6309 0.9456
9 0.1223 0.5044 0.1943 0.5044 0.1943 0.7368 0.1223 0.7368
9 0.7111 0.0688 0.8269 0.0688 0.8269 0.1068 0.7111 0.1068
12 0.5880 0.0520 0.6489 0.0520 0.6489 0.0876 0.5880 0.0876
12 0.3154 0.5192 0.3386 0.5192 0.3386 0.6340 0.3154 0.6340
12 0.7240 0.6888 0.7446 0.6888 0.7446 0.9272 0.7240 0.9272
12 0.8540 0.3688 0.8771 0.3688 0.8771 0.5524 0.8540 0.5524
13 0.0254 0.0572 0.0346 0.0572 0.0346 0.0656 0.0254 0.0656
13 0.5177 0.5588 0.6037 0.5588 0.6037 0.5664 0.5177 0.5664
13 0.6997 0.3164 0.7360 0.3164 0.7360 0.3816 0.6997 0.3816
13 0.7671 0.3648 0.8426 0.3648 0.8426 0.4068 0.7671 0.4068
15 0.1171 0.7444 0.1863 0.7444 0.1863 0.8476 0.1171 0.8476
15 0.7191 0.7076 0.7531 0.7076 0.7531 0.7556 0.7191 0.7556
15 0.2600 0.1192 0.3343 0.1192 0.3343 0.1796 0.2600 0.1796
15 0.3811 0.0760 0.4377 0.0760 0.4377 0.1592 0.3811 0.1592
