0 0.0980 0.0812 0.1991 0.0812 0.1991 0.2312 0.0980 0.2312
0 0.1006 0.5404 0.2386 0.5404 0.2386 0.7000 0.1006 0.7000
0 0.6340 0.2240 0.7006 0.2240 0.7006 0.7396 0.6340 0.7396
0 0.5889 0.2740 0.7117 0.2740 0.7117 0.7112 0.5889 0.7112
1 0.2646 0.1664 0.2894 0.1664 0.2894 0.1712 0.2646 0.1712
1 0.5277 0.2992 0.5351 0.2992 0.5351 0.3264 0.5277 0.3264
1 0.8014 0.7580 0.8089 0.7580 0.8089 0.7852 0.8014 0.7852
1 0.8294 0.0492 0.8323 0.0492 0.8323 0.0744 0.8294 0.0744
2 0.6609 0.2196 0.6963 0.2196 0.6963 0.2380 0.6609 0.2380
2 0.5629 0.4304 0.5946 0.4304 0.5946 0.5088 0.5629 0.5088
2 0.3303 0.4444 0.3860 0.4444 0.3860 0.4852 0.3303 0.4852
2 0.8640 0.3816 0.9537 0.3816 0.9537 0.5048 0.8640 0.5048
3 0.3603 0.7488 0.3706 0.7488 0.3706 0.8216 0.3603 0.8216
3 0.8580 0.4284 0.9074 0.4284 0.9074 0.4452 0.8580 0.4452
3 0.8774 0.6228 0.9326 0.6228 0.9326 0.6420 0.8774 0.6420
3 0.7951 0.2028 0.8114 0.2028 0.8114 0.3276 0.7951 0.3276
4 0.7029 0.2516 0.7254 0.2516 0.7254 0.2648 0.7029 0.2648
4 0.8254 0.2148 0.8646 0.2148 0.8646 0.2244 0.8254 0.2244
4 0.9643 0.3740 0.9706 0.3740 0.9706 0.3900 0.9643 0.3900
4 0.7329 0.6012 0.7440 0.6012 0.7440 0.6116 0.7329 0.6116
6 0.3606 0.4360 0.4191 0.4360 0.4191 0.5184 0.3606 0.5184
6 0.3711 0.5492 0.4297 0.5492 0.4297 0.6316 0.3711 0.6316
6 0.0583 0.6688 0.1237 0.6688 0.1237 0.6996 0.0583 0.6996
6 0.2569 0.1132 0.3223 0.1132 0.3223 0.1440 0.2569 0.1440
7 0.4891 0.8680 0.5029 0.8680 0.5029 0.9160 0.4891 0.9160
7 0.6771 0.8404 0.6897 0.8404 0.6897 0.8872 0.6771 0.8872
7 0.4309 0.7764 0.4417 0.7764 0.4417 0.8236 0.4309 0.8236
7 0.3729 0.0204 0.3774 0.0204 0.3774 0.0576 0.3729 0.0576
9 0.1740 0.1152 0.2040 0.1152 0.2040 0.2908 0.1740 0.2908
9 0.7263 0.7728 0.7640 0.7728 0.7640 0.9044 0.7263 0.9044
9 0.5340 0.5032 0.5854 0.5032 0.5854 0.6728 0.5340 0.6728
9 0.1994 0.1608 0.2566 0.1608 0.2566 0.2152 0.1994 0.2152
12 0.0529 0.2624 0.0760 0.2624 0.0760 0.4460 0.0529 0.4460
12 0.4180 0.2844 0.4566 0.2844 0.4566 0.3208 0.4180 0.3208
12 0.4229 0.6524 0.4491 0.6524 0.4491 0.9348 0.4229 0.9348
12 0.0151 0.3424 0.0871 0.3424 0.0871 0.3744 0.0151 0.3744
13 0.6594 0.5548 0.6806 0.5548 0.6806 0.5748 0.6594 0.5748
13 0.9660 0.0564 0.9714 0.0564 0.9714 0.2744 0.9660 0.2744
13 0.4177 0.9252 0.4229 0.9252 0.4229 0.9444 0.4177 0.9444
13 0.2760 0.7604 0.2931 0.7604 0.2931 0.7916 0.2760 0.7916
15 0.9609 0.8044 0.9889 0.8044 0.9889 0.8572 0.9609 0.8572
15 0.5683 0.7836 0.5974 0.7836 0.5974 0.8376 0.5683 0.8376
15 0.5963 0.1648 0.6529 0.1648 0.6529 0.2480 0.5963 0.2480
15 0.6783 0.3244 0.7514 0.3244 0.7514 0.4092 0.6783 0.4092
