0 0.0406 0.5720 0.2083 0.5720 0.2083 0.8652 0.0406 0.8652
0 0.8009 0.2588 0.9054 0.2588 0.9054 0.6896 0.8009 0.6896
0 0.4454 0.2572 0.7691 0.2572 0.7691 0.3372 0.4454 0.3372
0 0.1297 0.5800 0.2629 0.5800 0.2629 0.9464 0.1297 0.9464
1 0.2514 0.4144 0.2729 0.4144 0.2729 0.4260 0.2514 0.4260
1 0.3520 0.1716 0.3646 0.1716 0.3646 0.1824 0.3520 0.1824
1 0.5749 0.3248 0.5949 0.3248 0.5949 0.3332 0.5749 0.3332
1 0.1649 0.2104 0.1723 0.2104 0.1723 0.2376 0.1649 0.2376
2 0.7500 0.5604 0.7614 0.5604 0.7614 0.5852 0.7500 0.5852
2 0.5680 0.8324 0.6146 0.8324 0.6146 0.9452 0.5680 0.9452
2 0.2083 0.2728 0.2686 0.2728 0.2686 0.3044 0.2083 0.3044
2 0.1811 0.3072 0.2929 0.3072 0.2929 0.3608 0.1811 0.3608
3 0.3043 0.9204 0.3146 0.9204 0.3146 0.9932 0.3043 0.9932
3 0.9677 0.5396 0.9780 0.5396 0.9780 0.6124 0.9677 0.6124
3 0.1046 0.6900 0.1183 0.6900 0.1183 0.7924 0.1046 0.7924
3 0.3663 0.4904 0.4357 0.4904 0.4357 0.5088 0.3663 0.5088
4 0.7800 0.2404 0.7886 0.2404 0.7886 0.2848 0.7800 0.2848
4 0.7783 0.3752 0.7840 0.3752 0.7840 0.3820 0.7783 0.3820
4 0.8223 0.5644 0.8431 0.5644 0.8431 0.5788 0.8223 0.5788
4 0.5909 0.2944 0.5949 0.2944 0.5949 0.2996 0.5909 0.2996
6 0.5117 0.5180 0.7029 0.5180 0.7029 0.6528 0.5117 0.6528
6 0.8503 0.8644 0.9157 0.8644 0.9157 0.8952 0.8503 0.8952
6 0.3494 0.0088 0.3991 0.0088 0.3991 0.0556 0.3494 0.0556
6 0.0069 0.5900 0.0654 0.5900 0.0654 0.6724 0.0069 0.6724
7 0.4386 0.5844 0.4837 0.5844 0.4837 0.6020 0.4386 0.6020
7 0.0406 0.7980 0.0520 0.7980 0.0520 0.8760 0.0406 0.8760
7 0.7280 0.2452 0.7431 0.2452 0.7431 0.2528 0.7280 0.2528
7 0.3100 0.8088 0.3203 0.8088 0.3203 0.8696 0.3100 0.8696
9 0.3343 0.2944 0.5060 0.2944 0.5060 0.3984 0.3343 0.3984
9 0.6551 0.6908 0.6954 0.6908 0.6954 0.8872 0.6551 0.8872
9 0.2714 0.2708 0.3426 0.2708 0.3426 0.4736 0.2714 0.4736
9 0.8363 0.7744 0.9591 0.7744 0.9591 0.8220 0.8363 0.8220
12 0.0997 0.7392 0.1177 0.7392 0.1177 0.8304 0.0997 0.8304
12 0.7549 0.6812 0.7860 0.6812 0.7860 0.7084 0.7549 0.7084
12 0.6651 0.0924 0.6997 0.0924 0.6997 0.2468 0.6651 0.2468
12 0.1840 0.8240 0.2114 0.8240 0.2114 0.9364 0.1840 0.9364
13 0.3883 0.7580 0.4206 0.7580 0.4206 0.7728 0.3883 0.7728
13 0.0886 0.8628 0.0977 0.8628 0.0977 0.8712 0.0886 0.8712
13 0.4820 0.8212 0.4891 0.8212 0.4891 0.8676 0.4820 0.8676
13 0.1431 0.0920 0.1537 0.0920 0.1537 0.1056 0.1431 0.1056
15 0.7594 0.8456 0.8843 0.8456 0.8843 0.9488 0.7594 0.9488
15 0.8434 0.6160 0.8966 0.6160 0.8966 0.6780 0.8434 0.6780
15 0.3849 0.8424 0.4549 0.8424 0.4549 0.9612 0.3849 0.9612
15 0.8049 0.4816 0.8383 0.4816 0.8383 0.5296 0.8049 0.5296
