0 0.3071 0.2384 0.6103 0.2384 0.6103 0.4296 0.3071 0.4296
0 0.8431 0.5076 0.9951 0.5076 0.9951 0.8952 0.8431 0.8952
0 0.8486 0.0940 0.9963 0.0940 0.9963 0.5864 0.8486 0.5864
0 0.3706 0.1996 0.5591 0.1996 0.5591 0.3024 0.3706 0.3024
1 0.7669 0.8908 0.7717 0.8908 0.7717 0.9328 0.7669 0.9328
1 0.1200 0.6496 0.1326 0.6496 0.1326 0.6604 0.1200 0.6604
1 0.5509 0.1384 0.5537 0.1384 0.5537 0.1940 0.5509 0.1940
1 0.5566 0.8108 0.5697 0.8108 0.5697 0.8372 0.5566 0.8372
2 0.3469 0.0096 0.4226 0.0096 0.4226 0.0624 0.3469 0.0624
2 0.3809 0.9280 0.4926 0.9280 0.4926 0.9816 0.3809 0.9816
2 0.5674 0.0204 0.6117 0.0204 0.6117 0.0336 0.5674 0.0336
2 0.4260 0.8536 0.4897 0.8536 0.4897 0.8748 0.4260 0.8748
3 0.3509 0.8500 0.3611 0.8500 0.3611 0.9228 0.3509 0.9228
3 0.1566 0.3232 0.1737 0.3232 0.1737 0.3900 0.1566 0.3900
3 0.0563 0.0120 0.0666 0.0120 0.0666 0.0848 0.0563 0.0848
3 0.4529 0.5116 0.4631 0.5116 0.4631 0.5844 0.4529 0.5844
4 0.2149 0.7476 0.2320 0.7476 0.2320 0.7876 0.2149 0.7876
4 0.3117 0.1224 0.3189 0.1224 0.3189 0.1672 0.3117 0.1672
4 0.6517 0.8180 0.6669 0.8180 0.6669 0.8584 0.6517 0.8584
4 0.4769 0.4584 0.4923 0.4584 0.4923 0.4968 0.4769 0.4968
6 0.5183 0.1932 0.5680 0.1932 0.5680 0.2400 0.5183 0.2400
6 0.9197 0.3564 0.9374 0.3564 0.9374 0.3816 0.9197 0.3816
6 0.6486 0.3428 0.7071 0.3428 0.7071 0.4252 0.6486 0.4252
6 0.1543 0.7488 0.3454 0.7488 0.3454 0.8836 0.1543 0.8836
7 0.6840 0.6028 0.7080 0.6028 0.7080 0.6852 0.6840 0.6852
7 0.1323 0.2556 0.1386 0.2556 0.1386 0.2796 0.1323 0.2796
7 0.8437 0.2184 0.8566 0.2184 0.8566 0.2544 0.8437 0.2544
7 0.6180 0.4644 0.6414 0.4644 0.6414 0.4732 0.6180 0.4732
9 0.6466 0.5364 0.7186 0.5364 0.7186 0.7688 0.6466 0.7688
9 0.4706 0.5668 0.5080 0.5668 0.5080 0.7540 0.4706 0.7540
9 0.6854 0.6148 0.9057 0.6148 0.9057 0.6872 0.6854 0.6872
9 0.4297 0.5976 0.4597 0.5976 0.4597 0.7732 0.4297 0.7732
12 0.5423 0.0216 0.5769 0.0216 0.5769 0.1760 0.5423 0.1760
12 0.4814 0.6080 0.5077 0.6080 0.5077 0.8904 0.4814 0.8904
12 0.3631 0.4304 0.3894 0.4304 0.3894 0.7128 0.3631 0.7128
12 0.8406 0.5604 0.9200 0.5604 0.9200 0.6036 0.8406 0.6036
13 0.6689 0.5280 0.6737 0.5280 0.6737 0.5464 0.6689 0.5464
13 0.1180 0.1980 0.1443 0.1980 0.1443 0.2436 0.1180 0.2436
13 0.8560 0.3792 0.9026 0.3792 0.9026 0.4212 0.8560 0.4212
13 0.1123 0.4908 0.1294 0.4908 0.1294 0.4972 0.1123 0.4972
15 0.4083 0.6924 0.5331 0.6924 0.5331 0.7956 0.4083 0.7956
15 0.1614 0.1596 0.2560 0.1596 0.2560 0.2408 0.1614 0.2408
15 0.1360 0.1368 0.1823 0.1368 0.1823 0.2052 0.1360 0.2052
15 0.7880 0.6120 0.8160 0.6120 0.8160 0.6648 0.7880 0.6648
