0 0.1051 0.2784 0.1394 0.2784 0.1394 0.7344 0.1051 0.7344
0 0.8949 0.2372 0.9291 0.2372 0.9291 0.6932 0.8949 0.6932
0 0.4077 0.7320 0.5206 0.7320 0.5206 0.9244 0.4077 0.9244
0 0.0851 0.0860 0.1920 0.0860 0.1920 0.4900 0.0851 0.4900
1 0.7469 0.0968 0.7500 0.0968 0.7500 0.1220 0.7469 0.1220
1 0.7417 0.1120 0.7517 0.1120 0.7517 0.2188 0.7417 0.2188
1 0.5654 0.1724 0.5717 0.1724 0.5717 0.2536 0.5654 0.2536
1 0.4417 0.7472 0.4529 0.7472 0.4529 0.7840 0.4417 0.7840
2 0.5129 0.1420 0.5529 0.1420 0.5529 0.2560 0.5129 0.2560
2 0.9271 0.7248 0.9977 0.7248 0.9977 0.8360 0.9271 0.8360
2 0.4837 0.7572 0.6274 0.7572 0.6274 0.8708 0.4837 0.8708
2 0.0240 0.8044 0.1074 0.8044 0.1074 0.9060 0.0240 0.9060
3 0.2014 0.5584 0.2117 0.5584 0.2117 0.6312 0.2014 0.6312
3 0.8857 0.2764 0.9803 0.2764 0.9803 0.2996 0.8857 0.2996
3 0.8226 0.7476 0.9026 0.7476 0.9026 0.7672 0.8226 0.7672
3 0.3774 0.1232 0.3877 0.1232 0.3877 0.1964 0.3774 0.1964
4 0.0760 0.5552 0.0874 0.5552 0.0874 0.5704 0.0760 0.5704
4 0.6057 0.3072 0.6189 0.3072 0.6189 0.3260 0.6057 0.3260
4 0.4149 0.9044 0.4211 0.9044 0.4211 0.9204 0.4149 0.9204
4 0.4003 0.3568 0.4069 0.3568 0.4069 0.3652 0.4003 0.3652
6 0.1629 0.4908 0.2214 0.4908 0.2214 0.5732 0.1629 0.5732
6 0.6514 0.4788 0.7169 0.4788 0.7169 0.5096 0.6514 0.5096
6 0.2949 0.7380 0.3534 0.7380 0.3534 0.8204 0.2949 0.8204
6 0.9300 0.2184 0.9974 0.2184 0.9974 0.4084 0.9300 0.4084
7 0.4063 0.2132 0.4194 0.2132 0.4194 0.2780 0.4063 0.2780
7 0.1034 0.0552 0.1377 0.0552 0.1377 0.1664 0.1034 0.1664
7 0.3951 0.4636 0.4260 0.4636 0.4260 0.5912 0.3951 0.5912
7 0.5034 0.8124 0.5186 0.8124 0.5186 0.8200 0.5034 0.8200
9 0.1614 0.5996 0.2237 0.5996 0.2237 0.8052 0.1614 0.8052
9 0.7463 0.7128 0.9180 0.7128 0.9180 0.8168 0.7463 0.8168
9 0.1111 0.9004 0.2386 0.9004 0.2386 0.9416 0.1111 0.9416
9 0.2780 0.0036 0.4497 0.0036 0.4497 0.1076 0.2780 0.1076
12 0.6194 0.7188 0.8849 0.7188 0.8849 0.7780 0.6194 0.7780
12 0.7543 0.1540 0.7929 0.1540 0.7929 0.1904 0.7543 0.1904
12 0.5991 0.8776 0.6171 0.8776 0.6171 0.9688 0.5991 0.9688
12 0.7369 0.0752 0.7549 0.0752 0.7549 0.1664 0.7369 0.1664
13 0.9280 0.3388 0.9423 0.3388 0.9423 0.4588 0.9280 0.4588
13 0.8243 0.7476 0.8337 0.7476 0.8337 0.7796 0.8243 0.7796
13 0.2694 0.8760 0.2743 0.8760 0.2743 0.8944 0.2694 0.8944
13 0.5946 0.9332 0.6117 0.9332 0.6117 0.9492 0.5946 0.9492
15 0.6831 0.0096 0.7166 0.0096 0.7166 0.0576 0.6831 0.0576
15 0.7603 0.4812 0.7937 0.4812 0.7937 0.5292 0.7603 0.5292
15 0.0991 0.1268 0.1286 0.1268 0.1286 0.1864 0.0991 0.1864
15 0.3303 0.3820 0.3897 0.3820 0.3897 0.4512 0.3303 0.4512
